automatic URI	Proposed URI	bookTitle	authorName	collection	id	tfidf
		التاريخ وأسماء المحدثين وكناهم	محمد بن أحمد بن محمد، أبو عبد الله المقدمي (المتوفى: 301ه)	ShamelaY19	122400	1.0
		التاريخ وأسماء المحدثين وكناهم	محمد بن أحمد بن محمد، أبو عبد الله المقدمي (المتوفى: 301هـ)	ShamAY	31722	0.98801
		الثقات ممن لم يقع في الكتب الستة (ينشر لأول مرة على نسخة خطية فريدة بخط الحافظ شمس الدين السخاوي المتوفى سنة 902 ه)	أبو الفداء زين الدين قاسم بن قطلوبغا السودوني (نسبة إلى معتق أبيه سودون الشيخوني) الجمالي الحنفي (المتوفى: 879ه)	Sham19Y	96165	0.87888
		الثقات ممن لم يقع في الكتب الستة (يُنشر لأول مرة على نسخة خطية فريدة بخطِّ الحافظ شمس الدين السَّخاوي المتوفى سنة 902 هـ)	أبو الفداء زين الدين قاسم بن قُطْلُوْبَغَا السُّوْدُوْنِي (نسبة إلى معتق أبيه سودون الشيخوني) الجمالي الحنفي (المتوفى: 879هـ)	ShamAY	1676	0.87809
		الثقات ممن لم يقع في الكتب الستة (ينشر لأول مرة على نسخة خطية فريدة بخط الحافظ شمس الدين السخاوي المتوفى سنة 902 ه)	أبو الفداء زين الدين قاسم بن قطلوبغا السودوني (نسبة إلى معتق أبيه سودون الشيخوني) الجمالي الحنفي (المتوفى: 879ه)	ShamelaY19	96165	0.8685
		ذيل [طبقات الحفاظ للذهبي]	عبد الرحمن بن أبي بكر، جلال الدين السيوطي (المتوفى: 911هـ)	ShamAY	7315	0.85975
		المدخل إلى الصحيح للحاكم - ط دار الإمام أحمد	الحاكم، أبو عبد الله	ShamAY	34014	0.8588
		ذيل طبقات الحفاظ للذهبي للسيوطي - ط العلمية = التراجم	الواحدي :: السيوطي	ShamAY	38189	0.85753
		 أخبار مكة في قديم الدهر وحديثه 	 محمد بن اسحاق ابن العباس الفاكهي المكي 	ABLibrary	8926	0.85391
		كتاب الفيصل في علم الحديث، أو الفيصل في مشتبه النسبة	أبو بكر محمد بن موسى بن عثمان بن حازم الحازمي الهمذاني (584 هـ)	ShamAY	34667	0.85257
		معجم البلدان [ج ٦]	شهاب الدين أبي عبدالله ياقوت بن عبدالله الحموي الرومي البغدادي	Rafed	3225	0.85045
		تاريخ بغداد أو مدينة السّلام [ج ١٠]	أبي بكر أحمد بن علي الخطيب البغدادي	Rafed	2890	0.84889
		جزء فيه : ستة مجالس من أمالي الشيخ الإمام العدل أبي بكر محمد بن عبد الباقي بن محمد الأنصاري عن شيوخه (442هـ ــ 535هـ )	محمد بن زيد الأنصاري	ShamAY	35227	0.84826
		تاريخ بغداد أو مدينة السّلام [ج ١١]	أبي بكر أحمد بن علي الخطيب البغدادي	Rafed	2892	0.84764
		تاريخ بغداد أو مدينة السّلام [ج ٨]	أبي بكر أحمد بن علي الخطيب البغدادي	Rafed	2718	0.84675
		تاريخ بغداد أو مدينة السّلام [ج ٣]	أبي بكر أحمد بن علي الخطيب البغدادي	Rafed	2330	0.8439
		تاريخ بغداد أو مدينة السّلام [ج ١٥]	أبي عبد الله محمّد بن سعيد بن الدبيثي	Rafed	2900	0.84383
		تاريخ بغداد أو مدينة السّلام [ج ١٢]	أبي بكر أحمد بن علي الخطيب البغدادي	Rafed	2893	0.84363
		تاريخ مدينة دمشق [ج ٥٤]	أبي القاسم علي بن الحسن ابن هبة الله بن عبد الله الشافعي [ ابن عساكر ]	Rafed	2410	0.84143
		تاريخ مدينة دمشق [ج ٤٣]	أبي القاسم علي بن الحسن ابن هبة الله بن عبد الله الشافعي [ ابن عساكر ]	Rafed	2356	0.84112
		الأسامي والكنى لأبي أحمد الحاكم	الحاكم، أبو أحمد	ShamAY	34585	0.84058
		طرح التثريب في شرح التقريب (المقصود بالتقريب: تقريب الأسانيد وترتيب المسانيد)	أبو الفضل زين الدين عبد الرحيم بن الحسين بن عبد الرحمن بن أبي بكر بن إبراهيم العراقي (المتوفى: 806ه)	Sham19Y	11036	0.84034
		أحوال الرجال = التراجم	إبراهيم بن يعقوب بن إسحاق السعدي الجوزجاني، أبو إسحاق (المتوفى: 259 هـ)	ShamAY	38191	0.84001
		طرح التثريب في شرح التقريب (المقصود بالتقريب: تقريب الأسانيد وترتيب المسانيد)	أبو الفضل زين الدين عبد الرحيم بن الحسين بن عبد الرحمن بن أبي بكر بن إبراهيم العراقي (المتوفى: 806هـ)	ShamAY	11036	0.83919
		ذكر أسماء التابعين ومن بعدهم ممن صحت روايته عن الثقات عند البخاري ومسلم	أبو الحسن علي بن عمر بن أحمد بن مهدي بن مسعود بن النعمان بن دينار البغدادي الدارقطني (المتوفى: 385ه)	Sham19Y	5881	0.83793
		ذكر أسماء التابعين ومن بعدهم ممن صحت روايته عن الثقات عند البخاري ومسلم	أبو الحسن علي بن عمر بن أحمد بن مهدي بن مسعود بن النعمان بن دينار البغدادي الدارقطني (المتوفى: 385هـ)	ShamAY	5881	0.83675
		نزهة الألباب في الألقاب	أبو الفضل أحمد بن علي بن محمد بن أحمد بن حجر العسقلاني (المتوفى: 852هـ)	ShamAY	5809	0.83674
		تاريخ مدينة دمشق [ج ٧٦]	أبي القاسم علي بن الحسن ابن هبة الله بن عبد الله الشافعي [ ابن عساكر ]	Rafed	2612	0.83582
		تاريخ مدينة دمشق [ج ٢٧]	أبي القاسم علي بن الحسن ابن هبة الله بن عبد الله الشافعي [ ابن عساكر ]	Rafed	2283	0.83526
		تاريخ بغداد أو مدينة السّلام [ج ١٧]	محبّ الدين أبي عبدالله محمّد بن محمود بن الحسن [ ابن النجّار البغدادي ]	Rafed	2904	0.83367
		التكميل في الجرح والتعديل ومعرفة الثقات والضعفاء والمجاهيل	أبو الفداء إسماعيل بن عمر بن كثير القرشي البصري ثم الدمشقي (المتوفى: 774ه)	ShamelaY19	96228	0.83336
		تاريخ ابن يونس المصرى	عبد الرحمن بن أحمد بن يونس الصدفي، أبو سعيد (المتوفى: 347هـ)	ShamAY	11686	0.83259
		تاريخ ابن يونس المصري‏  - الجزء1	عبد الرحمن بن أحمد الصدفي	Masaha	4774	0.83255
		تاريخ ابن يونس المصرى - ط العلمية = التراجم	عبد الرحمن بن أحمد بن يونس الصدفي، أبو سعيد (المتوفى: 347هـ)	ShamAY	38027	0.83248
		تاريخ مدينة دمشق [ج ٧]	أبي القاسم علي بن الحسن ابن هبة الله بن عبد الله الشافعي [ ابن عساكر ]	Rafed	1767	0.83161
		تاريخ بغداد أو مدينة السّلام [ج ١٣]	أبي بكر أحمد بن علي الخطيب البغدادي	Rafed	2894	0.83159
		الأربعون على الطبقات لعلي بن المفضل المقدسي	شرف الدين، علي بن المفضل بن علي بن مفرج بن حاتم بن حسن بن جعفر المقدسي (المتوفى: 611ه)	ShamelaY19	26726	0.83153
		المؤتلف والمختلف لابن القيسراني = الأنساب المتفقة في الخط المتماثلة في النقط	أبو الفضل محمد بن طاهر بن علي بن أحمد المقدسي الشيباني، المعروف بابن القيسراني (المتوفى: 507هـ)	ShamAY	5794	0.83145
		تاريخ مدينة دمشق [ج ٣٤]	أبي القاسم علي بن الحسن ابن هبة الله بن عبد الله الشافعي [ ابن عساكر ]	Rafed	2312	0.83145
		الاستغناء في معرفة المشهورين من حملة العلم بالكنى «وهو مشتمل على ثلاثة كتب في الكنى»	أبو عمر يوسف بن عبد الله بن عبد البر النمري القرطبي (368 - 463 ه)	ShamelaY19	132971	0.83111
		تاريخ مدينة دمشق [ج ٦]	أبي القاسم علي بن الحسن ابن هبة الله بن عبد الله الشافعي [ ابن عساكر ]	Rafed	1766	0.83091
		تجريد الأسماء والكنى المذكورة في كتاب المتفق والمفترق للخطيب البغدادي	عبيد الله بن علي بن محمد بن محمد بن الحسين ابن الفراء، أبو القاسم بن أبي الفرج بن أبي خازم ابن القاضي أبي يعلى البغدادي، الحنبلي (المتوفى: 580ه)	ShamelaY19	96233	0.83089
		الأنساب المتفقة في الخط المتماثله في النقط والضبط	أبو الفضل محمد بن طاهر بن علي بن أحمد المقدسي الشيباني، المعروف بابن القيسراني (المتوفى: 507ه)	ShamelaY19	21552	0.83068
		تاريخ مدينة دمشق [ج ٥]	أبي القاسم علي بن الحسن ابن هبة الله بن عبد الله الشافعي [ ابن عساكر ]	Rafed	1765	0.8304
		الأربعون على الطبقات لعلي بن المفضل المقدسي	شَرَفُ الدِّيْنِ، عَلِيُّ بنُ المُفَضَّلِ بنِ عَلِيِّ بنِ مُفَرِّجِ بنِ حَاتِمِ بنِ حَسَنِ بنِ جَعْفَرٍ المَقْدِسِيُّ (المتوفى: 611هـ)	ShamAY	26726	0.82998
		ذيل تأريخ مدينة السلام [ج ٣]	أبي عبد الله محمّد بن سعيد بن الدبيثي	Rafed	2323	0.82984
		تاريخ بغداد أو مدينة السّلام [ج ١٦]	محبّ الدين أبي عبدالله محمّد بن محمود بن الحسن [ ابن النجّار البغدادي ]	Rafed	2902	0.82943
		الإكمال في رفع الارتياب عن المؤتلف والمختلف في الأسماء والكنى والأنساب	سعد الملك، أبو نصر علي بن هبة الله بن جعفر بن ماكولا (المتوفى: 475هـ)	ShamAY	31576	0.82916
		ذيل تأريخ مدينة السلام [ج ٤]	أبي عبد الله محمّد بن سعيد بن الدبيثي	Rafed	2326	0.829
		أسامي من روى عنهم محمد بن إسماعيل البخاري من مشايخه (في جامعه الصحيح)	أبو أحمد عبد الله بن عدي بن عبد الله بن محمد ابن مبارك بن القطان الجرجاني (المتوفى: 365هـ)	ShamAY	5862	0.82837
		الأنساب المتفقة في الخط المتماثله في النقط والضبط	أبو الفضل محمد بن طاهر بن علي بن أحمد المقدسي الشيباني، المعروف بابن القيسراني (المتوفى: 507هـ)	ShamAY	21552	0.82819
		إكمال تهذيب الكمال في أسماء الرجال	مغلطاي بن قليج بن عبد الله البكجري المصري الحكري الحنفي، أبو عبد الله، علاء الدين (المتوفى: 762ه)	ShamelaY19	36515	0.82764
		تاريخ بغداد أو مدينة السّلام [ج ٢٠]	محبّ الدين أبي عبدالله محمّد بن محمود بن الحسن [ ابن النجّار البغدادي ]	Rafed	2981	0.82739
		نزهة الناظر في ذكر من حدث عن أبي القاسم البغوي من الحفاظ والأكابر	يحيى بن علي بن عبد الله بن علي بن مفرج، أبو الحسين، رشيد الدين القرشي الاموي النابلسي ثم المصري، المعروف بالرشيد العطار (المتوفى: 662هـ)	ShamAY	26428	0.82738
		تاريخ بغداد أو مدينة السّلام [ج ٩]	أبي بكر أحمد بن علي الخطيب البغدادي	Rafed	2887	0.82722
		إكمال تهذيب الكمال في أسماء الرجال	مغلطاي بن قليج بن عبد الله البكجري المصري الحكري الحنفي، أبو عبد الله، علاء الدين (المتوفى: 762هـ)	ShamAY	329	0.82613
		تاريخ مدينة دمشق [ج ١٣]	أبي القاسم علي بن الحسن ابن هبة الله بن عبد الله الشافعي [ ابن عساكر ]	Rafed	1782	0.82605
		تسمية من أخرجهم البخاري ومسلم وما انفرد كل واحد منهما	أبو عبد الله الحاكم محمد بن عبد الله بن محمد بن حمدويه بن نُعيم بن الحكم الضبي الطهماني النيسابوري المعروف بابن البيع (المتوفى: 405هـ)	ShamAY	5853	0.82594
		تاريخ مدينة دمشق [ج ١٤]	أبي القاسم علي بن الحسن ابن هبة الله بن عبد الله الشافعي [ ابن عساكر ]	Rafed	1790	0.82585
		بغية الطلب في تاريخ حلب [ج ٣]	كمال الدّين عمر بن أحمد بن أبي جرادة الحلبي [ ابن العديم ]	Rafed	2138	0.82579
		الرابع من معجم شيوخ الدمياطي	عبد المؤمن بن خلف الدمياطيّ، أبو محمد، شرف الدين الشافعي (المتوفى: 705هـ)	ShamAY	30646	0.8256
		 الكامل في التاريخ 	 ابن الأثير 	ABLibrary	8258	0.82452
		تاريخ بغداد أو مدينة السّلام [ج ٧]	أبي بكر أحمد بن علي الخطيب البغدادي	Rafed	2717	0.82435
		تاريخ بغداد أو مدينة السّلام [ج ٥]	أبي بكر أحمد بن علي الخطيب البغدادي	Rafed	2713	0.82429
		تاريخ مدينة دمشق [ج ٣٧]	أبي القاسم علي بن الحسن ابن هبة الله بن عبد الله الشافعي [ ابن عساكر ]	Rafed	2329	0.82405
		بغية الطلب في تاريخ حلب [ج ١١]	كمال الدّين عمر بن أحمد بن أبي جرادة الحلبي [ ابن العديم ]	Rafed	2465	0.82392
		تاريخ مدينة دمشق [ج ٣٨]	أبي القاسم علي بن الحسن ابن هبة الله بن عبد الله الشافعي [ ابن عساكر ]	Rafed	2336	0.82376
		 العقد الثمين في تاريخ البلد الأمين 	 محمد بن أحمد الفاسي 	ABLibrary	9147	0.82353
		بغية الطلب في تاريخ حلب [ج ١٢]	كمال الدّين عمر بن أحمد بن أبي جرادة الحلبي [ ابن العديم ]	Rafed	2467	0.82341
		تقييد المهمل وتمييز المشكل - ط عالم الفوائد	أبو علي الحسين بن محمد الغساني الجياني (498 هـ)	ShamAY	34577	0.82318
		العقد الثّمين في تاريخ البلد الأمين [ج ٧]	تقي الدين محمّد بن أحمد الحسني الفاسي المكّي	Rafed	2235	0.8231
		الأنساب للسمعاني - دار الجنان	السمعاني، عبد الكريم	ShamAY	34668	0.82282
		التقييد لمعرفة رواة السنن والمسانيد	محمد بن عبد الغني بن أبي بكر بن شجاع، أبو بكر، معين الدين، ابن نقطة الحنبلي البغدادي (المتوفى: 629ه)	Sham19Y	9584	0.82271
		مشيخة أبي المنجى ابن اللتي	أَبُو المُنَجَّى عَبْدُ اللهِ بنُ عُمَرَ بنِ عَلِيِّ بنِ زَيْدٍ، ابنُ اللَّتِّيِّ البَغْدَادِيُّ، الحَرِيْمِيُّ، الطَّاهِرِيُّ، القَزَّاز (المتوفى: 635هـ)	ShamAY	26857	0.82228
		الإكمال في ذكر من له رواية في مسند الإمام أحمد من الرجال سوى من ذكر في تهذيب الكمال	شمس الدين أبو المحاسن محمد بن علي بن الحسن بن حمزة الحسيني الدمشقي الشافعي (المتوفى: 765هـ)	ShamAY	5850	0.82225
		إكمال الإكمال (تكملة لكتاب الإكمال لابن ماكولا)	محمد بن عبد الغني بن أبي بكر بن شجاع، أبو بكر، معين الدين، ابن نقطة الحنبلي البغدادي (المتوفى: 629ه)	Sham19Y	5797	0.82175
		التقييد لمعرفة رواة السنن والمسانيد	محمد بن عبد الغني بن أبي بكر بن شجاع، أبو بكر، معين الدين، ابن نقطة الحنبلي البغدادي (المتوفى: 629هـ)	ShamAY	9584	0.8217
		تاريخ مدينة دمشق [ج ٤٦]	أبي القاسم علي بن الحسن ابن هبة الله بن عبد الله الشافعي [ ابن عساكر ]	Rafed	2377	0.82165
		 إتحاف الورى بأخبار أم القرى 	 عمر بن محمد ابن فهد 	ABLibrary	8945	0.82162
		الإكمال في ذكر من له رواية في مسند الإمام أحمد من الرجال سوى من ذكر في تهذيب الكمال	شمس الدين أبو المحاسن محمد بن علي بن الحسن بن حمزة الحسيني الدمشقي الشافعي (المتوفى: 765ه)	Sham19Y	5850	0.82149
		تاريخ بغداد أو مدينة السّلام [ج ١٨]	محبّ الدين أبي عبدالله محمّد بن محمود بن الحسن [ ابن النجّار البغدادي ]	Rafed	2959	0.82149
		 بغية الطلب في تاريخ حلب 	 عمر بن أحمد العقيلي الحلبي ( ابن العديم ) 	ABLibrary	812	0.82148
		تهذيب مستمر الأوهام على ذوي المعرفة وأولي الأفهام	سعد الملك، أبو نصر علي بن هبة الله بن جعفر بن ماكولا (المتوفى: 475هـ)	ShamAY	5798	0.82137
		إكمال الإكمال (تكملة لكتاب الإكمال لابن ماكولا)	محمد بن عبد الغني بن أبي بكر بن شجاع، أبو بكر، معين الدين، ابن نقطة الحنبلي البغدادي (المتوفى: 629هـ)	ShamAY	5797	0.82121
		المعين في طبقات المحدثين	شمس الدين أبو عبد الله محمد بن أحمد بن عثمان بن قَايْماز الذهبي (المتوفى: 748هـ)	ShamAY	5889	0.82043
		الطبقات الكبرى، القسم المتمم لتابعي أهل المدينة ومن بعدهم	أبو عبد الله محمد بن سعد بن منيع الهاشمي بالولاء، البصري، البغدادي المعروف بابن سعد (المتوفى: 230ه)	Sham19Y	9352	0.82026
		تاريخ مدينة دمشق [ج ٣٥]	أبي القاسم علي بن الحسن ابن هبة الله بن عبد الله الشافعي [ ابن عساكر ]	Rafed	2318	0.81968
		تاريخ بغداد أو مدينة السّلام [ج ٤]	أبي بكر أحمد بن علي الخطيب البغدادي	Rafed	2332	0.81957
		تاريخ مدينة دمشق [ج ٩]	أبي القاسم علي بن الحسن ابن هبة الله بن عبد الله الشافعي [ ابن عساكر ]	Rafed	1772	0.81949
		شيوخ عبد الله بن وهب القرشي الذين روى عنهم وسمع منهم وذكر تجريح من جرح منهم وتعديله مما وقع في كتاب أبي عبد الله محمد بن وضاح، مع أخبار ابن وهب وفضله وزهده وسبب وفاته	ابن بشكوال أبو القاسم خلف بن عبد الملك بن مسعود القرطبي الأندلسي (578 هـ)	ShamAY	33580	0.81945
		مشيخة أبي المنجى ابن اللتي	أبو المنجى عبد الله بن عمر بن علي بن زيد، ابن اللتي البغدادي، الحريمي، الطاهري، القزاز (المتوفى: 635ه)	ShamelaY19	26857	0.81899
		تاريخ بغداد أو مدينة السّلام [ج ١٤]	أبي بكر أحمد بن علي الخطيب البغدادي	Rafed	2899	0.81887
		الإكمال في رفع الارتياب عن المؤتلف والمختلف في الأسماء والكنى والأنساب	سعد الملك، أبو نصر علي بن هبة الله بن جعفر بن ماكولا (المتوفى: 475ه)	ShamelaY19	22659	0.81878
		تاريخ مدينة دمشق [ج ٢١]	أبي القاسم علي بن الحسن ابن هبة الله بن عبد الله الشافعي [ ابن عساكر ]	Rafed	2250	0.81857
		بغية الطلب في تاريخ حلب [ج ٢]	كمال الدّين عمر بن أحمد بن أبي جرادة الحلبي [ ابن العديم ]	Rafed	2137	0.81828
		بغية الطلب في تاريخ حلب [ج ٤]	كمال الدّين عمر بن أحمد بن أبي جرادة الحلبي [ ابن العديم ]	Rafed	2139	0.81817
		تاريخ بغداد أو مدينة السّلام [ج ٦]	أبي بكر أحمد بن علي الخطيب البغدادي	Rafed	2714	0.81804
		تاريخ مدينة دمشق [ج ١٠]	أبي القاسم علي بن الحسن ابن هبة الله بن عبد الله الشافعي [ ابن عساكر ]	Rafed	1776	0.818
		إتحاف المرتقي بتراجم شيوخ البيهقي	محمود بن عبد الفتاح النحال	ShamelaY19	123666	0.81788
		جذوة المقتبس في ذكر ولاة الأندلس	محمد بن فتوح بن عبد الله بن فتوح بن حميد الأزدي الميورقي الحَمِيدي أبو عبد الله بن أبي نصر (المتوفى: 488هـ)	ShamAY	5742	0.81783
		الطبقات الكبرى، القسم المتمم لتابعي أهل المدينة ومن بعدهم	أبو عبد الله محمد بن سعد بن منيع الهاشمي بالولاء، البصري، البغدادي المعروف بابن سعد (المتوفى: 230هـ)	ShamAY	9352	0.81767
		معرفة رجال البخاري للنحات	أبي جعفر محمد بن الحسن النحات	ShamAY	34594	0.81754
		كتاب الأربعين حديثا (الأربعين من أربعين عن أربعين)	الحسن بن محمد بن محمد ابن عمروك التيمي النيسابورى ثم الدمشقي، أبو علي، صدر الدين البكري (المتوفى: 656ه)	ShamelaY19	26487	0.81724
		تاريخ بغداد أو مدينة السّلام [ج ١٩]	محبّ الدين أبي عبدالله محمّد بن محمود بن الحسن [ ابن النجّار البغدادي ]	Rafed	2980	0.81705
		تاريخ بغداد أو مدينة السّلام [ج ٢١]	محبّ الدين أبي عبدالله محمّد بن محمود بن الحسن [ ابن النجّار البغدادي ]	Rafed	2982	0.81645
		تاريخ مدينة دمشق [ج ١٩]	أبي القاسم علي بن الحسن ابن هبة الله بن عبد الله الشافعي [ ابن عساكر ]	Rafed	2239	0.81641
		الرابع من معجم شيوخ الدمياطي	عبد المؤمن بن خلف الدمياطي، أبو محمد، شرف الدين الشافعي (المتوفى: 705ه)	ShamelaY19	30646	0.81635
		تاريخ الإسلام ووفيات المشاهير والأعلام [ج ٢٧]	شمس الدين محمّد بن أحمد بن عثمان الذّهبي	Rafed	3552	0.81572
		تاريخ مدينة دمشق [ج ١٦]	أبي القاسم علي بن الحسن ابن هبة الله بن عبد الله الشافعي [ ابن عساكر ]	Rafed	2228	0.81558
		 بغية الطلب في تاريخ حلب 	 عمر بن أحمد العقيلي الحلبي ( ابن العديم ) 	ABLibrary	811	0.81531
		تاريخ مدينة دمشق [ج ٧١]	أبي القاسم علي بن الحسن ابن هبة الله بن عبد الله الشافعي [ ابن عساكر ]	Rafed	2582	0.81527
		ذيل تأريخ مدينة السلام [ج ٢]	أبي عبد الله محمّد بن سعيد بن الدبيثي	Rafed	2311	0.81521
		مشيخة ابن جماعة	أبو عبد الله، محمد بن إبراهيم بن سعد الله بن جماعة الكناني الحموي الشافعي، بدر الدين (المتوفى: 733ه)	ShamelaY19	30327	0.81463
		أسماء شيوخ مالك بن أنس الأصبحي الإمام	أبو عبد الله محمد بن إسماعيل بن محمد بن عبد الرحمن بن خلفون الأزدي الأندلسي (636 هـ)	ShamAY	34580	0.81457
		 نفح الطيب من غصن الأندلس الرطيب 	 أحمد بن محمد المقري التلمساني 	ABLibrary	9306	0.81452
		 بغية الطلب في تاريخ حلب 	 عمر بن أحمد العقيلي الحلبي ( ابن العديم ) 	ABLibrary	813	0.81442
		المستخرج من كتب الناس للتذكرة والمستطرف من أحوال الرجال للمعرفة	عبد الرحمن بن محمد بن إسحاق، ابن مندة العبدي الأصبهاني، أبو القاسم (المتوفى: 470ه)	ShamelaY19	122397	0.81426
		إكمال تهذيب الكمال لمغلطاي - مقابل	علاء الدين مغلطاي بن قليج الحنفي	ShamAY	34647	0.81421
		مشيخة ابن جماعة	أبو عبد الله، محمد بن إبراهيم بن سعد الله بن جماعة الكناني الحموي الشافعي، بدر الدين (المتوفى: 733هـ)	ShamAY	30327	0.81406
		ذيل لسان الميزان «رواة ضعفاء أو تكلم فيهم، لم يذكروا في كتب الضعفاء والمتكلم فيهم»	حاتم بن عارف بن ناصر الشريف العوني	ShamAY	32166	0.81404
		الثالث من معجم شيوخ الدمياطي	عبد المؤمن بن خلف الدمياطي، أبو محمد، شرف الدين الشافعي (المتوفى: 705ه)	Sham19Y	30257	0.81371
		الثامن من معجم شيوخ الدمياطي	عبد المؤمن بن خلف الدمياطيّ، أبو محمد، شرف الدين الشافعي (المتوفى: 705هـ)	ShamAY	30606	0.81339
		تاريخ مدينة دمشق [ج ١٥]	أبي القاسم علي بن الحسن ابن هبة الله بن عبد الله الشافعي [ ابن عساكر ]	Rafed	2224	0.81331
		تاريخ مدينة دمشق - الجزء13	ابن عساكر	Masaha	1980	0.81294
		تاريخ الإسلام ووفيات المشاهير والأعلام [ج ٢٢]	شمس الدين محمّد بن أحمد بن عثمان الذّهبي	Rafed	3460	0.81291
		مشيخة الشيخ الأجل أبي عبد الله محمد الرازي، وبذيله ثلاث حكايات غريبة	صدر الدين، أبو طاهر السلفي أحمد بن محمد بن أحمد بن محمد بن إبراهيم سلفه الأصبهاني (المتوفى: 576ه)	Sham19Y	5728	0.81274
		تاريخ مدينة دمشق [ج ٤٥]	أبي القاسم علي بن الحسن ابن هبة الله بن عبد الله الشافعي [ ابن عساكر ]	Rafed	2376	0.81269
		كتاب الأربعين حديثا (الأربعين من أربعين عن أربعين)	الحسن بن محمد بن محمد ابن عمروك التيمي النيسابورىّ ثم الدمشقيّ، أبو علي، صدر الدين البكري (المتوفى: 656هـ)	ShamAY	26487	0.81251
		تاريخ مدينة دمشق [ج ٣٦]	أبي القاسم علي بن الحسن ابن هبة الله بن عبد الله الشافعي [ ابن عساكر ]	Rafed	2327	0.81248
		إعلام النبلاء بتاريخ حلب الشهباء [ج ٤]	محمد راغب بن محمود بن هاشم الطبّاخ الحلبي	Rafed	2366	0.81237
		الثالث من معجم شيوخ الدمياطي	عبد المؤمن بن خلف الدمياطيّ، أبو محمد، شرف الدين الشافعي (المتوفى: 705هـ)	ShamAY	30257	0.81197
		كتاب سلوك طريق السلف في ذكر مشايخ الشيخ المعمر أبي محمد عبد الحق بن خلف المتوفى: 641 ه	محمد بن يوسف بن يداس البرزالي الأندلسي الإشبيلي، أبو عبد الله (المتوفى: 636ه)	ShamelaY19	26560	0.81158
		تاريخ مدينة دمشق [ج ٧٣]	أبي القاسم علي بن الحسن ابن هبة الله بن عبد الله الشافعي [ ابن عساكر ]	Rafed	2607	0.81127
		الأول من معجم شيوخ الدمياطي	عبد المؤمن بن خلف الدمياطيّ، أبو محمد، شرف الدين الشافعي (المتوفى: 705هـ)	ShamAY	30594	0.81103
		تاريخ الإسلام ووفيات المشاهير والأعلام [ج ٢٦]	شمس الدين محمّد بن أحمد بن عثمان الذّهبي	Rafed	3535	0.81095
		كتاب الأربعين المتباينة بشرط السماع المتصل لرضوان بن محمد المستملي - مخطوط	رضوان بن محمد بن يوسف العقبي أبي النعيم المستملي	ShamAY	32859	0.81088
		مشيخة الشيخ الأجل أبي عبد الله محمد الرازي، وبذيله ثلاث حكايات غريبة	صدر الدين، أبو طاهر السِّلَفي أحمد بن محمد بن أحمد بن محمد بن إبراهيم سِلَفَه الأصبهاني (المتوفى: 576هـ)	ShamAY	5728	0.8108
		الديباج المذهب في معرفة أعيان علماء المذهب	إبراهيم بن علي بن محمد، ابن فرحون، برهان الدين اليعمري (المتوفى: 799هـ)	ShamAY	1135	0.81039
		تاريخ مدينة دمشق [ج ١٧]	أبي القاسم علي بن الحسن ابن هبة الله بن عبد الله الشافعي [ ابن عساكر ]	Rafed	2233	0.80976
		كتاب سلوك طريق السلف في ذكر مشايخ الشيخ المعمر أبي محمد عبد الحق بن خلف المتوفى: 641 هـ	محمد بن يوسف بن يَدَّاس البرزالي الأندلسي الإشبيلي، أبو عبد الله (المتوفى: 636هـ)	ShamAY	26560	0.80969
		موطأ مالك ت الأعظمي	مالك بن أنس بن مالك بن عامر الأصبحي المدني (المتوفى: 179ه)	ShamelaY19	28107	0.80948
		معرفة القراء الكبار على الطبقات والأعصار	شمس الدين أبو عبد الله محمد بن أحمد بن عثمان بن قايماز الذهبي (المتوفى: 748ه)	Sham19Y	8349	0.80935
		تاريخ مدينة دمشق [ج ١٨]	أبي القاسم علي بن الحسن ابن هبة الله بن عبد الله الشافعي [ ابن عساكر ]	Rafed	2236	0.80927
		موطأ مالك ت الأعظمي	مالك بن أنس بن مالك بن عامر الأصبحي المدني (المتوفى: 179هـ)	ShamAY	1143	0.80923
		معرفة القراء الكبار على الطبقات والأعصار	شمس الدين أبو عبد الله محمد بن أحمد بن عثمان بن قَايْماز الذهبي (المتوفى: 748هـ)	ShamAY	8349	0.80921
		تاريخ مدينة دمشق [ج ٥٢]	أبي القاسم علي بن الحسن ابن هبة الله بن عبد الله الشافعي [ ابن عساكر ]	Rafed	2408	0.80919
		الأنساب للسمعاني	عبد الكريم بن محمد بن منصور التميمي السمعاني المروزي، أبو سعد (المتوفى: 562هـ)	ShamAY	12317	0.80909
		إتحاف المرتقي بتراجم شيوخ البيهقي	محمود بن عبد الفتاح النحال	Sham19Y	123666	0.80905
		تاريخ مدينة دمشق [ج ١١]	أبي القاسم علي بن الحسن ابن هبة الله بن عبد الله الشافعي [ ابن عساكر ]	Rafed	1779	0.80888
		إرشاد المبتدي وتذكرة المنتهي في القراءات العشر	أبي العزّ محمّد بن الحسين بن بندار الواسطي القلانسي	Rafed	3404	0.8088
		تاريخ مدينة دمشق [ج ٥٨]	أبي القاسم علي بن الحسن ابن هبة الله بن عبد الله الشافعي [ ابن عساكر ]	Rafed	2462	0.80851
		تاريخ مدينة دمشق [ج ٢٩]	أبي القاسم علي بن الحسن ابن هبة الله بن عبد الله الشافعي [ ابن عساكر ]	Rafed	2293	0.80836
		المؤتلف والمختلف للدارقطني	أبو الحسن علي بن عمر بن أحمد بن مهدي بن مسعود بن النعمان بن دينار البغدادي الدارقطني (المتوفى: 385ه)	Sham19Y	12581	0.80832
		شواهد التنزيل	ابوالقاسم عبيدالله بن عبدالله حاكم حسكاني	Ghbook	2642	0.808
		الكواكب المشرقة في انساب و تاريخ و تراجم الاسرةالعلويةالزاهرة	سيدمهدي رجايي	Ghbook	15631	0.80779
		نزهة الناظر في ذكر من حدث عن أبي القاسم البغوي من الحفاظ والأكابر	يحيى بن علي بن عبد الله بن علي بن مفرج، أبو الحسين، رشيد الدين القرشي الاموي النابلسي ثم المصري، المعروف بالرشيد العطار (المتوفى: 662ه)	ShamelaY19	26428	0.80772
		تاريخ مدينة دمشق [ج ٨]	أبي القاسم علي بن الحسن ابن هبة الله بن عبد الله الشافعي [ ابن عساكر ]	Rafed	1768	0.80762
		تاريخ مدينة دمشق [ج ٥١]	أبي القاسم علي بن الحسن ابن هبة الله بن عبد الله الشافعي [ ابن عساكر ]	Rafed	2407	0.80761
		إِتْحَافُ المُرْتَقِي بِتَرَاجِمِ شُيُوخ البَيهَقِيّ	محمود بن عبد الفتاح النحال	ShamAY	31744	0.80747
		المؤتلف والمختلف للدارقطني	أبو الحسن علي بن عمر بن أحمد بن مهدي بن مسعود بن النعمان بن دينار البغدادي الدارقطني (المتوفى: 385هـ)	ShamAY	1293	0.8074
		دقائق التنبيه والتعريف بما في «الأحاديث المختارة» من الأخطاء والتصحيف	أبو محمد أحمد محمد شحاته الألفى السكندرى	ShamAY	5924	0.80716
		معرفة القراء الكبار على الطبقات والأعصار - ط العلمية = التراجم	شمس الدين أبو عبد الله محمد بن أحمد بن عثمان بن قَايْماز الذهبي (المتوفى: 748هـ)	ShamAY	38181	0.8071
		الجامع لعلوم الإمام أحمد - الترجمة	خالد الرباط، وائل إمام [بمشاركة الباحثين بدار الفلاح]	ShamelaY19	20870	0.80696
		المعلم بشيوخ البخاري ومسلم	أبو بكر محمد بن إسماعيل بن خلفون (المتوفى 636 هـ)	ShamAY	32503	0.80665
		تزيين الممالك بمناقب الإمام مالك	الواحدي :: السيوطي	ShamAY	34223	0.80579
		الجزء الأول والثاني من المنتخب من كتاب السبعيات لأبي نصر السجزي - مخطوط	أبو نصر هبة الله بن عبد الجبار بن معاذ بن فاخر السجزي	ShamAY	32843	0.80573
		بغية الملتمس في تاريخ رجال أهل الأندلس	أحمد بن يحيى بن أحمد بن عميرة، أبو جعفر الضبي (المتوفى: 599ه)	Sham19Y	728	0.80571
		تاريخ مدينة دمشق [ج ٦٤]	أبي القاسم علي بن الحسن ابن هبة الله بن عبد الله الشافعي [ ابن عساكر ]	Rafed	2536	0.80559
		الثاني من معجم شيوخ الدمياطي	عبد المؤمن بن خلف الدمياطيّ، أبو محمد، شرف الدين الشافعي (المتوفى: 705هـ)	ShamAY	30620	0.80553
		رجال صحيح البخاري = الهداية والإرشاد في معرفة أهل الثقة والسداد	أحمد بن محمد بن الحسين بن الحسن، أبو نصر البخاري الكلاباذي (المتوفى: 398هـ)	ShamAY	10902	0.80549
		تذهيب تهذيب الكمال في أسماء الرجال	شمس الدين أبي عبد الله محمد بن أحمد بن عثمان بن قيماز الشهير ب «الذهبي» (673 - 748 ه)	ShamelaY19	149213	0.80538
		شُيُوخِ الإمَامِ الحَافِظِ البَيْهَقِيّ	حامد بن أحمد آل بكر	ShamAY	38212	0.80535
		تاريخ مدينة دمشق [ج ٢٤]	أبي القاسم علي بن الحسن ابن هبة الله بن عبد الله الشافعي [ ابن عساكر ]	Rafed	2265	0.80532
		كتاب الأربعين في فضل الدعاء والداعين - ط جامعة الملك سعود	الواحدي :: المقدسي، علي بن المفضل	ShamAY	33699	0.80528
		بغية الملتمس في تاريخ رجال أهل الأندلس	أحمد بن يحيى بن أحمد بن عميرة، أبو جعفر الضبي (المتوفى: 599هـ)	ShamAY	728	0.80528
		تاريخ مدينة دمشق [ج ٢٠]	أبي القاسم علي بن الحسن ابن هبة الله بن عبد الله الشافعي [ ابن عساكر ]	Rafed	2245	0.80472
		الثامن من معجم شيوخ الدمياطي	عبد المؤمن بن خلف الدمياطي، أبو محمد، شرف الدين الشافعي (المتوفى: 705ه)	ShamelaY19	30606	0.80448
		تسمية من روي عنه من أولاد العشرة	علي بن عبد الله بن جعفر السعدي بالولاء المديني، البصري، أبو الحسن (المتوفى: 234هـ)	ShamAY	5893	0.8042
		السادس من معجم شيوخ الدمياطي	عبد المؤمن بن خلف الدمياطيّ، أبو محمد، شرف الدين الشافعي (المتوفى: 705هـ)	ShamAY	30652	0.80378
		تاريخ مدينة دمشق [ج ٤٠]	أبي القاسم علي بن الحسن ابن هبة الله بن عبد الله الشافعي [ ابن عساكر ]	Rafed	2342	0.80378
		السابع من معجم شيوخ الدمياطي	عبد المؤمن بن خلف الدمياطيّ، أبو محمد، شرف الدين الشافعي (المتوفى: 705هـ)	ShamAY	30648	0.80366
		الأول من معجم شيوخ الدمياطي	عبد المؤمن بن خلف الدمياطي، أبو محمد، شرف الدين الشافعي (المتوفى: 705ه)	ShamelaY19	30594	0.80319
		إكمال تهذيب الكمال الجزء الأول والثاني	الحافظ علاء الدين مغلطاي بن قليج الحنفي (689 - 762 هـ)	ShamAY	34632	0.80279
		مغاني الأخيار في شرح أسامي رجال معاني الآثار	أبو محمد محمود بن أحمد بن موسى بن أحمد بن حسين الغيتابى الحنفى بدر الدين العينى (المتوفى: 855هـ)	ShamAY	10452	0.80266
		تعجيل المنفعة بزوائد رجال الأئمة الأربعة (مضافًا إلى خدمة التراجم)	أبو الفضل أحمد بن علي بن محمد بن أحمد بن حجر العسقلاني (المتوفى: 852هـ)	ShamAY	38185	0.80263
		تعجيل المنفعة بزوائد رجال الأئمة الأربعة	أبو الفضل أحمد بن علي بن محمد بن أحمد بن حجر العسقلاني (المتوفى: 852هـ)	ShamAY	1893	0.80249
		مثالب العرب	ابن الكلبي هشام بن محمد	Masaha	2348	0.80235
		تلخيص المتشابه في الرسم	أبو بكر أحمد بن علي بن ثابت بن أحمد بن مهدي الخطيب البغدادي (المتوفى: 463ه)	ShamelaY19	21477	0.80212
		غنية الملتمس إيضاح الملتبس	أبو بكر أحمد بن علي بن ثابت بن أحمد بن مهدي الخطيب البغدادي (المتوفى: 463ه)	Sham19Y	5777	0.80209
		توضيح المشتبه في ضبط أسماء الرواة وأنسابهم وألقابهم وكناهم	محمد بن عبد الله (أبي بكر) بن محمد ابن أحمد بن مجاهد القيسي الدمشقي الشافعي، شمس الدين، الشهير بابن ناصر الدين (المتوفى: 842هـ)	ShamAY	5812	0.80189
		تالي تلخيص المتشابه	أبو بكر أحمد بن علي بن ثابت بن أحمد بن مهدي الخطيب البغدادي (المتوفى: 463هـ)	ShamAY	6003	0.80187
		الثالث من معجم شيوخ الدمياطي	عبد المؤمن بن خلف الدمياطي، أبو محمد، شرف الدين الشافعي (المتوفى: 705ه)	ShamelaY19	30257	0.80178
		تاريخ مدينة دمشق [ج ٥٧]	أبي القاسم علي بن الحسن ابن هبة الله بن عبد الله الشافعي [ ابن عساكر ]	Rafed	2426	0.80151
		الضعفاء لأبي نعيم = التراجم	أبو نعيم أحمد بن عبد الله بن أحمد بن إسحاق بن موسى بن مهران الأصبهاني (المتوفى: 430هـ)	ShamAY	38186	0.80146
		تعجيل المنفعة بزوائد رجال الأئمة الأربعة	أحمد بن علي بن حجر أبو الفضل العسقلاني الشافعي	ShamAY	34606	0.80135
		تلقيح فهوم أهل الأثر في عيون التاريخ والسير	جمال الدين أبي الفرج عبد الرحمن ابن الجوزي [508هـ - 597هـ]	ShamAY	6700	0.80132
		غنية الملتمس إيضاح الملتبس	أبو بكر أحمد بن علي بن ثابت بن أحمد بن مهدي الخطيب البغدادي (المتوفى: 463هـ)	ShamAY	5777	0.8013
		من حديث أحمد بن أيبك الحسامي الدمياطي عن شيوخه - مخطوط	أحمد بن أيبك بن عبد الله الحسامي الدمياطي	ShamAY	32872	0.80129
		تبصير المنتبه بتحرير المشتبه	أبو الفضل أحمد بن علي بن محمد بن أحمد بن حجر العسقلاني (المتوفى: 852هـ)	ShamAY	4092	0.80113
		شواهد التنزيل لقواعد التفضيل [ج ٣]	الناشر: مؤسسة الطبع والنشر التابعة لوزارة الثقافة والإرشاد الإسلامي	Rafed	2857	0.80097
		المتفق والمفترق	أبو بكر أحمد بن علي بن ثابت الخطيب البغدادي (المتوفى: 463هـ)	ShamAY	9076	0.80082
		ذيل تاريخ بغداد - ابن النجار - ط العلمية ت عطا = التراجم	الحافظ محب الدين ابو عبد الله محمد بن محمود ابن الحسن بن هبة الله بن محاسن المعروف بابن النجار البغدادي المتوفى سنة 643 ه	ShamAY	38202	0.80079
		جمهرة أنساب العرب لابن حزم	أبو محمد علي بن أحمد بن سعيد بن حزم الأندلسي القرطبي الظاهري (المتوفى: 456ه)	Sham19Y	9793	0.80051
		الخامس من معجم شيوخ الدمياطي	عبد المؤمن بن خلف الدمياطي، أبو محمد، شرف الدين الشافعي (المتوفى: 705ه)	Sham19Y	30644	0.80049
		فتح الباب في الكنى والألقاب	أبو عبد الله محمد بن إسحاق بن محمد بن يحيى بن منده العبدي (المتوفى: 395ه)	Sham19Y	5813	0.80035
		تسمية من لم يرو عنه غير رجل واحد - ط الوعي = التراجم	أبو عبد الرحمن أحمد بن شعيب بن علي الخراساني، النسائي (المتوفى: 303هـ)	ShamAY	38025	0.80005
		التعديل والتجريح , لمن خرج له البخاري في الجامع الصحيح	أبو الوليد سليمان بن خلف بن سعد بن أيوب بن وارث التجيبي القرطبي الباجي الأندلسي (المتوفى: 474هـ)	ShamAY	5851	0.80003
		تلقيح فهوم أهل الأثر في عيون التاريخ والسير	جمال الدين أبي الفرج عبد الرحمن ابن الجوزي [508هـ - 597هـ]	ShamAY	32198	0.79977
		جمهرة أنساب العرب لابن حزم	أبو محمد علي بن أحمد بن سعيد بن حزم الأندلسي القرطبي الظاهري (المتوفى: 456هـ)	ShamAY	9793	0.7997
		تراجم القراء	الشيخ فائز عبد القادر شيخ الزور	ShamAY	35815	0.7996
		المشيخة البغدادية للأموي ت عامر صبري	رشيد الدين، أبو العباس أحمد بن المفرج بن علي بن عبد العزيز بن مسلمة الدمشقي (المتوفى: 650ه)	Sham19Y	26471	0.79915
		التكملة لكتاب الصلة	ابن الأبار، محمد بن عبد الله بن أبي بكر القضاعي البلنسي (المتوفى: 658ه)	Sham19Y	6608	0.79903
		فتح الباب في الكنى والألقاب	أبو عبد الله محمد بن إسحاق بن محمد بن يحيى بن مَنْدَه العبدي (المتوفى: 395هـ)	ShamAY	5813	0.79898
		تلخيص المتشابه في الرسم	أبو بكر أحمد بن علي بن ثابت بن أحمد بن مهدي الخطيب البغدادي (المتوفى: 463هـ)	ShamAY	1306	0.79891
		الخامس من معجم شيوخ الدمياطي	عبد المؤمن بن خلف الدمياطيّ، أبو محمد، شرف الدين الشافعي (المتوفى: 705هـ)	ShamAY	30644	0.79872
		التكملة لكتاب الصلة	ابن الأبار، محمد بن عبد الله بن أبي بكر القضاعي البلنسي (المتوفى: 658هـ)	ShamAY	6608	0.79867
		مقاتل الطالبيّين	أبي الفرج الاصفهاني	Rafed	3214	0.79862
		الثاني من معجم شيوخ الدمياطي	عبد المؤمن بن خلف الدمياطي، أبو محمد، شرف الدين الشافعي (المتوفى: 705ه)	ShamelaY19	30620	0.79845
		السفر الخامس من كتاب الذيل والتكملة لكتابي الموصول والصلة	أبو عبد الله محمد بن محمد بن عبد الملك الأنصاري الأوسي المراكشي (المتوفى: 703ه)	Sham19Y	1030	0.79842
		المحبر	محمد بن حبيب بن أمية بن عمرو الهاشمي، بالولاء، أبو جعفر البغدادي (المتوفى: 245ه)	Sham19Y	12205	0.79835
		معرفة القراء الكبار على الطبقات والأعصار	محمد بن أحمد بن عثمان بن قايماز الذهبي أبو عبد الله	ShamAY	34609	0.79827
		تاريخ مدينة دمشق [ج ٦٥]	أبي القاسم علي بن الحسن ابن هبة الله بن عبد الله الشافعي [ ابن عساكر ]	Rafed	2539	0.7982
		تاريخ مدينة دمشق [ج ٦٧]	أبي القاسم علي بن الحسن ابن هبة الله بن عبد الله الشافعي [ ابن عساكر ]	Rafed	2543	0.79805
		رجال صحيح مسلم	أحمد بن علي بن محمد بن إبراهيم، أبو بكر ابن مَنْجُويَه (المتوفى: 428هـ)	ShamAY	5860	0.79749
		 منائح الكرم 	 علي بن تاج الدين السنجاري 	ABLibrary	9230	0.79747
		الدر والياقوت في تراجم أعلام المحدثين من حضرموت	محمد بن سالم بن علي جابر	ShamAY	35813	0.79732
		الطبقات لخليفة بن خياط - طيبة	خليفة بن خياط أبو عمر الليثي العصفري	ShamAY	34615	0.79729
		السفر الخامس من كتاب الذيل والتكملة لكتابي الموصول والصلة	أبو عبد الله محمد بن محمد بن عبد الملك الأنصاري الأوسي المراكشي (المتوفى: 703هـ)	ShamAY	1030	0.79727
		جمهرة أنساب العرب‏	ابن حزم الأندلسي‏	Masaha	1960	0.79714
		التكملة لكتاب الصلة - ط الفكر ت هراس = التراجم	ابن الأبار، محمد بن عبد الله بن أبي بكر القضاعي البلنسي (المتوفى: 658 هـ)	ShamAY	38013	0.79713
		المشيخة البغدادية للأموي ت عامر صبري	رَشِيدُ الدِّيْنِ، أَبُو العَبَّاسِ أَحْمَدُ بنُ المُفَرّج بن عَلِيِّ بنِ عَبْدِ العَزِيْزِ بنِ مَسْلَمَةَ الدِّمَشْقِيُّ (المتوفى: 650هـ)	ShamAY	26471	0.79711
		جمهرة انساب العرب	ابن حزم الأندلسي‏	Masaha	2330	0.79684
		المحبر	محمد بن حبيب بن أمية بن عمرو الهاشمي، بالولاء، أبو جعفر البغدادي (المتوفى: 245هـ)	ShamAY	12205	0.79681
		تاريخ بغداد أو مدينة السّلام [ج ١]	أبي بكر أحمد بن علي الخطيب البغدادي	Rafed	2170	0.79674
		إسناد صحيح البخاري لابن ناصر الدين	ابن ناصر الدين (842 هـ)	ShamAY	33544	0.79673
		تاريخ مدينة دمشق [ج ٧٢]	أبي القاسم علي بن الحسن ابن هبة الله بن عبد الله الشافعي [ ابن عساكر ]	Rafed	2590	0.7958
		تهذيب التهذيب	أبو الفضل أحمد بن علي بن محمد بن أحمد بن حجر العسقلاني (المتوفى: 852هـ)	ShamAY	3310	0.79497
		جزء فيه مصافحات الإمام مسلم والإمام النسائي	عبد المؤمن بن خلف الدمياطي، أبو محمد، شرف الدين الشافعي (المتوفى: 705ه)	ShamelaY19	26565	0.79489
		تاريخ مدينة دمشق [ج ٧٥]	أبي القاسم علي بن الحسن ابن هبة الله بن عبد الله الشافعي [ ابن عساكر ]	Rafed	2609	0.79483
		تاريخ الإسلام ووفيات المشاهير والأعلام [ج ٩]	شمس الدين محمّد بن أحمد بن عثمان الذّهبي	Rafed	3341	0.79472
		تاريخ علماء أهل مصر	يحيى بن علي بن محمد بن إبراهيم الحضرمي المعروف بابن الطحان (؟ - 416 ه)	Sham19Y	130963	0.79442
		تاريخ علماء أهل مصر	يحيى بن علي بن محمد بن إبراهيم الحضرمي المعروف بابن الطحان (؟ - 416 ه)	ShamelaY19	130963	0.79428
		جوامع السيرة وخمس رسائل أخرى لابن حزم	أبو محمد علي بن أحمد بن سعيد بن حزم الأندلسي القرطبي الظاهري (المتوفى: 456ه)	Sham19Y	1036	0.79388
		ذيل ديوان الضعفاء والمتروكين	شمس الدين أبو عبد الله محمد بن أحمد بن عثمان بن قَايْماز الذهبي (المتوفى: 748هـ)	ShamAY	2054	0.79373
		جوامع السيرة وخمس رسائل أخرى لابن حزم	أبو محمد علي بن أحمد بن سعيد بن حزم الأندلسي القرطبي الظاهري (المتوفى: 456هـ)	ShamAY	1036	0.79348
		تاريخ مدينة دمشق [ج ٥٥]	أبي القاسم علي بن الحسن ابن هبة الله بن عبد الله الشافعي [ ابن عساكر ]	Rafed	2418	0.79338
		موضح أوهام الجمع والتفريق	أبو بكر أحمد بن علي بن ثابت بن أحمد بن مهدي الخطيب البغدادي (المتوفى: 463هـ)	ShamAY	6025	0.79268
		تجريد الأسماء والكنى المذكورة في كتاب المتفق والمفترق للخطيب البغدادي	عُبَيْد الله بن علي بن محمد بن محمد بن الحسين ابن الفرّاء، أبو القاسم بن أبي الفرج بن أَبِي خازم ابْن القاضي أَبِي يَعْلَى البغدادي، الحنبلي (المتوفى: 580هـ)	ShamAY	1731	0.79267
		المستخرج من كتب الناس للتذكرة والمستطرف من أحوال الرجال للمعرفة	عبد الرحمن بن محمد بن إسحاق، ابن مندة العبدي الأصبهاني، أبو القاسم (المتوفى: 470ه)	Sham19Y	122397	0.79243
		المعجم في مشتبه أسامي المحدثين	أبو الفضل عبيدالله بن عبد الله بن أحمد بن يوسف الهروي (المتوفى: 405ه)	Sham19Y	5804	0.79223
		المشيخة البغدادية للأموي ت بشار	رَشِيدُ الدِّيْنِ، أَبُو العَبَّاسِ أَحْمَدُ بنُ المُفَرّج بن عَلِيِّ بنِ عَبْدِ العَزِيْزِ بنِ مَسْلَمَةَ الدِّمَشْقِيُّ (المتوفى: 650هـ)	ShamAY	9389	0.79216
		السابع من معجم شيوخ الدمياطي	عبد المؤمن بن خلف الدمياطي، أبو محمد، شرف الدين الشافعي (المتوفى: 705ه)	ShamelaY19	30648	0.79201
		كتاب الأربعين حديثا المتباينة الأسانيد للفاسي	تقي الدين أبي الطيب محمد بن أحمد الحسني الفاسي المكي	ShamAY	33674	0.79182
		منائح الكرم في أخبار مكة والبيت وولاة الحرم [ج ٦]	علي بن تاج الدين بن تقي الدين السنجاري	Rafed	2703	0.79171
		المستَخرجُ من كُتب النَّاس للتَّذكرة والمستطرف من أحوال الرِّجال للمعرفة	عبد الرحمن بن محمد بن إسحاق، ابن مندة العبدي الأصبهاني، أبو القاسم (المتوفى: 470هـ)	ShamAY	31728	0.79169
		المعجم في مشتبه أسامي المحدثين	أبو الفضل عبيدالله بن عبد الله بن أحمد بن يوسف الهروي (المتوفى: 405هـ)	ShamAY	5804	0.79146
		منجد المقرئين ومرشد الطالبين	شمس الدين أبو الخير ابن الجزري، محمد بن محمد بن يوسف (المتوفى: 833هـ)	ShamAY	8677	0.79134
		رسالة في فضل الأخبار وشرح مذاهب أهل الآثار وحقيقة السنن	أبو عبد الله محمد بن إسحاق بن محمد بن يحيى بن مَنْدَه العبدي (المتوفى: 395هـ)	ShamAY	6015	0.79108
		تاريخ مدينة دمشق [ج ٢٨]	أبي القاسم علي بن الحسن ابن هبة الله بن عبد الله الشافعي [ ابن عساكر ]	Rafed	2289	0.78999
		تاريخ الإسلام ووفيات المشاهير والأعلام [ج ٤٠]	شمس الدين محمّد بن أحمد بن عثمان الذّهبي	Rafed	3598	0.78994
		تسمية شيوخ أبي داود لأبي علي الجياني	أبو علي الحسين بن محمد الجياني الغساني الأندلسي (498 هـ)	ShamAY	34581	0.78991
		المشيخة البغدادية للأموي ت عامر صبري	رشيد الدين، أبو العباس أحمد بن المفرج بن علي بن عبد العزيز بن مسلمة الدمشقي (المتوفى: 650ه)	ShamelaY19	26471	0.78962
		الفوائد المنتقاة والغرائب الحسان عن الشيوخ الكوفيين للصوري	محمد بن علي الصوري	ShamAY	5693	0.78945
		تاريخ مدينة دمشق [ج ٦٦]	أبي القاسم علي بن الحسن ابن هبة الله بن عبد الله الشافعي [ ابن عساكر ]	Rafed	2540	0.7891
		تجريد أسماء النقاد من المحدثين وذكر وفياتهم		ShamAY	34665	0.78903
		السادس من معجم شيوخ الدمياطي	عبد المؤمن بن خلف الدمياطي، أبو محمد، شرف الدين الشافعي (المتوفى: 705ه)	ShamelaY19	30652	0.78879
		جزء فيه مصافحات الإمام مسلم والإمام النسائي	عبد المؤمن بن خلف الدمياطيّ، أبو محمد، شرف الدين الشافعي (المتوفى: 705هـ)	ShamAY	26565	0.78878
		الإصابة في تمييز الصحابة [ج ٥]	أحمد بن علي بن حجر العسقلاني	Rafed	3421	0.78877
		أسد الغابة في معرفة الصحابة	أبو الحسن علي بن أبي الكرم محمد بن محمد بن عبد الكريم بن عبد الواحد الشيباني الجزري، عز الدين ابن الأثير (المتوفى: 630ه)	Sham19Y	1110	0.7887
		السادس من معجم الشيخة مريم	أبو الفضل أحمد بن علي بن محمد بن أحمد بن حجر العسقلاني (المتوفى: 852ه)	Sham19Y	30278	0.78863
		أسد الغابة في معرفة الصحابة	أبو الحسن علي بن أبي الكرم محمد بن محمد بن عبد الكريم بن عبد الواحد الشيباني الجزري، عز الدين ابن الأثير (المتوفى: 630هـ)	ShamAY	1110	0.78846
		تاريخ الإسلام ووفيات المشاهير والأعلام [ج ٢٨]	شمس الدين محمّد بن أحمد بن عثمان الذّهبي	Rafed	3558	0.78844
		تاريخ الإسلام ووفيات المشاهير والأعلام [ج ٣٣]	شمس الدين محمّد بن أحمد بن عثمان الذّهبي	Rafed	3578	0.78779
		تاريخ الإسلام ووفيات المشاهير والأعلام [ج ٢٣]	شمس الدين محمّد بن أحمد بن عثمان الذّهبي	Rafed	3501	0.78772
		كتاب الأربعين في فضل الدعاء والداعين	شرف الدين، علي بن المفضل بن علي بن مفرج بن حاتم بن حسن بن جعفر المقدسي (المتوفى: 611ه)	ShamelaY19	29639	0.78769
		تاريخ الإسلام ووفيات المشاهير والأعلام [ج ٢٥]	شمس الدين محمّد بن أحمد بن عثمان الذّهبي	Rafed	3522	0.78758
		الثامن من معجم الشيخة مريم	أبو الفضل أحمد بن علي بن محمد بن أحمد بن حجر العسقلاني (المتوفى: 852هـ)	ShamAY	30259	0.78675
		أسد الغابة ط الفكر	أبو الحسن علي بن أبي الكرم محمد بن محمد بن عبد الكريم بن عبد الواحد الشيباني الجزري، عز الدين ابن الأثير (المتوفى: 630ه)	ShamelaY19	23700	0.78657
		تهذيب التهذيب - الفكر	أحمد بن علي بن حجر أبو الفضل العسقلاني الشافعي	ShamAY	34614	0.78631
		مشيخة ابن البخاري	أحمد بن محمد بن عبد الله، أبو العباس، جمال الدين ابن الظاهري، الحنفي (المتوفى: 696ه)	Sham19Y	5740	0.78621
		بغية الطلب في تاريخ حلب [ج ٨]	كمال الدّين عمر بن أحمد بن أبي جرادة الحلبي [ ابن العديم ]	Rafed	2149	0.78611
		الموافقيات التساعيات للدمياطي	عبد المؤمن بن خلف الدمياطي، أبو محمد، شرف الدين الشافعي (المتوفى: 705ه)	ShamelaY19	30700	0.78609
		نسب قريش	مصعب بن عبد الله بن مصعب بن ثابت بن عبد الله بن الزبير، أبو عبد الله الزبيري (المتوفى: 236هـ)	ShamAY	2922	0.78608
		أسامي مشايخ البخاري لابن مندة	أبو عبد الله محمد بن إسحاق بن محمد بن يحيى بن منده العبدي (المتوفى: 395ه)	ShamelaY19	26889	0.78598
		تاريخ خليفة بن خياط	أبو عمرو خليفة بن خياط بن خليفة الشيباني العصفري البصري (المتوفى: 240هـ)	ShamAY	6615	0.78563
		مشيخة ابن البخاري	أحمد بن محمد بن عبد الله، أبو العباس، جمال الدين ابن الظاهري، الحنفي (المتوفى: 696هـ)	ShamAY	5740	0.7853
		تاريخ مدينة دمشق [ج ٥٦]	أبي القاسم علي بن الحسن ابن هبة الله بن عبد الله الشافعي [ ابن عساكر ]	Rafed	2419	0.78513
		تاريخ جرجان	حمزة بن يوسف السهمي الجرجاني [ السّهمي ]	Rafed	2299	0.78473
		التحفة اللطيفة في تاريخ المدينة الشريفة [ج ٢]	شمس الدين السخاوي	Rafed	2248	0.78464
		طبقات المفسرين للسيوطي	عبد الرحمن بن أبي بكر، جلال الدين السيوطي (المتوفى: 911ه)	Sham19Y	6234	0.78462
		الموافقيات التساعيات للدمياطي	عبد المؤمن بن خلف الدمياطي، أبو محمد، شرف الدين الشافعي (المتوفى: 705ه)	Sham19Y	30700	0.7846
		طبقات المفسرين للسيوطي	عبد الرحمن بن أبي بكر، جلال الدين السيوطي (المتوفى: 911هـ)	ShamAY	6234	0.78458
		السادس من معجم الشيخة مريم	أبو الفضل أحمد بن علي بن محمد بن أحمد بن حجر العسقلاني (المتوفى: 852هـ)	ShamAY	30278	0.78458
		الضعفاء الصغير للبخاري ت زايد	محمد بن إسماعيل بن إبراهيم بن المغيرة البخاري، أبو عبد الله (المتوفى: 256هـ)	ShamAY	10542	0.78439
		المدخل إلى علم السنن للبيهقي ت عوامة	أبو بكر أحمد بن الحسين البيهقي (384 ه - 458 ه)	Sham19Y	39268	0.78428
		الأربعين البلدانية لابن عساكر - الفكر المعاصر	أبو القاسم علي بن الحسن بن هبة الله بن عبد الله بن الحسين الشافعي ابن عساكر	ShamAY	33614	0.78425
		تاريخ مدينة دمشق [ج ٢٥]	أبي القاسم علي بن الحسن ابن هبة الله بن عبد الله الشافعي [ ابن عساكر ]	Rafed	2270	0.78419
		السابع من معجم الشيخة مريم	أبو الفضل أحمد بن علي بن محمد بن أحمد بن حجر العسقلاني (المتوفى: 852هـ)	ShamAY	30277	0.78359
		رواية صحيح مسلم من طريق ابن ماهان مقارنة برواية ابن سفيان	مصدق أمين عطية الدوري	Sham19Y	13554	0.78344
		 إعلام النبلاء بتاريخ حلب الشهباء 	 محمد راغب الطباخ الحلبي 	ABLibrary	8958	0.78344
		الخامس من معجم شيوخ الدمياطي	عبد المؤمن بن خلف الدمياطي، أبو محمد، شرف الدين الشافعي (المتوفى: 705ه)	ShamelaY19	30644	0.78335
		معجم السفر	صدر الدين، أبو طاهر السِّلَفي أحمد بن محمد بن أحمد بن محمد بن إبراهيم سِلَفَه الأصبهاني (المتوفى: 576هـ)	ShamAY	5805	0.78333
		تاريخ الإسلام ووفيات المشاهير والأعلام [ج ٨]	شمس الدين محمّد بن أحمد بن عثمان الذّهبي	Rafed	3340	0.78287
		 جوامع السيرة النبوية 	 ابن حزم 	ABLibrary	7480	0.78282
		إثارة الفوائد	صلاح الدين العلائي	ShamelaY19	22882	0.78259
		غاية النهاية في طبقات القراء	شمس الدين أبو الخير ابن الجزري، محمد بن محمد بن يوسف (المتوفى: 833ه)	Sham19Y	12040	0.78256
		تاريخ جرجان‏	حمزة بن يوسف السهمي	Masaha	4497	0.7825
		الموافقيات التساعيات للدمياطي	عبد المؤمن بن خلف الدمياطيّ، أبو محمد، شرف الدين الشافعي (المتوفى: 705هـ)	ShamAY	30700	0.78236
		ذيل تاريخ بغداد لابن الدبيثي	محمد بن سعيد ابن الدبيثي	ShamAY	34569	0.78236
		أسد الغابة ط الفكر	أبو الحسن علي بن أبي الكرم محمد بن محمد بن عبد الكريم بن عبد الواحد الشيباني الجزري، عز الدين ابن الأثير (المتوفى: 630ه)	Sham19Y	23700	0.78223
		رواية صحيح مسلم من طريق ابن ماهان مقارنة برواية ابن سفيان	مصدق أمين عطية الدوري	ShamAY	31812	0.78219
		الجوهرة في نسب النبي وأصحابه العشرة	محمد بن أبي بكر بن عبد الله بن موسى الأنصاري التلمساني المعروف بالبري (المتوفى: بعد 645ه)	ShamelaY19	26484	0.78196
		أسد الغابة ط الفكر	أبو الحسن علي بن أبي الكرم محمد بن محمد بن عبد الكريم بن عبد الواحد الشيباني الجزري، عز الدين ابن الأثير (المتوفى: 630هـ)	ShamAY	23700	0.78182
		إثارة الفوائد المجموعة في الإشارة إلى الفرائد المسموعة	صلاح الدين أبو سعيد خليل بن كيكلدي بن عبد الله الدمشقي العلائي (المتوفى : 761هـ)	ShamAY	22882	0.78144
		كتاب الأربعين في فضل الدعاء والداعين	شَرَفُ الدِّيْنِ، عَلِيُّ بنُ المُفَضَّلِ بنِ عَلِيِّ بنِ مُفَرِّجِ بنِ حَاتِمِ بنِ حَسَنِ بنِ جَعْفَرٍ المَقْدِسِيُّ (المتوفى: 611هـ)	ShamAY	29639	0.78105
		الأحاديث الأربعون المتباينة الأسانيد والمتون	محمد بن عبد الله (أبي بكر) بن محمد ابن أحمد بن مجاهد القيسي الدمشقي الشافعي، شمس الدين، الشهير بابن ناصر الدين (المتوفى: 842ه)	ShamelaY19	30248	0.78102
		الإصابة في تمييز الصحابة - ت البجاوي ط الجيل	أحمد بن علي بن حجر أبو الفضل العسقلاني الشافعي	ShamAY	38004	0.781
		الإصابة في تمييز الصحابة (ط الهند)	أحمد بن علي بن حجر أبو الفضل العسقلاني	ShamAY	34567	0.781
		غاية النهاية في طبقات القراء	شمس الدين أبو الخير ابن الجزري، محمد بن محمد بن يوسف (المتوفى: 833هـ)	ShamAY	12040	0.78086
		الكواكب النيرات في معرفة من الرواة الثقات	بركات بن أحمد بن محمد الخطيب، أبو البركات، زين الدين ابن الكيال (المتوفى: 929هـ)	ShamAY	309	0.78058
		فضائل بيت المقدّس	الإمام الحافظ ضياء الدين محمّد بن عبد الواحد بن أحمد المقدسي الحنبلي	Rafed	2384	0.78035
		تاريخ الإسلام ووفيات المشاهير والأعلام [ج ١٨]	شمس الدين محمّد بن أحمد بن عثمان الذّهبي	Rafed	3423	0.78023
		 فضائل بيت المقدس 	 ضياء الدين محمد المقدسي 	ABLibrary	9151	0.78014
		غاية النهاية في طبقات القراء - ط ابن تيمية = التراجم	شمس الدين أبو الخير ابن الجزري، محمد بن محمد بن يوسف (المتوفى: 833هـ)	ShamAY	38177	0.77996
		إسعاف المبطأ - دار الهجرة	جلال الدين السيوطي	ShamAY	34624	0.77993
		تاريخ الإسلام ووفيات المشاهير والأعلام [ج ٣٨]	شمس الدين محمّد بن أحمد بن عثمان الذّهبي	Rafed	3585	0.77934
		جوامع السيرة النبوية	ابن حزم الأندلسي‏	Masaha	1959	0.77922
		الجوهرة في نسب النبي وأصحابه العشرة	محمد بن أبي بكر بن عبد الله بن موسى الأنصاري التِّلمساني المعروف بالبُرِّي (المتوفى: بعد 645هـ)	ShamAY	26484	0.77914
		تاريخ جرجان	أبو القاسم حمزة بن يوسف بن إبراهيم السهمي القرشي الجرجاني (المتوفى: 427هـ)	ShamAY	11077	0.77908
		الأول من معجم الشيخ أبي النون يونس بن إبراهيم الدبوسي - مخطوط	أبو النون يونس بن إبراهيم الدبوسي الكناني العسقلاني المصري	ShamAY	32838	0.77905
		تاريخ جرجان	أبو القاسم حمزة بن يوسف بن إبراهيم السهمي القرشي الجرجاني (المتوفى: 427ه)	Sham19Y	11077	0.77902
		التراجم الساقطة من كتاب إكمال تهذيب الكمال لمغلطاي (المطبوع)	مغلطاي بن قليج بن عبد الله البكجري المصري الحكري الحنفي، أبو عبد الله، علاء الدين (المتوفى: 762ه)	ShamelaY19	37551	0.77889
		المدخل إلى علم السنن للبيهقي ت عوامة	أبو بكر أحمد بن الحسين البيهقي (384 ه - 458 ه)	ShamelaY19	39268	0.77859
		جوامع السيرة ط العلمية	أبو محمد علي بن أحمد بن سعيد بن حزم الأندلسي القرطبي الظاهري (المتوفى: 456هـ)	ShamAY	9728	0.77853
		الجزء الأول من الفوائد المنتقاة والحكايات المنتخبة من حديث أبي مسلم الكاتب - مخطوط	أبو مسلم محمد بن أحمد بن علي بن الحسين البغدادي الكاتب	ShamAY	32951	0.77847
		الأحاديث الأربعون المتباينة الأسانيد والمتون	محمد بن عبد الله (أبي بكر) بن محمد ابن أحمد بن مجاهد القيسي الدمشقي الشافعي، شمس الدين، الشهير بابن ناصر الدين (المتوفى: 842هـ)	ShamAY	30248	0.77836
		تدليس الشيوخ الضعفاء	عبد العزيز بن صالح اللحيدان	ShamAY	35218	0.77815
		نهزة الخاطر ونزهة الخاطر من الفوائد المنتقاة الأحاديث العوالي الموافقات والأبدال والتساعيات والمصافحات والأناشيد المستحسنات - مخطوط	أبو محمد الحسن بن علي بن عيسى اللخمي الشافعي	ShamAY	32876	0.77803
		حذف من نسب قريش	أبو فيد مؤرج بن عمرو بن الحارث السدوسي (المتوفى: 195ه)	Sham19Y	496	0.77765
		 عبقات الأنوار في إمامة الأئمة الأطهار ( فارسي ) 	 السيد حامد النقوي 	ABLibrary	8506	0.77754
		أسنى المطالب في مناقب سيّدنا علي بن أبي طالب	أبي الخير شمس الدين محمد بن محمد بن محمد الجزري الشافعي	Rafed	2614	0.77733
		مشيخة النعال البغدادي صائن الدين محمد بن الأنجب	محمد بن الأنجب ابن أبي عبد الله، أبو الحسن، صائن الدين، النعال البغدادي (المتوفى: 659ه)	ShamelaY19	26432	0.77712
		حذف من نسب قريش	أبو فيد مؤرج بن عمرو بن الحارث السدوسي (المتوفى: 195هـ)	ShamAY	496	0.77687
		تراجم رجال الدارقطني في سننه الذين لم يترجم لهم في التقريب ولا في رجال الحاكم	مقبل بن هادي بن مقبل بن قائدة الهمداني الوادعي (المتوفى: 1422ه)	ShamelaY19	29879	0.77651
		 أسنى المطالب في مناقب الإمام علي ( ع ) 	 محمد بن محمد الدمشقي ( ابن الجزري ) 	ABLibrary	7411	0.7765
		تاريخ مدينة دمشق [ج ٣٣]	أبي القاسم علي بن الحسن ابن هبة الله بن عبد الله الشافعي [ ابن عساكر ]	Rafed	2310	0.7765
		إسعاف المبطأ برجال الموطأ	عبد الرحمن بن أبي بكر، جلال الدين السيوطي (المتوفى: 911ه)	Sham19Y	5849	0.77631
		تاريخ مدينة دمشق [ج ٣١]	أبي القاسم علي بن الحسن ابن هبة الله بن عبد الله الشافعي [ ابن عساكر ]	Rafed	2301	0.7763
		أسامي مشايخ البخاري لابن مندة	أبو عبد الله محمد بن إسحاق بن محمد بن يحيى بن مَنْدَه العبدي (المتوفى: 395هـ)	ShamAY	26889	0.77623
		المراسيل لابن أبي حاتم	أبو محمد عبد الرحمن بن محمد بن إدريس بن المنذر التميمي، الحنظلي، الرازي ابن أبي حاتم (المتوفى: 327هـ)	ShamAY	1290	0.77619
		إسعاف المبطأ برجال الموطأ	عبد الرحمن بن أبي بكر، جلال الدين السيوطي (المتوفى: 911هـ)	ShamAY	5849	0.77604
		التذييل علي كتب الجرح والتعديل	طارق بن محمد آل بن ناجي (المتوفى: 1432ه)	ShamelaY19	96963	0.77578
		الطبقات لخليفة بن خياط	أبو عمرو خليفة بن خياط بن خليفة الشيباني العصفري البصري (المتوفى: 240هـ)	ShamAY	8682	0.77578
		مشيخة النعال البغدادي صائن الدين محمد بن الأنجب	محمد بن الأنجب ابن أبي عبد الله، أبو الحسن، صائن الدين، النعّال البغدادي (المتوفى: 659هـ)	ShamAY	26432	0.77561
		كتاب ذكر اسم كل صحابي روى عن رسول الله صلى الله عليه وسلم أمرا أونهيا ومن بعده من التابعين وغيرهم ممن لا أخ له يوافق اسمه من نقلة الحديث من جميع الأمصار	أبو الفتح محمد بن الحسين بن أحمد بن عبد الله بن بريدة الموصلي الأزدي (المتوفى: 374ه)	ShamelaY19	26918	0.77553
		تاريخ مدينة دمشق [ج ٢٢]	أبي القاسم علي بن الحسن ابن هبة الله بن عبد الله الشافعي [ ابن عساكر ]	Rafed	2256	0.77534
		مشيخة الحافظ الذهبي = المعجم اللطيف	شمس الدين أبو عبد الله محمد بن أحمد بن عثمان بن قَايْماز الذهبي (المتوفى: 748هـ)	ShamAY	33668	0.77533
		المنفردات والوحدان	مسلم بن الحجاج أبو الحسن القشيري النيسابوري (المتوفى: 261ه)	Sham19Y	5837	0.77525
		تاريخ الإسلام ووفيات المشاهير والأعلام [ج ٣٠]	شمس الدين محمّد بن أحمد بن عثمان الذّهبي	Rafed	3561	0.77491
		المنتخب من معجم شيوخ السمعاني	عبد الكريم بن محمد بن منصور التميمي السمعاني المروزي، أبو سعد (المتوفى: 562ه)	ShamelaY19	21556	0.77464
		الجزء المتمم لطبقات ابن سعد [الطبقة الرابعة من الصحابة ممن أسلم عند فتح مكة وما بعد ذلك]	أبو عبد الله محمد بن سعد بن منيع الهاشمي بالولاء، البصري، البغدادي المعروف بابن سعد (المتوفى: 230هـ)	ShamAY	12416	0.77457
		الجزء الثالث عشر من الفوائد المنتخبة الصحاح والغرائب للنسيب - مخطوط	النسيب أبو القاسم علي بن إبراهيم بن العباس بن أبي الجن الحسيني	ShamAY	32970	0.77449
		أسانيد الكتب الستة وغيرها لابن ناصر الدين	ابن ناصر الدين (842 هـ)	ShamAY	33543	0.77391
		تاريخ مدينة دمشق [ج ٦٠]	أبي القاسم علي بن الحسن ابن هبة الله بن عبد الله الشافعي [ ابن عساكر ]	Rafed	2471	0.7738
		المنتخب من معجم شيوخ السمعاني	عبد الكريم بن محمد بن منصور التميمي السمعاني المروزي، أبو سعد (المتوفى: 562هـ)	ShamAY	21556	0.77375
		طبقات اعلام الشيعة - الجزء1	الشيخ آقا بزرك الطهراني	Masaha	3164	0.77372
		تاريخ مدينة دمشق [ج ٤٧]	أبي القاسم علي بن الحسن ابن هبة الله بن عبد الله الشافعي [ ابن عساكر ]	Rafed	2378	0.77366
		تاريخ جرجان - ط عالم الكتب = التراجم	أبو القاسم حمزة بن يوسف بن إبراهيم السهمي القرشي الجرجاني (المتوفى: 427 هـ)	ShamAY	38210	0.77348
		تذكير النابهين بسير أسلافهم حفاظ الحديث السابقين واللاحقين	ربيع بن هادي المدخلي	ShamAY	33029	0.77315
		مرويات عبدالرحمن بن عبدالله بن مسعود عن أبيه في كتب السنة - جمعاً ودراسة -	د غالب حامضي	ShamAY	33081	0.77315
		المنفردات والوحدان	مسلم بن الحجاج أبو الحسن القشيري النيسابوري (المتوفى: 261هـ)	ShamAY	5837	0.77292
		المنتخب من حديث شيوخ بغداد لأبي حيان الأندلسي - مخطوط	أبو حيّان الأندلسي	ShamAY	32770	0.77292
		تعليقات الدارقطني على المجروحين لابن حبان	أبو الحسن علي بن عمر بن أحمد بن مهدي بن مسعود بن النعمان بن دينار البغدادي الدارقطني (المتوفى: 385هـ)	ShamAY	10843	0.77288
		مجرد أسماء الرواة عن مالك، يليه المستدرك على الخطيب والعطار	يحيى بن علي بن عبد الله بن علي بن مفرج، أبو الحسين، رشيد الدين القرشي الاموي النابلسي ثم المصري، المعروف بالرشيد العطار (المتوفى: 662هـ)	ShamAY	1483	0.7727
		ذكر من يعتمد قوله في الجرح والتعديل (مطبوع ضمن كتاب «أربع رسائل في علوم الحديث» )	شمس الدين أبو عبد الله محمد بن أحمد بن عثمان بن قايماز الذهبي (المتوفى: 748ه)	ShamelaY19	26112	0.77259
		أسنى المطالب فى مناقب الإمام على(ع)	شمس الدين محمد الجزري	Masaha	1832	0.77243
		بغية الطلب في تاريخ حلب [ج ٩]	كمال الدّين عمر بن أحمد بن أبي جرادة الحلبي [ ابن العديم ]	Rafed	2150	0.77242
		تاريخ مدينة دمشق [ج ٥٣]	أبي القاسم علي بن الحسن ابن هبة الله بن عبد الله الشافعي [ ابن عساكر ]	Rafed	2409	0.77227
		ذيل ميزان الاعتدال	أبو الفضل زين الدين عبد الرحيم بن الحسين بن عبد الرحمن بن أبي بكر بن إبراهيم العراقي (المتوفى: 806هـ)	ShamAY	5847	0.77219
		البيان في أخبار صاحب الزمان‏	محمد بن يوسف الگنجي الشافعي‏	Masaha	1920	0.77214
		اسعاف المبطأ برجال الموطأ	جلال الدين السيوطي	ShamAY	34582	0.77186
		الحادي عشر من معجم الشيخة مريم	أبو الفضل أحمد بن علي بن محمد بن أحمد بن حجر العسقلاني (المتوفى: 852هـ)	ShamAY	30271	0.77184
		جزء فيه الكلام على حديث إن أولى الناس بي أكثرهم علي صلاة	ابن حجر العسقلاني	ShamAY	33577	0.77169
		كتاب ذكر اسم كل صحابي روى عن رسول الله صلى الله عليه وسلم أمراً أونهياً ومن بعده من التابعين وغيرهم ممن لا أخ له يوافق اسمه من نقلة الحديث من جميع الأمصار	أبو الفتح محمد بن الحسين بن أحمد بن عبد الله بن بريدة الموصلي الأزدي (المتوفى: 374هـ)	ShamAY	26918	0.77166
		المدخل إلى الصحيح - ت المدخلي = التراجم	أبو عبد الله الحاكم محمد بن عبد الله بن محمد بن حمدويه بن نُعيم بن الحكم الضبي الطهماني النيسابوري المعروف بابن البيع (المتوفى: 405هـ)	ShamAY	38184	0.77144
		ذيل ميزان الاعتدال - ط العلمية = التراجم	أبو الفضل زين الدين عبد الرحيم بن الحسين بن عبد الرحمن بن أبي بكر بن إبراهيم العراقي (المتوفى: 806هـ)	ShamAY	38198	0.77139
		الرابع من معجم الشيخة مريم	أبو الفضل أحمد بن علي بن محمد بن أحمد بن حجر العسقلاني (المتوفى: 852هـ)	ShamAY	30275	0.77139
		عمدة الطّالب في أنساب آل أبي طالب	السيد جمال الدين أحمد بن علي الحسني [ ابن عنبة ]	Rafed	1715	0.77103
		تراجم رجال الدارقطني في سننه الذين لم يترجم لهم في التقريب ولا في رجال الحاكم	مُقْبلُ بنُ هَادِي بنِ مُقْبِلِ بنِ قَائِدَةَ الهَمْدَاني الوادعِيُّ (المتوفى: 1422هـ)	ShamAY	204	0.7706
		 لحظ الألحاظ بذيل طبقات الحفاظ 	 محمد بن محمد ابن محمد بن فهد الهاشمي المكي 	ABLibrary	830	0.77042
		 منتقلة الطالبية 	 ابراهيم بن ناصر بن طبطبا 	ABLibrary	9232	0.7702
		تذكير النابهين بسير أسلافهم حفاظ الحديث السابقين اللاحقين	ربيع بن هادي المدخلي	ShamAY	37348	0.77017
		تاريخ مدينة دمشق [ج ٦٢]	أبي القاسم علي بن الحسن ابن هبة الله بن عبد الله الشافعي [ ابن عساكر ]	Rafed	2532	0.77
		تاريخ الإسلام ووفيات المشاهير والأعلام [ج ٣٢]	شمس الدين محمّد بن أحمد بن عثمان الذّهبي	Rafed	3567	0.76987
		مشاهير علماء الأمصار وأعلام فقهاء الأقطار	محمد بن حبان بن أحمد بن حبان بن معاذ بن مَعْبدَ، التميمي، أبو حاتم، الدارمي، البُستي (المتوفى: 354هـ)	ShamAY	896	0.76968
		السادس من معجم الشيخة مريم	أبو الفضل أحمد بن علي بن محمد بن أحمد بن حجر العسقلاني (المتوفى: 852ه)	ShamelaY19	30278	0.76967
		كتاب الأربعين عن المشايخ الأربعين والأربعين صحابيا وصحابية رضي الله عنهم	رضي الدين، أبو الحسن المؤيد بن محمد بن علي بن حسن بن محمد بن أبي صالح الطوسي، ثم النيسابوري (المتوفى: 617ه)	ShamelaY19	26490	0.76931
		أحاديث منتقاة من سماعات ابن الشيخة	عبد الرحمن بن أحمد بن مبارك بن حماد بن تركي الغزي الشيخ الزاهد زين الدين أبو الفرج المعروف بابن الشيخة المصري الحسيني (المتوفى: 799ه)	ShamelaY19	29805	0.76915
		ذكر الإمام أبي عبد الله بن منده	محمد بن عمر بن أحمد بن عمر بن محمد الأصبهاني المديني، أبو موسى (المتوفى: 581هـ)	ShamAY	9523	0.7691
		أربعون حديثا لأربعين شيخا من أربعين بلدة	ثقة الدين، أبو القاسم علي بن الحسن بن هبة الله المعروف بابن عساكر (المتوفى: 571هـ)	ShamAY	5713	0.76892
		مشيخة تقي الدين الأشنهي - مخطوط	تقي الدين صالح بن مختار بن صالح الأشنهي	ShamAY	32866	0.76882
		الثامن من معجم الشيخة مريم	أبو الفضل أحمد بن علي بن محمد بن أحمد بن حجر العسقلاني (المتوفى: 852ه)	ShamelaY19	30259	0.76877
		رجال الحاكم في المستدرك	مقبل بن هادي بن مقبل بن قائدة الهمداني الوادعي (المتوفى: 1422ه)	ShamelaY19	29742	0.76876
		معجم الشعراء	المرزباني	ShamelaY19	26552	0.76876
		مقاتل الطالبيين	ابو الفرج الأصفهاني	Masaha	2338	0.76826
		الأحاديث المنتقاة الأربعون للصابوني - مخطوط	الواحدي	ShamAY	32746	0.76819
		تاريخ جرجان	حمزه بن يوسف سهمي	Ghbook	11662	0.76815
		الثاني من معجم الشيخة مريم	أبو الفضل أحمد بن علي بن محمد بن أحمد بن حجر العسقلاني (المتوفى: 852ه)	Sham19Y	30267	0.76806
		البلدانيات‏	محمد بن عبد الرحمن السخاوي	Masaha	3716	0.7679
		بهجة المحافل وأجمل الوسائل بالتعريف برواة الشمائل	إبراهيم بن إبراهيم بن حسن اللقاني، أبو الإمداد، برهان الدين المالكي (المتوفى: 1041ه)	ShamelaY19	96239	0.76778
		معجم أصحاب القاضي أبي علي الصدفي	ابن الأبار، محمد بن عبد الله بن أبي بكر القضاعي البلنسي (المتوفى: 658ه)	ShamelaY19	28740	0.76776
		طبقات الفقهاء	أبو اسحاق إبراهيم بن علي الشيرازي (المتوفى: 476هـ)	ShamAY	1031	0.76758
		تاريخ مدينة دمشق [ج ٢٦]	أبي القاسم علي بن الحسن ابن هبة الله بن عبد الله الشافعي [ ابن عساكر ]	Rafed	2278	0.76752
		معجم أصحاب القاضي أبي علي الصدفي	ابن الأبار، محمد بن عبد الله بن أبي بكر القضاعي البلنسي (المتوفى: 658هـ)	ShamAY	28740	0.76743
		طبقات الحفاظ للسيوطي	عبد الرحمن بن أبي بكر، جلال الدين السيوطي (المتوفى: 911هـ)	ShamAY	5823	0.76719
		مقاتل الطالبيين	علي بن الحسين بن محمد بن أحمد بن الهيثم المرواني الأموي القرشي، أبو الفرج الأصبهاني (المتوفى: 356ه)	Sham19Y	12404	0.76706
		الإصابة في تمييز الصحابة (ط هجر)	أحمد بن علي بن حجر أبو الفضل العسقلاني	ShamAY	34568	0.76682
		جزء فيه طرق حديث عبد الرحمن بن أبي ليلى عن كعب بن عجرة في الصلاة على النبي صلى الله عليه وسلم	شرف الدين، علي بن المفضل بن علي بن مفرج بن حاتم بن حسن بن جعفر المقدسي (المتوفى: 611ه)	Sham19Y	3981	0.76667
		البلدانيات للسخاوي	شمس الدين أبو الخير محمد بن عبد الرحمن بن محمد السخاوي (المتوفى: 902هـ)	ShamAY	3576	0.76662
		عمدة الطالب في أنساب آل أبي طالب	ابن عنبة الحسني‏	Masaha	2302	0.76651
		السابع من معجم الشيخة مريم	أبو الفضل أحمد بن علي بن محمد بن أحمد بن حجر العسقلاني (المتوفى: 852ه)	ShamelaY19	30277	0.76643
		مقاتل الطالبيين	علي بن الحسين بن محمد بن أحمد بن الهيثم المرواني الأموي القرشي، أبو الفرج الأصبهاني (المتوفى: 356هـ)	ShamAY	12404	0.76624
		الإيناس بعلم الأنساب	الحسين بن علي بن الحسين، أبو القاسم الوزير المغربي (المتوفى: 418هـ)	ShamAY	492	0.76618
		الفوائد المنتقاة المسماة بمشيخة الموصل لابن أبي الفهم - مخطوط (ن)	عبد الرحمن بن أبي الفهم عبد المنعم بن عبد الرحمن اليلداني الشافعي تقي الدين (المتوفى: 655هـ)	ShamAY	11026	0.76607
		أربعون حديثا لعلي بن المفضل المقدسي - مخطوط (ن)	شَرَفُ الدِّيْنِ، عَلِيُّ بنُ المُفَضَّلِ بنِ عَلِيِّ بنِ مُفَرِّجِ بنِ حَاتِمِ بنِ حَسَنِ بنِ جَعْفَرٍ المَقْدِسِيُّ (المتوفى: 611هـ)	ShamAY	10441	0.76606
		 بغية الطلب في تاريخ حلب 	 عمر بن أحمد العقيلي الحلبي ( ابن العديم ) 	ABLibrary	817	0.76605
		شعب المقال في درجات الرجال‌	الميرزا ابو القاسم بن محمد النراقي	Masaha	3537	0.76592
		الثالث من معجم الشيخة مريم	أبو الفضل أحمد بن علي بن محمد بن أحمد بن حجر العسقلاني (المتوفى: 852هـ)	ShamAY	30256	0.76591
		معجم الشعراء	للإمام أبي عبيد الله محمد بن عمران المرزباني (المتوفى : 384 هـ)	ShamAY	26552	0.76588
		لباب الأنساب والألقاب والأعقاب	أبو الحسن ظهير الدين علي بن زيد البيهقي، الشهير بابن فندمه (المتوفى: 565هـ)	ShamAY	355	0.76583
		تاريخ مدينة دمشق [ج ٥٩]	أبي القاسم علي بن الحسن ابن هبة الله بن عبد الله الشافعي [ ابن عساكر ]	Rafed	2468	0.76571
		أحاديث عوالي للدمياطي	عبد المؤمن بن خلف الدمياطي، أبو محمد، شرف الدين الشافعي (المتوفى: 705ه)	ShamelaY19	30558	0.76563
		السنن الكبرى للبيهقي ت التركي	أبو بكر أحمد بن الحسين بن علي البيهقي (384 - 458 ه)	ShamelaY19	148486	0.76555
		برنامج الوادي آشي	محمد بن جابر بن محمد بن قاسم القيسي، شمس الدين، أبو عبد الله الوادي آشي الأندلسي (المتوفى: 749هـ)	ShamAY	10740	0.76498
		فهرسة ابن خير ط دار الغرب	ابن خير الإشبيلي (502 - 575 ه)	Sham19Y	16626	0.76472
		الإمتاع بالأربعين المتباينة السماع / ويليه أسئلة من خط الشيخ العسقلاني	أبو الفضل أحمد بن علي بن محمد بن أحمد بن حجر العسقلاني (المتوفى: 852هـ)	ShamAY	5719	0.76456
		تاريخ مدينة دمشق [ج ٤١]	أبي القاسم علي بن الحسن ابن هبة الله بن عبد الله الشافعي [ ابن عساكر ]	Rafed	2345	0.76455
		الدرر في اختصار المغازي والسير	النمري، الحافظ يوسف بن البر	Sham19Y	10695	0.7645
		الدرر في اختصار المغازي والسير	النمري، الحافظ يوسف بن البر	ShamAY	10695	0.76449
		بغية الطلب في تاريخ حلب [ج ١٠]	كمال الدّين عمر بن أحمد بن أبي جرادة الحلبي [ ابن العديم ]	Rafed	2294	0.76445
		بُغْيَةِ الْمُلْتَمِس فِي سُبَاعِيَّاتِ حَدِيثِ الإِمَامِ مَالِكِ بْنِ أَنَس	صلاح الدين أبو سعيد خليل بن كيكلدي بن عبد الله الدمشقي العلائي (المتوفى: 761هـ)	ShamAY	10826	0.76444
		تاريخ مدينة دمشق [ج ٦٣]	أبي القاسم علي بن الحسن ابن هبة الله بن عبد الله الشافعي [ ابن عساكر ]	Rafed	2534	0.76428
		الإنباه على قبائل الرواة	أبو عمر يوسف بن عبد الله بن محمد بن عبد البر بن عاصم النمري القرطبي (المتوفى: 463هـ)	ShamAY	6696	0.76423
		طبقات الحفاظ للسيوطي - ط العلمية = التراجم	عبد الرحمن بن أبي بكر، جلال الدين السيوطي (المتوفى: 911هـ)	ShamAY	38187	0.76419
		ترجمة الأئمة الأربعة	أبو حمزة الشامي	ShamAY	35817	0.76401
		الأربعون الأبدال التساعيات للبخاري ومسلم للدمياطي - مخطوط (ن)	عبد المؤمن بن خلف الدمياطيّ، أبو محمد، شرف الدين الشافعي (المتوفى: 705هـ)	ShamAY	10447	0.76379
		رجال الحاكم في المستدرك	مُقْبلُ بنُ هَادِي بنِ مُقْبِلِ بنِ قَائِدَةَ الهَمْدَاني الوادعِيُّ (المتوفى: 1422هـ)	ShamAY	197	0.76369
		ذكر من يعتمد قوله في الجرح والتعديل (مطبوع ضمن كتاب «أربع رسائل في علوم الحديث» )	شمس الدين أبو عبد الله محمد بن أحمد بن عثمان بن قَايْماز الذهبي (المتوفى: 748هـ)	ShamAY	26112	0.76368
		جزء فيه أحاديث من أمالي شرف الدين الدمياطي	الدمياطيّ، عبد المؤمن بن خلف	ShamAY	33572	0.76347
		معجم حفّاظ القرآن عبر التّاريخ [ج ٢]	الدكتور محمّد سالم محيسن	Rafed	906	0.76332
		الحنائيات (فوائد أبي القاسم الحنائي)	أبو القاسم الحسين بن محمد بن إبراهيم بن الحسين الدمشقي، الحنائي (المتوفى: 459ه)	ShamelaY19	26566	0.76325
		 الدرر في اختصار المغازي والسير 	 ابن عبد البر 	ABLibrary	7522	0.76309
		مناقب الإمام أحمد	جمال الدين أبو الفرج عبد الرحمن بن علي بن محمد الجوزي (المتوفى: 597هـ)	ShamAY	31768	0.76308
		الجواهر المضية في طبقات الحنفية	عبد القادر بن محمد بن نصر الله القرشي، أبو محمد، محيي الدين الحنفي (المتوفى: 775هـ)	ShamAY	6725	0.763
		الثاني من معجم الشيخة مريم	أبو الفضل أحمد بن علي بن محمد بن أحمد بن حجر العسقلاني (المتوفى: 852هـ)	ShamAY	30267	0.76274
		جمهرة أنساب العرب لابن الكلبي	أبو المنذر هشام بن محمد أبي النضر ابن السائب ابن بشر الكلبي (المتوفى: 204ه)	Sham19Y	504	0.76261
		الأربعون التيمية	تقي الدين أبو العباس أحمد بن عبد الحليم بن عبد السلام بن عبد الله بن أبي القاسم بن محمد ابن تيمية الحراني الحنبلي الدمشقي (المتوفى: 728هـ)	ShamAY	9370	0.76256
		رجال البرقي- الطبقات‌	ابو جعفر أحمد بن محمد البرقي	Masaha	3535	0.76216
		جزء فيه طرق حديث عبد الرحمن بن أبي ليلى عن كعب بن عجرة في الصلاة على النبي صلى الله عليه وسلم	شَرَفُ الدِّيْنِ، عَلِيُّ بنُ المُفَضَّلِ بنِ عَلِيِّ بنِ مُفَرِّجِ بنِ حَاتِمِ بنِ حَسَنِ بنِ جَعْفَرٍ المَقْدِسِيُّ (المتوفى: 611هـ)	ShamAY	3981	0.76212
		الأربعون العشارية السامية مما وقع لشيخنا من الأخبار العالية	أبو الفضل زين الدين عبد الرحيم بن الحسين بن عبد الرحمن بن أبي بكر بن إبراهيم العراقي (المتوفى: 806ه)	Sham19Y	5715	0.76177
		من وافق اسمه اسم أبيه للأزدي	أبو الفتح محمد بن الحسين بن أحمد بن عبد الله بن بريدة الموصلي الأزدي (المتوفى: 374ه)	ShamelaY19	26919	0.76166
		التَّكْميل في الجَرْح والتَّعْدِيل ومَعْرِفة الثِّقَات والضُّعفاء والمجَاهِيل	أبو الفداء إسماعيل بن عمر بن كثير القرشي البصري ثم الدمشقي (المتوفى: 774هـ)	ShamAY	1730	0.76154
		الإرشاد في معرفة علماء الحديث للخليلي	أبو يعلى الخليلي، خليل بن عبد الله بن أحمد بن إبراهيم بن الخليل القزويني (المتوفى: 446هـ)	ShamAY	12993	0.76152
		معجم الشيوخ لابن جميع الصيداوي	أبو الحسين محمد بن أحمد بن عبد الرحمن بن يحيى بن جُمَيْع الغساني الصيداوي (المتوفى: 402هـ)	ShamAY	13177	0.76149
		أحاديث موافقات وأبدال منتخبة من مسموعات إبراهيم بن علي الطرسوسي مخرَّجة عن تسعة عشر شيخا من شيوخه - مخطوط	أبو إسحاق إبراهيم بن علي بن أحمد بن عبد الواحد الطرسوسي	ShamAY	38086	0.76148
		أحاديث منتقاة من سماعات ابن الشيخة	عبد الرحمن بن أحمد بن مبارك بن حماد بن تركي الغزي الشيخ الزاهد زين الدين أبو الفرج المعروف بابن الشيخة المصري الحسيني (المتوفى: 799هـ)	ShamAY	29805	0.76145
		 بغية الطلب في تاريخ حلب 	 عمر بن أحمد العقيلي الحلبي ( ابن العديم ) 	ABLibrary	818	0.76111
		الرابع من معجم الشيخة مريم	أبو الفضل أحمد بن علي بن محمد بن أحمد بن حجر العسقلاني (المتوفى: 852ه)	ShamelaY19	30275	0.7611
		جمهرة أنساب العرب لابن الكلبي	أبو المنذر هشام بن محمد أبي النضر ابن السائب ابن بشر الكلبي (المتوفى: 204هـ)	ShamAY	504	0.76095
		الضعفاء والمتروكون للدارقطني - الفاروق	أبو الحسن علي بن عمر الدارقطني	ShamAY	34651	0.76091
		تاريخ علماء الأندلس	عبد الله بن محمد بن يوسف بن نصر الأزدي، أبو الوليد، المعروف بابن الفرضي (المتوفى: 403ه)	ShamelaY19	30743	0.7609
		فهرسة ابن خير ط دار الغرب	ابن خير الإشبيلي (502 - 575 هـ)	ShamAY	38851	0.76088
		التعريف بالأنساب والتنويه بذوي الأحساب	أحمد بن محمد بن إبراهيم، شهاب الدين أبو الحجاج الأشعري الشافعي (المتوفى: 600هـ)	ShamAY	487	0.76078
		تكملة إكمال الإكمال في الأنساب والأسماء والألقاب	ابن الصابوني , محمد بن علي بن محمود، أبو حامد، جمال الدين المحمودي (المتوفى: 680ه)	ShamelaY19	21107	0.76077
		لسان الميزان	أبو الفضل أحمد بن علي بن محمد بن أحمد بن حجر العسقلاني (المتوفى: 852هـ)	ShamAY	12063	0.7607
		أحاديث عوالي للدمياطي	عبد المؤمن بن خلف الدمياطي، أبو محمد، شرف الدين الشافعي (المتوفى: 705ه)	Sham19Y	30558	0.76046
		الجواهر المضية في طبقات الحنفية = التراجم	عبد القادر بن محمد بن نصر الله القرشي، أبو محمد، محيي الدين الحنفي (المتوفى: 775هـ)	ShamAY	38014	0.76045
		جزء حديث المتبايعين بالخيار	عبد العظيم بن عبد القوي بن عبد الله، أبو محمد، زكي الدين المنذري (المتوفى: 656ه)	ShamelaY19	29464	0.7604
		 بغية الطلب في تاريخ حلب 	 عمر بن أحمد العقيلي الحلبي ( ابن العديم ) 	ABLibrary	819	0.76028
		التاسع من معجم الشيخة مريم	أبو الفضل أحمد بن علي بن محمد بن أحمد بن حجر العسقلاني (المتوفى: 852هـ)	ShamAY	30255	0.76024
		ذيول تذكرة الحفاظ (الحسيني - ابن فهد - السيوطي)	أبو المحاسن الحسيني	ShamAY	34592	0.76018
		المعجم اللطيف	شمس الدين أبو عبد الله محمد بن أحمد بن عثمان بن قايماز الذهبي (المتوفى: 748ه)	ShamelaY19	30673	0.75995
		الحنائيات (فوائد أبي القاسم الحنائي)	أَبُو القَاسِمِ الحُسَيْنُ بنُ مُحَمَّدِ بنِ إِبْرَاهِيْمَ بنِ الحُسَيْنِ الدِّمَشْقِيُّ، الحِنَّائِي (المتوفى: 459هـ)	ShamAY	26566	0.75973
		اختصاص القرآن بعوده إلى الرحيم الرحمن	ضياء الدين أبو عبد الله محمد بن عبد الواحد المقدسي (المتوفى: 643هـ)	ShamAY	6404	0.75961
		سؤالات البرقاني للدارقطني - ت القشقري = التراجم	أحمد بن محمد بن أحمد بن غالب، أبو بكر المعروف بالبرقاني (المتوفى: 425هـ)	ShamAY	38203	0.75951
		إختصاص القرآن بعوده الى الرحمن الرحيم	أبو عبدالله محمد بن عبدالواحد بن أحمد بن عبدالرحمن بن إسماعيل السعدي	ShamAY	34081	0.75946
		الأباطيل والمناكير والصحاح والمشاهير	الحسين بن إبراهيم بن الحسين بن جعفر، أبو عبد الله الهمذاني الجورقاني (المتوفى: 543هـ)	ShamAY	9642	0.75935
		منتقلة الطالبيّة	أبي إسماعيل بن إبراهيم بن ناصر بن طباطبا	Rafed	2493	0.75931
		نثل النبال بمعجم الرجال الذين ترجم لهم فضيلة الشيخ المحدث أبو إسحاق الحويني	أبو إسحق الحويني	ShamAY	31841	0.75925
		كتاب الأربعين عن المشايخ الأربعين والأربعين صحابيا وصحابية رضي الله عنهم	رَضِيُّ الدِّيْنِ، أَبُو الحَسَنِ المُؤَيَّدُ بنُ مُحَمَّدِ بنِ عَلِيِّ بنِ حَسَنِ بنِ مُحَمَّدِ بنِ أَبِي صَالِحٍ الطُّوْسِيُّ، ثُمَّ النَّيْسَابُوْرِيُّ (المتوفى: 617هـ)	ShamAY	26490	0.75924
		الأحاديث العشرة الاختيارية العشارية الأسانيد - ت: الألفي	ابن حجر العسقلاني	ShamAY	33613	0.75919
		الضعفاء والمتروكون للدارقطني = التراجم	أبو الحسن علي بن عمر بن أحمد بن مهدي بن مسعود بن النعمان بن دينار البغدادي الدارقطني (المتوفى: 385هـ)	ShamAY	38028	0.75919
		مشاهير علماء الأمصار - العلمية	محمد بن حبان بن أحمد أبو حاتم التميمي البستي	ShamAY	34623	0.75911
		مناقب الأسد الغالب ممزق الكتائب ومظهر العجائب ليث بن غالب أمير المؤمنين أبي الحسن علي بن أبي طالب رضي الله عنه	شمس الدين أبو الخير ابن الجزري، محمد بن محمد بن يوسف (المتوفى: 833ه)	Sham19Y	12752	0.75906
		التخريج لصحيح الحديث	أحمد بن محمد بن أحمد بن محمد بن منصور أبو الحسن المجهز المعروف بالعتيقي (المتوفى: 441ه)	ShamelaY19	22334	0.75904
		تاريخ مدينة دمشق [ج ٤٩]	أبي القاسم علي بن الحسن ابن هبة الله بن عبد الله الشافعي [ ابن عساكر ]	Rafed	2392	0.75893
		شرح أبي داود للعيني	أبو محمد محمود بن أحمد بن موسى بن أحمد بن حسين الغيتابى الحنفى بدر الدين العينى (المتوفى: 855هـ)	ShamAY	8540	0.75885
		تبيين كذب المفتري فيما نسب إلى الإمام أبي الحسن الأشعري	ثقة الدين، أبو القاسم علي بن الحسن بن هبة الله المعروف بابن عساكر (المتوفى: 571هـ)	ShamAY	6549	0.75881
		الأربعون حديثاً عن أربعين شيخاً من أربعين صحابياً في فضائل الإمام أمير المؤمنين(ع)	الشيخ منتجب الدين علي بن بابويه القمي	Masaha	4533	0.75853
		 العقد الثمين في تاريخ البلد الأمين 	 محمد بن أحمد الفاسي 	ABLibrary	9146	0.75822
		أحاديث عوالي للدمياطي	عبد المؤمن بن خلف الدمياطيّ، أبو محمد، شرف الدين الشافعي (المتوفى: 705هـ)	ShamAY	30558	0.75816
		المعجم لعبد الخالق بن أسد الحنفي	عبد الخالق بن أسد بن ثابت، الفقيه أبو محمد الدمشقي الحنفي المحدث الأطرابلسي الأصل (المتوفى: 564ه)	ShamelaY19	123581	0.75813
		تكملة إكمال الإكمال في الأنساب والأسماء والألقاب	ابن الصابوني , محمد بن علي بن محمود، أبو حامد، جمال الدين المحمودي (المتوفى: 680هـ)	ShamAY	21107	0.7581
		ذم المكس	عبد الرحمن بن أبي بكر، جلال الدين السيوطي (المتوفى: 911ه)	ShamelaY19	36041	0.75806
		المعجم اللطيف	شمس الدين أبو عبد الله محمد بن أحمد بن عثمان بن قَايْماز الذهبي (المتوفى: 748هـ)	ShamAY	30673	0.75803
		تاريخ بغداد أو مدينة السّلام [ج ٢]	أبي بكر أحمد بن علي الخطيب البغدادي	Rafed	2246	0.75783
		مناقب الأسد الغالب مُمزق الكتائب ومُظهر العجائب ليث بن غالب أمير المؤمنين أبي الحسن علي بن أبي طالب رضي الله عنه	شمس الدين أبو الخير ابن الجزري، محمد بن محمد بن يوسف (المتوفى: 833هـ)	ShamAY	12752	0.75761
		التسلي والاغتباط بثواب من تقدم من الأفراط	عبد المؤمن بن خلف الدمياطي، أبو محمد، شرف الدين الشافعي (المتوفى: 705ه)	ShamelaY19	22301	0.75747
		العقد الثّمين في تاريخ البلد الأمين [ج ٥]	تقي الدين محمّد بن أحمد الحسني الفاسي المكّي	Rafed	2226	0.75747
		منتقلة الطالبية	إبراهيم بن ناصر العلوي الأصفهاني	Masaha	4521	0.7574
		 كفاية الطالب في مناقب علي بن أبي طالب ( ع ) ( ويليه البيان في أخبار صاحب الزمان ع ) 	 محمد بن يوسف الگنجي الشافعي 	ABLibrary	7682	0.75737
		معجم الشيوخ للسبكي	تاج الدين عبد الوهاب بن تقي الدين السبكي (المتوفى: 771ه)	ShamelaY19	26389	0.75731
		 تاريخ الموصل 	 يزيد بن محمد الأزدي 	ABLibrary	9008	0.7573
		 الدر الكمين بذيل العقد الثمين في تاريخ البلد الأمين 	 عمر بن محمد ابن فهد 	ABLibrary	9065	0.75723
		تسمية من لم يرو عنه غير رجل واحد	أبو عبد الرحمن أحمد بن شعيب بن علي الخراساني، النسائي (المتوفى: 303ه)	Sham19Y	5839	0.75701
		التسلي والاغتباط بثواب من تقدم من الأفراط	عبد المؤمن بن خلف الدمياطيّ، أبو محمد، شرف الدين الشافعي (المتوفى: 705هـ)	ShamAY	22301	0.75699
		الأربعون العشارية السامية مما وقع لشيخنا من الأخبار العالية	أبو الفضل زين الدين عبد الرحيم بن الحسين بن عبد الرحمن بن أبي بكر بن إبراهيم العراقي (المتوفى: 806هـ)	ShamAY	5715	0.75698
		التسلي والاغتباط بثواب من تقدم من الأفراط	عبد المؤمن بن خلف الدمياطي، أبو محمد، شرف الدين الشافعي (المتوفى: 705ه)	Sham19Y	22301	0.75698
		تاريخ علماء الأندلس	عبد الله بن محمد بن يوسف بن نصر الأزدي، أبو الوليد، المعروف بابن الفرضي (المتوفى: 403هـ)	ShamAY	30743	0.75693
		مشيخة شرف الدين اليونيني	علي بن محمد بن أبي الحسين أحمد بن عبد الله بن عيسى بن أحمد بن محمد بن محمد الحافظ شرف الدين أبي الحسين اليونيني البعلي (المتوفى: 701ه)	ShamelaY19	26722	0.75691
		معجم الشيوخ للسبكي	تاج الدين عبد الوهاب بن تقي الدين السبكي (المتوفى: 771هـ)	ShamAY	26389	0.75688
		الدرّ الكمين بذيل العقد الثمين في تاريخ البلد الأمين [ج ٣]	عمر ابن فهد الهاشمي المكّي	Rafed	2229	0.75683
		تاريخ الإسلام ووفيات المشاهير والأعلام [ج ٣٩]	شمس الدين محمّد بن أحمد بن عثمان الذّهبي	Rafed	3597	0.75658
		ذم المكس	عبد الرحمن بن أبي بكر، جلال الدين السيوطي (المتوفى: 911هـ)	ShamAY	1011	0.75655
		تاريخ علماء الأندلس - ط الخانجي = التراجم	عبد الله بن محمد بن يوسف بن نصر الأزدي، أبو الوليد، المعروف بابن الفرضي (المتوفى: 403 هـ)	ShamAY	38194	0.75652
		تاريخ مدينة دمشق [ج ٤٨]	أبي القاسم علي بن الحسن ابن هبة الله بن عبد الله الشافعي [ ابن عساكر ]	Rafed	2387	0.75646
		تاريخ مدينة دمشق [ج ٣٢]	أبي القاسم علي بن الحسن ابن هبة الله بن عبد الله الشافعي [ ابن عساكر ]	Rafed	2305	0.75637
		 العقد الثمين في تاريخ البلد الأمين 	 محمد بن أحمد الفاسي 	ABLibrary	9145	0.75624
		مشيخة أبي بكر بن أحمد بن عبد الدائم المقدسي الحنبلي	القاسم بن محمد بن يوسف بن محمد ابن أبي يداس البرزالي الاشبيلي ثم الدمشقي، أبو محمد، علم الدين (المتوفى: 739ه)	Sham19Y	5724	0.75605
		تاريخ الإسلام ووفيات المشاهير والأعلام [ج ١٩]	شمس الدين محمّد بن أحمد بن عثمان الذّهبي	Rafed	3429	0.75604
		فهرسة ابن خير الإشبيلي	أبو بكر محمد بن خير بن عمر بن خليفة اللمتوني الأموي الإشبيلي (المتوفى: 575هـ)	ShamAY	10726	0.75578
		أدب الإملاء والاستملاء	عبد الكريم بن محمد بن منصور التميمي السمعاني المروزي، أبو سعد (المتوفى: 562هـ)	ShamAY	6018	0.75568
		كفاية الطالب في مناقب علي بن أبي طالب عليه السلام	محمّد بن يوسف الگنجي الشافعي	Rafed	3446	0.7553
		معجم ابن عساكر	ثقة الدين، أبو القاسم علي بن الحسن بن هبة الله المعروف بابن عساكر (المتوفى: 571هـ)	ShamAY	12750	0.75522
		من وافق اسمه اسم أبيه للأزدي	أبو الفتح محمد بن الحسين بن أحمد بن عبد الله بن بريدة الموصلي الأزدي (المتوفى: 374هـ)	ShamAY	26919	0.75521
		تنزيه الشريعة المرفوعة عن الأخبار الشنيعة الموضوعة	نور الدين، علي بن محمد بن علي بن عبد الرحمن ابن عراق الكناني (المتوفى: 963هـ)	ShamAY	1432	0.75505
		الخامس من معجم الشيخة مريم	أبو الفضل أحمد بن علي بن محمد بن أحمد بن حجر العسقلاني (المتوفى: 852ه)	Sham19Y	30272	0.75492
		مشيخة شرف الدين اليونيني	علي بن محمد بن أبي الحسين أحمد بن عبد الله بن عيسى بن أحمد بن محمد بن محمد الحافظ شرف الدين أبي الحسين اليونيني البعلي (المتوفى: 701هـ)	ShamAY	26722	0.7549
		الأربعون الأبدال العوالي المسموعة بالجامع الأموي بدمشق	ثقة الدين، أبو القاسم علي بن الحسن بن هبة الله المعروف بابن عساكر (المتوفى: 571ه)	ShamelaY19	26742	0.75466
		الفوائد الملتفظة والفرائد الملتقطة من مسموعات أبي الفتح الخرقي - مخطوط		ShamAY	32766	0.75461
		ألقاب الصحابة والتابعين في المسندين الصحيحين	أبو علي الحسين بن محمد الغساني وكان يكره أن يقال له الجياني (المتوفى: 498ه)	Sham19Y	5895	0.75444
		أحاديث ستة في معان ستة (مطبوع ضمن مجموع رسائل لابن ناصر الدين)	محمد بن عبد الله (أبي بكر) بن محمد ابن أحمد بن مجاهد القيسي الدمشقي الشافعي، شمس الدين، الشهير بابن ناصر الدين (المتوفى: 842ه)	Sham19Y	9353	0.75436
		عمده الطالب في انساب آل ابي طالب	احمد بن علي ابن عنبه	Ghbook	9498	0.75423
		أدب الإملاء و الاستملاء	ابو سعد السمعاني	Masaha	2357	0.75419
		معجم ابن عساكر	ثقة الدين، أبو القاسم علي بن الحسن بن هبة الله المعروف بابن عساكر (المتوفى: 571ه)	Sham19Y	12750	0.75418
		لسان الميزان ت أبي غدة	أبو الفضل أحمد بن علي بن محمد بن أحمد بن حجر العسقلاني (المتوفى: 852هـ)	ShamAY	1041	0.75398
		التخريج لصحيح الحديث	أحمد بن محمد بن أحمد بن محمد بن منصور أبو الحسن المجهز المعروف بالعتيقي (المتوفى: 441ه)	Sham19Y	22334	0.75394
		جزء حديث المتبايعين بالخيار	عبد العظيم بن عبد القوي بن عبد الله، أبو محمد، زكي الدين المنذري (المتوفى: 656هـ)	ShamAY	29464	0.75393
		الأحاديث العشرة العشارية الاختيارية لابن حجر	أبو الفضل أحمد بن علي بن محمد بن أحمد بن حجر العسقلاني (المتوفى: 852ه)	ShamelaY19	21489	0.75389
		تاريخ أسماء الضعفاء والكذابين - ت القشقري = التراجم	أبو حفص عمر بن أحمد بن عثمان بن أحمد بن محمد بن أيوب بن أزداذ البغدادي المعروف بـ ابن شاهين (المتوفى: 385هـ)	ShamAY	38209	0.7536
		التاريخ الكبير للبخاري بحواشي محمود خليل	محمد بن إسماعيل بن إبراهيم بن المغيرة البخاري، أبو عبد الله (المتوفى: 256هـ)	ShamAY	12823	0.75345
		الرَّوضُ البَّسَام بتَرتيْبِ وَتخْريج فَوَائِدِ تَمَّام	أبو سليمان جاسم بن سليمان حمد الفهيد الدوسري	ShamAY	31720	0.75337
		تساعيات ابن العطار	أبو الحسن على بن إبراهيم بن داود الدمشقي الشافعي الشهير بابن العطار	ShamAY	33569	0.75332
		أخبار الحسن بن علي(ع)	سلمان بن أحمد الطبراني‏	Masaha	1831	0.75305
		الروض البسام بترتيب وتخريج فوائد تمام	أبو سليمان جاسم بن سليمان حمد الفهيد الدوسري	ShamelaY19	122405	0.75293
		لسان الميزان ت أبي غدة	أبو الفضل أحمد بن علي بن محمد بن أحمد بن حجر العسقلاني (المتوفى: 852ه)	ShamelaY19	36357	0.75281
		العقد الثّمين في تاريخ البلد الأمين [ج ٦]	تقي الدين محمّد بن أحمد الحسني الفاسي المكّي	Rafed	2227	0.75266
		التّدوين في أخبار قزوين [ج ٣]	عبد الكريم بن محمّد الرافعي القزويني	Rafed	2196	0.7525
		عجالة المبتدي وفضالة المنتهي في النسب	أبو بكر محمد بن موسى بن عثمان الحازمي الهمداني، زين الدين (المتوفى: 584ه)	Sham19Y	96966	0.75242
		الرواة عن مسلم بن الحجاج للمقدسي	ضياء الدين أبو عبد الله محمد بن عبد الواحد المقدسي (المتوفى: 643هـ)	ShamAY	30003	0.75218
		الكواكب النيرات-ط العلم	محمد بن أحمد بن يوسف أبو البركات الذهبي الشافعي	ShamAY	34617	0.75214
		عجالة المبتدي وفضالة المنتهي في النسب	أبو بكر محمد بن موسى بن عثمان الحازمي الهمداني، زين الدين (المتوفى: 584ه)	ShamelaY19	96966	0.75213
		تسمية من لم يرو عنه غير رجل واحد	أبو عبد الرحمن أحمد بن شعيب بن علي الخراساني، النسائي (المتوفى: 303هـ)	ShamAY	5839	0.75189
		التّدوين في أخبار قزوين [ج ٢]	عبد الكريم بن محمّد الرافعي القزويني	Rafed	2194	0.75177
		مشيخة أبي بكر بن أحمد بن عبد الدائم المقدسي الحنبلي	القاسم بن محمد بن يوسف بن محمد ابن أبي يدّاس البرزالي الاٍشبيلي ثم الدمشقيّ، أبو محمد، عَلَم الدين (المتوفى: 739هـ)	ShamAY	5724	0.75172
		فهرسة ابن عطية	أبو محمد عبد الحق بن غالب بن عبد الرحمن بن تمام بن عطية الأندلسي المحاربي (المتوفى: 542ه)	Sham19Y	10728	0.75172
		التّدوين في أخبار قزوين [ج ٤]	عبد الكريم بن محمّد الرافعي القزويني	Rafed	2241	0.75171
		تاريخ الإسلام ووفيات المشاهير والأعلام [ج ٢١]	شمس الدين محمّد بن أحمد بن عثمان الذّهبي	Rafed	3459	0.7514
		عجالة المبتدي وفضالة المنتهي في النسب	أبو بكر محمد بن موسى بن عثمان الحازمي الهمداني، زين الدين (المتوفى: 584هـ)	ShamAY	2060	0.75111
		مجموعة رسائل في علوم الحديث	أبو عبد الرحمن أحمد بن شعيب بن علي الخراساني، النسائي (المتوفى: 303ه)	Sham19Y	6004	0.75107
		جزء تحفة عيد الفطر	زاهر بن طاهر بْنُ مُحَمَّدِ الشحّامي، أبو القاسم (المتوفى: 533هـ)	ShamAY	1112	0.75106
		رسالة أبي غالب الزراري إلى ابن ابنه في ذكر آل أعين‏	أبو غالب أحمد بن محمد الزراري	Masaha	4823	0.75104
		من اسمه عمرو من الشعراء	أبو عبد الله محمد بن داود بن الجراح (المتوفى: 296هـ)	ShamAY	677	0.75094
		ذم ذي الوجهين واللسانين لابن عساكر	ثقة الدين، أبو القاسم علي بن الحسن بن هبة الله المعروف بابن عساكر (المتوفى: 571ه)	ShamelaY19	26467	0.75089
		جزء فيه أحاديث شهر رمضان في فضل صيامه وقيامه	عبد الصمد بن عبد الوهاب بن أبي الحسن محمد بن هبة الله بن عبد الله بن الحسين أمين الدين أبو اليمن بن عساكر الدمشقي نزيل مكة (المتوفى: 686ه)	ShamelaY19	26723	0.75081
		تلخيص تاريخ نيسابور	أبو عبد الله الحاكم محمد بن عبد الله بن محمد بن حمدويه بن نُعيم بن الحكم الضبي الطهماني النيسابوري المعروف بابن البيع (المتوفى: 405هـ)	ShamAY	4017	0.75077
		سؤالات حمزة بن يوسف السهمي	أبو القاسم حمزة بن يوسف بن إبراهيم السهمي القرشي الجرجاني (المتوفى: 427هـ)	ShamAY	2491	0.75064
		الحادي عشر من معجم الشيخة مريم	أبو الفضل أحمد بن علي بن محمد بن أحمد بن حجر العسقلاني (المتوفى: 852ه)	ShamelaY19	30271	0.75053
		ذم ذي الوجهين واللسانين لابن عساكر	ثقة الدين، أبو القاسم علي بن الحسن بن هبة الله المعروف بابن عساكر (المتوفى: 571ه)	Sham19Y	26467	0.75046
		رجال النجاشي	الشيخ أحمد بن علي النجاشي	Masaha	2198	0.75038
		أحاديث السفر لأبي اليمن	عبد الصمد بن عبد الوهاب بن أبي الحسن محمد بن هبة الله بن عبد الله بن الحسين أمين الدين أبو اليمن بن عساكر الدمشقي نزيل مكة (المتوفى: 686ه)	ShamelaY19	26669	0.75031
		الأربعون الأبدال العوالي المسموعة بالجامع الأموي بدمشق	ثقة الدين، أبو القاسم علي بن الحسن بن هبة الله المعروف بابن عساكر (المتوفى: 571هـ)	ShamAY	1357	0.75027
		المجلس الثاني من إملاء أبي طالب الكتاني ومن حديث أبي صالح المؤذن - مخطوط	أبو صالح المؤذن	ShamAY	32947	0.75023
		الأربعون من عوالي المجيزين	أبو بكر بن الحسين بن عمر، القرشي العبشمي الأموي العثماني، زين الدين، وكنيته أبو محمد ويقال اسمه (عبد الله) والمشهور (أبو بكر) المصري الشافعي المراغي (المتوفى: 816هـ)	ShamAY	9375	0.75015
		 تاريخ الموصل 	 يزيد بن محمد الأزدي 	ABLibrary	9007	0.75012
		رجال النجاشي	أبي العبّاس أحمد بن علي النجاشي	Rafed	574	0.75008
		بغية الطلب في تاريخ حلب [ج ٦]	كمال الدّين عمر بن أحمد بن أبي جرادة الحلبي [ ابن العديم ]	Rafed	2141	0.75003
		معجم رجال الحديث [ج ٢]	السيّد أبو القاسم الموسوي الخوئي	Rafed	712	0.74999
		من عاش مائة وعشرين سنة من الصحابة لابن منده	يحيى بن عبد الوهاب بن محمد ابن إسحاق بن محمد بن يحيى العبدي الأصبهاني، أبو زكريا، ابن منده (المتوفى: 511هـ)	ShamAY	9628	0.74989
		الفوائد المنتخبة الصحاح والغرائب (المهروانيات)	خليل بن محمد العربي	ShamAY	33616	0.74989
		 أخبار الحسن بن علي بن أبي طالب ( ع ) 	 الطبراني 	ABLibrary	7397	0.74975
		ذم ذي الوجهين واللسانين لابن عساكر	ثقة الدين، أبو القاسم علي بن الحسن بن هبة الله المعروف بابن عساكر (المتوفى: 571هـ)	ShamAY	26467	0.74965
		الجزء الرابع من كتاب التجريد لابن عساكر - مخطوط	أبو القاسم علي بن الحسن بن هبة الله بن عساكر	ShamAY	32878	0.74965
		جزء تحفة عيد الفطر	زاهر بن طاهر بن محمد الشحامي، أبو القاسم (المتوفى: 533ه)	ShamelaY19	37610	0.74952
		تاريخ الإسلام ووفيات المشاهير والأعلام [ج ١٧]	شمس الدين محمّد بن أحمد بن عثمان الذّهبي	Rafed	3403	0.74944
		أصحاب الإمام أمير المؤمنين عليه السلام والرّواة عنه [ج ٢]	الدكتور الشيخ محمّد هادي الأميني	Rafed	2546	0.74904
		فهرسة ابن عطية	أبو محمد عبد الحق بن غالب بن عبد الرحمن بن تمام بن عطية الأندلسي المحاربي (المتوفى: 542هـ)	ShamAY	10728	0.74884
		تاريخ مدينة دمشق [ج ٧٤]	أبي القاسم علي بن الحسن ابن هبة الله بن عبد الله الشافعي [ ابن عساكر ]	Rafed	2608	0.74876
		سؤالات البرذعي لأبي زرعة الرازي ومعه كتاب أسامي الضعفاء له - ط الفاروق	عبيد الله بن عبد الكريم أبو زرعة الرازي	ShamAY	34145	0.74872
		ألقاب الصحابة والتابعين في المسندين الصحيحين	أبو علي الحسين بن محمد الغساني وكان يَكره أن يقال له الجياني (المتوفى: 498هـ)	ShamAY	5895	0.74862
		الخامس من معجم الشيخة مريم	أبو الفضل أحمد بن علي بن محمد بن أحمد بن حجر العسقلاني (المتوفى: 852هـ)	ShamAY	30272	0.74859
		الكنى للبخاري - الفكر	محمد بن إسماعيل بن إبراهيم أبو عبدالله البخاري الجعفي	ShamAY	34620	0.74857
		الأحاديث العشرة العشارية الاختيارية لابن حجر	أبو الفضل أحمد بن علي بن محمد بن أحمد بن حجر العسقلاني (المتوفى: 852هـ)	ShamAY	21489	0.74848
		المؤتلف والمختلف في أسماء الشعراء وكناهم وألقابهم وأنسابهم وبعض شعرهم	أبو القاسم الحسن بن بشر الآمدي (المتوفى: 370هـ)	ShamAY	10913	0.74843
		الاستيعاب في معرفة الأصحاب	أبو عمر يوسف بن عبد الله بن محمد بن عبد البر بن عاصم النمري القرطبي (المتوفى: 463هـ)	ShamAY	12288	0.74832
		خلاصة تذهيب تهذيب الكمال في أسماء الرجال (وعليه إتحاف الخاصة بتصحيح الخلاصة للعلامة الحافظ البارع علي بن صلاح الدين الكوكباني الصنعاني)	أحمد بن عبد الله بن أبي الخير بن عبد العليم الخزرجي الأنصاري الساعدي اليمني، صفي الدين (المتوفى: بعد 923هـ)	ShamAY	5858	0.74806
		الأربعون التساعيات الصحاح العوالي للحموي - مخطوط	إبراهيم بن محمد بن المؤيد الحموي	ShamAY	38078	0.74806
		المعرفة والتاريخ (العلمية)	أبو يوسف يعقوب بن سفيان الفسوي (المتوفى : 347هـ)	ShamAY	33818	0.74794
		العاشر من معجم الشيخة مريم	أبو الفضل أحمد بن علي بن محمد بن أحمد بن حجر العسقلاني (المتوفى: 852هـ)	ShamAY	30281	0.74786
		شرح مشيخة تهذيب الأحكام	السيد حسن الموسوي الخرسان	Rafed	753	0.74771
		أربعون حديثا عن أربعين شيخا عن أربعين صحابيا	عبد الخالق بن زاهر بن طاهر الشحامي	ShamAY	33549	0.74752
		 مناقب أهل البيت ( ع ) 	 ابن المغازلي 	ABLibrary	7785	0.74699
		بَهْجَة المحَافِل وأجمل الوَسائل بالتعريف برواة الشَّمَائل	إبراهيم بن إبراهيم بن حسن اللقاني، أبو الإمداد، برهان الدين المالكي (المتوفى: 1041هـ)	ShamAY	1738	0.74693
		ديوان الضعفاء والمتروكين وخلق من المجهولين وثقات فيهم لين	شمس الدين أبو عبد الله محمد بن أحمد بن عثمان بن قايماز الذهبي (المتوفى: 748ه)	ShamelaY19	96955	0.74681
		خلاصة تذهيب تهذيب الكمال في أسماء الرجال (وعليه إتحاف الخاصة بتصحيح الخلاصة للعلامة الحافظ البارع علي بن صلاح الدين الكوكباني الصنعاني)	أحمد بن عبد الله بن أبي الخير بن عبد العليم الخزرجي الأنصاري الساعدي اليمني، صفي الدين (المتوفى: بعد 923ه)	Sham19Y	5858	0.74671
		مشيخة الإمام أبي حفص عمر بن الحسن بن مزيد بن أميلة المراغي الحلبي المزي الدمشقي	أبو حفص عمر بن حسن بن مزيد بن أميلة بن جمعة المراغي المزي الدمشقي زين الدين (المتوفى: 778ه)	ShamelaY19	27104	0.74669
		الرواة عن مسلم بن الحجاج للمقدسي	ضياء الدين أبو عبد الله محمد بن عبد الواحد المقدسي (المتوفى: 643ه)	ShamelaY19	30003	0.74643
		الإصابة في تمييز الصحابة [ج ٦]	أحمد بن علي بن حجر العسقلاني	Rafed	3426	0.74642
		الأحاديث المائة وما ألحق بها من الآثار والنوادر لأبي الفضل المقدسي - مخطوط	أبو الفضل سليمان بن حمزة بن أحمد بن قدامة المقدسي	ShamAY	38135	0.74638
		أحاديث ستة في معان ستة (مطبوع ضمن مجموع رسائل لابن ناصر الدين)	محمد بن عبد الله (أبي بكر) بن محمد ابن أحمد بن مجاهد القيسي الدمشقي الشافعي، شمس الدين، الشهير بابن ناصر الدين (المتوفى: 842هـ)	ShamAY	9353	0.74609
		التاريخ الأوسط (مطبوع خطأ باسم التاريخ الصغير)	محمد بن إسماعيل بن إبراهيم بن المغيرة البخاري، أبو عبد الله (المتوفى: 256هـ)	ShamAY	5782	0.74589
		تاريخ الإسلام ووفيات المشاهير والأعلام [ج ٤٩]	شمس الدين محمّد بن أحمد بن عثمان الذّهبي	Rafed	3662	0.74582
		كتاب الأربعين المغنية بعيون فنونها عن المعين	خليل بن كيكلدي العلائي الشافعي	ShamAY	33598	0.74576
		تاريخ نيسابور المنتخب من السياق‏	عبد الغافر بن إسماعيل الفارسي	Masaha	4118	0.74561
		الوجيز في ذكر المجاز والمجيز	صدر الدين، أبو طاهر السلفي أحمد بن محمد بن أحمد بن محمد بن إبراهيم سلفه الأصبهاني (المتوفى: 576ه)	Sham19Y	6031	0.74546
		الأحاديث المختارة أو المستخرج من الأحاديث المختارة مما لم يخرجه البخاري ومسلم في صحيحيهما	ضياء الدين أبو عبد الله محمد بن عبد الواحد المقدسي (المتوفى: 643هـ)	ShamAY	10480	0.74535
		تاريخ أمراء المدينة المنورة	عارف أحمد عبد الغني	Masaha	4115	0.74518
		مجموعة رسائل في علوم الحديث للنسائي	أحمد بن شعيب النسائي أبو عبد الرحمن	ShamAY	34019	0.74512
		طبقات المفسرين للداوودي	محمد بن علي بن أحمد، شمس الدين الداوودي المالكي (المتوفى: 945ه)	ShamelaY19	27084	0.74511
		المؤتلف والمختلف في أسماء نقلة الحديث وأسماء آبائهم وأجدادهم	عبد الغني بن سعيد الأزدي (409 هـ)	ShamAY	34573	0.74504
		التخريج لصحيح الحديث	أَحْمَد بْن مُحَمَّد بْن أَحْمَد بْن مُحَمَّد بْن منصور أَبُو الحسن المجهز المعروف بالعتيقي (المتوفى: 441هـ)	ShamAY	22334	0.74454
		مجموعة رسائل في علوم الحديث	أبو عبد الرحمن أحمد بن شعيب بن علي الخراساني، النسائي (المتوفى: 303هـ)	ShamAY	6004	0.74454
		لذة العيش في طرق حديث الأئمة من قريش لابن حجر العسقلاني	الواحدي :: ابن حجر العسقلاني	ShamAY	33678	0.74453
		الكنى للبخاري - مقابل	أبو عبد الله محمد بن إسماعيل البخاري	ShamAY	34653	0.7444
		فتيا وجوابها في ذكر الاعتقاد وذم الاختلاف	الحسن بن أحمد بن الحسن بن أحمد بن محمد بن سهل أبو العلاء العطار الهمذاني (المتوفى: 596هـ)	ShamAY	6429	0.7444
		الخامس من معجم الشيخة مريم	أبو الفضل أحمد بن علي بن محمد بن أحمد بن حجر العسقلاني (المتوفى: 852ه)	ShamelaY19	30272	0.74423
		التاريخ الصغير (المعرفة)	محمد بن إسماعيل البخاري	ShamAY	34589	0.74412
		تاريخ دنيسر	الطبيب أبو حفص عمر بن الخضر بن اللمش (574هـ -640؟ هـ)	ShamAY	26813	0.74412
		المنتخب من كتاب السياق لتاريخ نيسابور	تَقِيُّ الدِّيْنِ، أَبُو إِسْحَاقَ إِبْرَاهِيْمُ بنُ مُحَمَّدِ بنِ الأَزْهَرِ بنِ أَحْمَدَ بنِ مُحَمَّدٍ العِرَاقِيُّ، الصَّرِيْفِيْنِيُّ، الحَنْبَلِيُّ (المتوفى: 641هـ)	ShamAY	12528	0.74402
		مشيخة القزويني	عمر بن علي بن عمر القزويني، أبو حفص، سراج الدين (المتوفى: 750ه)	ShamelaY19	26802	0.74385
		المحن	محمد بن أحمد بن تميم التميمي المغربي الإفريقي، أبو العرب (المتوفى: 333هـ)	ShamAY	6706	0.74369
		طبقات علماء إفريقية، وكتاب طبقات علماء تونس	محمد بن أحمد بن تميم التميمي المغربي الإفريقي، أبو العرب (المتوفى: 333هـ)	ShamAY	13079	0.74361
		تاريخ الإسلام ووفيات المشاهير والأعلام [ج ٢٠]	شمس الدين محمّد بن أحمد بن عثمان الذّهبي	Rafed	3458	0.74328
		المعجم لعبد الخالق بن أسد الحنفي	عبد الخالق بن أسد بن ثابت، الفقيه أبو محمد الدمشقي الحنفي المحدث الأطرابلسي الأصل (المتوفى: 564ه)	Sham19Y	123581	0.74279
		معرفة الصحابة لابن منده	أبو عبد الله محمد بن إسحاق بن محمد بن يحيى بن مَنْدَه العبدي (المتوفى: 395هـ)	ShamAY	21481	0.74271
		العوالي لشمس الدين الجزري - مخطوط (ن)	شمس الدين أبو الخير ابن الجزري، محمد بن محمد بن يوسف (المتوفى: 833ه)	Sham19Y	10831	0.74271
		المعجم لعبد الخالق بن أسد الحنفي	عَبْد الخالق بْن أسد بْن ثابت، الفقيه أَبُو مُحَمَّد الدّمشقيّ الحنفيّ المحدِّث الأطْرابُلُسيّ الأصل (المتوفى: 564هـ)	ShamAY	31732	0.74266
		الجامع لعلوم الإمام أحمد - الترجمة	خالد الرباط، وائل إمام [بمشاركة الباحثين بدار الفلاح]	ShamAY	38862	0.74254
		المعرفة والتاريخ	يعقوب بن سفيان بن جوان الفارسي الفسوي، أبو يوسف (المتوفى: 277هـ)	ShamAY	12403	0.74248
		معرفة الصحابة لابن منده	أبو عبد الله محمد بن إسحاق بن محمد بن يحيى بن منده العبدي (المتوفى: 395ه)	ShamelaY19	21481	0.74239
		الأوهام التي في مدخل أبي عبد الله الحاكم النيسابوري	أبو محمد عبد الغني بن سعيد بن علي بن بشر بن مروان الأزدي المصري (المتوفى: 409هـ)	ShamAY	13004	0.74238
		تاريخ الإسلام ووفيات المشاهير والأعلام [ج ٢٤]	شمس الدين محمّد بن أحمد بن عثمان الذّهبي	Rafed	3521	0.74236
		تاريخ مدينة دمشق [ج ٥٠]	أبي القاسم علي بن الحسن ابن هبة الله بن عبد الله الشافعي [ ابن عساكر ]	Rafed	2393	0.74232
		الثاني من معجم الشيخة مريم	أبو الفضل أحمد بن علي بن محمد بن أحمد بن حجر العسقلاني (المتوفى: 852ه)	ShamelaY19	30267	0.74225
		إرشاد القاصي والداني إلى تراجم شيوخ الطبراني	أبو الطيب نايف بن صلاح بن علي المنصوري	ShamelaY19	29745	0.74223
		الجزء الأول والثاني من العوالي الصحاح والغرائب الحسان للشيروي - مخطوط	أبو بكر عبد الغفار بن محمد بن الحسين بن علي الشيروي	ShamAY	32842	0.74217
		مشيخة القزويني	عمر بن علي بن عمر القزويني، أبو حفص، سراج الدين (المتوفى: 750هـ)	ShamAY	26802	0.74211
		عوالي أبي بكر بن عبد الدائم	أبو بكر بن أحمد بن عبد الدائم بن نعمة بن أحمد بن نعمة بن بكير النابلسي المقدسي الصالحي (المتوفى: 718ه)	ShamelaY19	29481	0.74207
		الأربعون في شيوخ الصوفية للماليني	أبو سعد أحمد بن محمد بن أحمد بن عبد الله بن حفص بن خليل الأنصاري الهروي الماليني (المتوفى: 412هـ)	ShamAY	8247	0.74166
		التذييل علي كتب الجرح والتعديل	طارق بن محمد آل بن ناجي (المتوفى: 1432هـ)	ShamAY	2061	0.74165
		أسماء من يعرف بكنيته من أصحاب الرسول (صلى الله عليه وسلم)	أبو الفتح الأزدي	ShamAY	34619	0.74162
		الضعفاء لأبي نعيم	أبو نعيم أحمد بن عبد الله بن أحمد بن إسحاق بن موسى بن مهران الأصبهاني (المتوفى: 430هـ)	ShamAY	5843	0.74134
		العوالي لشمس الدين الجزري - مخطوط (ن)	شمس الدين أبو الخير ابن الجزري، محمد بن محمد بن يوسف (المتوفى: 833هـ)	ShamAY	10831	0.74124
		مناقب أهل البيت(ع)	ابن المغازلي الواسطي	Masaha	3295	0.74113
		تاج التراجم لابن قطلوبغا	أبو الفداء زين الدين أبو العدل قاسم بن قُطلُوبغا السودوني (نسبة إلى معتق أبيه سودون الشيخوني) الجمالي الحنفي (المتوفى: 879هـ)	ShamAY	1127	0.74105
		تاريخ مدينة دمشق [ج ٦٩]	أبي القاسم علي بن الحسن ابن هبة الله بن عبد الله الشافعي [ ابن عساكر ]	Rafed	2559	0.74089
		ميزان الاعتدال في نقد الرجال	شمس الدين محمد بن أحمد الذهبي	ShamAY	34601	0.74071
		ميزان الاعتدال للذهبي - الرسالة	أبو عبد الله شمس الدين محمد بن أحمد بن عثمان الذهبي	ShamAY	34652	0.74063
		الوجيز في ذكر المجاز والمجيز	صدر الدين، أبو طاهر السِّلَفي أحمد بن محمد بن أحمد بن محمد بن إبراهيم سِلَفَه الأصبهاني (المتوفى: 576هـ)	ShamAY	6031	0.74055
		الصلة في تاريخ أئمة الأندلس لابن بشكوال	أبو القاسم خلف بن عبد الملك بن بشكوال (المتوفى: 578 ه)	ShamelaY19	22788	0.74043
		مجلسان الأول لأبي بكر الشيرازي والثاني لأبي بكر النيسابوري - مخطوط	أبو بكر محمد بن القاسم بن المظفر بن علي الشافعي	ShamAY	32943	0.74018
		الثالث من معجم الشيخة مريم	أبو الفضل أحمد بن علي بن محمد بن أحمد بن حجر العسقلاني (المتوفى: 852ه)	ShamelaY19	30256	0.73993
		جزء فيه أحاديث شهر رمضان في فضل صيامه وقيامه	عبد الصمد بن عبد الوهاب بن أبي الحسن محمد بن هبة الله بن عبد الله بن الحسين أمين الدين أبو اليمن بن عساكر الدمشقي نزيل مكة (المتوفى: 686هـ)	ShamAY	1354	0.73982
		مقتل أمير المؤمنين علي بن أبي طالب عليه السلام	ابو نعيم	Masaha	2359	0.73966
		أحاديث عوال من مسموعات ابن سيد الناس	ابن سيد الناس (734 هـ)	ShamAY	33538	0.73952
		صلة التكملة لوفيات النقلة	الحافظ عز الدين أحمد بن محمد بن عبد الرحمن الحسيني (المتوفى:695هـ)	ShamAY	34633	0.73948
		ميزان الاعتدال في نقد الرجال	شمس الدين أبو عبد الله محمد بن أحمد بن عثمان بن قَايْماز الذهبي (المتوفى: 748هـ)	ShamAY	1692	0.73933
		بغية الطلب في تاريخ حلب [ج ٧]	كمال الدّين عمر بن أحمد بن أبي جرادة الحلبي [ ابن العديم ]	Rafed	2146	0.73918
		إرشاد القاصي والداني إلى تراجم شيوخ الطبراني	أبو الطيب نايف بن صلاح بن علي المنصوري	ShamAY	32196	0.73916
		الدرر في اختصار المغازي و السير	يوسف بن عبدالله نمري اندلسي ابن عبد البر	Ghbook	9183	0.73898
		 إعلام النبلاء بتاريخ حلب الشهباء 	 محمد راغب الطباخ الحلبي 	ABLibrary	8962	0.73881
		معرفة علوم الحديث للحاكم	أبو عبد الله الحاكم محمد بن عبد الله بن محمد بن حمدويه بن نُعيم بن الحكم الضبي الطهماني النيسابوري المعروف بابن البيع (المتوفى: 405هـ)	ShamAY	13179	0.73861
		قرة العين في تلخيص تراجم رجال الصحيحين	محمد بن الشيخ علي بن آدم الإثيوبي الولوي	ShamelaY19	151040	0.73854
		تاريخ مدينة دمشق [ج ٦٨]	أبي القاسم علي بن الحسن ابن هبة الله بن عبد الله الشافعي [ ابن عساكر ]	Rafed	2558	0.73849
		الأربعون الكيلانية	عبد الرزاق بن عبد القادر الكيلاني، البغدادي، الحلبي، تاج الدين، أبو الفرج (المتوفى: 595هـ)	ShamAY	6439	0.73847
		إرشاد القاصي والداني إلى تراجم شيوخ الطبراني = التراجم	أبو الطيب نايف بن صلاح بن علي المنصوري	ShamAY	38012	0.73844
		معرفة الصحابة لابن منده = مرقمة	أبو عبد الله محمد بن إسحاق بن يحيى بن منده الأصبهاني	ShamAY	38099	0.73837
		الجزء من فوائد أبي محمد عبد الله بن علي الطامذي	عبد الله بن علي الطامذي	ShamAY	33582	0.73804
		التاسع من معجم الشيخة مريم	أبو الفضل أحمد بن علي بن محمد بن أحمد بن حجر العسقلاني (المتوفى: 852ه)	ShamelaY19	30255	0.73773
		من فضائل العباس بن عبد المطلب لأبي القاسم السمرقندي - مخطوط	أبو القاسم إسماعيل بن أحمد بن عمر السمرقندي	ShamAY	32889	0.73745
		مدح التواضع لابن عساكر	ثقة الدين، أبو القاسم علي بن الحسن بن هبة الله المعروف بابن عساكر (المتوفى: 571هـ)	ShamAY	1302	0.7373
		عرف العنبر في وصف المنبر (مطبوع ضمن مجموع رسائل لابن ناصر الدين)	محمد بن عبد الله (أبي بكر) بن محمد ابن أحمد بن مجاهد القيسي الدمشقي الشافعي، شمس الدين، الشهير بابن ناصر الدين (المتوفى: 842هـ)	ShamAY	9539	0.7369
		تاريخ مدينة دمشق [ج ٧٠]	أبي القاسم علي بن الحسن ابن هبة الله بن عبد الله الشافعي [ ابن عساكر ]	Rafed	2571	0.73672
		ترجمة الإمام مسلم ورواة صحيحه	شمس الدين أبو عبد الله محمد بن أحمد بن عثمان بن قايماز الذهبي (المتوفى: 748ه)	Sham19Y	29830	0.73668
		إعلام النبلاء بتاريخ حلب الشهباء [ج ٨]	محمد راغب بن محمود بن هاشم الطبّاخ الحلبي	Rafed	2402	0.73634
		أنساب الأشراف - الجزء1	أحمد بن يحيى البلاذري‏	Masaha	1880	0.73633
		معجم الشيوخ الكبير للذهبي	شمس الدين أبو عبد الله محمد بن أحمد بن عثمان بن قايماز الذهبي (المتوفى: 748ه)	Sham19Y	12531	0.7363
		الصلة في تاريخ أئمة الأندلس لابن بشكوال	أبو القاسم خلف بن عبد الملك بن بشكوال (المتوفى: 578 هـ)	ShamAY	22788	0.73626
		مشيخة الإمام أبي حفص عمر بن الحسن بن مزيد بن أميلة المراغي الحلبي المزي الدمشقي	أبو حفص عمر بن حسن بن مزيد بن أميلة بن جمعة المراغي المزي الدمشقي زين الدين (المتوفى: 778هـ)	ShamAY	27104	0.73625
		معجم الشيوخ الكبير للذهبي	شمس الدين أبو عبد الله محمد بن أحمد بن عثمان بن قَايْماز الذهبي (المتوفى: 748هـ)	ShamAY	12531	0.73624
		موافقة الخبر الخبر في تخريج أحاديث المختصر	أبو الفضل أحمد بن علي بن محمد بن أحمد بن حجر العسقلاني (المتوفى: 852 ه)	ShamelaY19	18611	0.73575
		ترجمة الإمام مسلم ورواة صحيحه	شمس الدين أبو عبد الله محمد بن أحمد بن عثمان بن قايماز الذهبي (المتوفى: 748ه)	ShamelaY19	29830	0.73571
		كفاية الطالب في مناقب علي بن أبي طالب‏	محمد بن همام الاسكافي	Masaha	2473	0.73561
		ذيل ديوان الضعفاء والمتروكين	شمس الدين أبو عبد الله محمد بن أحمد بن عثمان بن قايماز الذهبي (المتوفى: 748ه)	ShamelaY19	96956	0.73545
		 أعيان الشيعة 	 السيد محسن الأمين 	ABLibrary	75	0.73533
		البخلاء للخطيب البغدادي	أبو بكر أحمد بن علي بن ثابت بن أحمد بن مهدي الخطيب البغدادي (المتوفى: 463ه)	ShamelaY19	21475	0.73529
		تاريخ داريا لعبد الجبار الخولاني	أبو علي عبد الجبار بن عبد الله بن محمد بن عبد الرحيم بن داود الخولاني الداراني المعروف بابن مهنا (المتوفى: 370ه)	Sham19Y	8249	0.73511
		المنتظم في تاريخ الملوك والأمم	عبد الرحمن بن علي بن محمد بن الجوزي أبو الفرج	ShamAY	34611	0.73496
		الإصابة في تمييز الصحابة [ج ٢]	أحمد بن علي بن حجر العسقلاني	Rafed	3387	0.73491
		الدر الكمين بذيل العقد الثمين في تاريخ البلد الأمين‏  - الجزء1	عمر بن فهد الهاشمي المكي	Masaha	4231	0.73481
		 محاضرة الأبرار ومسامرة الأخيار 	 ابن عربي 	ABLibrary	8745	0.7348
		الأربعون حديثا من المساواة مستخرجة عن ثقات الرواة	ثقة الدين، أبو القاسم علي بن الحسن بن هبة الله المعروف بابن عساكر (المتوفى: 571هـ) من تخريجه لشيخة الفراوي	ShamAY	9371	0.73462
		الإصابة في تمييز الصحابة [ج ٣]	أحمد بن علي بن حجر العسقلاني	Rafed	3400	0.7345
		أحاديث السفر لأبي اليمن	عبد الصمد بن عبد الوهاب بن أبي الحسن محمد بن هبة الله بن عبد الله بن الحسين أمين الدين أبو اليمن بن عساكر الدمشقي نزيل مكة (المتوفى: 686هـ)	ShamAY	1338	0.73442
		 بغية الطلب في تاريخ حلب 	 عمر بن أحمد العقيلي الحلبي ( ابن العديم ) 	ABLibrary	815	0.73429
		المناقب	الموفق بن احمد البكري المكي الحنفي الخوارزمي	Rafed	176	0.73419
		الثاني من شعار الأبرار في الأدعية والأذكار شيوخه (ضمن مجموع مطبوع باسم الفوائد لابن منده!)	عبد الرحمن بن أحمد بن مبارك بن حماد بن تركي الغزي الشيخ الزاهد زين الدين أبو الفرج المعروف بابن الشيخة المصري الحسيني (المتوفى: 799هـ)	ShamAY	9382	0.73418
		التاريخ الكبير للبخاري بحواشي المطبوع	محمد بن إسماعيل بن إبراهيم بن المغيرة البخاري، أبو عبد الله (المتوفى: 256هـ)	ShamAY	956	0.73415
		طبقات النسابين	بكر بن عبد الله أبو زيد بن محمد بن عبد الله بن بكر بن عثمان بن يحيى بن غيهب بن محمد (المتوفى: 1429هـ)	ShamAY	1592	0.73397
		البخلاء للخطيب البغدادي	أبو بكر أحمد بن علي بن ثابت بن أحمد بن مهدي الخطيب البغدادي (المتوفى: 463هـ)	ShamAY	21475	0.73387
		الإصابة في تمييز الصحابة [ج ٤]	أحمد بن علي بن حجر العسقلاني	Rafed	3401	0.73384
		لحظ الألحاظ بذيل طبقات الحفاظ	محمد بن محمد بن محمد، أبو الفضل تقي الدين ابن فهد الهاشمي العلويّ الأصفوني ثم المكيّ الشافعي (المتوفى: 871هـ)	ShamAY	7313	0.73375
		تقييد العلم للخطيب البغدادي	أبو بكر أحمد بن علي بن ثابت بن أحمد بن مهدي الخطيب البغدادي (المتوفى: 463ه)	Sham19Y	13089	0.73368
		أخبار القضاة	أَبُو بَكْرٍ مُحَمَّدُ بْنُ خَلَفِ بْنِِ حَيَّانَ بْنِِ صَدَقَةََ الضَّبِّيّ البَغْدَادِيّ, المُلَقَّب بِـ"وَكِيع" (المتوفى: 306هـ)	ShamAY	150	0.73364
		مشيخة أبي طاهر ابن أبي الصقر (مطبوع مع معجم مشايخ أبي عبد الله بن عبد الواحد الدقاق ومجلس إملاء في رؤية الله تبارك وتعالى)	أَبُو طَاهِرٍ مُحَمَّدُ بنُ أَحْمَدَ بنِ مُحَمَّدِ بنِ إِسْمَاعِيْلَ بنِ أَبِي الصَّقْرِ اللَّخْمِيُّ الأَنْبَارِيُّ (المتوفى: 476هـ)	ShamAY	5725	0.73334
		الأمالي لمرتضى الزبيدي - مخطوط (ن)	محمّد بن محمّد بن عبد الرزّاق الحسيني، أبو الفيض، الملقّب بمرتضى، الزَّبيدي (المتوفى: 1205هـ)	ShamAY	10479	0.73322
		تقييد العلم للخطيب البغدادي	أبو بكر أحمد بن علي بن ثابت بن أحمد بن مهدي الخطيب البغدادي (المتوفى: 463هـ)	ShamAY	13089	0.7332
		المغني في الضعفاء	شمس الدين أبو عبد الله محمد بن أحمد بن عثمان بن قَايْماز الذهبي (المتوفى: 748هـ)	ShamAY	5836	0.73316
		تاريخ داريا لعبد الجبار الخولاني	أبو علي عبد الجبار بن عبد الله بن محمد بن عبد الرحيم بن داود الخولاني الداراني المعروف بابن مهنا (المتوفى: 370هـ)	ShamAY	8249	0.73286
		جزء فيه حديث من حديث أهل حردان	ثقة الدين، أبو القاسم علي بن الحسن بن هبة الله المعروف بابن عساكر (المتوفى: 571ه)	ShamelaY19	26851	0.73282
		الأمر بالمعروف لعبد الغني المقدسي	عبد الغني بن عبد الواحد بن علي بن سرور المقدسي الجماعيلي الدمشقي الحنبلي، أبو محمد، تقي الدين (المتوفى: 600ه)	Sham19Y	9074	0.73236
		موافقة الخبر الخبر في تخريج أحاديث المختصر	أبو الفضل أحمد بن علي بن محمد بن أحمد بن حجر العسقلاني (المتوفى: 852 هـ)	ShamAY	32465	0.73235
		تاريخ دمشق لابن عساكر	أبو القاسم علي بن الحسن بن هبة الله المعروف بابن عساكر (المتوفى: 571هـ)	ShamAY	71	0.73197
		كتاب الولاة وكتاب القضاة للكندي	أبو عمر محمد بن يوسف بن يعقوب الكندي المصري (المتوفى: بعد 355ه)	Sham19Y	12831	0.73197
		الرواة الذين كنوا بأبي زرعة	سعدي بن مهدي الهاشمي	ShamAY	10392	0.73172
		جزء فيه أحاديث عوال وحكايات وأشعار للضياء	محمد بن أحمد بن الضياء محمد القرشي العمري المكي الحنفي، بهاء الدين أبو البقاء، المعروف بابن الضياء (المتوفى: 854هـ)	ShamAY	30306	0.73172
		الفصل للوصل المدرج في النقل	أبو بكر أحمد بن علي بن ثابت بن أحمد بن مهدي الخطيب البغدادي (المتوفى: 463هـ)	ShamAY	10842	0.73162
		جزء فيه أحاديث عوال وحكايات وأشعار للضياء	محمد بن أحمد بن الضياء محمد القرشي العمري المكي الحنفي، بهاء الدين أبو البقاء، المعروف بابن الضياء (المتوفى: 854ه)	Sham19Y	30306	0.73145
		جزء فيه أحاديث عوال وحكايات وأشعار للضياء	محمد بن أحمد بن الضياء محمد القرشي العمري المكي الحنفي، بهاء الدين أبو البقاء، المعروف بابن الضياء (المتوفى: 854ه)	ShamelaY19	30306	0.73107
		لحظ الألحاظ بذيل طبقات الحفاظ	محمد بن محمد بن محمد، أبو الفضل تقي الدين ابن فهد الهاشمي العلوي الأصفوني ثم المكي الشافعي (المتوفى: 871ه)	Sham19Y	7313	0.73105
		سؤالات مسعود بن علي السجزي (مع أسئلة البغداديين عن أحوال الرواة للإمام الحافظ أبي عبد الله محمد بن عبد الله الحاكم النيسابوري)	أبو عبد الله الحاكم محمد بن عبد الله بن محمد بن حمدويه بن نُعيم بن الحكم الضبي الطهماني النيسابوري المعروف بابن البيع (المتوفى: 405 هـ)	ShamAY	38023	0.73103
		ديوان الضعفاء والمتروكين وخلق من المجهولين وثقات فيهم لين	شمس الدين أبو عبد الله محمد بن أحمد بن عثمان بن قَايْماز الذهبي (المتوفى: 748هـ)	ShamAY	2052	0.73059
		 الآثار المروية في الأطعمة السرية والآلات العطرة 	 ابن بشكوال 	ABLibrary	9875	0.7304
		 تاريخ ابن يونس الصدفي 	 عبد الرحمن ابن احمد الصدفي المصري 	ABLibrary	8974	0.73011
		المنتخب من ذيل المذيل	محمد بن جرير بن يزيد بن كثير بن غالب الآملي، أبو جعفر الطبري (المتوفى: 310هـ)	ShamAY	1133	0.72997
		فوائد أبي سعد البغدادي	أبو سعد أحمد بن محمد بن أحمد بن الحسن بن علي بن أحمد بن سليمان االبغدادي الأصل، الأصبهاني (المتوفى: 540ه)	ShamelaY19	29904	0.72992
		الطبقات الكبرى - الجزء1	محمد بن سعد كاتب الواقدي	Masaha	2054	0.72987
		مختلف القبائل ومؤتلفها	أبو جعفر محمد بن حبيب بن أمية البغدادي (المتوفى: 245ه)	ShamelaY19	26540	0.72986
		كتاب الولاة وكتاب القضاة للكندي	أبو عمر محمد بن يوسف بن يعقوب الكندي المصري (المتوفى: بعد 355هـ)	ShamAY	12831	0.72981
		انتخاب كتاب من وافقت كنيته اسم أبيه مما لا يؤمن وقوع الخطأ فيه للخطيب البغدادي (المتوفى: 463ه	علاء الدين مغلطاي	ShamelaY19	26906	0.72971
		الطيوريات	أبو طاهر السِّلَفي	ShamAY	9634	0.7297
		ذيل وفيات الأعيان المسمى «درة الحجال فى أسماء الرجال»	أبو العباس أحمد بن محمد المكناسى الشهير بابن القاضى (960 - 1025 ه‍)	ShamelaY19	132965	0.72939
		التحفة اللطيفة في تاريخ المدينة الشريفة [ج ١]	شمس الدين السخاوي	Rafed	2247	0.72922
		مصباح الأريب في تقريب الرواة الذين ليسوا في تقريب التهذيب	محمد المصنعي	Sham19Y	17900	0.72885
		مناهل الضرب في انساب العرب	جعفربن محمد الاعرجي النجفي الحسيني	Ghbook	15650	0.72878
		ذيل التقييد في رواة السنن والأسانيد	محمد بن أحمد بن علي، تقي الدين، أبو الطيب المكي الحسني الفاسي (المتوفى: 832هـ)	ShamAY	8884	0.72872
		جزء فيه ذكر شيوخ الشريف ابن المهدي محمد بن العباس ابن المهدي وذكر حالهم وتاريخ وفاتهم ومختار حديثهم وغير ذلك	أبو الفضل محمد بن العباس ابن المهدي	ShamAY	33644	0.72844
		أنساب الأشراف للبلاذري	أحمد بن يحيى بن جابر بن داود البَلَاذُري (المتوفى: 279هـ)	ShamAY	9773	0.72802
		التكملة لوفيات النقلة	المنذري زكي الدين أبو محمد عبد العظيم بن عبد القوي (656 هـ)	ShamAY	34660	0.72779
		الطبقات الكبرى ط دار صادر	أبو عبد الله محمد بن سعد بن منيع الهاشمي بالولاء، البصري، البغدادي المعروف بابن سعد (المتوفى: 230ه)	Sham19Y	9351	0.72771
		الطبقات الكبرى ط العلمية	أبو عبد الله محمد بن سعد بن منيع الهاشمي بالولاء، البصري، البغدادي المعروف بابن سعد (المتوفى: 230هـ)	ShamAY	1686	0.72767
		الكامل في ضعفاء الرجال	أبو أحمد بن عدي الجرجاني (المتوفى: 365هـ)	ShamAY	12579	0.72761
		(الْأَسَامِي والكنى للْإِمَام أَحْمد بن حَنْبَل رِوَايَة ابْنه صَالح)	أبو عبد الله أحمد بن محمد بن حنبل بن هلال بن أسد الشيباني (المتوفى: 241هـ)	ShamAY	5780	0.7276
		إيضاح الإشكال	أبو الفضل محمد بن طاهر بن علي بن أحمد المقدسي الشيباني، المعروف بابن القيسراني (المتوفى: 507هـ)	ShamAY	5996	0.72744
		الأمر بالمعروف لعبد الغني المقدسي	عبد الغني بن عبد الواحد بن علي بن سرور المقدسي الجماعيلي الدمشقي الحنبلي، أبو محمد، تقي الدين (المتوفى: 600هـ)	ShamAY	1420	0.72739
		التفسير من سنن سعيد بن منصور - محققا	أبو عثمان سعيد بن منصور بن شعبة الخراساني الجوزجاني (المتوفى: 227هـ)	ShamAY	1254	0.72719
		السماع لأبي عبد الرحمن السلمي	أبو عبد الرحمن السلمي	ShamAY	35232	0.72701
		تحفة الإخباري بترجمة البخاري لابن ناصر الدين	ابن ناصر الدين (842 هـ)	ShamAY	34576	0.72693
		القند في ذكر علماء سمرقند [ج ١]	نجم الدين عمر بن محمّد بن أحمد النسفي	Rafed	2379	0.72684
		مصباح الأريب في تقريب الرواة الذين ليسوا في تقريب التهذيب	محمد المصنعي	ShamAY	32535	0.72683
		الفوائد العوالي المؤرخة من الصحاح والغرائب لمحمد بن علي الصوري	محمد بن علي الصوري	ShamAY	12721	0.72682
		حديث سفيان بن عيينة رواية المروزي	سفيان بن عيينة بن ميمون (المتوفى: 198ه)	ShamelaY19	26337	0.72669
		التحفة اللطيفة في تاريخ المدينة الشريفة  - الجزء1	محمد بن عبد الرحمن السخاوي	Masaha	4395	0.72652
		الكامل في ضعفاء الرجال	أبو أحمد بن عدي الجرجاني (المتوفى: 365ه)	Sham19Y	12579	0.72644
		أحوال الرجال	إبراهيم بن يعقوب بن إسحاق السعدي الجوزجاني، أبو إسحاق (المتوفى: 259ه)	ShamelaY19	25803	0.72643
		جزء فيه حديثٌ من حديث أهل حردان	ثقة الدين، أبو القاسم علي بن الحسن بن هبة الله المعروف بابن عساكر (المتوفى: 571هـ)	ShamAY	1367	0.72637
		الطبقات الكبرى ط دار صادر	أبو عبد الله محمد بن سعد بن منيع الهاشمي بالولاء، البصري، البغدادي المعروف بابن سعد (المتوفى: 230هـ)	ShamAY	9351	0.72633
		الجزء السادس من فوائد الإخوان من الأحاديث الموافقات والأبدال والعوالي الحسان (مشيخة ابن أبي عمر) - مخطوط	شمس الدين أبو الفرج عبد الرحمن بن محمد بن أحمد بن قدامة المقدسي المعروف بابن أبي عمر	ShamAY	32960	0.72609
		الأنساب = أنساب العرب = تاريخ العوتبي	أبو المنذر سلمة بن مسلم بن إبراهيم الصحاري العوتبي (العماني الإباضي) نسبة الى عوتب وهي منطقة في صحار كانت تسمى في القديم: عوتب الخيام (المتوفى: 511ه)	Sham19Y	491	0.72606
		ترجمة الإمام الحسين(ع)	ابن عديم‏	Masaha	1955	0.72597
		تاريخ بغداد ت بشار	أبو بكر أحمد بن علي بن ثابت بن أحمد بن مهدي الخطيب البغدادي (المتوفى: 463هـ)	ShamAY	736	0.72584
		ثبت أبي جعفر أحمد بن علي البلوي الوادي أشي	أبو جعفر أحمد بن علي البلوي الوادي آشي (المتوفى: 938هـ)	ShamAY	10736	0.72574
		مناقب اهل البيت ( صلوات الله عليهم اجمعين )	ابوالحسن علي بن محمد بن محمد واسطي جلابي شافعي اشهير بابن مغازلي	Ghbook	9620	0.72538
		الأنساب = أنساب العرب = تَارِيخِ العَوْتَبِي	أبو المنذر سلمة بن مسلم بن إبراهيم الصحاري العوتبي (العُمَاني الإباضي) نسبة الى عَوْتَب وهي منطقة في صُحار كانت تسمى في القديم: عوتب الخيام (المتوفى: 511هـ)	ShamAY	491	0.72533
		الإصابة في تمييز الصحابة [ج ٧]	أحمد بن علي بن حجر العسقلاني	Rafed	3427	0.72533
		الفوائد الحسان عن الشيوخ الثقات، أو: مشيخة أبي بكر ابن النقور	أبو بكر عبد الله ابن الشيخ أبي منصور محمد ابن الشيخ الكبير أبي الحسين أحمد بن محمد بن عبد الله بن النقور البغدادي، البزاز (المتوفى: 565ه)	ShamelaY19	26665	0.72531
		مناقب الامام علي بن ابي طالب عليه السلام‏	ابن المغازلي	Masaha	2336	0.7253
		مجلس في نفي التشبيه (المجلس 138 من أمالي ابن عساكر)	أبو القاسم علي بن الحسن بن هبة الله المعروف بابن عساكر الدمشقي	ShamAY	33710	0.72517
		إجازة الشمني لأبي سعيد السلاوي وولده	أبو شامل محمد بن محمد بن حسن الشمني التميمي الداري الإسكندراني المالكي (821 هـ)	ShamAY	33535	0.72495
		محجة القرب إلى محبة العرب للعراقي	زين الدين أبو الفضل عبد الرحيم بن الحسين العراقي (806 هـ)	ShamAY	33590	0.72492
		برنامج التجيبي	القاسم بن يوسف بن محمد بن علي التجيبي البلنسي السبتي (المتوفى: 730هـ)	ShamAY	9870	0.72475
		ترجمة الإمام مسلم ورواة صحيحه	شمس الدين أبو عبد الله محمد بن أحمد بن عثمان بن قَايْماز الذهبي (المتوفى: 748هـ)	ShamAY	29830	0.72456
		جزء منتقى من حديث الحافظ العراقي	ولي الدين أبو زرعة أحمد بن عبد الرحيم العراقي	ShamAY	35240	0.72455
		المجلس السابع والأربعون في فضل شعبان من أمالي ابن عساكر - مخطوط	أبو القاسم علي بن الحسن بن هبة الله بن عساكر	ShamAY	32907	0.72441
		تاريخ الرقة ومن نزلها من أصحاب رسول الله صلى الله عليه وسلم والتابعين والفقهاء والمحدثين	محمد بن سعيد بن عبد الرحمن القشيري، أبو علي (المتوفى: 334هـ)	ShamAY	26383	0.72417
		التحفة اللطيفة في تاريخ المدينة الشريفة	شمس الدين أبو الخير محمد بن عبد الرحمن بن محمد بن أبي بكر بن عثمان بن محمد السخاوي (المتوفى: 902هـ)	ShamAY	7434	0.72408
		الاصيلي في انساب الطالبين	صفي الدين محمد بن تاج الدين علي ابن طقطقي	Ghbook	15562	0.72383
		توالي التأنيس بمعالي ابن إدريس لابن حجر	الواحدي :: ابن حجر العسقلاني	ShamAY	33633	0.7238
		طبقات الشافعية الكبرى للسبكي	تاج الدين عبد الوهاب بن تقي الدين السبكي (المتوفى: 771هـ)	ShamAY	6739	0.72374
		معجم حفاظ القرآن عبر التاريخ	محمد محمد محمد سالم محيسن (المتوفى: 1422ه)	ShamelaY19	38067	0.72372
		الحديث الجيد عند أهل السنن الأربعة	عبد الرحمن بن عبد الكريم الزيد	ShamAY	37259	0.72371
		منتخب من كتاب أزواج النبي صلى الله عليه وسلم - ت العمري	الزبير بن بكار بن عبد الله القرشي الأسدي المكي (المتوفى: 256هـ)	ShamAY	33634	0.72365
		مختلف القبائل ومؤتلفها	أبو جعفر محمد بن حبيب بن أمية البغدادي (المتوفى: 245هـ)	ShamAY	26540	0.72354
		الفوائد الحسان عن الشيوخ الثقات، أو: مشيخة أبي بكر ابن النقور	أَبُو بَكْرٍ عَبْدُ اللهِ ابْنُ الشَّيْخِ أَبِي مَنْصُوْرٍ مُحَمَّدِ ابْنِ الشَّيْخِ الكَبِيْرِ أَبِي الحُسَيْنِ أَحْمَدَ بن مُحَمَّدِ بنِ عَبْدِ اللهِ بنِ النَّقُّوْرِ البَغْدَادِيُّ، البَزَّازُ (المتوفى: 565هـ)	ShamAY	26665	0.72353
		نزهة الحفاظ	محمد بن عمر بن أحمد بن عمر بن محمد الأصبهاني المديني، أبو موسى (المتوفى: 581هـ)	ShamAY	5995	0.72347
		الطبقات الكبير لابن سعد - مكتبة الخانجي	محمد بن سعد بن منيع الزهري	ShamAY	34595	0.72341
		سؤالات حمزة بن يوسف السهمي لأبي الحسن الدارقطني - ط الفاروق	حمزة بن يوسف السهمي	ShamAY	34166	0.72331
		جزء فيه مجلس من أمالي سراج السنة أبي نصر الغازي	أبو نصر أحمد بن عمر بن محمد بن عبد الله بن محمد الأصبهاني، الغازي (المتوفى: 532ه)	ShamelaY19	24229	0.72307
		انتخاب كتاب من وافقت كنيته اسم أبيه مما لا يؤمن وقوع الخطأ فيه للخطيب البغدادي (المتوفى: 463هـ	علاء الدين مغلطاي	ShamAY	26906	0.72291
		حديث أبي الحسين بن العالي	أبو الحسين العالي، أحمد بن محمد بن منصور العالي البوشنجي (المتوفى: 419ه)	ShamelaY19	29749	0.72275
		البلدانيّات	شمس الدين محمّد بن عبد الرحمن السخاوي [ السخاوي ]	Rafed	2135	0.72269
		تاريخ مولد العلماء ووفياتهم	أبو سليمان محمد بن عبد الله بن أحمد بن ربيعة بن سليمان بن خالد بن عبد الرحمن بن زبر الربعي (المتوفى: 379هـ)	ShamAY	5791	0.72253
		الحادي عشر من الخلعيات	علي بن الحسن بن الحسين بن محمد، أبو الحسن الخلعي الشافعي (المتوفى: 492ه)	Sham19Y	30500	0.72249
		رفع البأس عن بني العباس	الواحدي :: السيوطي	ShamAY	35870	0.72231
		ذيل تأريخ مدينة السلام [ج ١]	أبي عبد الله محمّد بن سعيد بن الدبيثي	Rafed	2307	0.7222
		رسالة طرق حديث « من كنت مولاه فعلي مولاه »	شمس الدين محمّد بن أحمد بن عثمان الذّهبي	Rafed	744	0.72202
		الكشف الحثيث عمن رمي بوضع الحديث	برهان الدين الحلبي أبو الوفا إبراهيم بن محمد بن خليل الطرابلسي الشافعي سبط ابن العجمي (المتوفى: 841هـ)	ShamAY	5832	0.72193
		عوالي هشام بن عروة وغيره لأبي الحجاج الدمشقي	يوسف بن خليل بن قراجا بن عبد الله، أبو الحجاج، شمس الدين الدمشقي ثم الحلبي الحنبلي (المتوفى: 648ه)	ShamelaY19	26561	0.72182
		طبقات الحنابلة	أبو الحسين ابن أبي يعلى، محمد بن محمد (المتوفى: 526هـ)	ShamAY	9543	0.72182
		زواج أبي العاص بزينب بنت الربيع	عبد الغني بن عبد الواحد بن علي بن سرور المقدسي الجماعيلي الدمشقي الحنبلي، أبو محمد، تقي الدين (المتوفى: 600ه)	ShamelaY19	30314	0.72159
		أحوال الرجال	إبراهيم بن يعقوب بن إسحاق السعدي الجوزجاني، أبو إسحاق (المتوفى: 259هـ)	ShamAY	25803	0.72142
		الثامن والعشرون من المشيخة البغدادية لأبي طاهر السلفي	صدر الدين، أبو طاهر السلفي أحمد بن محمد بن أحمد بن محمد بن إبراهيم سلفه الأصبهاني (المتوفى: 576ه)	ShamelaY19	30096	0.72134
		سبعة مجالس من أمالي أبي القاسم إسماعيل بن محمد بن الفضل - مخطوط	أبو القاسم إسماعيل بن محمد بن الفضل التيمي الأصبهاني المعروف بقوام السنة	ShamAY	32916	0.72134
		الحادي عشر من الخلعيات	علي بن الحسن بن الحسين بن محمد، أبو الحسن الخلعي الشافعي (المتوفى: 492ه)	ShamelaY19	30500	0.72133
		حديث سفيان بن عيينة رواية المروزي	سفيان بن عيينة بن ميمون (المتوفى: 198هـ)	ShamAY	26337	0.72133
		مشيخة دانيال - مخطوط (ن)	دانيال بن منكلي بن صرفا ضياء الدين أبو الفضائل التركماني الشافعي المقرىء قاضي الكرك (المتوفى: 696هـ)	ShamAY	21681	0.72118
		تاريخ اربل [ج ١]	شرف الدين  أبي البركات المبارك بن أحمد اللخمي الأربلي [ ابن المستوفي ]	Rafed	2314	0.72115
		منتقله الطالبيه	ابواسماعيل ابراهيم بن ناصر بن طباطبا	Ghbook	9211	0.72113
		المحنة على الإمام أحمد لعبد الغني المقدسي	عبد الغني المقدسي (600 هـ)	ShamAY	34574	0.72111
		عوالي هشام بن عروة وغيره لأبي الحجاج الدمشقي	يوسف بن خليل بن قَراجا بن عبد الله، أبو الحجاج، شمس الدين الدمشقيّ ثم الحلبي الحنبلي (المتوفى: 648هـ)	ShamAY	26561	0.72109
		أربعون حديثا لابن بابويه - مخطوط	أبو الحسن علي بن عبيد الله بن بابويه الرازي القمي	ShamAY	32835	0.72102
		رجال العلامة الحلي‏	العلامة الحلي	Masaha	4722	0.72091
		 تاريخ اربل ( نباهة البلد الخامل بمن ورده من الاماثل ) 	 ابن المستوفي 	ABLibrary	8978	0.7209
		المقفى الكبير	تقي الدين المقريزي (المتوفى: 845 ه = 1440 م)	ShamelaY19	145334	0.72083
		تاريخ مدينة دمشق [ج ٤٤]	أبي القاسم علي بن الحسن ابن هبة الله بن عبد الله الشافعي [ ابن عساكر ]	Rafed	2371	0.7208
		جزء فيه ستة مجالس من أمالي القاضي أبي يعلى الفراء	القاضي أبو يعلى، محمد بن الحسين بن محمد بن خلف المعروف ب ابن الفراء (المتوفى: 458ه)	ShamelaY19	26579	0.72079
		المنتقى من كتاب الطبقات لأبي عروبة الحراني	أبو عروبة الحسين بن محمد بن أبي معشر مودود السُّلَمي الجَزَري الحرَّاني (المتوفى: 318هـ)	ShamAY	8274	0.7207
		الجزء الأول من الأحاديث المسلسلات للضياء المقدسي - مخطوط	ضياء الدين محمد بن عبد الواحد المقدسي	ShamAY	32886	0.72069
		فضائل الكتاب الجامع لأبي عيسى الترمذي	تقي الدين أبو القاسم عُبيد بن محمد بن عباس الإسعردي (المتوفى: 692هـ)	ShamAY	6028	0.72065
		تهذيب سيرة ابن هشام	الواحدي :: عبد السلام هارون	ShamAY	37388	0.72064
		العلل لابن المديني	علي بن عبد الله بن جعفر السعدي بالولاء المديني، البصري، أبو الحسن (المتوفى: 234ه)	Sham19Y	6038	0.72062
		الكشف الحثيث عمن رمي بوضع الحديث	برهان الدين الحلبي أبو الوفا إبراهيم بن محمد بن خليل الطرابلسي الشافعي سبط ابن العجمي (المتوفى: 841ه)	Sham19Y	5832	0.72062
		الطبقات الكبرى، القسم المتمم لتابعي أهل المدينة ومن بعدهم	أبو عبد الله محمد بن سعد بن منيع الهاشمي بالولاء، البصري، البغدادي المعروف بابن سعد (المتوفى: 230هـ)	ShamAY	7666	0.72057
		تاريخ اربل	المبارك بن أحمد بن المبارك بن موهوب اللخمي الإِربلي، المعروف بابن المستوفي (المتوفى: 637هـ)	ShamAY	11746	0.72048
		الكشف الحثيث عمن رمي بوضع الحديث	برهان الدين الحلبي أبو الوفا إبراهيم بن محمد بن خليل الطرابلسي الشافعي سبط ابن العجمي (المتوفى: 841هـ)	ShamAY	38183	0.72026
		رسالة طرق حديث من كنت مولاه فعلي مولاه‏	شمس الدين الذهبي	Masaha	2199	0.72022
		تاريخ مدينة دمشق [ج ١]	أبي القاسم علي بن الحسن ابن هبة الله بن عبد الله الشافعي [ ابن عساكر ]	Rafed	1760	0.72015
		نسب معد واليمن الكبير	أبو المنذر هشام بن محمد بن السائب الكلبي (المتوفى: 204ه)	Sham19Y	28172	0.72009
		جزء لؤلؤ	لؤلؤ بن أحمد بن عبد الله، أبو الدر، نجيب الدين الضرير (المتوفى: 672هـ)	ShamAY	5671	0.72004
		المتفق والمفترق فيمن ذكر بكنيته من الرواة في الكتب الستة	يوسف بن جودة يس يوسف الداودي	ShamAY	38518	0.72001
		النكت الأثرية على الأحاديث الجزرية لابن ناصر الدين	ابن ناصر الدين (842 هـ)	ShamAY	33566	0.72001
		الرابع من الخلعيات	علي بن الحسن بن الحسين بن محمد، أبو الحسن الخلعي الشافعي (المتوفى: 492ه)	ShamelaY19	30505	0.71998
		الحادي عشر من الخلعيات	علي بن الحسن بن الحسين بن محمد، أبو الحسن الخِلَعي الشافعيّ (المتوفى: 492هـ)	ShamAY	30500	0.71995
		مشيخة دانيال - مخطوط (ن)	دانيال بن منكلي بن صرفا ضياء الدين أبو الفضائل التركماني الشافعي المقرىء قاضي الكرك (المتوفى: 696ه)	ShamelaY19	21681	0.71976
		التوسعة على العيال لأبي زرعة	أبو الفضل زين الدين عبد الرحيم بن الحسين بن عبد الرحمن بن أبي بكر بن إبراهيم العراقي (المتوفى: 806ه)	ShamelaY19	29509	0.71974
		نسب معد واليمن الكبير	أبو المنذر هشام بن محمد بن السائب الكلبي (المتوفى: 204ه)	ShamelaY19	28172	0.71927
		العلل لابن المديني	علي بن عبد الله بن جعفر السعدي بالولاء المديني، البصري، أبو الحسن (المتوفى: 234هـ)	ShamAY	6038	0.71912
		السداسيات المخرجة من سماعات ابن الحطاب أبو عبد الله الرازي - مخطوط	الرازي، أبو عبد الله	ShamAY	32759	0.71905
		مقاتل الطالبيين	علي بن حسين ابوالفرج اصفهاني	Ghbook	9617	0.71905
		نقد الرجال [ج ١]	السيد مصطفى بن الحسين الحسيني التفرشي	Rafed	136	0.71901
		الدليل المغني لشيوخ الإمام أبي الحسن الدارقطني	أبو الطيب نايف بن صلاح بن علي المنصوري	ShamAY	31826	0.71896
		الحث على حفظ العلم وذكر كبار الحفاظ	جمال الدين أبو الفرج عبد الرحمن بن علي بن محمد الجوزي (المتوفى: 597هـ)	ShamAY	22340	0.71894
		 بغية الطلب في تاريخ حلب 	 عمر بن أحمد العقيلي الحلبي ( ابن العديم ) 	ABLibrary	816	0.71873
		مشيخة السهروردي	عمر بن محمد بن عبد الله ابن عمويه، أبو حفص شهاب الدين القرشي التيمي البكري السُّهْرَوَرْدي (المتوفى: 632هـ)	ShamAY	26473	0.71862
		كتاب الأربعين في إرشاد السائرين إلى منازل المتقين أو الأربعين الطائية	محمد بن محمد بن علي، أبو الفتوح الطائي الهمذاني (المتوفى: 555ه)	ShamelaY19	26842	0.71845
		تاريخ دنيسر	الطبيب أبو حفص عمر بن الخضر بن اللمش (574ه -640؟ ه)	ShamelaY19	26813	0.71837
		الطبقات الكبير - ط الخانجي	محمد بن سعد بن منيع الزهري	ShamAY	35884	0.71829
		القند في ذكر علماء سمرقند	عمر بن محمد النسفي	Masaha	4481	0.71816
		زواج أبي العاص بزينب بنت الربيع	عبد الغني بن عبد الواحد بن علي بن سرور المقدسي الجماعيلي الدمشقي الحنبلي، أبو محمد، تقي الدين (المتوفى: 600هـ)	ShamAY	30314	0.71799
		المقصد الأرشد في ذكر أصحاب الإمام أحمد	إبراهيم بن محمد بن عبد الله بن محمد ابن مفلح، أبو إسحاق، برهان الدين (المتوفى: 884ه)	Sham19Y	5890	0.71799
		المدخل إلى الصحيح	أبو عبد الله الحاكم محمد بن عبد الله بن محمد بن حمدويه بن نُعيم بن الحكم الضبي الطهماني النيسابوري المعروف بابن البيع (المتوفى: 405هـ)	ShamAY	6027	0.71792
		المناقب	الخطيب الخوارزمي	Masaha	2331	0.71787
		 البلدانيات 	 شمس الدين السخاوي 	ABLibrary	8971	0.7178
		تاريخ مدينة السلام وأخبار محدثيها وذكر قطانها العلماء من غير أهلها ووارديها (المعروف بتاريخ بغداد)	أبو بكر أحمد بن علي بن ثابت الخطيب البغدادي	ShamAY	34639	0.71775
		الثاني عشر من الخلعيات	علي بن الحسن بن الحسين بن محمد، أبو الحسن الخلعي الشافعي (المتوفى: 492ه)	ShamelaY19	30487	0.71763
		نسب معد واليمن الكبير	أبو المنذر هشام بن محمد بن السائب الكلبي (المتوفى: 204هـ)	ShamAY	28172	0.71745
		السابق واللاحق في تباعد ما بين وفاة راويين عن شيخ واحد	أبو بكر أحمد بن علي بن ثابت بن أحمد بن مهدي الخطيب البغدادي (المتوفى: 463هـ)	ShamAY	7640	0.71739
		المقصد الأرشد في ذكر أصحاب الإمام أحمد	إبراهيم بن محمد بن عبد الله بن محمد ابن مفلح، أبو إسحاق، برهان الدين (المتوفى: 884هـ)	ShamAY	5890	0.71728
		المقالات القصار فى فتاوى الأحاديث والأخبار	أبو محمد أحمد شحاته الألفي السكندري	ShamAY	33059	0.71724
		أحاديث عن جماعة من مشايخ بغداد للضياء المقدسي - مخطوط	ضياء الدين أبو عبد الله محمد بن عبد الواحد بن أحمد المقدسي	ShamAY	32950	0.71719
		الصفات للدارقطني ت الفقيهي	أبو الحسن علي بن عمر بن أحمد بن مهدي بن مسعود بن النعمان بن دينار البغدادي الدارقطني (المتوفى: 385هـ)	ShamAY	11331	0.71714
		من حديث القصار وابن الغوري والزيادي وابن بامويه لأبي الفتح الرازي - مخطوط	أبو الفتح عبد الجبار بن عبد الله الجوهري الرازي	ShamAY	32969	0.71713
		الرابع من الخلعيات	علي بن الحسن بن الحسين بن محمد، أبو الحسن الخِلَعي الشافعيّ (المتوفى: 492هـ)	ShamAY	30505	0.7171
		سؤالات الحاكم النيسابوري للدارقطني	أبو الحسن علي بن عمر بن أحمد بن مهدي بن مسعود بن النعمان بن دينار البغدادي الدارقطني (المتوفى: 385هـ)	ShamAY	5950	0.717
		الضعفاء والمتروكون للنسائي = التراجم	أبو عبد الرحمن أحمد بن شعيب بن علي الخراساني، النسائي (المتوفى: 303 هـ)	ShamAY	38019	0.71681
		الثامن والعشرون من المشيخة البغدادية لأبي طاهر السلفي	صدر الدين، أبو طاهر السِّلَفي أحمد بن محمد بن أحمد بن محمد بن إبراهيم سِلَفَه الأصبهاني (المتوفى: 576هـ)	ShamAY	30096	0.7167
		ذم قرناء السوء (المجلس الثالث والخمسون من أمالي ابن عساكر)	ثقة الدين، أبو القاسم علي بن الحسن بن هبة الله المعروف بابن عساكر (المتوفى: 571ه)	Sham19Y	26861	0.71637
		جزء فيه ستة مجالس من أمالي القاضي أبي يعلى الفراء	القاضي أبو يعلى، محمد بن الحسين بن محمد بن خلف المعروف بـ ابن الفراء (المتوفى: 458هـ)	ShamAY	1330	0.71629
		ذم قرناء السوء (المجلس الثالث والخمسون من أمالي ابن عساكر)	ثقة الدين، أبو القاسم علي بن الحسن بن هبة الله المعروف بابن عساكر (المتوفى: 571ه)	ShamelaY19	26861	0.71627
		تغليق التعليق على صحيح البخاري	أبو الفضل أحمد بن علي بن محمد بن أحمد بن حجر العسقلاني (المتوفى: 852ه)	Sham19Y	347	0.71615
		الغنية فهرست شيوخ القاضي عياض	عياض بن موسى بن عياض بن عمرون اليحصبي السبتي، أبو الفضل (المتوفى: 544ه)	Sham19Y	26463	0.71593
		منهج المقال في تحقيق احوال الرجال [ج ٣]	محمد بن علي الاسترابادي	Rafed	208	0.7159
		الثاني عشر من الخلعيات	علي بن الحسن بن الحسين بن محمد، أبو الحسن الخِلَعي الشافعيّ (المتوفى: 492هـ)	ShamAY	30487	0.71588
		الزهد الكبير للبيهقي	أحمد بن الحسين بن علي بن موسى الخُسْرَوْجِردي الخراساني، أبو بكر البيهقي (المتوفى: 458هـ)	ShamAY	13025	0.71561
		الجزء الخامس من الفوائد الصحاح العوالي والأفراد والحكايات - مخطوط	أبو يعلى محمد بن الحسين الفراء	ShamAY	32912	0.71548
		العجالة المكية في أسانيد الشيخ محمد سعيد سنبل إلى مؤلفي الكتب الحديثية المذكورة في أوائله السنبلية	محمد يس الفاداني المكي (1412 هـ)	ShamAY	33563	0.71508
		كتاب الأربعين في إرشاد السائرين إلى منازل المتقين أو الأربعين الطائية	محمد بن محمد بن علي، أبو الفتوح الطائي الهمذاني (المتوفى: 555هـ)	ShamAY	26842	0.71501
		أصول علم الرجال بين النظريّة والتطبيق	محمد علي صالح المعلّم	Rafed	2839	0.71472
		الاربعون حديثا من الاربعين عن الاربعين	منتجب الدين علي بن بابويه رازي	Ghbook	10016	0.7145
		الكنى والأسماء للدولابي	أبو بِشْر محمد بن أحمد بن حماد بن سعيد بن مسلم الأنصاري الدولابي الرازي (المتوفى: 310هـ)	ShamAY	13056	0.71425
		تغليق التعليق على صحيح البخاري	أبو الفضل أحمد بن علي بن محمد بن أحمد بن حجر العسقلاني (المتوفى: 852هـ)	ShamAY	347	0.71414
		الكامل في ضعفاء الرجال - الفكر	عبدالله بن عدي بن عبدالله بن محمد أبو أحمد الجرجاني	ShamAY	34613	0.71399
		تاريخ الإسلام ووفيات المشاهير والأعلام [ج ٥]	شمس الدين محمّد بن أحمد بن عثمان الذّهبي	Rafed	3334	0.71395
		الزهد الكبير للبيهقي	أحمد بن الحسين بن علي بن موسى الخسروجردي الخراساني، أبو بكر البيهقي (المتوفى: 458ه)	Sham19Y	13025	0.71394
		تاريخ مدينة دمشق [ج ٤]	أبي القاسم علي بن الحسن ابن هبة الله بن عبد الله الشافعي [ ابن عساكر ]	Rafed	1764	0.71392
		مشايخ الثّقات	الميرزا غلامرضا عرفانيان	Rafed	1758	0.71391
		معجم المحدثين للذهبى - العلمية	شمس الدين محمد بن أحمد بن عثمان الذهبي	ShamAY	34631	0.71388
		جزء العبدي	علي بن الحسن بن إسماعيل العبدي، من بني عبد القيس، أبو الحسن (المتوفى: 599ه)	ShamelaY19	30731	0.71387
		مسند أمة الله مريم بنت عبد الرحمن الحنبلية	مريم بنت عبد الرحمن بن أحمد ابن عبد الرحمن، أم محمد الحنبلية، الملقبة بست القضاة (المتوفى: 758هـ)	ShamAY	5680	0.71359
		رسالة أبي غالب الزراري و تكملتها‌	احمد بن سليمان الشيباني الكوفي	Masaha	3536	0.71354
		الغنية فهرست شيوخ القاضي عياض	عياض بن موسى بن عياض بن عمرون اليحصبي السبتي، أبو الفضل (المتوفى: 544هـ)	ShamAY	26463	0.71329
		العجالة في الأحاديث المسلسلة	علم الدين أبو الفيض محمد ياسين بن محمد عيسى الفاداني المكي (المتوفى: 1411هـ)	ShamAY	5654	0.71328
		 الدر الكمين بذيل العقد الثمين في تاريخ البلد الأمين 	 عمر بن محمد ابن فهد 	ABLibrary	9063	0.71309
		فتوح البلدان	أبوالحسن البلاذري	Rafed	2401	0.71309
		تحقيق كتاب البدور السافرة في أمور الآخرة	السيوطي	ShamAY	34815	0.71306
		جزء فيه خمسة أحاديث عن الأئمة الخمسة	علي بن بلبان الدمشقي علاء الدين أبو الحسن الناصري المحدث ابن الشرف (المتوفى: 684ه)	ShamelaY19	26641	0.71304
		الفوائد المنتقاة على شرط الإمامين	أبو العز محمد بن المختار بن محمد بن عبد الواحد ابن عبد الله بن المؤيد بالله الهاشمي، العباسي، البغدادي ويعرف: بابن الخص (المتوفى: 508ه)	ShamelaY19	29778	0.71283
		فتوح البلدان	أحمد بن يحيى البلاذري‏	Masaha	2329	0.71265
		عوالي مالك رواية زاهر بن طاهر الشحامي	زاهر بن طاهر بن محمد الشحامي، أبو القاسم (المتوفى: 533ه)	ShamelaY19	26654	0.71262
		جزء فيه مجلس من أمالي سراج السنة أبي نصر الغازي	أَبُو نَصْرٍ أَحْمَدُ بنُ عُمَرَ بنِ مُحَمَّدِ بنِ عَبْدِ اللهِ بنِ مُحَمَّدٍ الأَصْبَهَانِيُّ، الغَازِي (المتوفى: 532هـ)	ShamAY	24229	0.71205
		السابع عشر من الخلعيات	علي بن الحسن بن الحسين بن محمد، أبو الحسن الخلعي الشافعي (المتوفى: 492ه)	Sham19Y	30506	0.71204
		سؤالات أبي عبد الله الحاكم النيسابوري للإمام أبي الحسن الدارقطني	أبو عبد الله محمد بن عبد الله الحاكم النيسابوري المعروف بابن البَيِّع	ShamAY	34162	0.71184
		جزء فيه خمسة أحاديث عن الأئمة الخمسة	علي بن بلبان الدمشقي علاء الدين أبو الحسن الناصري المحدث ابن الشرف (المتوفى: 684هـ)	ShamAY	26641	0.71177
		مشيخة أبي عبد الله الإربلي - مخطوط	أبو عبد الله محمد بن إبراهيم بن المسلم بن سلمان الإربلي	ShamAY	32865	0.71173
		علل الحديث لابن أبي حاتم	أبو محمد عبد الرحمن بن محمد بن إدريس بن المنذر التميمي، الحنظلي، الرازي ابن أبي حاتم (المتوفى: 327هـ)	ShamAY	1350	0.71139
		السابع عشر من الخلعيات	علي بن الحسن بن الحسين بن محمد، أبو الحسن الخلعي الشافعي (المتوفى: 492ه)	ShamelaY19	30506	0.71116
		فتوح البلدان	أحمد بن يحيى بن جابر بن داود البَلَاذُري (المتوفى: 279هـ)	ShamAY	12221	0.71116
		السادس عشر من الخلعيات	علي بن الحسن بن الحسين بن محمد، أبو الحسن الخلعي الشافعي (المتوفى: 492ه)	ShamelaY19	30515	0.71111
		فوائد ابن جماعة	أبو عبد الله، محمد بن إبراهيم بن سعد الله بن جماعة الكناني الحموي الشافعي، بدر الدين (المتوفى: 733ه)	ShamelaY19	29802	0.71107
		 تاريخ أُمراء المدينة المنورة 	 عارف أحمد عبد الغني 	ABLibrary	8984	0.71102
		الفوائد المنتقاة على شرط الإمامين	أبو العز محمد بن المختار بن محمد بن عبد الواحد ابن عبد الله بن المؤيد بالله الهاشمي، العباسي، البغدادي ويعرف: بابن الخص (المتوفى: 508ه)	Sham19Y	29778	0.7109
		التوسعة على العيال لأبي زرعة	أبو الفضل زين الدين عبد الرحيم بن الحسين بن عبد الرحمن بن أبي بكر بن إبراهيم العراقي (المتوفى: 806هـ)	ShamAY	29509	0.71086
		التعقب المتواني على السلسلة الضعيفة للألباني	أحمد شحاتة السكندري :: ناصر الدين الألباني	ShamAY	33145	0.71081
		معجم حفّاظ القرآن عبر التّاريخ [ج ١]	الدكتور محمّد سالم محيسن	Rafed	905	0.71079
		ترجمة الإمام الحسين عليه السلام	كمال الدّين عمر بن أحمد بن أبي جرادة الحلبي [ ابن العديم ]	Rafed	763	0.71031
		السنن الكبرى وفي ذيله الجوهر النقي - ط دائرة المعارف	أحمد بن الحسين بن علي بن موسى الخُسْرَوْجِردي الخراساني، أبو بكر البيهقي	ShamAY	33909	0.71026
		مسألة التسمية لمحمد بن طاهر المقدسي	أبو الفضل محمد بن طاهر بن علي بن أحمد المقدسي الشيباني، المعروف بابن القيسراني (المتوفى: 507ه)	ShamelaY19	26591	0.71024
		السادس عشر من الخلعيات	علي بن الحسن بن الحسين بن محمد، أبو الحسن الخلعي الشافعي (المتوفى: 492ه)	Sham19Y	30515	0.71002
		قرة العين بالمسرة بوفاء الدين	أبو الفضل زين الدين عبد الرحيم بن الحسين بن عبد الرحمن بن أبي بكر بن إبراهيم العراقي (المتوفى: 806 هـ)	ShamAY	32575	0.70909
		جزء فيه مجلس من حديث الإمام أبي الحسن علي بن إبراهيم بن داود بن العطار الشافعي	علي بن إبراهيم بن داود بن سلمان بن سليمان، أبو الحسن، علاء الدين ابن العطار (المتوفى: 724ه)	ShamelaY19	27101	0.70907
		مجلس من أمالي أبي سعد البغدادي	أبو سعد أحمد بن محمد بن أحمد بن الحسن بن علي بن أحمد بن سليمان االبغدادي الأصل، الأصبهاني (المتوفى: 540ه)	ShamelaY19	29903	0.70905
		بغية الوعاة في طبقات اللغويين والنحاة	عبد الرحمن بن أبي بكر، جلال الدين السيوطي (المتوفى: 911هـ)	ShamAY	6744	0.70903
		الرواة الثقات المتكلم فيهم بما لا يوجب ردهم = التراجم	شمس الدين أبو عبد الله محمد بن أحمد بن عثمان بن قَايْماز الذهبي (المتوفى: 748هـ)	ShamAY	38006	0.709
		الوصيّة	بدر الدين بن الطيّب كسوبة	Rafed	1212	0.70888
		جمهرة نسب قريش وأخبارها	الزبير بن بكار بن عبد الله القرشي الأسدي المكي (المتوفى: 256هـ)	ShamAY	26525	0.70885
		التوكل وسؤال الله عز وجل لعبد الغني المقدسي - مخطوط (ن)	عبد الغني بن عبد الواحد بن علي بن سرور المقدسي الجماعيلي الدمشقي الحنبلي، أبو محمد، تقي الدين (المتوفى: 600هـ)	ShamAY	10482	0.70879
		من أمالي أبي حامد أحمد بن محمد الشجاعي السرخسي - مخطوط	أبو حامد أحمد بن محمد الشجاعي السرخسي	ShamAY	32936	0.70864
		السابع عشر من الخلعيات	علي بن الحسن بن الحسين بن محمد، أبو الحسن الخِلَعي الشافعيّ (المتوفى: 492هـ)	ShamAY	30506	0.70857
		العشرون من الخلعيات	علي بن الحسن بن الحسين بن محمد، أبو الحسن الخلعي الشافعي (المتوفى: 492ه)	ShamelaY19	30519	0.70851
		ذم قرناء السوء (المجلس الثالث والخمسون من أمالي ابن عساكر)	ثقة الدين، أبو القاسم علي بن الحسن بن هبة الله المعروف بابن عساكر (المتوفى: 571هـ)	ShamAY	1368	0.70846
		مناقب الإمام علي بن أبي طالب عليه السلام	أبي الحسن علي بن محمّد الشافعي [ ابن المغازلي ]	Rafed	3743	0.70843
		جمهرة نسب قريش وأخبارها	الزبير بن بكار بن عبد الله القرشي الأسدي المكي (المتوفى: 256ه)	ShamelaY19	26525	0.70827
		مسألة الاحتجاج بالشافعي	أبو بكر أحمد بن علي بن ثابت بن أحمد بن مهدي الخطيب البغدادي (المتوفى: 463هـ)	ShamAY	6353	0.70821
		الوصية بحث في تحقيق ألفاظ حديث الثقلين	بدر الدين بن الطيب كسوبة	Masaha	492	0.70809
		جزء العبدي	علي بن الحسن بن إسماعيل العبديّ، من بني عبد القيس، أبو الحسن (المتوفى: 599هـ)	ShamAY	30731	0.70804
		الكفاية في علم الرواية للخطيب البغدادي	أبو بكر أحمد بن علي بن ثابت بن أحمد بن مهدي الخطيب البغدادي (المتوفى: 463هـ)	ShamAY	13055	0.70801
		مسألة التسمية لمحمد بن طاهر المقدسي	أبو الفضل محمد بن طاهر بن علي بن أحمد المقدسي الشيباني، المعروف بابن القيسراني (المتوفى: 507هـ)	ShamAY	26591	0.708
		الجزء الأول من الأحاديث السباعيات لمشايخ يوسف بن خليل الدمشقي - مخطوط	الواحدي	ShamAY	32956	0.70799
		معجم مشايخ محمد بن عبد الواحد الدقاق	أَبُو عَبْدِ اللهِ مُحَمَّدُ بنُ عَبْدِ الوَاحِدِ بنِ مُحَمَّدٍ الأَصْبَهَانِيّ، الدَّقَّاق (المتوفى: 516هـ)	ShamAY	9622	0.70776
		سيرة ابن هشام ت طه عبد الرؤوف سعد	عبد الملك بن هشام بن أيوب الحميري المعافري، أبو محمد، جمال الدين (المتوفى: 213هـ)	ShamAY	7450	0.7077
		السادس عشر من الخلعيات	علي بن الحسن بن الحسين بن محمد، أبو الحسن الخِلَعي الشافعيّ (المتوفى: 492هـ)	ShamAY	30515	0.70734
		مناقب جعفر بن أبى طالب	ضياء الدين أبو عبد الله محمد بن عبد الواحد المقدسي (المتوفى: 643ه)	ShamelaY19	29937	0.70722
		الاعتبار في الناسخ والمنسوخ من الآثار	أبو بكر محمد بن موسى بن عثمان الحازمي الهمداني، زين الدين (المتوفى : 584هـ)	ShamAY	22868	0.70722
		حديث أبي الحسين بن العالي	أبو الحسين العالي، أحمد بن محمد بن منصور العالي البوشنجي (المتوفى: 419هـ)	ShamAY	29749	0.70716
		ملء العيبة بما جُمع بطول الغَيبة في الوجهة الوجيهة إلى الحرمين مكة وطَيبة	محمد بن عمر بن محمد، أبو عبد الله، محب الدين ابن رشيد الفهري السبتي (المتوفى: 721هـ)	ShamAY	12532	0.70715
		العبر في خبر من غبر	شمس الدين أبو عبد الله محمد بن أحمد بن عثمان بن قايماز الذهبي (المتوفى: 748ه)	ShamelaY19	25841	0.70696
		بلغة الطالب الحثيث في صحيح عوالي الحديث لابن قدامة-مخطوط (ن)	أبو محمد موفق الدين عبد الله بن أحمد بن محمد بن قدامة الجماعيلي المقدسي ثم الدمشقي الحنبلي، الشهير بابن قدامة المقدسي (المتوفى: 620هـ)	ShamAY	11417	0.70695
		العلل الصغير للترمذي	محمد بن عيسى بن سَوْرة بن موسى بن الضحاك، الترمذي، أبو عيسى (المتوفى: 279هـ)	ShamAY	5897	0.7069
		 عبقات الأنوار في إمامة الأئمة الأطهار ( فارسي ) 	 السيد حامد النقوي 	ABLibrary	8504	0.7069
		رجال شيخ طوسي	محمد بن حسن شيخ طوسي ( شيخ الطائفه )	Ghbook	2563	0.70677
		صفة الجنة للضياء المقدسي (الجزء الثالث من النسخة المسندة)	ضياء الدين أبي عبد الله محمد بن عبد الواحد المقدسي	ShamAY	33690	0.70662
		الأربعون على البلدان لعبد القادر بن عبد الله الرهاوي - مخطوط	أبو محمد عبد القادر بن عبد الله الرهاوي الحنبلي	ShamAY	38072	0.70661
		تاريخ مدينة دمشق [ج ٤٢]	أبي القاسم علي بن الحسن ابن هبة الله بن عبد الله الشافعي [ ابن عساكر ]	Rafed	2352	0.7066
		السماع لابن القيسراني	أبو الفضل محمد بن طاهر بن علي بن أحمد المقدسي الشيباني، المعروف بابن القيسراني (المتوفى: 507هـ)	ShamAY	6277	0.70651
		اقتضاء العلم العمل للخطيب البغدادي	أبو بكر أحمد بن علي بن ثابت بن أحمد بن مهدي الخطيب البغدادي (المتوفى: 463هـ)	ShamAY	12985	0.70637
		عوالي أبي بكر بن عبد الدائم	أبو بكر بن أحمد بن عبد الدائم بن نعمة بن أحمد بن نعمة بن بكير النابلسي المقدسي الصالحي (المتوفى: 718هـ)	ShamAY	33532	0.70624
		بغية الوعاة في طبقات اللغويين والنحاة	عبد الرحمن بن أبي بكر، جلال الدين السيوطي (المتوفى: 911هـ)	ShamAY	38016	0.70617
		التاسع عشر من الخلعيات	علي بن الحسن بن الحسين بن محمد، أبو الحسن الخلعي الشافعي (المتوفى: 492ه)	Sham19Y	30479	0.70615
		الاعتبار في الناسخ والمنسوخ من الآثار	الحازمي	ShamelaY19	22868	0.70602
		الفوائد المنتقاة على شرط الإمامين	أَبُو العِزِّ مُحَمَّدُ بنُ المُخْتَارِ بنِ مُحَمَّدِ بنِ عَبْدِ الوَاحِدِ ابْنِ عَبْدِ اللهِ بن المُؤَيَّدِ بِاللهِ الهَاشِمِيّ، العَبَّاسِيّ، البَغْدَادِيّ وَيُعْرَفُ: بِابْنِ الخُص (المتوفى: 508هـ)	ShamAY	29778	0.706
		السابع من الخلعيات	علي بن الحسن بن الحسين بن محمد، أبو الحسن الخلعي الشافعي (المتوفى: 492ه)	Sham19Y	30507	0.70599
		بغية الطلب في تاريخ حلب [ج ٥]	كمال الدّين عمر بن أحمد بن أبي جرادة الحلبي [ ابن العديم ]	Rafed	2140	0.70584
		التحبير في المعجم الكبير	عبد الكريم بن محمد بن منصور التميمي السمعاني المروزي، أبو سعد (المتوفى: 562هـ)	ShamAY	1694	0.70577
		العقد الثّمين في تاريخ البلد الأمين [ج ٣]	تقي الدين محمّد بن أحمد الحسني الفاسي المكّي	Rafed	2217	0.70575
		الثامن عشر من الخلعيات	علي بن الحسن بن الحسين بن محمد، أبو الحسن الخلعي الشافعي (المتوفى: 492ه)	ShamelaY19	30483	0.7057
		سر السلسله العلويه في النساب الساده العلويه	ابو نصر سهل بن عبدالله البخاري	Ghbook	15641	0.70568
		 مناقب الأسد الغالب ممزق الكتائب ومظهر العجائب ليث بن غالب أمير المؤمنين أبي الحسن علي بن أبي طالب ( يليه خصائص أمير المؤمنين علي بن أبي طالب للنسائي ) 	 محمد بن عبد الله ابن الجزري 	ABLibrary	7412	0.70567
		شرح مسند الشافعي	عبد الكريم بن محمد بن عبد الكريم، أبو القاسم الرافعي القزويني (المتوفى: 623ه)	ShamelaY19	123510	0.70565
		محاسبة النفس لابن أبي الدنيا	أبو بكر عبد الله بن محمد بن عبيد بن سفيان بن قيس البغدادي الأموي القرشي المعروف بابن أبي الدنيا (المتوفى: 281هـ)	ShamAY	1434	0.70558
		التاريخ الكبير المعروف بتاريخ ابن أبي خيثمة - السفر الثاني	أبو بكر أحمد بن أبي خيثمة (المتوفى: 279هـ)	ShamAY	1440	0.70554
		 عبقات الأنوار في إمامة الأئمة الأطهار ( فارسي ) 	 السيد حامد النقوي 	ABLibrary	8501	0.7055
		منتهى المقال في أحوال الرّجال [ج ٦]	الشيخ محمّد بن إسماعيل المازندراني	Rafed	540	0.70548
		العشرون من الخلعيات	علي بن الحسن بن الحسين بن محمد، أبو الحسن الخلعي الشافعي (المتوفى: 492ه)	Sham19Y	30519	0.70538
		عوالي أبي بكر بن عبد الدائم	أبو بكر بن أحمد بن عبد الدائم بن نعمة بن أحمد بن نعمة بن بكير النابلسي المقدسي الصالحي (المتوفى: 718هـ)	ShamAY	29481	0.70529
		تاريخ مدينة دمشق [ج ٢٣]	أبي القاسم علي بن الحسن ابن هبة الله بن عبد الله الشافعي [ ابن عساكر ]	Rafed	2262	0.70528
		ترجمه الامام الحسين ومقتله عليه السلام	ابن سعد	Rafed	210	0.70521
		الجزء الأول من فوائد محمد بن أحمد بن محمد بن عمرو بن شاكر القطان عن شيوخه	محمد بن علي القطان العسقلاني	ShamAY	33584	0.70519
		الضعفاء والمتروكون للدارقطني	أبو الحسن علي بن عمر بن أحمد بن مهدي بن مسعود بن النعمان بن دينار البغدادي الدارقطني (المتوفى: 385هـ)	ShamAY	10802	0.70513
		الجزء السادس من الفوائد العوالي المنتقاة من الثقفيات - مخطوط	الرئيس أبو عبد الله القاسم بن الفضل الثقفي	ShamAY	32905	0.70511
		التاسع عشر من الخلعيات	علي بن الحسن بن الحسين بن محمد، أبو الحسن الخلعي الشافعي (المتوفى: 492ه)	ShamelaY19	30479	0.7051
		قرة عين المحتاج في شرح مقدمة صحيح مسلم بن الحجاج	محمد بن علي بن آدم بن موسى الإتيوبي الولوي	ShamelaY19	148896	0.70496
		معجم رجال الحديث [ج ١]	السيّد أبو القاسم الموسوي الخوئي	Rafed	707	0.70485
		النكت على صحيح البخاري ويليه «التجريد على التنقيح»	أبو الفضل ابن حجر العسقلاني	ShamelaY19	132963	0.7048
		مشيخة المسند محمد بن إبراهيم البياني المعروف بابن إمام الصخرة	محمد بن إبراهيم بن محمد بن أبي بكر الأنصاري الخزرجي الدمشقي شمس الدين أبو عبد الله المعروف بالبياني، ابن إمام الصخرة (المتوفى: 766ه)	ShamelaY19	27103	0.70479
		الإسناد عند علماء القراءات	د. محمد بن سيدي محمد محمد الأمين	ShamAY	8754	0.70475
		مشيخة المسند محمد بن إبراهيم البياني المعروف بابن إمام الصخرة	محمد بن إبراهيم بن محمد بن أبي بكر الأنصاري الخزرجي الدمشقي شمس الدين أبو عبد الله المعروف بالبياني، ابن إمام الصخرة (المتوفى: 766هـ)	ShamAY	27103	0.7045
		منتقى من السفينة البغدادية للسلفي	صدر الدين، أبو طاهر السلفي أحمد بن محمد بن أحمد بن محمد بن إبراهيم سلفه الأصبهاني (المتوفى: 576ه)	ShamelaY19	26658	0.70447
		عشرة أحاديث عن عشرة من الشيوخ أجازوا لعائشة بنت المجد عيسى بن الإمام موفق الدين عبد الله بن أحمد بن قدامة - مخطوط	عائشة بنت عيسى بن عبد الله بن أحمد بن محمد بن قدامة المقدسي	ShamAY	32965	0.70447
		السابع من الخلعيات	علي بن الحسن بن الحسين بن محمد، أبو الحسن الخلعي الشافعي (المتوفى: 492ه)	ShamelaY19	30507	0.70446
		مناقب أمير المؤمنين علي بن أبي طالب رضي الله عنه	علي بن محمد بن محمد بن الطيب بن أبي يعلى بن الجلابي، أبو الحسن الواسطي المالكي، المعروف بابن المغازلي (المتوفى: 483ه)	ShamelaY19	26456	0.70443
		الترجمة الذهبية لأعلام آل تيمية	محمد صالح قرواش اليافعي	ShamAY	35812	0.70439
		معالم العلماء	ابن شهرآشوب مازندراني	Ghbook	7055	0.70425
		بيان خطأ البخاري في تاريخه - ت اليماني = التراجم	عبد الرحمن بن محمد بن إدريس بن المنذر التميمي، الحنظلي، الرازي ابن أبي حاتم (المتوفى: 327هـ)	ShamAY	38029	0.70414
		موسوعة أقوال أبي الحسن الدارقطني في رجال الحديث وعلله	محمود محمد خليل	ShamAY	12764	0.70405
		العِقدُ الثّمينُ في تَخْرِيجِ أَحَادِيث الوِصَايَة لأَمِيرِ المُؤْمِنِيْنَ	خليفة الكواري	ShamAY	33074	0.70403
		الثامن عشر من الخلعيات	علي بن الحسن بن الحسين بن محمد، أبو الحسن الخِلَعي الشافعيّ (المتوفى: 492هـ)	ShamAY	30483	0.70402
		السلسبيل النقي في تراجم شيوخ البيهقي	أبو الطيب نايف بن صلاح بن علي المنصوري	ShamelaY19	123667	0.70401
		تسمية ما انتهى إلينا من الرواه عن سعيد بن منصور لأبي نعيم	أبو نعيم أحمد بن عبد الله بن أحمد بن إسحاق بن موسى بن مهران الأصبهاني (المتوفى: 430هـ)	ShamAY	8224	0.70401
		العاشر من معجم الشيخة مريم	أبو الفضل أحمد بن علي بن محمد بن أحمد بن حجر العسقلاني (المتوفى: 852ه)	ShamelaY19	30281	0.7037
		 الضوء اللامع لأهل القرن التاسع 	 شمس الدين السخاوي 	ABLibrary	951	0.70366
		تاريخ الإسلام ووفيات المشاهير والأعلام [ج ٣٤]	شمس الدين محمّد بن أحمد بن عثمان الذّهبي	Rafed	3579	0.70366
		مشيخة ابن طرخان	شمس الدين محمد بن أبي بكر بن محمد بن طرخان السلمي الدمشقي الصالحي	ShamAY	33705	0.70343
		المسلسلات من الأحاديث والآثار	سليمان بن موسى بن سالم بن حسان الكلاعي الحميري، أبو الربيع (المتوفى: 634هـ)	ShamAY	30665	0.70341
		تسمية من قتل مع الحسين(ع)	فتال النيشابوري‏	Masaha	1956	0.70337
		 العقد الثمين في تاريخ البلد الأمين 	 محمد بن أحمد الفاسي 	ABLibrary	9143	0.70332
		الأربعون البلدانية لأبي طاهر	أبي طاهر أحمد بن محمد السلفي (المتوفى: 576هـ)	ShamAY	9372	0.70329
		المتفق والمفترق فيمن ذكر بكنيته من الرواة في الكتب الستة	يوسف بن جودة يس يوسف الداودي	ShamelaY19	18641	0.7032
		جمهرة أنساب أمهات النبي صلى الله عليه وآله وسلم	حيدر ناصر	ShamAY	37023	0.70313
		التاسع عشر من الخلعيات	علي بن الحسن بن الحسين بن محمد، أبو الحسن الخِلَعي الشافعيّ (المتوفى: 492هـ)	ShamAY	30479	0.70312
		مجالس من أمالي أبي عبد الله بن منده	أبو عبد الله محمد بن إسحاق بن محمد بن يحيى بن منده العبدي (المتوفى: 395ه)	Sham19Y	30769	0.70309
		الأفراد للدارقطني	أبو الحسن علي بن عمر الدارقطني	ShamAY	33996	0.70299
		فضل زياره الحسين ( عليه السلام )	ابوعبدالله محمد بن علي بن حسن علوي شجري	Ghbook	5974	0.70295
		الإنصاف والتحري في دفع الظلم والتجري، عن أبي العلاء المعري	ابن العديم	ShamAY	35833	0.70274
		مشيخة السهروردي	عمر بن محمد بن عبد الله ابن عمويه، أبو حفص شهاب الدين القرشي التيمي البكري السهروردي (المتوفى: 632ه)	ShamelaY19	26473	0.70264
		السابع من الخلعيات	علي بن الحسن بن الحسين بن محمد، أبو الحسن الخِلَعي الشافعيّ (المتوفى: 492هـ)	ShamAY	30507	0.70258
		تاريخ مدينة دمشق [ج ٣٠]	أبي القاسم علي بن الحسن ابن هبة الله بن عبد الله الشافعي [ ابن عساكر ]	Rafed	2295	0.70245
		خلاصه الاقوال في معرفه الرجال	حسن بن يوسف بن مطهر علامه حلي	Ghbook	7057	0.70242
		علل الدارقطني من -مسند أمِّ الفضل بنتِ حمزة- إلى -مسند خنساء بنت خدام-وهو آخر مسند في الكتاب-	أبو الحسن علي بن عمر بن أحمد بن مهدي بن مسعود بن النعمان بن دينار البغدادي الدارقطني (المتوفى: 385هـ)	ShamAY	35209	0.70239
		القضاء والقدر للبيهقي	أحمد بن الحسين بن علي بن موسى الخُسْرَوْجِردي الخراساني، أبو بكر البيهقي (المتوفى: 458هـ)	ShamAY	13053	0.70237
		العشرون من الخلعيات	علي بن الحسن بن الحسين بن محمد، أبو الحسن الخِلَعي الشافعيّ (المتوفى: 492هـ)	ShamAY	30519	0.70231
		كتاب الأربعين في الجهاد والمجاهدين	عفيف الدين أبو الفرج، محمد بن عبد الرحمن بن أبي العز الواسطي السَفَّار المقرىء (المتوفى: 618هـ)	ShamAY	9374	0.70229
		تعزية المسلم عن أخيه	ثقة الدين، أبو القاسم علي بن الحسن بن هبة الله المعروف بابن عساكر (المتوفى: 571هـ)	ShamAY	6766	0.70227
		المسلسلات من الأحاديث والآثار	سليمان بن موسى بن سالم بن حسان الكلاعي الحميري، أبو الربيع (المتوفى: 634ه)	ShamelaY19	30665	0.70224
		المعجم المختص بالمحدثين	شمس الدين أبو عبد الله محمد بن أحمد بن عثمان بن قايماز الذهبي (المتوفى: 748ه)	Sham19Y	9869	0.70222
		القند في ذكر أخبار سمرقند	نجم الدين عمر بن محمد بن أحمد النسفي (537 هـ)	ShamAY	34644	0.70212
		أدب الخواص في المختار من بلاغات قبائل العرب وأخبارها وأنسابها	الحسين بن علي بن الحسين، أبو القاسم الوزير المغربي (المتوفى: 418هـ)	ShamAY	12392	0.70212
		فتوح البلدان - القاهرة	البلاذري	ShamAY	33821	0.70207
		مجالس من أمالي أبي عبد الله بن منده	أبو عبد الله محمد بن إسحاق بن محمد بن يحيى بن منده العبدي (المتوفى: 395ه)	ShamelaY19	30769	0.70203
		الكواكب الدراري في ترجمة بعض من طعن من رجال البخاري	أحمد سكر	ShamAY	35892	0.70172
		عوالي مالك رواية زاهر بن طاهر الشحامي	زاهر بن طاهر بْنُ مُحَمَّدِ الشحّامي، أبو القاسم (المتوفى: 533هـ)	ShamAY	1331	0.70171
		مناقب أمير المؤمنين علي بن أبي طالب رضي الله عنه	علي بن محمد بن محمد بن الطيب بن أبي يعلى بن الجلابي، أبو الحسن الواسطي المالكي، المعروف بابن المغازلي (المتوفى: 483هـ)	ShamAY	79	0.7017
		شرف أصحاب الحديث للخطيب البغدادي	أبو بكر أحمد بن علي بن ثابت بن أحمد بن مهدي الخطيب البغدادي (المتوفى: 463ه)	Sham19Y	13125	0.70154
		تاريخ مدينة دمشق [ج ٣٩]	أبي القاسم علي بن الحسن ابن هبة الله بن عبد الله الشافعي [ ابن عساكر ]	Rafed	2337	0.70146
		منتقى من السفينة البغدادية للسلفي	صدر الدين، أبو طاهر السِّلَفي أحمد بن محمد بن أحمد بن محمد بن إبراهيم سِلَفَه الأصبهاني (المتوفى: 576هـ)	ShamAY	1334	0.70142
		من عوالي الشيخات الست للبرزالي	القاسم بن محمد البرزالي الدمشقي	ShamAY	33673	0.70139
		 عبقات الأنوار في إمامة الأئمة الأطهار ( فارسي ) 	 السيد حامد النقوي 	ABLibrary	8497	0.70139
		التوبة لابن عساكر	ثقة الدين، أبو القاسم علي بن الحسن بن هبة الله المعروف بابن عساكر (المتوفى: 571ه)	ShamelaY19	26465	0.70134
		مجالس من أمالي أبي عبد الله بن منده	أبو عبد الله محمد بن إسحاق بن محمد بن يحيى بن مَنْدَه العبدي (المتوفى: 395هـ)	ShamAY	30769	0.70131
		 ترجمة الإمام الحسين ( ع ) من كتاب بغية الطلب في تاريخ حلب لابن عديم 	 عمر بن أحمد العقيلي الحلبي ( ابن العديم ) 	ABLibrary	7468	0.70107
		معجم الشعراء العرب	تم جمعه من موقع الموسوعة الشعرية	ShamAY	2114	0.70098
		الرابع عشر من الخلعيات	علي بن الحسن بن الحسين بن محمد، أبو الحسن الخلعي الشافعي (المتوفى: 492ه)	ShamelaY19	30504	0.70095
		الجزء الخامس من الفوائد المنتخبة العوالي (السراجيات) - مخطوط	أبو محمد جعفر بن أحمد بن الحسين السراج القارئ	ShamAY	38108	0.70093
		القند في ذكر علماء سمرقند	أبو حفص نجم الدين عمر بن محمد بن أحمد النسفي (ت: 537)	ShamAY	37124	0.70092
		السيرة النبوية و أخبار الخلفاء - الجزء1	أبو حاتم التميمي	Masaha	2044	0.7009
		مشيخة البياني	تقي الدين محمد بن هجرس بن رافع السلامي (المتوفى: 774هـ)	ShamAY	9620	0.70073
		شرح أصول اعتقاد أهل السنة والجماعة	أبو القاسم هبة الله بن الحسن بن منصور الطبري الرازي اللالكائي (المتوفى: 418هـ)	ShamAY	9200	0.70073
		تاريخ أسماء الضعفاء والكذابين والمتروكين - ط الفاروق	أبو حفص عمر بن أحمد بن عثمان البغدادي، المعروف بابن شاهين	ShamAY	34152	0.7006
		منتقي الجمان	شيخ حسن بن زين الدين عاملي ( صاحب معالم )	Ghbook	7173	0.70056
		بلغة الطالب الحثيث في صحيح عوالي الحديث	ضياء الدين أبو عبد الله محمد بن عبد الواحد المقدسي (المتوفى: 643هـ)	ShamAY	30294	0.70044
		المنتخب من أمالي ابن حجر من تخريج مختصر ابن الحاجب-مخطوط (ن)	أبو الفضل أحمد بن علي بن محمد بن أحمد بن حجر العسقلاني (المتوفى: 852ه)	Sham19Y	11118	0.70038
		فوائد ابن جماعة	أبو عبد الله، محمد بن إبراهيم بن سعد الله بن جماعة الكناني الحموي الشافعي، بدر الدين (المتوفى: 733هـ)	ShamAY	29802	0.70027
		جامع البيان في القراءات السبع	عثمان بن سعيد بن عثمان بن عمر أبو عمرو الداني (المتوفى: 444ه)	ShamelaY19	37649	0.70018
		العبر في خبر من غبر	شمس الدين أبو عبد الله محمد بن أحمد بن عثمان بن قَايْماز الذهبي (المتوفى: 748هـ)	ShamAY	25841	0.70013
		المعجم في أسامي شيوخ أبي بكر الإسماعيلي	أبو بكر أحمد بن إبراهيم بن إسماعيل بن العباس بن مرداس الإسماعيلي الجرجاني (المتوفى: 371هـ)	ShamAY	1271	0.70012
		الثالث من الخلعيات	علي بن الحسن بن الحسين بن محمد، أبو الحسن الخلعي الشافعي (المتوفى: 492ه)	ShamelaY19	30482	0.70007
		مجلس من أمالي أبي سعد البغدادي	أبو سعد أحمد بن محمد بن أحمد بن الحسن بن علي بن أحمد بن سليمان االبغدادي الأصل، الأصبهاني (المتوفى: 540ه)	Sham19Y	29903	0.70005
		المشيخة الباسمة للقبابي وفاطمة بالسماع والإجازة	ابن حجر العسقلاني (852 هـ)	ShamAY	33565	0.69993
		فتوح البلدان	احمد بن يحيي بلاذري	Ghbook	9466	0.69988
		الثامن من الخلعيات	علي بن الحسن بن الحسين بن محمد، أبو الحسن الخلعي الشافعي (المتوفى: 492ه)	ShamelaY19	30484	0.69985
		بلغة الطالب الحثيث في صحيح عوالي الحديث	ضياء الدين أبو عبد الله محمد بن عبد الواحد المقدسي (المتوفى: 643ه)	ShamelaY19	30294	0.69981
		أحاديث مقتبسة من الأربعين المسلسلة	شرف الدين، علي بن المفضل بن علي بن مفرج بن حاتم بن حسن بن جعفر المقدسي (المتوفى: 611ه)	ShamelaY19	30243	0.69977
		المعجم المختص بالمحدثين	شمس الدين أبو عبد الله محمد بن أحمد بن عثمان بن قَايْماز الذهبي (المتوفى: 748هـ)	ShamAY	9869	0.69946
		شرف أصحاب الحديث للخطيب البغدادي	أبو بكر أحمد بن علي بن ثابت بن أحمد بن مهدي الخطيب البغدادي (المتوفى: 463هـ)	ShamAY	13125	0.69946
		نهاية المراد من كلام خير العباد	عبد الغني بن عبد الواحد بن علي بن سرور المقدسي الجماعيلي الدمشقي الحنبلي، أبو محمد، تقي الدين (المتوفى: 600ه)	ShamelaY19	38202	0.69944
		الجزء الرابع من الثقفيات للقاسم بن الفضل الثقفي - مخطوط (ن)	القاسم بن الفضل بن أحمد بن أحمد ابن محمود الثقفي الأصبهاني، أبو عبد الله (المتوفى: 489هـ)	ShamAY	10514	0.69944
		رفع شان الحبشان للسيوطي	الواحدي :: السيوطي	ShamAY	33660	0.69935
		مشاركات أبي محمد الألفي	أبو محمد أحمد شحاته الألفي	ShamAY	33054	0.69933
		جزء فيه مجلس من حديث الإمام أبي الحسن علي بن إبراهيم بن داود بن العطار الشافعي	علي بن إبراهيم بن داود بن سلمان بن سليمان، أبو الحسن، علاء الدين ابن العطار (المتوفى: 724هـ)	ShamAY	27101	0.69928
		تاريخ الإسلام ووفيات المشاهير والأعلام [ج ٢٩]	شمس الدين محمّد بن أحمد بن عثمان الذّهبي	Rafed	3559	0.69912
		المدخل إلى كتاب الإكليل	أبو عبد الله الحاكم محمد بن عبد الله بن محمد بن حمدويه بن نعيم بن الحكم الضبي الطهماني النيسابوري المعروف بابن البيع (المتوفى: 405ه)	Sham19Y	5997	0.69898
		معرفة علوم الحديث - إحياء العلوم	الواحدي :: الحاكم، أبو عبد الله	ShamAY	34041	0.69887
		السيرة النبوية لابن هشام	عبد الملك بن هشام بن أيوب الحميري المعافري، أبو محمد، جمال الدين (المتوفى: 213ه)	ShamelaY19	23833	0.69871
		ليلة النصف من شعبان لابن الدبيثي	محمد بن سعيد ابن الدبيثي	ShamAY	33607	0.69869
		مناقب الأسد الغالب ممزّق الكتائب ومُظهر العجائب ليث بن غالب أميرالمؤمنين أبي الحسن علي بن أبي طالب	شمس الدين محمّد بن عبدالله ابن الجزري	Rafed	2517	0.69869
		الدرّ الكمين بذيل العقد الثمين في تاريخ البلد الأمين [ج ١]	عمر ابن فهد الهاشمي المكّي	Rafed	2205	0.69869
		الثامن من الخلعيات	علي بن الحسن بن الحسين بن محمد، أبو الحسن الخِلَعي الشافعيّ (المتوفى: 492هـ)	ShamAY	30484	0.69868
		الزهد والرقائق للخطيب البغدادي	الخطيب البغدادي	ShamelaY19	22551	0.69867
		رجال العلامه الحلي	حسن بن يوسف بن مطهر علامه حلي	Ghbook	2564	0.69848
		الثالث عشر من الخلعيات	علي بن الحسن بن الحسين بن محمد، أبو الحسن الخلعي الشافعي (المتوفى: 492ه)	ShamelaY19	30601	0.6984
		المنتقى من مسموعات مرو للضياء المقدسي - مخطوط (ن)	ضياء الدين أبو عبد الله محمد بن عبد الواحد المقدسي (المتوفى: 643هـ)	ShamAY	21635	0.69829
		معجم رجال الحديث - الجزء1	السيد أبو القاسم الموسوي الخوئي	Masaha	1229	0.69827
		الثالث من الخلعيات	علي بن الحسن بن الحسين بن محمد، أبو الحسن الخِلَعي الشافعيّ (المتوفى: 492هـ)	ShamAY	30482	0.69814
		 الضوء اللامع لأهل القرن التاسع 	 شمس الدين السخاوي 	ABLibrary	957	0.69813
		أحاديث وحكايات للسلفي	صدر الدين، أبو طاهر السلفي أحمد بن محمد بن أحمد بن محمد بن إبراهيم سلفه الأصبهاني (المتوفى: 576ه)	ShamelaY19	30024	0.69811
		مشيخة دانيال تخريج ابن بلبان - مخطوط	ضياء الدين أبو الفضائل دانيال بن منكلي بن صرفا الكركي	ShamAY	32968	0.69805
		طبقات المحدثين بأصبهان والواردين عليها [ج ٢]	أبي محمّد عبدالله بن محمّد بن جعفر بن حيّان [ أبي الشيخ الأنصاري ]	Rafed	2431	0.69803
		تاريخ أمراء المدينة المنوّرة	عارف أحمد عبد الغني	Rafed	2237	0.69796
		جُزْءُ الْبِطَاقَةِ لِلْحَافِظِ أبِي القَاسِمِ الْكِنَانِيُّ	الكناني، أبو القاسم	ShamAY	33620	0.69792
		منهج المقال في تحقيق احوال الرجال [ج ٢]	محمد بن علي الاسترابادي	Rafed	206	0.69786
		الفوائد المنتقاة الحسان للخلعي (الخلعيات) رواية السعدي-مخطوط (ن)	علي بن الحسن بن الحسين بن محمد، أبو الحسن الخِلَعي الشافعيّ (المتوفى: 492هـ)	ShamAY	10835	0.69785
		فوائد أبي الفرج الثقفي	أبو الفرج مسعود بن الحسن الثقفي الأصبهاني (المتوفى: 562ه)	ShamelaY19	29976	0.69776
		المجلس الثاني من أمالي الجوهري رواية ابن المظفر والخلال- مخطوط	أبو محمد الحسن بن علي بن محمد الجوهري	ShamAY	32895	0.6976
		الفوائد المنتقاة الحسان للخلعي (الخلعيات) رواية السعدي-مخطوط (ن)	علي بن الحسن بن الحسين بن محمد، أبو الحسن الخلعي الشافعي (المتوفى: 492ه)	Sham19Y	10835	0.69756
		نهاية المراد من كلام خير العباد	عبد الغني بن عبد الواحد بن علي بن سرور المقدسي الجماعيلي الدمشقي الحنبلي، أبو محمد، تقي الدين (المتوفى: 600هـ)	ShamAY	1384	0.69747
		شرط القراءة على الشيوخ للسلفي	أبو طاهر السلفي (576 هـ)	ShamAY	33579	0.69689
		مجلس من إملاء أبي الفوارس الزينبي رواية الطوسي - مخطوط (ن)	طِرَاد بن محمد بن علي الهاشمي العباسي الزَّيْنَبي، أبو الفوارس (المتوفى: 491هـ)	ShamAY	12549	0.69675
		حديث أبي نصر اليونارتي	أبو نصر الحسن بن محمد بن إبراهيم بن أحمد بن علي اليونارتي، الأصبهاني (المتوفى: 527ه)	ShamelaY19	29782	0.69674
		أربعون حديثا عن أربعين شيخا في أربعين لابن المقرب	ابن المقرب	ShamAY	1421	0.69669
		شرط القراءة على الشيوخ للسلفي (مطبوع مع فوائد حسان للسلفي)	أبو طاهر أحمد بن محمد بن أحمد السلفي الأصبهاني (المتوفى: 576 ه)	ShamelaY19	142167	0.69666
		الخامس من الخلعيات	علي بن الحسن بن الحسين بن محمد، أبو الحسن الخلعي الشافعي (المتوفى: 492ه)	ShamelaY19	30503	0.69662
		ضعفاء العقيلي (التأصيل)	أبو جعفر، محمد بن عمرو بن موسى بن حماد، العُقيلي الحجازي	ShamAY	34664	0.69634
		تاريخ ابن يونس المصري [ج ١]	أبي سعيد عبد الرحمان بن أحمد بن يونس بن عبد الأعلى الصدفي المصري	Rafed	2351	0.69633
		التاسع من الخلعيات	علي بن الحسن بن الحسين بن محمد، أبو الحسن الخلعي الشافعي (المتوفى: 492ه)	ShamelaY19	30480	0.69631
		تحفة اللبيب بمن تكلم فيهم الحافظ ابن حجر من الرواة في غير «التقريب»	أبو عمرو نور الدين بن علي بن عبد الله السدعي الوصابي	ShamelaY19	132970	0.69626
		تلقيح الأفهام في وصايا خير الأنام	العلامة السيد الإمام شيخ الإسلام	ShamAY	35911	0.69624
		الأحاديث والآثار الواردة في التسليم في الصلاة	د. محمد عبد الله ولد كريم	ShamAY	36477	0.69613
		 أعيان الشيعة 	 السيد محسن الأمين 	ABLibrary	76	0.6961
		أسماء المدلسين	عبد الرحمن بن أبي بكر، جلال الدين السيوطي (المتوفى: 911هـ)	ShamAY	5	0.69586
		الحادي والثلاثون من المشيخة البغدادية لأبي طاهر السلفي	صدر الدين، أبو طاهر السلفي أحمد بن محمد بن أحمد بن محمد بن إبراهيم سلفه الأصبهاني (المتوفى: 576ه)	Sham19Y	30106	0.69572
		كتاب القضاء والقدر	أبي بكر أحمد بن الحسين البيهقي	Rafed	3594	0.69567
		منتخب الفوائد الصحاح العوالي تخريج الخطيب على السراج - ت البيضاني	أبو محمد جعفر بن أحمد بن الحسين السراج القارىء	ShamAY	38144	0.69554
		الخامس عشر من الخلعيات	علي بن الحسن بن الحسين بن محمد، أبو الحسن الخلعي الشافعي (المتوفى: 492ه)	ShamelaY19	30502	0.69549
		الصحيح من سيرة النبي الأعظم صلّى الله عليه وآله [ج ٣٤]	السيد جعفر مرتضى العاملي	Rafed	2649	0.69547
		تاريخ الرقة ومن نزلها من أصحاب رسول الله صلى الله عليه وسلم والتابعين والفقهاء والمحدثين	محمد بن سعيد بن عبد الرحمن القشيري، أبو علي (المتوفى: 334ه)	ShamelaY19	26383	0.69532
		مشيخة أبي بكر المراغي	أبو بكر بن الحسين بن عمر، القرشي العبشمي الأموي العثماني، زين الدين، وكنيته أبو محمد ويقال اسمه (عبد الله) والمشهور (أبو بكر) المصري الشافعي المراغي (المتوفى: 816ه)	ShamelaY19	26731	0.69499
		تسمية فقهاء الأمصار من أصحاب رسول الله صلى الله عليه وسلم ومن بعدهم	أبو عبد الرحمن أحمد بن شعيب بن علي الخراساني، النسائي (المتوفى: 303هـ)	ShamAY	5820	0.69496
		جزء ابن الجلابي	القاضي، أبو عبد الله محمد بن علي بن محمد بن محمد بن الطيب بن الجلابي - بالضم - الواسطي، المالكي، المغازلي، المعدل، الشروطي (المتوفى: 542ه)	ShamelaY19	26345	0.69488
		مجلسان لأبي سعد البغدادي	أبو سعد أحمد بن محمد بن أحمد بن الحسن بن علي بن أحمد بن سليمان االبغدادي الأصل، الأصبهاني (المتوفى: 540ه)	ShamelaY19	29783	0.69481
		وفيات قوم من المصريين ونفر سواهم من سنة 375	إبراهيم بن سعيد النعماني - بالولاء - المصري، أبو إسحاق الْحَبَّال (المتوفى: 482هـ)	ShamAY	5871	0.69475
		النهي عن سب الأصحاب وما فيه من الإثم والعقاب	ضياء الدين أبو عبد الله محمد بن عبد الواحد المقدسي (المتوفى: 643ه)	Sham19Y	12735	0.69475
		التخريج المتوالي للأسانيد العوالي من الثلاثي إلى العشاري		ShamAY	33057	0.69474
		تبيين الامتنان بالأمر بالاختتان لابن عساكر	ثقة الدين، أبو القاسم علي بن الحسن بن هبة الله المعروف بابن عساكر (المتوفى: 571هـ)	ShamAY	1425	0.69474
		بشارة المصطفى لشيعة المرتضى‏	عماد الدين الطبري‏	Masaha	1944	0.69474
		كتاب الأربعين، المسمى: الأربعون حديثاً فيما ينتهي إليه المتقون ويستعمله الموفقون وينتبه به الغافلون ويلازمه العاقلون	القاسم بن الفضل الثقفي الأصبهاني (489 هـ)	ShamAY	33551	0.69464
		طبقات الشافعيين	أبو الفداء إسماعيل بن عمر بن كثير القرشي البصري ثم الدمشقي (المتوفى: 774هـ)	ShamAY	12860	0.69456
		مجلسان من الأمالي أحدهما في صفات الله لابن مردويه	أبو بكر أحمد بن موسى بن مردوية بن فورك بن موسى بن جعفر الأصبهاني (المتوفى: 410ه)	Sham19Y	26497	0.69454
		اللآلىء المصنوعة في الأحاديث الموضوعة	عبد الرحمن بن أبي بكر، جلال الدين السيوطي (المتوفى: 911هـ)	ShamAY	6062	0.69436
		الإعلان بالتوبيخ لمن ذم التاريخ	السخاوي، شمس الدين	ShamAY	37134	0.69424
		فوائد أبي الفرج الثقفي	أبو الفرج مسعود بن الحسن الثقفي الأصبهاني (المتوفى: 562ه)	Sham19Y	29976	0.69412
		نفحات الأزهار في خلاصة عبقات الأنوار [ج ٢]	السيّد علي الحسيني الميلاني	Rafed	427	0.69406
		الخامس عشر من الخلعيات	علي بن الحسن بن الحسين بن محمد، أبو الحسن الخِلَعي الشافعيّ (المتوفى: 492هـ)	ShamAY	30502	0.69393
		التاسع من الخلعيات	علي بن الحسن بن الحسين بن محمد، أبو الحسن الخِلَعي الشافعيّ (المتوفى: 492هـ)	ShamAY	30480	0.69391
		أحاديث صحيحة مما رواه مسلم بن الحجاج بين المصطفى وبينه تسعة نفر لضياء الدين المقدسي	ضياء الدين أبو عبد الله محمد بن عبد الواحد المقدسي (المتوفى: 643ه)	ShamelaY19	29428	0.69378
		تهذيب الأسماء واللغات	أبو زكريا محيي الدين يحيى بن شرف النووي (المتوفى: 676هـ)	ShamAY	9702	0.69373
		أحاديث وحكايات للسلفي	صدر الدين، أبو طاهر السِّلَفي أحمد بن محمد بن أحمد بن محمد بن إبراهيم سِلَفَه الأصبهاني (المتوفى: 576هـ)	ShamAY	30024	0.69362
		الرابع عشر من الخلعيات	علي بن الحسن بن الحسين بن محمد، أبو الحسن الخِلَعي الشافعيّ (المتوفى: 492هـ)	ShamAY	30504	0.6933
		الزهد والرقائق للخطيب البغدادي	أبو بكر أحمد بن علي بن ثابت بن أحمد بن مهدي الخطيب البغدادي (المتوفى : 463هـ)	ShamAY	22551	0.69324
		المستدرك للحاكم - دار المعرفة	الإمام الحافظ أبو عبد الله الحاكم النيسابوري (405 هـ)	ShamAY	33941	0.69278
		موسوعة أقوال الإمام أحمد بن حنبل في رجال الحديث وعلله	محمود محمد خليل	ShamAY	12765	0.69272
		مشيخة أبي بكر المراغي	أبو بكر بن الحسين بن عمر، القرشي العبشمي الأموي العثماني، زين الدين، وكنيته أبو محمد ويقال اسمه (عبد الله) والمشهور (أبو بكر) المصري الشافعي المراغي (المتوفى: 816هـ)	ShamAY	26731	0.69271
		مسند أمير المؤمنين عمر بن عبد العزيز	الباغندي الصغير محمد بن محمد بن سليمان بن الحارث الأزدي، أبو بكر الواسطي (المتوفى: 312هـ)	ShamAY	13173	0.69269
		 كتاب القضاء والقدر 	 أحمد بن الحسين البيهقي 	ABLibrary	8572	0.6926
		عيون الأثر في فنون المغازي والشمائل والسير	محمد بن محمد بن محمد بن أحمد، ابن سيد الناس، اليعمري الربعي، أبو الفتح، فتح الدين (المتوفى: 734ه)	ShamelaY19	23653	0.69251
		مجلسان من الأمالي أحدهما في صفات الله لابن مردويه	أبو بكر أحمد بن موسى بن مردوية بن فورك بن موسى بن جعفر الأصبهاني (المتوفى: 410ه)	ShamelaY19	26497	0.69238
		شجرة النور الزكية في طبقات المالكية	محمد بن محمد بن عمر بن علي ابن سالم مخلوف (المتوفى: 1360ه)	Sham19Y	7669	0.69232
		كتاب تاريخ أصبهان [ج ١]	أبي نعيم أحمد بن عبدالله بن أحمد بن إسحاق ابن موسى بن مهران المهراني الأصبهاني	Rafed	2251	0.69221
		الحادي والثلاثون من المشيخة البغدادية لأبي طاهر السلفي	صدر الدين، أبو طاهر السلفي أحمد بن محمد بن أحمد بن محمد بن إبراهيم سلفه الأصبهاني (المتوفى: 576ه)	ShamelaY19	30106	0.69218
		أحاديث منتخبة من مشيخة ابن كليب - مخطوط	أبو الفرج عبد المنعم بن عبد الوهاب بن سعد بن صدقة بن الخضر بن كليب الحراني	ShamAY	32834	0.69197
		نتائج الأفكار في تخريج أحاديث الأذكار	ابن حجر العسقلاني (852 هـ)	ShamAY	34134	0.69195
		المدخل إلى كتاب الإكليل	أبو عبد الله الحاكم محمد بن عبد الله بن محمد بن حمدويه بن نُعيم بن الحكم الضبي الطهماني النيسابوري المعروف بابن البيع (المتوفى: 405هـ)	ShamAY	5997	0.69191
		الكامل في ضعفاء الرجال لابن عدي - الرشد	أبو أحمد عبد الله بن عدي الجرجاني	ShamAY	34661	0.6919
		من حديث أبي محمد ابن معروف وأبي بكر الوراق وأبي الحسن الباقلاني- مخطوط	أبو الغنائم محمد بن علي بن ميمون النرسي	ShamAY	32944	0.6918
		التوبة لابن عساكر	ثقة الدين، أبو القاسم علي بن الحسن بن هبة الله المعروف بابن عساكر (المتوفى: 571هـ)	ShamAY	1322	0.69175
		فضائل بيت المقدس	ضياء الدين أبو عبد الله محمد بن عبد الواحد المقدسي (المتوفى: 643ه)	Sham19Y	5721	0.69162
		تبليغ البشرى بأحاديث داريا الكبرى لابن طولون	ابن طولون (953 هـ)	ShamAY	33568	0.69159
		أحاديث مقتبسة من الأربعين المسلسلة	شرف الدين، علي بن المفضل بن علي بن مفرج بن حاتم بن حسن بن جعفر المقدسي (المتوفى: 611ه)	Sham19Y	30243	0.69155
		مشيخة محيي الدين اليونيني	عبد القادر بن محمد بن أحمد بن الحسين اليونيني، محيي الدين ابْن الحافظ شرف الدين ابْن الفقيه أَبِي عَبْد الَلَّه اليونيني (المتوفى: 747هـ)	ShamAY	26495	0.69143
		أحوال الرجال - ط الرسالة ت السامرائي	إبراهيم بن يعقوب بن إسحاق السعدي الجوزجاني، أبو إسحاق (المتوفى: 259هـ)	ShamAY	34603	0.69133
		الحادي والثلاثون من المشيخة البغدادية لأبي طاهر السلفي	صدر الدين، أبو طاهر السِّلَفي أحمد بن محمد بن أحمد بن محمد بن إبراهيم سِلَفَه الأصبهاني (المتوفى: 576هـ)	ShamAY	30106	0.6913
		التاسع من فوائد أبي عثمان البحيري	أبو عثمان سعيد بن محمد ابن أبي الحسين أحمد بن محمد بن جعفر بن محمد بن بحير البحيري، النيسابوري (المتوفى: 451ه)	ShamelaY19	29948	0.69125
		الرابع والثلاثون من المشيخة البغدادية لأبي طاهر السلفي	صدر الدين، أبو طاهر السلفي أحمد بن محمد بن أحمد بن محمد بن إبراهيم سلفه الأصبهاني (المتوفى: 576ه)	ShamelaY19	30118	0.69123
		مسألة العلو والنزول في الحديث	أبو الفضل محمد بن طاهر بن علي بن أحمد المقدسي الشيباني، المعروف بابن القيسراني (المتوفى: 507هـ)	ShamAY	6002	0.69115
		 عبقات الأنوار في إمامة الأئمة الأطهار ( فارسي ) 	 السيد حامد النقوي 	ABLibrary	8496	0.69114
		تهذيب الأسماء واللغات - ط العلمية = التراجم	أبو زكريا محيي الدين يحيى بن شرف النووي (المتوفى: 676هـ)	ShamAY	38020	0.6908
		صلة الخلف بموصول السلف	شمس الدين، أبو عبد الله محمد بن محمد بن سليمان بن الفاسي بن طاهر الروداني السوسي المكي المالكي (المتوفى: 1094ه)	ShamelaY19	26033	0.69078
		مشيخة محيي الدين اليونيني	عبد القادر بن محمد بن أحمد بن الحسين اليونيني، محيي الدين ابن الحافظ شرف الدين ابن الفقيه أبي عبد الله اليونيني (المتوفى: 747ه)	ShamelaY19	26495	0.69076
		العلل ومعرفة الرجال لابن المديني - ط الفاروق	الواحدي :: علي بن المديني	ShamAY	34150	0.69074
		سيرة جرير بن عبد الله البجلي لأحمد بن عيسى المقدسي - مخطوط		ShamAY	32780	0.69074
		تاريخ أمراء المدينة المنورة 1هـ - 1417هـ	عارف أحمد عبد الغني	ShamAY	38410	0.69071
		تمييز ثقات المحدثين وضعفائهم وأسمائهم وكناهم لابن البرقي	أبو عبد الله محمد بن عبد الله بن عبد الرحيم المصري	ShamAY	34628	0.69064
		شجرة النور الزكية في طبقات المالكية	محمد بن محمد بن عمر بن علي ابن سالم مخلوف (المتوفى: 1360هـ)	ShamAY	31725	0.69051
		جزء عوالي الإمام أبي حنيفة رضي الله عنه	يوسف بن خليل بن قَراجا بن عبد الله، أبو الحجاج، شمس الدين الدمشقيّ ثم الحلبي الحنبلي (المتوفى: 648هـ)	ShamAY	1296	0.69046
		التَّراجِمُ السَّاقِطَةُ مِنْ كِتَابِ إِكْمَال تَهْذِيبَ الكَمَال لمُغْلَطَاي (المَطْبُوع)	مغلطاي بن قليج بن عبد الله البكجري المصري الحكري الحنفي، أبو عبد الله، علاء الدين (المتوفى: 762هـ)	ShamAY	958	0.69045
		نفحات الأزهار في خلاصة عبقات الأنوار [ج ١٣]	السيّد علي الحسيني الميلاني	Rafed	458	0.69039
		المنتقى من مسموعات مرو للضياء المقدسي - مخطوط (ن)	ضياء الدين أبو عبد الله محمد بن عبد الواحد المقدسي (المتوفى: 643ه)	ShamelaY19	21635	0.69034
		عيون الأثر - الجزء1	ابن سيد الناس	Masaha	2308	0.69021
		النهي عن سب الأصحاب وما فيه من الإثم والعقاب	ضياء الدين أبو عبد الله محمد بن عبد الواحد المقدسي (المتوفى: 643هـ)	ShamAY	1294	0.69017
		مناقب جعفر بن أبى طالب	ضياء الدين أبو عبد الله محمد بن عبد الواحد المقدسي (المتوفى: 643ه)	Sham19Y	29937	0.68993
		تاريخ أسماء الضعفاء والكذابين	أبو حفص عمر بن أحمد بن عثمان بن أحمد بن محمد بن أيوب بن أزداذ البغدادي المعروف بـ ابن شاهين (المتوفى: 385هـ)	ShamAY	11083	0.68987
		الرابع والثلاثون من المشيخة البغدادية لأبي طاهر السلفي	صدر الدين، أبو طاهر السِّلَفي أحمد بن محمد بن أحمد بن محمد بن إبراهيم سِلَفَه الأصبهاني (المتوفى: 576هـ)	ShamAY	30118	0.68979
		أحاديث أبي العروبة الحراني برواية أبي أحمد الحاكم	أبو عروبة الحراني	ShamAY	33611	0.68974
		تاريخ الإسلام ووفيات المشاهير والأعلام [ج ١٥]	شمس الدين محمّد بن أحمد بن عثمان الذّهبي	Rafed	3399	0.68959
		تاريخ أسماء الثقات	أبو حفص عمر بن أحمد بن عثمان بن أحمد بن محمد بن أيوب بن أزداذ البغدادي المعروف بـ ابن شاهين (المتوفى: 385هـ)	ShamAY	5818	0.68941
		جزء فيه ذكر صلاة المصطفى صلى الله عليه وسلم خلف أبي بكر الصديق	المقدسي، ضياء الدين	ShamAY	33658	0.68925
		الأحاديث الستة العراقية	شرف الدين أبو المظفر يوسف بن الحسن بن بدر بن الحسن بن مفرج النابلسي الدمشقي الشافعي (المتوفى: 671ه)	ShamelaY19	29466	0.68902
		 أخبار مكة في قديم الدهر وحديثه 	 محمد بن اسحاق ابن العباس الفاكهي المكي 	ABLibrary	8923	0.68871
		تحفة التحصيل في ذكر رواة المراسيل	أحمد بن عبد الرحيم بن الحسين الكردي الرازياني ثم المصري، أبو زرعة ولي الدين، ابن العراقي (المتوفى: 826هـ)	ShamAY	5838	0.68867
		الثقات لابن حبان - ط الفكر	أبو حاتم محمد بن حبان بن أحمد التيمي البستي	ShamAY	34650	0.68859
		أخبار مكّة في قديم الدّهر وحديثه [ج ٣]	أبي عبد الله محمّد بن إسحاق ابن العبّاس الفاكهي المكّي	Rafed	2111	0.68848
		أربعة أحاديث مروية عن النبي صلى الله عليه وسلم لأبي الفتح المقدسي	أبو الفتح نصر بن إبراهيم المقدسي	ShamAY	33676	0.68844
		الجوس في المنسوب إلى دوس	الدكتور/ مرزوق بن هياس آل مرزوق الزهراني	ShamelaY19	36105	0.6883
		أحاديث في ذم الكلام وأهله انتخبها الإمام أبو الفضل المقرئ من رد أبي عبد الرحمن السلمي على أهل الكلام	أبو الفضل عبد الرحمن بن أحمد بن الحسن الرازي المقرىء (المتوفى: 454ه)	ShamelaY19	26462	0.68827
		جزء فيه ذكر أبى القاسم الطبراني	يحيى بن عبد الوهاب بن محمد ابن إسحاق بن محمد بن يحيى العبدي الأصبهاني، أبو زكريا، ابن منده (المتوفى: 511هـ)	ShamAY	6654	0.68822
		فضل شهر رمضان لابن عساكر	ثقة الدين، أبو القاسم علي بن الحسن بن هبة الله المعروف بابن عساكر (المتوفى: 571ه)	Sham19Y	26468	0.68822
		تاريخ الإسلام ووفيات المشاهير والأعلام [ج ٣١]	شمس الدين محمّد بن أحمد بن عثمان الذّهبي	Rafed	3566	0.68822
		صلة الخلف بموصول السلف	شمس الدين، أبو عبد الله محمد بن محمد بن سليمان بن الفاسي بن طاهر الرُّوداني السوسي المكيّ المالكي (المتوفى: 1094هـ)	ShamAY	1064	0.68821
		تحفة التحصيل في ذكر رواة المراسيل	أحمد بن عبد الرحيم بن الحسين الكردي الرازياني ثم المصري، أبو زرعة ولي الدين، ابن العراقي (المتوفى: 826ه)	Sham19Y	5838	0.68821
		جزء فيه أحاديث يحيي بن معين برواية أبي منصور يحيي بن أحمد الشيباني	أبو زكريا يحيى بن معين بن عون بن زياد بن بسطام بن عبد الرحمن (المتوفى: 233هـ)	ShamAY	33649	0.6882
		تقريب التهذيب ـ العاصمة	أحمد بن علي بن حجر العسقلاني	ShamAY	34607	0.68816
		الجزء السابع من الفوائد العوالي المنتقاة من الثقفيات - مخطوط	الرئيس أبي عبد الله القاسم بن الفضل الثقفي	ShamAY	32906	0.68815
		أحاديث في ذم الكلام وأهله انتخبها الإمام أبو الفضل المقرئ من رد أبي عبد الرحمن السلمي على أهل الكلام	أبو الفضل عبد الرحمن بن أحمد بن الحسن الرازي المقرىء (المتوفى: 454ه)	Sham19Y	26462	0.68795
		الأمالي السفرية الحلبية	أبو الفضل أحمد بن علي بن محمد بن أحمد بن حجر العسقلاني (المتوفى: 852هـ)	ShamAY	9377	0.68789
		الأمالي الحلبية	أبو الفضل أحمد بن علي بن محمد بن أحمد بن حجر العسقلاني (المتوفى: 852هـ)	ShamAY	5729	0.68788
		الثقات لابن حبان	محمد بن حبان بن أحمد بن حبان بن معاذ بن مَعْبدَ، التميمي، أبو حاتم، الدارمي، البُستي (المتوفى: 354هـ)	ShamAY	5816	0.68785
		الدرة الثمينة في أخبار المدينة - ط بحوث المدينة بالحواشي	ابن النجار، محب الدين	ShamAY	38443	0.68779
		تقريب التهذيب - ت عوامة = التراجم	أبو الفضل أحمد بن علي بن محمد بن أحمد بن حجر العسقلاني (المتوفى: 852هـ)	ShamAY	38032	0.68768
		تاريخ الإسلام ووفيات المشاهير والأعلام [ج ١٦]	شمس الدين محمّد بن أحمد بن عثمان الذّهبي	Rafed	3402	0.68764
		العقد الثّمين في تاريخ البلد الأمين [ج ٤]	تقي الدين محمّد بن أحمد الحسني الفاسي المكّي	Rafed	2225	0.68763
		المجلد الأول من ثبت عمر بن أحمد بن علي الشماع - مخطوط	عمر بن أحمد بن علي الشماع الحلبي	ShamAY	32855	0.68759
		ذم الكلام وأهله - ط الغرباء	أبو إسماعيل الهروي (481 هـ)	ShamAY	33886	0.68759
		المدلسين	أحمد بن عبد الرحيم بن الحسين الكردي الرازياني ثم المصري، أبو زرعة ولي الدين، ابن العراقي (المتوفى: 826هـ)	ShamAY	1176	0.68758
		 فرق الشيعة 	 حسن بن موسى النوبختي 	ABLibrary	8523	0.68755
		 تاريخ ابن يونس الصدفي 	 عبد الرحمن ابن احمد الصدفي المصري 	ABLibrary	8975	0.68753
		أسنى المطالب( مناقب الاسد الغالب ممزق الكتائب و مظهر العجائب)	شمس الدين محمد الجزري	Masaha	1833	0.68751
		تاريخ مدينة دمشق [ج ٢]	أبي القاسم علي بن الحسن ابن هبة الله بن عبد الله الشافعي [ ابن عساكر ]	Rafed	1761	0.6874
		فرق الشّيعة	الحسن بن موسى النوبختي	Rafed	3492	0.68739
		تسهيل السابلة لمريد معرفة الحنابلة ويليه «فائت التسهيل»	صالح بن عبد العزيز بن علي آل عثيمين الحنبلي مذهبا، النجدي القصيمي البردي (1320 ه - 1410 ه)	ShamelaY19	132527	0.68707
		المعارف	أبو محمد عبد الله بن مسلم بن قتيبة الدينوري (المتوفى: 276ه)	Sham19Y	12129	0.68698
		التّدوين في أخبار قزوين [ج ١]	عبد الكريم بن محمّد الرافعي القزويني	Rafed	2191	0.68682
		فضل شهر رمضان لابن عساكر	ثقة الدين، أبو القاسم علي بن الحسن بن هبة الله المعروف بابن عساكر (المتوفى: 571ه)	ShamelaY19	26468	0.68661
		هواتف الجنان للخرائطي	أبو بكر محمد بن جعفر بن محمد بن سهل بن شاكر الخرائطي (المتوفى: 327ه)	Sham19Y	28183	0.68658
		فهارس الشيعه: فهرست ابن عبدون البغدادي	مهدي خداميان آراني	Ghbook	15583	0.6865
		الحادي عشر من المشيخة البغدادية لأبي طاهر السلفي	صدر الدين، أبو طاهر السلفي أحمد بن محمد بن أحمد بن محمد بن إبراهيم سلفه الأصبهاني (المتوفى: 576ه)	ShamelaY19	30104	0.68648
		أحاديث تعظيم الربا على الزنا «دراسة نقدية»	أبو عمر علي بن عبد الله بن شديد الصياح المطيري	ShamAY	32010	0.68632
		ذكر النار لعبد الغني المقدسي	عبد الغني بن عبد الواحد بن علي بن سرور المقدسي الجماعيلي الدمشقي الحنبلي، أبو محمد، تقي الدين (المتوفى: 600ه)	Sham19Y	12736	0.68627
		الثلاثون من المشيخة البغدادية لأبي طاهر السلفي	صدر الدين، أبو طاهر السِّلَفي أحمد بن محمد بن أحمد بن محمد بن إبراهيم سِلَفَه الأصبهاني (المتوفى: 576هـ)	ShamAY	30103	0.68624
		سنن أبي داود ت الأرنؤوط	أبو داود سليمان بن الأشعث بن إسحاق بن بشير بن شداد بن عمرو الأزدي السجستاني (المتوفى: 275ه)	Sham19Y	117359	0.68624
		الإلمام في ختم سيرة ابن هشام للسخاوي	شمس الدين محمد بن عبد الرحمن السخاوي (902 هـ)	ShamAY	33552	0.68615
		المنتخب من أمالي ابن حجر من تخريج مختصر ابن الحاجب-مخطوط (ن)	أبو الفضل أحمد بن علي بن محمد بن أحمد بن حجر العسقلاني (المتوفى: 852هـ)	ShamAY	11118	0.68608
		هواتف الجنان للخرائطي	أبو بكر محمد بن جعفر بن محمد بن سهل بن شاكر الخرائطي (المتوفى: 327ه)	ShamelaY19	28183	0.68607
		سنن أبي داود ت الأرنؤوط	أبو داود سليمان بن الأشعث بن إسحاق بن بشير بن شداد بن عمرو الأزدي السِّجِسْتاني (المتوفى: 275هـ)	ShamAY	31661	0.68589
		الحادي عشر من المشيخة البغدادية لأبي طاهر السلفي	صدر الدين، أبو طاهر السِّلَفي أحمد بن محمد بن أحمد بن محمد بن إبراهيم سِلَفَه الأصبهاني (المتوفى: 576هـ)	ShamAY	30104	0.68584
		السيرة النبوية - ت سعد ط الجيل	عبد الملك بن هشام بن أيوب الحميري المعافري أبو محمد	ShamAY	34440	0.68584
		فضائل بيت المقدس	ضياء الدين أبو عبد الله محمد بن عبد الواحد المقدسي (المتوفى: 643هـ)	ShamAY	5721	0.68575
		الأسماء المبهمة في الأنباء المحكمة	أبو بكر أحمد بن علي بن ثابت بن أحمد بن مهدي الخطيب البغدادي (المتوفى: 463هـ)	ShamAY	5815	0.68572
		مشيخة ابن الدهان - مخطوط	أبو عبد الله محمد بن عبد الرحمن بن أحمد بن عمران بن كليب السعدي ابن الدهان	ShamAY	32920	0.6857
		الجزء الأول من الفوائد العوالي والأحاديث الغرائب لابن خيرون - مخطوط	أبو الفضل أحمد بن الحسن بن خيرون المعدل	ShamAY	32946	0.68569
		من عوالي الضياء المقدسي تخريجه من الموافقات في مشايخ أحمد	ضياء الدين أبو عبد الله محمد بن عبد الواحد المقدسي (المتوفى: 643ه)	Sham19Y	30134	0.68564
		ذيل تاريخ مدينة السلام‏  - الجزء1	محمد بن سعيد ابن الدبيثي	Masaha	4452	0.68562
		فوائد حديث الحافظ عبد الغني بن سعيد الأزدي عن شيوخه	أبو محمد عبد الغني بن سعيد بن علي بن بشر بن مروان الأزدي المصري (المتوفى: 409ه)	ShamelaY19	26450	0.68556
		رسالة في آل أعين	أبي غالب الرازي	Rafed	1786	0.68553
		 بحر الدم ( في من مدحه أحمد أو ذمه ) 	 يوسف بن الحسن العدوي القرشي ( ابن المبرد ) 	ABLibrary	841	0.68552
		فوائد أبي الفرج الثقفي	أَبُو الفَرَجِ مَسْعُوْدُ بنُ الحَسَنِ الثَّقَفِيُّ الأَصْبَهَانِيُّ (المتوفى: 562هـ)	ShamAY	1377	0.68544
		ملخص من مسند أبي يوسف يعقوب بن شيبة بن الصلت من مسند عمر بن الخطاب	الواحدي :: يعقوب بن شيبة	ShamAY	33647	0.68544
		المجروحين لابن حبان (دار الوعي)	أبو حاتم محمد بن حبان البستي	ShamAY	34602	0.68535
		المعارف	أبو محمد عبد الله بن مسلم بن قتيبة الدينوري (المتوفى: 276هـ)	ShamAY	12129	0.68533
		جزء فيه أحاديث عوالي عن ثلاثة من شيوخ أحمد بن عبد الله بن عبد الرحمن بن محمد بن أحمد بن محمد بن قدامة المقدسي - مخطوط	أحمد بن عبد الله بن عبد الرحمن بن محمد بن أحمد بن محمد بن قدامة المقدسي	ShamAY	32856	0.68532
		مجلسان من الأمالي أحدهما في صفات الله لابن مردويه	أبو بكر أحمد بن موسى بن مردوية بن فورك بن موسى بن جعفر الأصبهاني (المتوفى: 410هـ)	ShamAY	26497	0.6853
		جزء فيه أحاديث أبي حامد أحمد بن محمد بن يحيى بن بلال النيسابوري الخشاب	أبو حامد أحمد بن محمد بن يحيى بن بلال النيسابوري المعروف بالخشاب (المتوفى: 330ه)	ShamelaY19	26553	0.68528
		خزانة التّواريخ النجديّة [ج ١]	عبد الله بن عبد الرحمن بن صالح آل بسام	Rafed	2163	0.68521
		تاريخ الإسلام ووفيات المشاهير والأعلام [ج ٣٥]	شمس الدين محمّد بن أحمد بن عثمان الذّهبي	Rafed	3580	0.68511
		 العقد الثمين في تاريخ البلد الأمين 	 محمد بن أحمد الفاسي 	ABLibrary	9144	0.68508
		الآحاد والمثاني لابن أبي عاصم	أبو بكر بن أبي عاصم وهو أحمد بن عمرو بن الضحاك بن مخلد الشيباني (المتوفى: 287ه)	Sham19Y	9196	0.685
		جزء فيه أربعة عشر حديثا من أربعين أحمد بن صرما	ابن صرما	ShamAY	33573	0.6849
		التدوين في أخبار قزوين‏  - الجزء1	عبد الكريم الرافعي القزويني	Masaha	4108	0.68488
		ذيل تذكرة الحفاظ للحسيني الدمشقي - ط العلمية = التراجم	أبو المحاسن الحسيني	ShamAY	38190	0.68487
		السنن الكبرى للبيهقي	أحمد بن الحسين بن علي بن موسى الخُسْرَوْجِردي الخراساني، أبو بكر البيهقي (المتوفى: 458هـ)	ShamAY	31640	0.68483
		فرائد السمطين [ج ٢]	ابراهيم بن محمّد بن المؤيّد الجويني الخراساني	Rafed	2922	0.68483
		بيان خطا البخاري في تاريخه	عبد الرحمن بن محمد بن إدريس بن المنذر التميمي، الحنظلي، الرازي ابن أبي حاتم (المتوفى: 327هـ)	ShamAY	1076	0.68476
		تاريخ بغداد وذيوله ط العلمية	أبو بكر أحمد بن علي بن ثابت بن أحمد بن مهدي الخطيب البغدادي (المتوفى: 463ه)	ShamelaY19	23764	0.68463
		ترتيب الأمالي الخميسية للشجري	يحيى بن الحسين الشجري	Sham19Y	9392	0.68463
		تذكرة الحفاظ - ط العلمية ت عميرات = التراجم	الواحدي :: الذهبي، شمس الدين	ShamAY	38192	0.68442
		الثلاثون من المشيخة البغدادية لأبي طاهر السلفي	صدر الدين، أبو طاهر السلفي أحمد بن محمد بن أحمد بن محمد بن إبراهيم سلفه الأصبهاني (المتوفى: 576ه)	ShamelaY19	30103	0.68435
		الثالث عشر من الخلعيات	علي بن الحسن بن الحسين بن محمد، أبو الحسن الخِلَعي الشافعيّ (المتوفى: 492هـ)	ShamAY	30601	0.68425
		فضائل الشّام	الناشر: دار الكتب العلميّة	Rafed	2455	0.6841
		ثلاثة مجالس من أمالي أبي القاسم بن بشران وعشرة أحاديث من حديث أبي الفرج الطناجيري - مخطوط	أبو القاسم عبد الملك بن محمد بن عبد الله بن بشْران بن محمد بن بشْران بن مهران البغدادي (المتوفى: 430هـ)	ShamAY	11431	0.68409
		مشيخة ابن الجوزي	جمال الدين أبو الفرج عبد الرحمن بن علي بن محمد الجوزي (المتوفى: 597هـ)	ShamAY	9619	0.68398
		العاشر من المصباح في عيون الصحاح	عبد الغني بن عبد الواحد بن علي بن سرور المقدسي الجماعيلي الدمشقي الحنبلي، أبو محمد، تقي الدين (المتوفى: 600ه)	ShamelaY19	30657	0.68397
		منتهى المقال في أحوال الرّجال [ج ٥]	الشيخ محمّد بن إسماعيل المازندراني	Rafed	538	0.68391
		تاريخ الإسلام ووفيات المشاهير والأعلام [ج ٣]	شمس الدين محمّد بن أحمد بن عثمان الذّهبي	Rafed	3330	0.68379
		المجروحين من المحدثين والضعفاء والمتروكين	محمد بن حبان بن أحمد بن حبان بن معاذ بن معبد، التميمي، أبو حاتم، الدارمي، البستي (المتوفى: 354ه)	Sham19Y	5834	0.68374
		الأربعين من الأحاديث النبوية عن أربعين من مشائخ الإسلام مروية - مخطوط	أحمد بن أبي بكر بن علي بن إسماعيل الحموي، ابن الرسام (المتوفى: 844ه)	Sham19Y	13129	0.68368
		مقتل أمير المؤمنين علي بن أبي طالب لابن أبي الدنيا - ط أطلس الخضراء = مقابل	أبو بكر عبد الله بن محمد ابن أبي الدنيا	ShamAY	38111	0.68367
		تاريخ الإسلام ووفيات المشاهير والأعلام [ج ١٣]	شمس الدين محمّد بن أحمد بن عثمان الذّهبي	Rafed	3397	0.68356
		الأربعون لأبي سعد النيسابوري	محمد بن يحيى بن منصور، أبو سعد، محيي الدين النيسابورى (المتوفى: 548ه)	ShamelaY19	29785	0.68351
		الآحاد والمثاني لابن أبي عاصم	أبو بكر بن أبي عاصم وهو أحمد بن عمرو بن الضحاك بن مخلد الشيباني (المتوفى: 287هـ)	ShamAY	9196	0.68344
		معجم الصحابة للبغوي	أبو القاسم عبد الله بن محمد بن عبد العزيز بن المرزبان بن سابور بن شاهنشاه البغوي (المتوفى: 317ه)	ShamelaY19	23100	0.6834
		 فرائد السمطين في فضائل المرتضى والبتول والسبطين والأئمة من ذريتهم ( ع ) 	 ابراهيم بن سعد الدين الشافعي 	ABLibrary	7629	0.68336
		منتهى المقال في أحوال الرّجال [ج ٤]	الشيخ محمّد بن إسماعيل المازندراني	Rafed	536	0.68334
		القراءة خلف الإمام للبيهقي	أحمد بن الحسين بن علي بن موسى الخُسْرَوْجِردي الخراساني، أبو بكر البيهقي (المتوفى: 458هـ)	ShamAY	1378	0.68329
		سؤالات أبي بكر الأثرم لأبي عبد الله أحمد بن حنبل - ط الفاروق	أبو بكر أحمد بن محمد بن هانيء الأثرم	ShamAY	34157	0.68326
		تذكرة الحفاظ = طبقات الحفاظ للذهبي	شمس الدين أبو عبد الله محمد بن أحمد بن عثمان بن قَايْماز الذهبي (المتوفى: 748هـ)	ShamAY	1583	0.68325
		المناهل السلسلة في الأحاديث المسلسلة	محمد عبد الباقي الأيوبي (1364 هـ)	ShamAY	33675	0.6832
		تاريخ بغداد  - الجزء1	الخطيب البغدادي	Masaha	3717	0.6832
		سنن أبي داود ت الأرنؤوط	أبو داود سليمان بن الأشعث بن إسحاق بن بشير بن شداد بن عمرو الأزدي السجستاني (المتوفى: 275ه)	ShamelaY19	117359	0.68319
		الجزء الثاني من أمالي أبي القاسم هبة الله بن محمد بن الحصين - مخطوط	أبو القاسم هبة الله بن محمد بن عبد الواحد بن أحمد بن العباس بن الحصين	ShamAY	32849	0.68315
		العبر في خبر من غبر - ت: المنجد	الواحدي :: الذهبي، شمس الدين	ShamAY	33810	0.68306
		مناقب جعفر بن أبى طالب	ضياء الدين أبو عبد الله محمد بن عبد الواحد المقدسي (المتوفى: 643هـ)	ShamAY	29937	0.68297
		ذم الكلام وأهله	أبو إسماعيل عبد الله بن محمد بن علي الأنصاري الهروي (المتوفى: 481هـ)	ShamAY	1427	0.68295
		ترتيب الأمالي الخميسية للشجري	يحيى بن الحسين الشجري	ShamAY	9392	0.68279
		العاشر من المصباح في عيون الصحاح	عبد الغني بن عبد الواحد بن علي بن سرور المقدسي الجماعيلي الدمشقي الحنبلي، أبو محمد، تقي الدين (المتوفى: 600هـ)	ShamAY	30657	0.68278
		بكاء الرسول على الإمام الحسين عليه السلام	الشيخ أحمد الماحوزي	Rafed	1527	0.68274
		من عوالي الضياء المقدسي تخريجه من الموافقات في مشايخ أحمد	ضياء الدين أبو عبد الله محمد بن عبد الواحد المقدسي (المتوفى: 643هـ)	ShamAY	30134	0.68272
		الذرية الطاهرة	أبو بشر الدولابي	Masaha	2025	0.68267
		هواتف الجنان للخرائطي	أبو بكر محمد بن جعفر بن محمد بن سهل بن شاكر الخرائطي (المتوفى: 327هـ)	ShamAY	28183	0.68241
		الدرر الكامنة في أعيان المائة الثامنة	أبو الفضل أحمد بن علي بن محمد بن أحمد بن حجر العسقلاني (المتوفى: 852ه)	Sham19Y	6674	0.6824
		المجروحين من المحدثين والضعفاء والمتروكين	محمد بن حبان بن أحمد بن حبان بن معاذ بن مَعْبدَ، التميمي، أبو حاتم، الدارمي، البُستي (المتوفى: 354هـ)	ShamAY	5834	0.68231
		التدوين في أخبار قزوين	عبد الكريم بن محمد بن عبد الكريم، أبو القاسم الرافعي القزويني (المتوفى: 623هـ)	ShamAY	7435	0.68227
		بحر الدم فيمن تكلم فيه الإمام أحمد بمدح أو ذم - ط العلمية = التراجم	يوسف بن حسن بن أحمد بن حسن ابن عبد الهادي الصالحي، جمال الدين، ابن ابن المِبْرَد الحنبلي (المتوفى: 909هـ)	ShamAY	38193	0.68224
		الخامس من الخلعيات	علي بن الحسن بن الحسين بن محمد، أبو الحسن الخِلَعي الشافعيّ (المتوفى: 492هـ)	ShamAY	30503	0.68222
		أحاديث صحيحة مما رواه مسلم بن الحجاج بين المصطفى وبينه تسعة نفر لضياء الدين المقدسي	ضياء الدين أبو عبد الله محمد بن عبد الواحد المقدسي (المتوفى: 643هـ)	ShamAY	29428	0.68216
		الأفراد للدارقطني ج 2 ط. التدمرية (385)	الدارقطني	ShamAY	38051	0.68214
		تفسير الثعلبي = الكشف والبيان عن تفسير القرآن	أحمد بن محمد بن إبراهيم الثعلبي، أبو إسحاق (المتوفى: 427ه)	ShamelaY19	23578	0.68212
		أمراء الكوفة وحكامها	محمّد علي آل خليفة	Rafed	2216	0.68209
		فرائد السمطين في فضائل المرتضى و البتول و السبطين و الأئمة من ذريتهم(ع) - الجزء1	إبراهيم بن سعد الدين الشافعي‏	Masaha	2880	0.68208
		التذكرة للحميدي (وهو مطبوع ضمن كتاب الفوائد)	محمد بن فتوح بن عبد الله بن فتوح بن حميد الأزدي الميورقي الحَمِيدي أبو عبد الله بن أبي نصر (المتوفى: 488هـ)	ShamAY	10025	0.68197
		البعث والنشور للبيهقي ت الشوامي	أبو بكر أحمد بن الحسين بن علي بن موسى البيهقي (384 - 458 ه)	ShamelaY19	147811	0.68194
		 الموسوعة الكبرى عن فاطمة الزهراء ( س ) 	 اسماعيل الأنصاري الزنجاني الخوئيني 	ABLibrary	7840	0.68185
		 خزانة التواريخ النجدية 	 عبد الله بن عبد الرحمن آل بسام 	ABLibrary	9043	0.68179
		أربعون حديثا تساعية الإسناد	تقي الدين أبو الفتح محمد بن علي بن وهب بن مطيع القشيري، المعروف بابن دقيق العيد (المتوفى: 702ه)	ShamelaY19	30246	0.68161
		الدرر الكامنة في أعيان المائة الثامنة	أبو الفضل أحمد بن علي بن محمد بن أحمد بن حجر العسقلاني (المتوفى: 852هـ)	ShamAY	6674	0.68161
		ذيل ذيل تاريخ مولد العلماء ووفياتهم	هبة الله بن أحمد بن محمد بن هبة الله، أبو محمد، الأمين، الأنصاري الدمشقيّ، ابن الأكفاني (المتوفى: 524هـ)	ShamAY	5789	0.68158
		طبقات النحويين واللغويين (سلسلة ذخائر العرب 50)	محمد بن الحسن بن عبيد الله بن مذحج الزبيدي الأندلسي الإشبيلي، أبو بكر (المتوفى: 379ه)	Sham19Y	13235	0.68155
		المصابيح	الإمام أبو العباس الحسني	Rafed	3471	0.68151
		تاريخ أسماء الثقات لابن شاهين - ط الفاروق	أبو حفص عمر بن أحمد بن عثمان البغدادي، المعروف بابن شاهين	ShamAY	34151	0.68146
		الإنابة إلى معرفة المختلف فيهم من الصحابة	علاء الدين بن قليط مغلطاي (المتوفى: 762 ه)	ShamelaY19	20761	0.68143
		عوالي الأسانيد للضياء المقدسي - مخطوط	ضياء الدين أبو عبد الله محمد بن عبد الواحد المقدسي	ShamAY	32903	0.68138
		 بغية الطلب في تاريخ حلب 	 عمر بن أحمد العقيلي الحلبي ( ابن العديم ) 	ABLibrary	814	0.68131
		من سؤالات أبي بكر أحمد بن محمد بن هانئ الأثرم أبا عبد الله أحمد بن محمد بن حنبل	أبو عبد الله أحمد بن محمد بن حنبل بن هلال بن أسد الشيباني (المتوفى: 241ه)	ShamelaY19	25873	0.68112
		سؤالات أبي بكر البرقاني لأبي الحسن الدارقطني - ط الفاروق	أبو بكر أَحمد بن محمد بن أَحمد بن غالب البرقاني	ShamAY	34158	0.68111
		الثالث من فوائد أبي عثمان البحيري	أبو عثمان سعيد بن محمد ابن أبي الحسين أحمد بن محمد بن جعفر بن محمد بن بحير البحيري، النيسابوري (المتوفى: 451ه)	ShamelaY19	29951	0.6811
		الإيثار بمعرفة رواة الآثار	أبو الفضل أحمد بن علي بن محمد بن أحمد بن حجر العسقلاني (المتوفى: 852ه)	Sham19Y	5861	0.68107
		المنتظم في تاريخ الأمم و الملوك‏ - الجزء1	أبو الفرج ابن الجوزي	Masaha	2923	0.68107
		التاسع من فوائد أبي عثمان البحيري	أَبُو عُثْمَانَ سَعِيْدُ بنُ مُحَمَّدِ ابنِ أَبِي الحُسَيْنِ أَحْمَدَ بنِ مُحَمَّدِ بنِ جَعْفَرِ بنِ مُحَمَّدِ بنِ بَحِيْرٍ البَحِيْرِيُّ، النَّيْسَابُوْرِيُّ (المتوفى: 451هـ)	ShamAY	29948	0.68104
		أحاديث ومرويات في الميزان 2 - حديث الفينة	محمد عمرو بن عبد اللطيف بن محمد بن عبد القادر بن رضوان بن سليمان بن مفتاح بن شاهين الشنقيطي (المتوفى: 1429هـ)	ShamAY	12713	0.68103
		تاريخ مدينة دمشق [ج ١٢]	أبي القاسم علي بن الحسن ابن هبة الله بن عبد الله الشافعي [ ابن عساكر ]	Rafed	1780	0.68095
		المعجم الكبير للطبراني المجلدان الثالث عشر والرابع عشر	سليمان بن أحمد بن أيوب بن مطير اللخمي الشامي، أبو القاسم الطبراني (المتوفى: 360ه)	Sham19Y	1353	0.68082
		الأربعين من الأحاديث النبوية عن أربعين من مشائخ الإسلام مروية - مخطوط	أحمد بن أبي بكر بن علي بن إسماعيل الحموي، ابن الرَّسَّام (المتوفى: 844هـ)	ShamAY	13129	0.6808
		السيرة النبوية - الجزء1	ابن هشام	Masaha	3361	0.68077
		جزء بانتخاب أبي طاهر السلفي	صدر الدين، أبو طاهر السلفي أحمد بن محمد بن أحمد بن محمد بن إبراهيم سلفه الأصبهاني (المتوفى: 576ه)	ShamelaY19	29790	0.68076
		من وافق اسمه اسم أبيه - ت: علي الحلبي	محمد بن الحسين الأزدي أبو الفتح ـ سنة الوفاة 374	ShamAY	34610	0.68068
		 ذكر أخبار أصبهان ( تاريخ أصبهان ) 	 أبي نعيم الأصبهاني 	ABLibrary	8981	0.68063
		من عوالي الضياء المقدسي تخريجه من الموافقات في مشايخ أحمد	ضياء الدين أبو عبد الله محمد بن عبد الواحد المقدسي (المتوفى: 643ه)	ShamelaY19	30134	0.68062
		خاتمة مستدرك الوسائل [ج ٧]	الشيخ حسين النوري الطبرسي [ المحدّث النوري ]	Rafed	1470	0.68053
		ذكر النار لعبد الغني المقدسي	عبد الغني بن عبد الواحد بن علي بن سرور المقدسي الجماعيلي الدمشقي الحنبلي، أبو محمد، تقي الدين (المتوفى: 600هـ)	ShamAY	1295	0.68046
		كتاب اللطائف من علوم المعارف	محمد بن عمر بن أحمد بن عمر بن محمد الأصبهاني المديني، أبو موسى (المتوفى: 581هـ)	ShamAY	29911	0.68045
		جمهرة الأجزاء الحديثية (يحتوي على 19 جزءاً حديثياً نادراً)	مجموعة من أصحاب الأجزاء الحديثية	ShamAY	9886	0.68035
		الاغتباط بمن رمي من الرواة بالاختلاط	برهان الدين الحلبي أبو الوفا إبراهيم بن محمد بن خليل الطرابلسي الشافعي سبط ابن العجمي (المتوفى: 841هـ)	ShamAY	130	0.68034
		الكفاية في معرفة أصول علم الرواية للخطيب البغدادي - ت: ماهر الفحل	أبو بكر أحمد بن علي بن ثابت الخطيب البغدادي	ShamAY	33976	0.68022
		الإيثار بمعرفة رواة الآثار	أبو الفضل أحمد بن علي بن محمد بن أحمد بن حجر العسقلاني (المتوفى: 852هـ)	ShamAY	5861	0.68021
		خزانة التواريخ النجدية  - الجزء1	عبد الله بن عبد الرحمان آل بسام	Masaha	4688	0.68019
		طبقات النحويين واللغويين (سلسلة ذخائر العرب 50)	محمد بن الحسن بن عبيد الله بن مذحج الزبيدي الأندلسي الإشبيلي، أبو بكر (المتوفى: 379هـ)	ShamAY	31755	0.68017
		المنتقى من مسموعات أبي الفضل جعفر بن عبد الواحد الثقفي - مخطوط	أبو الفضل جعفر بن عبد الواحد بن محمد بن محمود الثقفي	ShamAY	32967	0.6801
		جزء فيه أربعون حديثا من الصحاح العوالي	إسماعيل بن أحمد بن محمد أبو البركات بن أبي سعد الصوفي المعروف بشيخ الشيوخ (المتوفى: 541ه)	ShamelaY19	26862	0.68007
		ذم الملاهي (المجلس الثاني والخمسون من أمالي ابن عساكر)	ثقة الدين، أبو القاسم علي بن الحسن بن هبة الله المعروف بابن عساكر (المتوفى: 571ه)	ShamelaY19	26707	0.68003
		المجتبى من المجتنى	جمال الدين أبو الفرج عبد الرحمن بن علي بن محمد الجوزي (المتوفى: 597ه)	ShamelaY19	122409	0.68002
		من سؤالات أبي بكر أحمد بن محمد بن هانئ الأثرم أبا عبد الله أحمد بن محمد بن حنبل	أبو عبد الله أحمد بن محمد بن حنبل بن هلال بن أسد الشيباني (المتوفى: 241ه)	Sham19Y	25873	0.68001
		الحلل السندسية في الأخبار وآلاثار الأندلسية  - الجزء2	شكيب أرسلان	Masaha	4553	0.67996
		المُعْجَمُ الكَبِير للطبراني المُجَلَّدان الثَّالِثَ عَشَرَ والرابع عشر	سليمان بن أحمد بن أيوب بن مطير اللخمي الشامي، أبو القاسم الطبراني (المتوفى: 360هـ)	ShamAY	1353	0.67985
		الذريّة الطاهرة	أبي بشر محمّد بن أحمد الرازي الدولابي	Rafed	1090	0.67983
		شرح الترمذي «النفح الشذي شرح جامع الترمذي»	محمد بن محمد بن محمد بن أحمد، ابن سيد الناس، اليعمري الربعي، أبو الفتح، فتح الدين (المتوفى: 734 ه)	Sham19Y	16599	0.67979
		السيرة النبوية لابن هشام	عبد الملك بن هشام بن أيوب الحميري المعافري، أبو محمد، جمال الدين (المتوفى: 213ه)	Sham19Y	23833	0.67976
		فوائد أبي سعد البغدادي	أَبُو سَعْدٍ أَحْمَدُ بنُ مُحَمَّدِ بنِ أَحْمَدَ بنِ الحَسَنِ بنِ عَلِيِّ بنِ أَحْمَدَ بنِ سُلَيْمَانَ االبَغْدَادِيُّ الأَصْل، الأَصْبَهَانِيُّ (المتوفى: 540هـ)	ShamAY	29904	0.67972
		الثاني من فضائل عمر بن الخطاب	عبد الغني بن عبد الواحد بن علي بن سرور المقدسي الجماعيلي الدمشقي الحنبلي، أبو محمد، تقي الدين (المتوفى: 600ه)	ShamelaY19	30266	0.67965
		الأربعون في الحث على الجهاد	ثقة الدين، أبو القاسم علي بن الحسن بن هبة الله المعروف بابن عساكر (المتوفى: 571هـ)	ShamAY	5716	0.6796
		جزء بانتخاب أبي طاهر السلفي	صدر الدين، أبو طاهر السِّلَفي أحمد بن محمد بن أحمد بن محمد بن إبراهيم سِلَفَه الأصبهاني (المتوفى: 576هـ)	ShamAY	29790	0.67958
		إمتاع الأسماع بما للنبي من الأحوال والأموال والحفدة والمتاع	أحمد بن علي بن عبد القادر، أبو العباس الحسيني العبيدي، تقي الدين المقريزي (المتوفى: 845هـ)	ShamAY	1524	0.67954
		التاسع عشر من المشيخة البغدادية لأبي طاهر السلفي	صدر الدين، أبو طاهر السلفي أحمد بن محمد بن أحمد بن محمد بن إبراهيم سلفه الأصبهاني (المتوفى: 576ه)	Sham19Y	30086	0.67944
		فضل شهر رمضان لابن عساكر	ثقة الدين، أبو القاسم علي بن الحسن بن هبة الله المعروف بابن عساكر (المتوفى: 571هـ)	ShamAY	1323	0.67942
		الغنية فهرست شيوخ القاضي عياض	عياض بن موسى بن عياض بن عمرون اليحصبي السبتي، أبو الفضل (المتوفى: 544ه)	ShamelaY19	26463	0.6792
		شرح الترمذي «النفح الشذي شرح جامع الترمذي»	محمد بن محمد بن محمد بن أحمد، ابن سيد الناس، اليعمري الربعي، أبو الفتح، فتح الدين (المتوفى: 734 هـ)	ShamAY	32425	0.67906
		الأربعون لأبي سعد النيسابوري	محمد بن يحيى بن منصور، أبو سعد، محيي الدين النيسابورىّ (المتوفى: 548هـ)	ShamAY	29785	0.67897
		ذكر المصافحة لضياء الدين المقدسي	ضياء الدين أبو عبد الله محمد بن عبد الواحد المقدسي (المتوفى: 643ه)	Sham19Y	29458	0.67895
		هدية ذوي الألباب في فضائل عمر بن الخطاب لأبي الخير القزويني - مخطوط	أبو الخير أحمد بن إسماعيل الطالقاني القزويني	ShamAY	32964	0.67874
		الثالث من فوائد أبي عثمان البحيري	أبو عثمان سعيد بن محمد ابن أبي الحسين أحمد بن محمد بن جعفر بن محمد بن بحير البحيري، النيسابوري (المتوفى: 451ه)	Sham19Y	29951	0.67864
		الثاني من فضائل عمر بن الخطاب	عبد الغني بن عبد الواحد بن علي بن سرور المقدسي الجماعيلي الدمشقي الحنبلي، أبو محمد، تقي الدين (المتوفى: 600ه)	Sham19Y	30266	0.67853
		شرحُ مُسْنَد الشَّافِعيِّ	عبد الكريم بن محمد بن عبد الكريم، أبو القاسم الرافعي القزويني (المتوفى: 623هـ)	ShamAY	31730	0.6785
		تحرير تقريب التهذيب للحافظ أحمد بن علي بن حجر العسقلاني	بشار عواد معروف	ShamelaY19	127715	0.67847
		أخبار مكّة في قديم الدّهر وحديثه [ج ١]	أبي عبد الله محمّد بن إسحاق ابن العبّاس الفاكهي المكّي	Rafed	2100	0.67847
		 أخبار مكة في قديم الدهر وحديثه 	 محمد بن اسحاق ابن العباس الفاكهي المكي 	ABLibrary	8921	0.67846
		تاريخ الإسلام ووفيات المشاهير والأعلام [ج ٣٧]	شمس الدين محمّد بن أحمد بن عثمان الذّهبي	Rafed	3584	0.67838
		الدرر الكامنة في أعيان المائة الثامنة = التراجم	أبو الفضل أحمد بن علي بن محمد بن أحمد بن حجر العسقلاني (المتوفى: 852هـ)	ShamAY	38015	0.67832
		إحقاق الحقّ وإزهاق الباطل [ج ٢٨]	آية الله السيّد شهاب الدين الحسيني المرعشي النجفي	Rafed	2796	0.67827
		بشاره المصطفي (ص)	طبري ، عمادالدين ابو جعفر محمد بن ابي القاسم ( صاحب بشاره المصطفي ص - قرن ششم )	Ghbook	2476	0.678
		تاريخ ابن يونس المصري [ج ٢]	أبي سعيد عبد الرحمان بن أحمد بن يونس بن عبد الأعلى الصدفي المصري	Rafed	2365	0.67793
		طبقات المحدثين بأصبهان والواردين عليها  - الجزء1	عبد الله بن محمد أبو الشيخ	Masaha	3974	0.67785
		جزء ابن الجلابي	القَاضِي، أَبُو عَبْدِ اللهِ مُحَمَّدُ بنُ عَلِيِّ بنِ مُحَمَّدِ بنِ مُحَمَّدِ بنِ الطَّيِّبِ بنِ الجُلاَّبِيِّ - بِالضَّمِّ - الوَاسِطِيُّ، المَالِكِيُّ، المَغَازلِيُّ، المُعَدَّلُ، الشُّرُوطِيُّ (المتوفى: 542هـ)	ShamAY	1312	0.67773
		تقييد المهمل وتمييز المشكل (شيوخ البخاري المهملون)	أبو علي الحسين بن محمد الغساني وكان يَكره أن يقال له الجياني (المتوفى: 498هـ)	ShamAY	5795	0.67765
		مجلس في حديث جابر الذي رحل فيه مسيرة شهر إلى عبد الله بن أنيس	أبو عبد الله محمد بن عبد الملك بن علي القيسيّ المِنْتَوري تـ834هـ.	ShamAY	33624	0.67752
		المستخرج على المستدرك للحاكم (أملاها العراقي في مجالس)	أبو الفضل زين الدين عبد الرحيم بن الحسين بن عبد الرحمن بن أبي بكر بن إبراهيم العراقي (المتوفى: 806هـ)	ShamAY	6008	0.67748
		افتتاح القاري لصحيح البخاري لابن ناصر الدين	ابن ناصر الدين (842 هـ)	ShamAY	33545	0.67748
		صفات رب العالمين لابن المحب الصامت، من بداية (باب الرزق)، إلى نهاية (باب نزول الله جل ثناؤه يوم القيامة)	شمس الدين ابن المحب الصامت (712 ه - 789 ه)	ShamelaY19	132403	0.67734
		من أمالي أبي سعد عبد الرحمن بن حمدان النصرويي - مخطوط		ShamAY	32799	0.67729
		الكشف والبيان [ج ١]	أبو إسحاق أحمد [ الثّعلبي ]	Rafed	1643	0.67726
		مسند الإمام أحمد بن حنبل	أبو عبد الله أحمد بن محمد بن حنبل بن هلال بن أسد الشيباني (المتوفى: 241ه)	Sham19Y	98139	0.67724
		شواهد التنزيل لقواعد التفضيل [ج ١]	عبيدالله بن عبدالله بن أحمد [ الحكام الحسكاني ]	Rafed	2853	0.67717
		تسعة مجالس من أمالي طراد بن محمد الزينبي	طِرَاد بن محمد بن علي الهاشمي العباسي الزَّيْنَبي، أبو الفوارس (المتوفى: 491هـ)	ShamAY	30725	0.67701
		تحرير تقريب التهذيب للحافظ أحمد بن علي بن حجر العسقلاني	بشار عواد معروف	Sham19Y	127715	0.67695
		الجامع لعلوم الإمام أحمد - المقدمات	خالد الرباط، سيد عزت عيد [بمشاركة الباحثين بدار الفلاح]	ShamelaY19	20875	0.67693
		النشر في القراءات العشر	ابن الجزري	ShamelaY19	22642	0.67681
		تسعة مجالس من أمالي طراد بن محمد الزينبي	طراد بن محمد بن علي الهاشمي العباسي الزينبي، أبو الفوارس (المتوفى: 491ه)	ShamelaY19	30725	0.67679
		فرائد السمطين [ج ١]	ابراهيم بن محمّد بن المؤيّد الجويني الخراساني	Rafed	2903	0.67673
		السيرة النبوية لابن هشام	عبد الملك بن هشام بن أيوب الحميري المعافري، أبو محمد، جمال الدين (المتوفى: 213هـ)	ShamAY	23833	0.67672
		ذكر المصافحة لضياء الدين المقدسي	ضياء الدين أبو عبد الله محمد بن عبد الواحد المقدسي (المتوفى: 643ه)	ShamelaY19	29458	0.67668
		مسند الإمام أحمد بن حنبل	أبو عبد الله أحمد بن محمد بن حنبل بن هلال بن أسد الشيباني (المتوفى: 241هـ)	ShamAY	31623	0.67647
		الصحائف التسع لعبد الرحمن بن عمرو السماني - مخطوط		ShamAY	32762	0.67643
		 فضائل الشام 	 مجموعة مؤلفين ( ابن عبد الهادي / الربعي / السمعاني / ابن رجب / الأسيوطي ) 	ABLibrary	9152	0.67643
		مناقب الشافعي للبيهقي	أبو بكر أحمد بن الحسين البيهقي (384 - 458 ه)	ShamelaY19	22797	0.67634
		العلل ومعرفة الرجال لأحمد رواية ابنه عبد الله	أبو عبد الله أحمد بن محمد بن حنبل بن هلال بن أسد الشيباني (المتوفى: 241هـ)	ShamAY	2331	0.67626
		المسلسلات المختصرة المقدمة أمام المجالس المبتكرة	صلاح الدين أبو سعيد خليل بن كيكلدي بن عبد الله الدمشقي العلائي (المتوفى: 761هـ)	ShamAY	10778	0.67622
		الثاني من الأفراد للدارقطني	أبو الحسن علي بن عمر بن أحمد بن مهدي بن مسعود بن النعمان بن دينار البغدادي الدارقطني (المتوفى: 385ه)	ShamelaY19	30609	0.67608
		المجلس الثاني من الفوائد المدنية من حديث أبي الحسن الشافعي - مخطوط		ShamAY	32768	0.67602
		عيون الأثر في فنون المغازي والشمائل والسير	محمد بن محمد بن محمد بن أحمد، ابن سيد الناس، اليعمري الربعي، أبو الفتح، فتح الدين (المتوفى: 734هـ)	ShamAY	23653	0.67597
		التاسع عشر من المشيخة البغدادية لأبي طاهر السلفي	صدر الدين، أبو طاهر السلفي أحمد بن محمد بن أحمد بن محمد بن إبراهيم سلفه الأصبهاني (المتوفى: 576ه)	ShamelaY19	30086	0.67593
		كتاب الأربعين من مسانيد المشايخ العشرين عن الأصحاب الأربعين	أبو سعد عبد الله بن عمر بن أبي نصر القشيري (600 هـ)	ShamAY	33550	0.67587
		السنن الكبرى للبيهقي	البيهقي، أبو بكر	ShamAY	33917	0.67571
		تراثنا ـ العددان [ 63 و 64 ]	مؤسسة آل البيت عليهم السلام لإحياء التراث ـ قم	Rafed	3278	0.6757
		تاريخ بغداد وذيوله ط العلمية	أبو بكر أحمد بن علي بن ثابت بن أحمد بن مهدي الخطيب البغدادي (المتوفى: 463ه)	Sham19Y	23764	0.67561
		المرحمة الغيثية بالترجمة الليثية	أبو الفضل أحمد بن علي بن محمد بن أحمد بن حجر العسقلاني (المتوفى: 852ه)	ShamelaY19	30287	0.67552
		حديث السكن بن جميع	السكن ابن جميع، أبو محمد الحسين بن محمد بن أحمد بن جميع (المتوفى: 437ه)	ShamelaY19	27086	0.67546
		الثاني من فضائل عمر بن الخطاب	عبد الغني بن عبد الواحد بن علي بن سرور المقدسي الجماعيلي الدمشقي الحنبلي، أبو محمد، تقي الدين (المتوفى: 600هـ)	ShamAY	30266	0.67541
		ذكر شيوخ الشريف أبي الفضل ابن المهدي - مخطوط (ن)	محمد بن عبد العزيز بن العباس بن محمد بن عبد الله بن أحمد بن محمد بن عبد الله بن المهدي، أبو الفضل الهاشمي (المتوفى: 444ه)	ShamelaY19	21641	0.67538
		تاريخ بغداد - الجزء1	الخطيب البغدادي	Masaha	2730	0.67526
		مباحث في الحديث المسلسل (مطبوع مع كتاب المسلسلات المختصرة للعلائي)	أحمد أيوب محمد عبد الله الفياض	ShamAY	12284	0.67523
		الوَجَازَةُ في الأثْبَاتِ والإجَازَة	أبو صفوان ذياب بن سعد بن علي بن حمدان بن أحمد بن محفوظ آل حمدان الغامدي الأزدي نسبا، ثم الطائفي مولدا	ShamAY	32451	0.67517
		تصحيفات المحدثين	أبو أحمد الحسن بن عبد الله بن سعيد بن إسماعيل العسكري (المتوفى: 382هـ)	ShamAY	2449	0.67516
		التاسع عشر من المشيخة البغدادية لأبي طاهر السلفي	صدر الدين، أبو طاهر السِّلَفي أحمد بن محمد بن أحمد بن محمد بن إبراهيم سِلَفَه الأصبهاني (المتوفى: 576هـ)	ShamAY	30086	0.6751
		الرسالة المغنية في السكوت ولزوم البيوت	الحسن بن أحمد بن عبد الله بن البَناَّ، أبو علي، البغدادي الحنبلي (المتوفى: 471هـ)	ShamAY	6782	0.67503
		الثاني من فوائد أبي عثمان البحيري	أبو عثمان سعيد بن محمد ابن أبي الحسين أحمد بن محمد بن جعفر بن محمد بن بحير البحيري، النيسابوري (المتوفى: 451ه)	ShamelaY19	29953	0.67479
		مجلس من أمالي أبي القاسم علي بن البسري - مخطوط	أبو القاسم علي بن أحمد بن محمد بن البسري البندار	ShamAY	32863	0.67466
		الجريده في اصول انساب العلويين	حسين حسيني زرباطي	Ghbook	7181	0.67466
		فضائل شهر رمضان لعبد الغني المقدسي	عبد الغني بن عبد الواحد بن علي بن سرور المقدسي الجماعيلي الدمشقي الحنبلي، أبو محمد، تقي الدين (المتوفى: 600ه)	Sham19Y	9561	0.67463
		الجزء الأول من الفوائد الصحاح والغرائب والأفراد	عبد الرحمن بن عبيد الله بن عبد الله ابن محمد، أبو القاسم الحربي الحرفي (المتوفى: 423ه)	ShamelaY19	26584	0.67461
		إبراهيم بن محمد بن سفيان رواياته وزياداته وتعليقاته على صحيح مسلم	عبد الله بن محمد حسن دمفو	ShamAY	12158	0.67438
		احاديث المهدي من مسند أحمد	احمد ابن حنبل	Masaha	2497	0.67437
		معجم الصحابة للبغوي	أبو القاسم عبد الله بن محمد بن عبد العزيز بن المَرْزُبان بن سابور بن شاهنشاه البغوي (المتوفى: 317هـ)	ShamAY	1307	0.67427
		كتاب اللطائف من علوم المعارف	محمد بن عمر بن أحمد بن عمر بن محمد الأصبهاني المديني، أبو موسى (المتوفى: 581ه)	ShamelaY19	29911	0.67421
		مجلس أملاه أبو عبد الله أحمد بن محمد بن يوسف بن دوست العلاف - مخطوط	أبو عبد الله أحمد بن محمد بن يوسف بن دوست العلاف	ShamAY	32860	0.6742
		معجم الصحابة للبغوي - ط: مبرة الآل والأصحاب	أبو القاسم البغوي (317 هـ)	ShamAY	34636	0.67418
		أربعون حديثا تساعية الإسناد	تقي الدين أبو الفتح محمد بن علي بن وهب بن مطيع القشيري، المعروف بابن دقيق العيد (المتوفى: 702هـ)	ShamAY	30246	0.67405
		المتحابين في الله	أبو محمد موفق الدين عبد الله بن أحمد بن محمد بن قدامة الجماعيلي المقدسي ثم الدمشقي الحنبلي، الشهير بابن قدامة المقدسي (المتوفى: 620هـ)	ShamAY	6763	0.67374
		رجال الطوسي	الشيخ الطوسي	Masaha	579	0.67365
		بحر الدم فيمن تكلم فيه الإمام أحمد بمدح أو ذم	يوسف بن حسن بن أحمد بن حسن ابن عبد الهادي الصالحي، جمال الدين، ابن ابن المِبْرَد الحنبلي (المتوفى: 909هـ)	ShamAY	2994	0.67354
		السلسبيل النقي في تراجم شيوخ البيهقي	أبو الطيب نايف بن صلاح بن علي المنصوري	Sham19Y	123667	0.67346
		فوائد حديث الحافظ عبد الغني بن سعيد الأزدي عن شيوخه	أبو محمد عبد الغني بن سعيد بن علي بن بشر بن مروان الأزدي المصري (المتوفى: 409هـ)	ShamAY	26450	0.67342
		نفحات الأزهار في خلاصة عبقات الأنوار [ج ١٧]	السيّد علي الحسيني الميلاني	Rafed	472	0.67328
		تاريخ بغداد وذيوله ط العلمية	أبو بكر أحمد بن علي بن ثابت بن أحمد بن مهدي الخطيب البغدادي (المتوفى: 463هـ)	ShamAY	31579	0.6732
		جزء فيه أربعون حديثا من الصحاح العوالي	إسماعيل بن أحمد بن محمد أبو البركات بن أبي سعد الصوفي المعروف بشيخ الشيوخ (المتوفى: 541ه)	Sham19Y	26862	0.67301
		منتقى من العشرين جزءا المنتخبة (الخلعيات)	علي بن الحسن بن الحسين بن محمد، أبو الحسن الخلعي الشافعي (المتوفى: 492ه)	ShamelaY19	30340	0.67299
		السَّلسَبِيلُ النَّقِي في تَرَاجِمِ شيُوخ البَيِهَقِيّ	أبو الطيب نايف بن صلاح بن علي المنصوري	ShamAY	31745	0.67295
		المجروحين لابن حبان ت حمدي	ابن حبان	ShamelaY19	151099	0.67285
		الجامع لعلوم الإمام أحمد - المقدمات	خالد الرباط، سيد عزت عيد [بمشاركة الباحثين بدار الفلاح]	ShamAY	38864	0.67279
		الثالث والثمانون من الفوائد الأفراد (ضمن مجموع طُبع باسم «الفوائد» لابن منده!)	أبو الحسن علي بن عمر بن أحمد بن مهدي بن مسعود بن النعمان بن دينار البغدادي الدارقطني (المتوفى: 385هـ)	ShamAY	8338	0.67277
		فضل يوم عرفة لابن عساكر	ثقة الدين، أبو القاسم علي بن الحسن بن هبة الله المعروف بابن عساكر (المتوفى: 571ه)	ShamelaY19	26469	0.67272
		الجزء الأول من الفوائد الصحاح والغرائب والأفراد	عبد الرحمن بن عبيد الله بن عبد الله ابن محمد، أبو القاسم الحربي الحُرْفي (المتوفى: 423هـ)	ShamAY	26584	0.67262
		حديث ابن رزقويه	ابن رزقويه أبو الحسن محمد بن أحمد بن محمد بن أحمد بن رزق بن عبد الله بن يزيد البغدادي، البزاز (المتوفى: 412ه)	Sham19Y	30429	0.67262
		العدة للكرب والشدة لضياء الدين المقدسي	ضياء الدين أبو عبد الله محمد بن عبد الواحد المقدسي (المتوفى: 643هـ)	ShamAY	9385	0.67249
		اللطائف من دقائق المعارف في علوم الحفاظ الأعارف	محمد بن عمر بن أحمد بن عمر بن محمد الأصبهاني المديني، أبو موسى (المتوفى: 581هـ)	ShamAY	26878	0.67238
		ذكر المصافحة لضياء الدين المقدسي	ضياء الدين أبو عبد الله محمد بن عبد الواحد المقدسي (المتوفى: 643هـ)	ShamAY	29458	0.67238
		الأربعين المخرجة من مسموعات الفراوي - مخطوط	أبو عبد الله محمد بن الفضل بن أحمد الصاعدي الفراوي	ShamAY	32902	0.67236
		الأحاديث الصحاح الغرائب للمزي	عبد الرحمن بن يوسف بن الزكي عبد الرحمن زين الدين أبو الفرج (ابن الحافظ جمال الدين المزي) (المتوفى: 749هـ)	ShamAY	9709	0.67225
		أحاديث الموطأ وذكر اتفاق الرواة عن مالك واختلافهم فيه وزيادتهم ونقصانهم	أبو الحسن علي بن عمر بن أحمد بن مهدي بن مسعود بن النعمان بن دينار البغدادي الدارقطني (المتوفى: 385ه)	Sham19Y	1518	0.67221
		المجتبى من المجتنى	جمال الدين أبو الفرج عبد الرحمن بن علي بن محمد الجوزي (المتوفى: 597هـ)	ShamAY	31729	0.67219
		منتقى من العشرين جزءا المنتخبة (الخلعيات)	علي بن الحسن بن الحسين بن محمد، أبو الحسن الخلعي الشافعي (المتوفى: 492ه)	Sham19Y	30340	0.67213
		شرح السنة للبغوي	محيي السنة، أبو محمد الحسين بن مسعود بن محمد بن الفراء البغوي الشافعي (المتوفى: 516ه)	Sham19Y	7891	0.6721
		أحاديث منتخبة من مشيخة ابن صصري - مخطوط (ن)	شمس الدين، أبو القاسم الحسين ابن أبي الغنائم هبة الله بن محفوظ بن الحسن بن محمد بن الحسن بن أحمد بن الحسين بن صصرى الربعي، التغلبي، الجزري، البلدي، الدمشقي (المتوفى: 626ه)	Sham19Y	10076	0.67203
		العقد الثّمين في تاريخ البلد الأمين [ج ٢]	تقي الدين محمّد بن أحمد الحسني الفاسي المكّي	Rafed	2212	0.67198
		كتاب الأربعين في مناقب أمهات المؤمنين رحمة الله عليهن أجمعين	عبد الرحمن بن محمد بن الحسن، ابن منصور ابن عساكر الدمشقي الشافعي (المتوفى: 620ه)	Sham19Y	6596	0.67191
		ذم الملاهي (المجلس الثاني والخمسون من أمالي ابن عساكر)	ثقة الدين، أبو القاسم علي بن الحسن بن هبة الله المعروف بابن عساكر (المتوفى: 571هـ)	ShamAY	1343	0.67187
		حديث ابن رزقويه	ابن رزقويه أبو الحسن محمد بن أحمد بن محمد بن أحمد بن رزق بن عبد الله بن يزيد البغدادي، البزاز (المتوفى: 412ه)	ShamelaY19	30429	0.67178
		الأربعون البلدانية لمسافر حاجي	مسافر بن محمد بن حاجي الدمشقي (المتوفى: 420هـ)	ShamAY	30586	0.67177
		الذرية الطاهرة للدولابي	أبو بشر محمد بن أحمد بن حماد بن سعيد بن مسلم الأنصاري الدولابي الرازي (المتوفى: 310ه)	Sham19Y	13019	0.67173
		تاريخ أصبهان - الجزء1	أحمد بن عبد الله أبو نعيم	Masaha	4135	0.67166
		فوائد الكوفيين لأبي الغنائم النرسي	محمد بن علي بن ميمون، أبو الغنائم النرسي الكوفي (المتوفى: 510ه)	ShamelaY19	26588	0.67162
		تأويل ما نزل من القرآن الكريم في النبي وآله (ص)	الماهيار البزّاز	Masaha	221	0.67149
		النشر في القراءات العشر	شمس الدين أبو الخير ابن الجزري، محمد بن محمد بن يوسف (المتوفى : 833 هـ)	ShamAY	22642	0.67144
		شرح السنة للبغوي	محيي السنة، أبو محمد الحسين بن مسعود بن محمد بن الفراء البغوي الشافعي (المتوفى: 516هـ)	ShamAY	1533	0.67137
		ذيل تذكرة الحفاظ للحسيني	شمس الدين أبو المحاسن محمد بن علي بن الحسن بن حمزة الحسيني الدمشقي الشافعي (المتوفى: 765هـ)	ShamAY	7307	0.67134
		ترجمة الامام الحسن عليه السلام	ابن سعد	Rafed	246	0.67134
		المصباح في عيون الصحاح	عبد الغني بن عبد الواحد بن علي بن سرور المقدسي الجماعيلي الدمشقي الحنبلي، أبو محمد، تقي الدين (المتوفى: 600هـ)	ShamAY	29794	0.67132
		مسند الإمام أحمد بن حنبل	أبو عبد الله أحمد بن محمد بن حنبل بن هلال بن أسد الشيباني (المتوفى: 241ه)	ShamelaY19	98139	0.67131
		فوائد الكوفيين لأبي الغنائم النرسي	محمد بن علي بن ميمون، أبو الغنائم النَّرْسِي الكوفي (المتوفى: 510هـ)	ShamAY	26588	0.67107
		نقد الرجال [ج ٤]	السيد مصطفى بن الحسين الحسيني التفرشي	Rafed	139	0.67107
		جزء فيه أمالي من إملاء الإمام أبي الحسن عبد الغافر بن إسماعيل الفارسي	عبد الغافر بن إسماعيل بن عبد الغافر ابن محمد الفارسيّ (المتوفى: 529هـ)	ShamAY	26558	0.67104
		التهذيب في اختصار المدونة	خلف بن أبي القاسم محمد، الأزدي القيرواني، أبو سعيد ابن البراذعي المالكي (المتوفى: 372هـ)	ShamAY	8487	0.67095
		الدرّ الكمين بذيل العقد الثمين في تاريخ البلد الأمين [ج ٢]	عمر ابن فهد الهاشمي المكّي	Rafed	2206	0.67095
		جامع المسانيد للخوارزمي	أبو المؤيد محمد بن محمد الخوارزمي (665 هـ)	ShamAY	34122	0.67094
		المصباح في عيون الصحاح	عبد الغني بن عبد الواحد بن علي بن سرور المقدسي الجماعيلي الدمشقي الحنبلي، أبو محمد، تقي الدين (المتوفى: 600ه)	Sham19Y	29794	0.67089
		العروس المجلية في أسانيد الحديث المسلسل بالأولية - لقاء العشر الأواخر بالمسجد الحرام (15)	محمد بن أحمد بن محمد بن خير الله، أبو الفضل، صفيّ الدين الحنفي الأثري الحسيني البخاري (المتوفى: 1200 هـ)	ShamAY	32399	0.67088
		مشارق الأنوار الوهاجة ومطالع الأسرار البهاجة في شرح سنن الإمام ابن ماجه	محمد بن علي بن آدم بن موسى	ShamAY	32195	0.6707
		المحدثون من آل ابي طالب	سيدمهدي رجايي	Ghbook	15627	0.67067
		أحاديث في ذم الكلام وأهله انتخبها الإمام أبو الفضل المقرئ من رد أبي عبد الرحمن السلمي على أهل الكلام	أبو الفضل عبد الرحمن بن أحمد بن الحسن الرازي المقرىء (المتوفى: 454هـ)	ShamAY	26462	0.67063
		الترغيب في الدعاء والحث عليه لعبد الغني المقدسي	عبد الغني بن عبد الواحد بن علي بن سرور المقدسي الجماعيلي الدمشقي الحنبلي، أبو محمد، تقي الدين (المتوفى: 600هـ)	ShamAY	6749	0.67044
		الرباعي في الحديث لعبدالغني بن سعيد	أبو محمد عبد الغني بن سعيد بن علي بن بشر بن مروان الأزدي المصري (المتوفى: 409ه)	ShamelaY19	26844	0.67043
		 الدر الكمين بذيل العقد الثمين في تاريخ البلد الأمين 	 عمر بن محمد ابن فهد 	ABLibrary	9064	0.67043
		الحث على حفظ العلم وذكر كبار الحفاظ	جمال الدين أبو الفرج عبد الرحمن بن علي بن محمد الجوزي (المتوفى: 597ه)	ShamelaY19	22340	0.6703
		تفسير الثعلبي = الكشف والبيان عن تفسير القرآن	أحمد بن محمد بن إبراهيم الثعلبي، أبو إسحاق (المتوفى: 427هـ)	ShamAY	23578	0.67029
		الجواهر الغوالي في ذكر الأسانيد العوالي للبديري - مخطوط (ن)	محمد بن محمد بن محمد بن أحمد البديري الحسيني، الدمياطيّ الأشعري الشافعيّ، أبو حامد (المتوفى: 1140هـ)	ShamAY	10632	0.67026
		الأحاديث الضعيفة التي عليها العمل عند كثير من أهل العلم نماذج تطبيقية في أبواب العبادات	محمد رشيد عاشور	ShamAY	34118	0.67026
		 المصابيح 	 الإمام أبو العباس الحسني 	ABLibrary	8601	0.67026
		الفهرست	الشيخ الطوسي	Masaha	2324	0.67022
		المقتنى في سرد الكنى	شمس الدين أبو عبد الله محمد بن أحمد بن عثمان بن قايماز الذهبي (المتوفى: 748ه)	Sham19Y	7271	0.67021
		أحاديث عوالي وفوائد منتقاة وإنشادات	علي بن محمد بن علي بن محمد بن أحمد أبو القاسم التيمي الكوفي المعروف بابن الأذلاني (المتوفى: 470ه)	ShamelaY19	29769	0.67017
		منتقى من العشرين جزءا المنتخبة (الخلعيات)	علي بن الحسن بن الحسين بن محمد، أبو الحسن الخِلَعي الشافعيّ (المتوفى: 492هـ)	ShamAY	30340	0.67012
		 فضائل أمير المؤمنين ( ع ) 	 ابن عقدة الكوفي 	ABLibrary	7899	0.67011
		الفجر الساطع على الصحيح الجامع	محمد الفضيل بن محمد الفاطمي الشبيهي	ShamAY	35955	0.6701
		جزء فيه أمالي من إملاء الإمام أبي الحسن عبد الغافر بن إسماعيل الفارسي	عبد الغافر بن إسماعيل بن عبد الغافر ابن محمد الفارسي (المتوفى: 529ه)	ShamelaY19	26558	0.67009
		جزء فيه أمالي من إملاء الإمام أبي الحسن عبد الغافر بن إسماعيل الفارسي	عبد الغافر بن إسماعيل بن عبد الغافر ابن محمد الفارسي (المتوفى: 529ه)	Sham19Y	26558	0.67007
		محمد بن أبي بكر الصديق حياته وأحواله زمن الفتنة	نضال دويكات	ShamAY	35889	0.67004
		المقتنى في سرد الكنى	شمس الدين أبو عبد الله محمد بن أحمد بن عثمان بن قَايْماز الذهبي (المتوفى: 748هـ)	ShamAY	7271	0.67002
		فوائد أبي عبد الله الفراء	محمد بن الفضل بن نظيف أبو عبد الله المصري الفراء (المتوفى: 431ه)	ShamelaY19	29767	0.6699
		 الإيمان 	 محمد بن إسحاق بن محمد بن يحيى ( ابن منده ) 	ABLibrary	8355	0.66971
		كتاب تاريخ أصبهان [ج ٢]	أبي نعيم أحمد بن عبدالله بن أحمد بن إسحاق ابن موسى بن مهران المهراني الأصبهاني	Rafed	2253	0.66962
		فرحة الغري بصرحة القري‏	السيد عبد الكريم بن طاووس‏	Masaha	2869	0.66933
		جزء من حديث سعدان بن نصر المخرمي منتقى من الجزء الرابع من حديثه عن شيوخه	أبو عثمان سعدان بن نصر بن منصور المخرمي - المتوفى سنة 265 هـ	ShamAY	35222	0.66927
		فضل شرف علم الحديث وأهله	العراقي، زين الدين	ShamAY	37282	0.66915
		سنن ابن ماجه ت الأرنؤوط	ابن ماجة - وماجة اسم أبيه يزيد - أبو عبد الله محمد بن يزيد القزويني (المتوفى: 273هـ)	ShamAY	31622	0.66907
		الفوائد الحسان العوالي المنتقاة من الأمالي لأبي الحسين ابن بشران - مخطوط	أبو الحسين علي بن محمد بن عبد الله بن بشران المعدل	ShamAY	32879	0.66896
		من حديث أبي عبد الرحمن عبد الله بن يزيد المقرئ مما وافق رواية الإمام أحمد بن حنبل في المسند	ضياء الدين أبو عبد الله محمد بن عبد الواحد المقدسي (المتوفى: 643ه)	ShamelaY19	26733	0.66886
		الذرية الطاهرة للدولابي	أبو بِشْر محمد بن أحمد بن حماد بن سعيد بن مسلم الأنصاري الدولابي الرازي (المتوفى: 310هـ)	ShamAY	13019	0.66881
		عوالي مالك رواية أبي أحمد الحاكم	أبو أحمد محمد بن محمد بن أحمد بن إسحاق النيسابوري الكرابيسي المعروف بالحاكم الكبير (المتوفى: 378ه)	ShamelaY19	26365	0.66879
		الحافظ محمد بن أحمد بن أبي الفوارس وأقواله في الرجال	د. غالب بن محمد أبو القاسم الحامضي	ShamAY	35871	0.66877
		الرحلة في طلب الحديث للخطيب البغدادي	أبو بكر أحمد بن علي بن ثابت بن أحمد بن مهدي الخطيب البغدادي (المتوفى: 463هـ)	ShamAY	13020	0.66874
		من حديث أبي عبد الرحمن عبد الله بن يزيد المقرئ مما وافق رواية الإمام أحمد بن حنبل في المسند	ضياء الدين أبو عبد الله محمد بن عبد الواحد المقدسي (المتوفى: 643هـ)	ShamAY	26733	0.66868
		نقد الرجال [ج ٣]	السيد مصطفى بن الحسين الحسيني التفرشي	Rafed	138	0.66864
		جزء تمثال نعل النبي صلى الله عليه وسلم	أبو اليمن عبد الصمد بن عبد الوهاب بن عساكر (686 هـ)	ShamAY	33608	0.6686
		تعليقة على العلل لابن أبي حاتم	شمس الدين محمد بن أحمد بن عبد الهادي بن يوسف الدمشقي الحنبلي (المتوفى: 744هـ)	ShamAY	11569	0.66839
		كتاب الأربعين في مناقب أمهات المؤمنين رحمة الله عليهن أجمعين	عبد الرحمن بن محمد بن الحسن، ابن منصور ابن عساكر الدمشقيّ الشافعي (المتوفى: 620هـ)	ShamAY	6596	0.66837
		المصباح في عيون الصحاح	عبد الغني بن عبد الواحد بن علي بن سرور المقدسي الجماعيلي الدمشقي الحنبلي، أبو محمد، تقي الدين (المتوفى: 600ه)	ShamelaY19	29794	0.66829
		فضائل شهر رمضان لعبد الغني المقدسي	عبد الغني بن عبد الواحد بن علي بن سرور المقدسي الجماعيلي الدمشقي الحنبلي، أبو محمد، تقي الدين (المتوفى: 600هـ)	ShamAY	9561	0.66829
		 العقد الثمين في تاريخ البلد الأمين 	 محمد بن أحمد الفاسي 	ABLibrary	9142	0.66828
		الأربعون من مسانيد المشايخ العشرين للقشيري	أَبُو سَعْدٍ عَبْدُ اللهِ بْنُ أَبِي حَفْصٍ عُمَرَ بنِ أَحْمَدَ بنِ مَنْصُوْرٍ ابْنِ فَقِيْهِ خُرَاسَانَ مُحَمَّدِ بنِ القَاسِمِ بنِ حَبِيْبِ ابْنِ الصَّفَّارِ النَّيْسَابُوْرِيُّ، الشَّافِعِيُّ (المتوفى: 600هـ)	ShamAY	9376	0.66804
		جزء يشتمل على ثمانية وخمسين حديثا وعلى أثر وعلى موعظة	الحسن بن عمر بن عيسى بن خليل بن إبراهيم الدمشقي الفراش البكاري أبو علي وأبو محمد المعروف بالكردي (المتوفى: 720ه)	ShamelaY19	27085	0.66779
		علل الدارقطني = العلل الواردة في الأحاديث النبوية	أبو الحسن علي بن عمر بن أحمد بن مهدي بن مسعود بن النعمان بن دينار البغدادي الدارقطني (المتوفى: 385هـ)	ShamAY	9082	0.66772
		العوالي الموافقات للأصبهاني	إسماعيل بن محمد بن الفضل بن علي القرشي الطليحي التيمي الأصبهاني، أبو القاسم، الملقب بقوام السنة (المتوفى: 535ه)	ShamelaY19	29900	0.66762
		فهارس الشيعه: فهرست ابن الوليد القمي	مهدي خداميان آراني	Ghbook	15581	0.66755
		الدعوات الكبير	أحمد بن الحسين بن علي بن موسى الخُسْرَوْجِردي الخراساني، أبو بكر البيهقي (المتوفى: 458هـ)	ShamAY	8970	0.66751
		مقتل الحسين للخوارزمي [ج ١]	أبي المؤيّد بن أحمد المكّي أخطب خوارزم [ خوارزمي ]	Rafed	3228	0.66747
		مسند المقلين من الأمراء والسلاطين لتمام بن محمد الدمشقي	أبو القاسم تمام بن محمد بن عبد الله بن جعفر بن عبد الله بن الجنيد البجلي الرازي ثم الدمشقي (المتوفى: 414هـ)	ShamAY	13164	0.66744
		جامع بيان العلم وفضله - مؤسسة الريان	أبو عمر يوسف بن عبد الله بن عبد البر النمري القرطبي	ShamAY	33956	0.66731
		فضائل الشام ودمشق لأبي الحسن الربعي	علي بن محمد بن صافي بن شجاع الربعي، أبو الحسن، ويعرف بابن أبي الهول (المتوفى: 444هـ)	ShamAY	26527	0.6673
		الجزء الأول من معجم أسامي مشايخ أبي علي الحداد - مخطوط	أبو علي الحسن بن أحمد بن الحسن الحداد المقرئ	ShamAY	32841	0.66712
		مجلس من أمالي النجاد رواية المحاملي	أبو بكر النجاد، أحمد بن سلمان بن الحسن بن إسرائيل بن يونس البغدادي (المتوفى: 348ه)	ShamelaY19	29865	0.6671
		معرفة أسامي أرداف النبي صلى الله عليه وسلم	يحيى بن عبد الوهاب بن محمد ابن إسحاق بن محمد بن يحيى العبدي الأصبهاني، أبو زكريا، ابن منده (المتوفى: 511ه)	Sham19Y	5806	0.66704
		 تاريخ بناكتى ( روضة اولى الالباب في معرفة التواريخ والانساب ) 	 داود بن محمد بناكتى ( فخر البناكتى ) ( تعريب : محمد عبد الكريم علي ) 	ABLibrary	8164	0.66696
		فضائل الشام ودمشق لأبي الحسن الربعي	علي بن محمد بن صافي بن شجاع الربعي، أبو الحسن، ويعرف بابن أبي الهول (المتوفى: 444ه)	ShamelaY19	26527	0.66695
		المستفاد من مبهمات المتن والإسناد	أبو زرعة أحمد بن عبد الرحيم العراقي (826 هـ)	ShamAY	34015	0.66691
		التاريخ الكبير المعروف بتاريخ ابن أبي خيثمة - السفر الثالث	أبو بكر أحمد بن أبي خيثمة (المتوفى: 279هـ)	ShamAY	8477	0.66679
		الثاني من فوائد أبي عثمان البحيري	أَبُو عُثْمَانَ سَعِيْدُ بنُ مُحَمَّدِ ابنِ أَبِي الحُسَيْنِ أَحْمَدَ بنِ مُحَمَّدِ بنِ جَعْفَرِ بنِ مُحَمَّدِ بنِ بَحِيْرٍ البَحِيْرِيُّ، النَّيْسَابُوْرِيُّ (المتوفى: 451هـ)	ShamAY	29953	0.66673
		تنبيه الهاجد إلى ما وقع من النظر فى كتب الأماجد	أبو إسحاق الحويني الأثري حجازي محمد شريف	Sham19Y	9833	0.66658
		المختلطين للعلائي	صلاح الدين أبو سعيد خليل بن كيكلدي بن عبد الله الدمشقي العلائي (المتوفى: 761هـ)	ShamAY	25846	0.6665
		فضائل الشام للسمعاني	عبد الكريم بن محمد بن منصور التميمي السمعاني المروزي، أبو سعد (المتوفى: 562هـ)	ShamAY	1298	0.66648
		المرحمة الغيثية بالترجمة الليثية	أبو الفضل أحمد بن علي بن محمد بن أحمد بن حجر العسقلاني (المتوفى: 852هـ)	ShamAY	30287	0.66646
		مجلسان من أمالي أبي محمد الجوهري	الحسن بن علي بن محمد، أبو محمد الجوهري (المتوفى: 454ه)	ShamelaY19	29771	0.66642
		حديث أبي نصر اليونارتي	أَبُو نَصْرٍ الحَسَنُ بنُ مُحَمَّدِ بنِ إِبْرَاهِيْمَ بن أَحْمَدَ بنِ عَلِيٍّ اليُونَارتِي، الأَصْبَهَانِيّ (المتوفى: 527هـ)	ShamAY	29782	0.6664
		الأربعون البلدانية لمسافر حاجي	مسافر بن محمد بن حاجي الدمشقي (المتوفى: 420ه)	ShamelaY19	30586	0.66636
		شذرات الذهب في أخبار من ذهب - ابن العماد	ابن العِماد الحنبلي	ShamAY	34625	0.66636
		الرّوض الباسم في تراجم شيوخ الحاكم	أبو الطيب نايف بن صلاح بن علي المنصوري	ShamAY	32174	0.66631
		مجلس من حديث أبي الشيخ بن حيان الأصبهاني وغيره - مخطوط	أبو محمد عبد الله بن محمد بن جعفر بن حيان أبو الشيخ الأصبهاني	ShamAY	32942	0.6663
		من حديث ابن مندة والشيرازي لعائشة بنت الحسن الوركاني - مخطوط	عائشة بنت الحسن بن إبراهيم الوركاني	ShamAY	32897	0.66621
		عوالي مالك رواية أبي أحمد الحاكم	أبو أحمد محمد بن محمد بن أحمد بن إسحاق النيسابوري الكرابيسي المعروف بالحاكم الكبير (المتوفى: 378هـ)	ShamAY	1315	0.66618
		الموافقات العوالي للضياء المقدسي_1	ضياء الدين أبو عبد الله محمد بن عبد الواحد المقدسي (المتوفى: 643ه)	ShamelaY19	30021	0.66605
		مقتل الحسين عليه السلام - الجزء1	الخطيب الخوارزمي	Masaha	3218	0.66597
		عوالي مالك رواية عمر بن الحاجب	عمر بن محمد بن منصور الأميني، أبو حفص، عز الدين، المعروف بابن الحاجب (المتوفى: 630ه)	ShamelaY19	26370	0.66586
		الأحاديث التى أوردها الحافظ ابن حجر العسقلانى رحمه الله فى فتح البارى	عاطف عبد الحميد	ShamAY	37309	0.66581
		الثالث من أمالي ابن الصلاح	تقي الدين أبي عمرو عثمان بن عبد الرحمن الشهرزوري الشهير بابن الصلاح	ShamAY	33711	0.66578
		تَنْبِيهُ الهَاجِدْ إلَى مَا وَقَعَ مِنَ النَّظَرِ فى كُتُبِ الأَمَاجِدِ	أبو إسحاق الحويني الأثري حجازي محمد شريف	ShamAY	9833	0.66577
		ثلاثة مجالس من أمالي أبي سعيد النقاش	أبو سعيد محمد بن علي بن عمر بن مهدي الأصبهاني الحنبلي النقاش (المتوفى: 414هـ)	ShamAY	29747	0.66574
		اللطائف من دقائق المعارف في علوم الحفاظ الأعارف	محمد بن عمر بن أحمد بن عمر بن محمد الأصبهاني المديني، أبو موسى (المتوفى: 581ه)	ShamelaY19	26878	0.66573
		خمسة أحاديث مسلسلات لضياء الدين المقدسي	ضياء الدين أبو عبد الله محمد بن عبد الواحد المقدسي (المتوفى: 643ه)	ShamelaY19	29449	0.66531
		الرابع من فوائد أبي عثمان البحيري	أبو عثمان سعيد بن محمد ابن أبي الحسين أحمد بن محمد بن جعفر بن محمد بن بحير البحيري، النيسابوري (المتوفى: 451ه)	ShamelaY19	29959	0.66525
		سؤالات الحافظ السِلفِي لخميس الحَوزي عن جماعة من أهل واسط	خميس بن علي بن أحمد، أبو الكرم الواسطي الحوزي (المتوفى: 510هـ)	ShamAY	38026	0.66503
		ثلاثة مجالس من أمالي أبي سعيد النقاش	أبو سعيد محمد بن علي بن عمر بن مهدي الأصبهاني الحنبلي النقاش (المتوفى: 414ه)	ShamelaY19	29747	0.66497
		مجلس من أمالي ابن منده رواية ابنه عبد الرحمن - مخطوط (ن)	أبو عبد الله محمد بن إسحاق بن محمد بن يحيى بن منده العبدي (المتوفى: 395ه)	ShamelaY19	21663	0.66487
		منتقى من حديث ابن مخلد وغيره رواية ابن طبرزد	ابن طبرزد عمر بن محمد بن معمر أبو حفص المؤدب (607 هـ)	ShamAY	33594	0.66479
		 فرائد السمطين في فضائل المرتضى والبتول والسبطين والأئمة من ذريتهم ( ع ) 	 ابراهيم بن سعد الدين الشافعي 	ABLibrary	7628	0.66476
		الفوائد الحسان الصحاح والغرائب	علي بن الحسن بن الحسين بن محمد، أبو الحسن الخلعي الشافعي (المتوفى: 492ه)	ShamelaY19	29775	0.6647
		الثالث من فوائد أبي عثمان البحيري	أَبُو عُثْمَانَ سَعِيْدُ بنُ مُحَمَّدِ ابنِ أَبِي الحُسَيْنِ أَحْمَدَ بنِ مُحَمَّدِ بنِ جَعْفَرِ بنِ مُحَمَّدِ بنِ بَحِيْرٍ البَحِيْرِيُّ، النَّيْسَابُوْرِيُّ (المتوفى: 451هـ)	ShamAY	29951	0.66469
		فضائل مكة لأبي سعيد الجندي	أبو سعيد المفضل بن محمد الجندي (المتوفى: 308 ه)	ShamelaY19	143167	0.66425
		الجزء الثاني من المشيخة البغدادية	صدر الدين، أبو طاهر السلفي أحمد بن محمد بن أحمد بن محمد بن إبراهيم سلفه الأصبهاني (المتوفى: 576ه)	ShamelaY19	30623	0.66415
		مجلس إملاء في رؤية الله تعالى للدقاق	أَبُو عَبْدِ اللهِ مُحَمَّدُ بنُ عَبْدِ الوَاحِدِ بنِ مُحَمَّدٍ الأَصْبَهَانِيّ، الدَّقَّاق (المتوفى: 516هـ)	ShamAY	9594	0.66406
		أمالي أبي يعلى الفراء	القاضي أبو يعلى، محمد بن الحسين بن محمد بن خلف المعروف ب ابن الفراء (المتوفى: 458ه)	ShamelaY19	29876	0.66402
		الوقوف على الموقوف على صحيح مسلم	أبو الفضل أحمد بن علي بن محمد بن أحمد بن حجر العسقلاني (المتوفى: 852هـ)	ShamAY	5993	0.66402
		تاريخ الإسلام ووفيات المشاهير والأعلام [ج ٤٦]	شمس الدين محمّد بن أحمد بن عثمان الذّهبي	Rafed	3640	0.66394
		أحاديث الموطأ وذكر اتفاق الرواة عن مالك واختلافهم فيه وزيادتهم ونقصانهم	أبو الحسن علي بن عمر بن أحمد بن مهدي بن مسعود بن النعمان بن دينار البغدادي الدارقطني (المتوفى: 385هـ)	ShamAY	1518	0.66384
		الجزء الثاني من المشيخة البغدادية	صدر الدين، أبو طاهر السِّلَفي أحمد بن محمد بن أحمد بن محمد بن إبراهيم سِلَفَه الأصبهاني (المتوفى: 576هـ)	ShamAY	30623	0.66378
		الرسالة المستطرفة لبيان مشهور كتب السنة المشرفة	أبو عبد الله محمد بن أبي الفيض جعفر بن إدريس الحسني الإدريسي الشهير بـ الكتاني (المتوفى: 1345هـ)	ShamAY	7636	0.66373
		فهارس الشيعه: فهرست الشيخ الصدوق	مهدي خداميان آراني	Ghbook	15586	0.66371
		عوالي مالك رواية أبي اليمن الكندي	زيد بن الحسن بن زيد بن سعيد الحميري، من ذي رعين، أبو اليمن، تاج الدين الكندي (المتوفى: 613ه)	ShamelaY19	26366	0.66369
		الناسخ والمنسوخ	أبي عبيد القاسم بن سلام الهروي	Rafed	1306	0.66367
		فهارس الشيعه: فهرست عبدالله بن جعفر الحميري	مهدي خداميان آراني	Ghbook	15585	0.66366
		موارد الظمآن إلى زوائد ابن حبان ت حسين أسد	أبو الحسن نور الدين علي بن أبي بكر بن سليمان الهيثمي (المتوفى: 807ه)	ShamelaY19	98126	0.66346
		عوالي مالك رواية عمر بن الحاجب	عمر بن محمد بن منصور الأميني، أبو حفص، عز الدين، المعروف بابن الحاجب (المتوفى: 630هـ)	ShamAY	1317	0.66338
		ذكر شيوخ الشريف أبي الفضل ابن المهدي - مخطوط (ن)	محمد بن عبد العزيز بن العباس بن محمد بن عبد الله بن أحمد بن محمد بن عبد الله بن المهدي، أبو الفضل الهاشمي (المتوفى: 444هـ)	ShamAY	21641	0.66332
		أمالي الأذكار في فضل صلاة التسبيح	أبو الفضل أحمد بن علي بن محمد بن أحمد بن حجر العسقلاني (المتوفى: 852ه)	ShamelaY19	29563	0.66317
		الثاني من أمالي أبي الحسين بن بشران	علي بن محمد بن عبد الله بن بشران الأموي أبو الحسين البغدادي المعدل (المتوفى: 415ه)	ShamelaY19	30399	0.66314
		الخلافيات بين الإمامين الشافعي وأبي حنيفة وأصحابه ت النحال	أبو بكر البيهقي (384 ه - 458 ه)	ShamelaY19	131336	0.66309
		السادس من فوائد أبي عثمان البحيري	أبو عثمان سعيد بن محمد ابن أبي الحسين أحمد بن محمد بن جعفر بن محمد بن بحير البحيري، النيسابوري (المتوفى: 451ه)	ShamelaY19	29961	0.66305
		نظم اللآلي بالمائة العوالي	أبو الفضل أحمد بن علي بن محمد بن أحمد بن حجر العسقلاني (المتوفى: 852هـ)	ShamAY	12865	0.66304
		عشرة أحاديث موافقات عوال لعبد الله بن أحمد المقدسي - مخطوط		ShamAY	32782	0.66304
		مجموع أجزاء حديثية	مجموعة من المؤلفين	ShamAY	35229	0.66296
		فضل يوم عرفة لابن عساكر	ثقة الدين، أبو القاسم علي بن الحسن بن هبة الله المعروف بابن عساكر (المتوفى: 571هـ)	ShamAY	1324	0.6629
		مدرسة الحديث في مصر	محمد رشاد خليفة	Sham19Y	9974	0.66277
		مدرسة الحديث في مصر	محمد رشاد خليفة	ShamAY	9974	0.66258
		 توضيح الأسناد المشكلة في الكتب الأربعة 	 السيد محمد جواد الشبيري الزنجاني 	ABLibrary	9772	0.66256
		الفوائد الحسان الصحاح والغرائب	علي بن الحسن بن الحسين بن محمد، أبو الحسن الخِلَعي الشافعيّ (المتوفى: 492هـ)	ShamAY	29775	0.66234
		المجلس الخمسون والحادي والستون من أمالي الضبي - مخطوط	أبو عبد الله الحسين بن هارون الضبي	ShamAY	32899	0.6623
		تاريخ الإسلام ووفيات المشاهير والأعلام [ج ١٤]	شمس الدين محمّد بن أحمد بن عثمان الذّهبي	Rafed	3398	0.66229
		دلائل النبوة للبيهقي مخرجا	أحمد بن الحسين بن علي بن موسى الخسروجردي الخراساني، أبو بكر البيهقي (المتوفى: 458ه)	Sham19Y	13115	0.66224
		أسباب النزول ـ ت الفحل	أبو الحسن علي بن أحمد بن محمد بن علي الواحدي، النيسابوري	ShamAY	36736	0.66222
		الإصابة في تمييز الصحابة [ج ٨]	أحمد بن علي بن حجر العسقلاني	Rafed	3428	0.66221
		إحقاق الحقّ وإزهاق الباطل [ج ٢٧]	آية الله السيّد شهاب الدين الحسيني المرعشي النجفي	Rafed	2795	0.66213
		الجزء الثاني من العوالي والفوائد المنتقاة عن مشائخ ابن النشو - مخطوط	شرف الدين أبو الفتح محمد بن عبد الرحيم بن عباس القرشي ابن النشو	ShamAY	32918	0.6621
		كتاب وفيات الونشريسى	أحمد بن يحيى بن محمد الونشريسي التلمساني، أبو العباس المالكي (المتوفى: 914هـ)	ShamAY	34655	0.66204
		جزء فيه أربعون حديثا من الصحاح العوالي	إسماعيل بن أحمد بن محمد أبو البركات بن أبي سعد الصوفي المعروف بشيخ الشيوخ (المتوفى: 541هـ)	ShamAY	1369	0.66171
		من كلام أبي زكريا يحيى بن معين في الرجال - ط الفاروق	أبو خالد يزيد بن الهيثم بن طهمان الدقاق	ShamAY	34170	0.66168
		أحاديث مقتبسة من الأربعين المسلسلة	شَرَفُ الدِّيْنِ، عَلِيُّ بنُ المُفَضَّلِ بنِ عَلِيِّ بنِ مُفَرِّجِ بنِ حَاتِمِ بنِ حَسَنِ بنِ جَعْفَرٍ المَقْدِسِيُّ (المتوفى: 611هـ)	ShamAY	30243	0.66166
		المطالب العالية بزوائد المسانيد الثمانية	أبو الفضل أحمد بن علي بن محمد بن أحمد بن حجر العسقلاني (المتوفى: 852ه)	ShamelaY19	37618	0.66144
		ثلاثة مجالس من أمالي ابن مردويه	أبو بكر أحمد بن موسى بن مردوية بن فورك بن موسى بن جعفر الأصبهاني (المتوفى: 410هـ)	ShamAY	8275	0.6614
		جزء يشتمل على ثمانية وخمسين حديثا وعلى أثر وعلى موعظة	الحسن بن عمر بن عيسى بن خليل بن إبراهيم الدمشقي الفراش البكاري أبو علي وأبو محمد المعروف بالكردي (المتوفى: 720هـ)	ShamAY	27085	0.66131
		أسماء من عاش ثمانين سنة بعد شيخه أو بعد سماعه	الذهبي، شمس الدين	ShamAY	34571	0.66122
		 مقتل الحسين ( ع ) 	 الموفق الخوارزمي 	ABLibrary	7774	0.66121
		شواهد التنزيل لقواعد التفضيل - الجزء1	الحاكم الحسكاني	Masaha	2296	0.66119
		الفوائد الطريفه	عبدالله الافندي الاصفهاني	Ghbook	15603	0.66118
		فوائد أبي عبد الله الفراء	محمد بن الفضل بن نظيف أبو عبد الله المصري الفراء (المتوفى: 431هـ)	ShamAY	29767	0.661
		نظم العقيان في أعيان الأعيان	عبد الرحمن بن أبي بكر، جلال الدين السيوطي (المتوفى: 911هـ)	ShamAY	9061	0.66096
		سباعيات تخريج أبي البركات بن ملاعب - مخطوط	أبو البركات داود بن أحمد بن محمد بن منصور بن ملاعب البغدادي	ShamAY	32961	0.66091
		العوالي الموافقات للأصبهاني	إسماعيل بن محمد بن الفضل بن علي القرشي الطليحي التيمي الأصبهاني، أبو القاسم، الملقب بقوام السنة (المتوفى: 535هـ)	ShamAY	29900	0.66084
		خاتمة مستدرك الوسائل [ج ٥]	الشيخ حسين النوري الطبرسي [ المحدّث النوري ]	Rafed	1468	0.66082
		بعض مجالس من تخريج الأذكار الواردة عن رسول الله صلى الله عليه و سلم	ابن حجر العسقلاني	ShamAY	33066	0.66066
		نزهة الألباء في طبقات الأدباء	عبد الرحمن بن محمد بن عبيد الله الأنصاري، أبو البركات، كمال الدين الأنباري (المتوفى: 577هـ)	ShamAY	3583	0.66066
		المدخل إلى دراسة المذاهب الفقهية	على جمعة محمد عبد الوهاب	ShamAY	2771	0.66065
		شعار أصحاب الحديث لأبي أحمد الحاكم	أبو أحمد محمد بن محمد بن أحمد بن إسحاق النيسابوري الكرابيسي المعروف بالحاكم الكبير (المتوفى: 378هـ)	ShamAY	13126	0.66064
		رؤية الله للدارقطني	أبو الحسن علي بن عمر بن أحمد بن مهدي بن مسعود بن النعمان بن دينار البغدادي الدارقطني (المتوفى: 385هـ)	ShamAY	21794	0.66052
		الخامس من الأفراد لابن شاهين	أبو حفص عمر بن أحمد بن عثمان بن أحمد بن محمد بن أيوب بن أزداذ البغدادي المعروف ب ابن شاهين (المتوفى: 385ه)	ShamelaY19	26514	0.66049
		المدخل إلى دراسة المذاهب الفقهية	على جمعة محمد عبد الوهاب	Sham19Y	2771	0.66049
		 دلائل النبوة ومعرفة أحوال صاحب الشريعة 	 أحمد بن الحسين البيهقي 	ABLibrary	931	0.66046
		الإتحاف بحديث فضل الإنصاف لابن ناصر الدين	ابن ناصر الدين (842 هـ)	ShamAY	33546	0.66042
		الجزء الأول من التخريج لصحيح الحديث عن الشيوخ الثقات على شرط كتابي البخاري ومسلم مما أخرجه الحافظ البرقاني من أصول أبي الحسن العتيقي	البرقاني	ShamAY	32828	0.66023
		منتهى رغبات السامعين في عوالي أحاديث التابعين	محمد بن عمر بن أحمد بن عمر بن محمد الأصبهاني المديني، أبو موسى (المتوفى: 581هـ)	ShamAY	30790	0.66022
		المجلس الرابع والأربعون من أمالي الحسن بن عبد الملك - مخطوط	أبو محمد الحسن بن عبد الملك بن محمد بن يوسف	ShamAY	38074	0.66022
		تاريخ اربل	شرف الدين ابوالبركات مبارك بن احمد نجمي اربلي ( ابن مستوفي )	Ghbook	9050	0.66002
		ما قرب سنده لابن الطفيل أبي يعقوب الدمشقي - مخطوط		ShamAY	32788	0.65998
		ذيل طبقات الحنابلة	زين الدين عبد الرحمن بن أحمد بن رجب بن الحسن، السلامي، البغدادي، ثم الدمشقي، الحنبلي (المتوفى: 795ه)	ShamelaY19	31366	0.65953
		الثقات للعجلي ط الباز	أبو الحسن أحمد بن عبد الله بن صالح العجلى الكوفى (المتوفى: 261هـ)	ShamAY	9170	0.65953
		جامع البيان في القراءات السبع	عثمان بن سعيد بن عثمان بن عمر أبو عمرو الداني (المتوفى: 444هـ)	ShamAY	1048	0.65949
		فضائل الشام‏	محمد بن أحمد المقدسي	Masaha	4845	0.65948
		الجزء الأول من غرر الفوائد المجموعة في بيان ما وقع في صحيح مسلم من الأحاديث المقطوعة	يحيى بن علي بن عبد الله بن علي بن مفرج، أبو الحسين، رشيد الدين القرشي الاموي النابلسي ثم المصري، المعروف بالرشيد العطار (المتوفى: 662ه)	Sham19Y	2749	0.65943
		الأحاديث السباعيات الألف للشحامي - مخطوط (ن)	زاهر بن طاهر بْنُ مُحَمَّدِ الشحّامي، أبو القاسم (المتوفى: 533هـ)	ShamAY	10444	0.65939
		من حديث الشيرازي وإسماعيل بن جعفر للضياء المقدسي - مخطوط	ضياء الدين محمد بن عبد الواحد المقدسي	ShamAY	32893	0.65938
		المنتخب من مسند عبد بن حميد ت مصطفى العدوي	أبو محمد عبد الحميد بن حميد بن نصر الكَسّي ويقال له: الكَشّي بالفتح والإعجام (المتوفى: 249هـ)	ShamAY	10631	0.65931
		جزء من حديث الضياء المقدسي - مخطوط	ضياء الدين أبو عبد الله محمد بن عبد الواحد بن أحمد المقدسي	ShamAY	38056	0.6593
		الإملاء الأنفس في ترجمة عسعس (مطبوع ضمن مجموع رسائل لابن ناصر الدين)	محمد بن عبد الله (أبي بكر) بن محمد ابن أحمد بن مجاهد القيسي الدمشقي الشافعي، شمس الدين، الشهير بابن ناصر الدين (المتوفى: 842هـ)	ShamAY	9652	0.65928
		 بهجة النظر في إثبات الوصاية والإمامة للأئمة الاثني عشر ( ع ) 	 السيد هاشم البحراني 	ABLibrary	7444	0.65922
		بهجة النظر في إثبات الوصاية و الإمامة للأئمة الاثني عشر	السيد هاشم البحراني	Masaha	1948	0.65912
		 أعيان الشيعة 	 السيد محسن الأمين 	ABLibrary	77	0.65911
		مجلس من أمالي أبي موسى المديني	محمد بن عمر بن أحمد بن عمر بن محمد الأصبهاني المديني، أبو موسى (المتوفى: 581ه)	ShamelaY19	30324	0.6591
		الفوائد البهية في تراجم الحنفية	أبو الحسنات محمد عبد الحي اللكنوي الهندي	ShamelaY19	132617	0.65902
		معرفة أسامي أرداف النبي صلى الله عليه وسلم	يحيى بن عبد الوهاب بن محمد ابن إسحاق بن محمد بن يحيى العبدي الأصبهاني، أبو زكريا، ابن منده (المتوفى: 511هـ)	ShamAY	5806	0.65885
		نزهة الألباء في طبقات الأدباء - ط المنار ت السامرائي = التراجم	عبد الرحمن بن محمد بن عبيد الله الأنصاري، أبو البركات، كمال الدين الأنباري (المتوفى: 577 هـ)	ShamAY	38196	0.6588
		خاتمة مستدرك الوسائل [ج ٨]	الشيخ حسين النوري الطبرسي [ المحدّث النوري ]	Rafed	1471	0.65869
		الثاني من الأفراد للدارقطني	أبو الحسن علي بن عمر بن أحمد بن مهدي بن مسعود بن النعمان بن دينار البغدادي الدارقطني (المتوفى: 385هـ)	ShamAY	30609	0.65862
		الأمالي	الشيخ الطوسي	Masaha	698	0.65861
		ذكر من اختلف العلماء ونقاد الحديث فيه لابن شاهين - ط الفاروق	أبو حفص عمر بن أحمد بن عثمان البغدادي، المعروف بابن شاهين	ShamAY	34153	0.65859
		الخلافيات للبيهقي	أحمد بن الحسين بن علي بن موسى الخُسْرَوْجِردي الخراساني، أبو بكر البيهقي (المتوفى: 458 هـ)	ShamAY	33907	0.65855
		الجزء الأول من غرر الفوائد المجموعة في بيان ما وقع في صحيح مسلم من الأحاديث المقطوعة	يحيى بن علي بن عبد الله بن علي بن مفرج، أبو الحسين، رشيد الدين القرشي الاموي النابلسي ثم المصري، المعروف بالرشيد العطار (المتوفى: 662هـ)	ShamAY	2749	0.65853
		الفخري في أنساب الطالبيين	إسماعيل بن الحسين أبو طالب المروزي (بعد 614 هـ)	ShamAY	37019	0.6584
		جزء فيه أحاديث أبي حامد أحمد بن محمد بن يحيى بن بلال النيسابوري الخشاب	أَبُو حَامِدٍ أَحْمَدُ بنُ مُحَمَّدِ بنِ يَحْيَى بنِ بِلاَل النَّيْسَابُوْرِيُّ المَعْرُوْف بِالخَشَّاب (المتوفى: 330هـ)	ShamAY	26553	0.65822
		معجم حفاظ القرآن عبر التاريخ	محمد محمد محمد سالم محيسن (المتوفى: 1422هـ)	ShamAY	1227	0.65818
		مصباح الزجاجة في زوائد ابن ماجه	أبو العباس شهاب الدين أحمد بن أبي بكر بن إسماعيل بن سليم بن قايماز بن عثمان البوصيري الكناني الشافعي (المتوفى: 840هـ)	ShamAY	5635	0.658
		الفوائد الجليلة في مسلسلات ابن عقيلة	محمد بن أحمد بن سعيد الحنفي المكي، شمس الدين، المعروف كوالده بعقيلة (المتوفى: 1150ه)	Sham19Y	10758	0.658
		تاريخ البناكتي = روضة أولي الألباب في معرفه التواريخ والأنساب	أبو سليمان داود بن أبي الفضل محمد البناكتي (المتوفى: 730 هـ)	ShamAY	33833	0.65798
		ذيل طبقات الحنابلة	زين الدين عبد الرحمن بن أحمد بن رجب بن الحسن، السَلامي، البغدادي، ثم الدمشقي، الحنبلي (المتوفى: 795هـ)	ShamAY	31366	0.65798
		النشر فى القراءات العشر [ج ١]	الحافظ أبي الخير محمّد بن محمّد الدمشقي	Rafed	1119	0.6578
		الحادي والخمسون من أمالي ابن عساكر	ثقة الدين، أبو القاسم علي بن الحسن بن هبة الله المعروف بابن عساكر (المتوفى: 571ه)	ShamelaY19	29789	0.65765
		تاريخ أصبهان = أخبار أصبهان	أبو نعيم أحمد بن عبد الله بن أحمد بن إسحاق بن موسى بن مهران الأصبهاني (المتوفى: 430هـ)	ShamAY	1714	0.65761
		جزء الحسن بن رشيق العسكري عن شيوخه من الأمالي	الحسن بن رشيق، أبو محمد العسكري المصري (المتوفى: 370ه)	Sham19Y	26564	0.6576
		من فوائد أبي أحمد عبد الله بن محمد بن شجاع المضري - مخطوط		ShamAY	32821	0.65738
		ذكر ابن أبي الدنيا وما وقع عاليا من حديثه	محمد بن عمر بن أحمد بن عمر بن محمد الأصبهاني المديني، أبو موسى (المتوفى: 581ه)	Sham19Y	9510	0.6573
		حديث السكن بن جميع	السَّكَنُ ابْنُ جُمَيْعٍ، أَبُو مُحَمَّدٍ الحسين بن محمد بن أحمد بن جميع (المتوفى: 437هـ)	ShamAY	27086	0.65726
		الثاني من أمالي أبي الحسين بن بشران	علي بن محمد بن عبد الله بن بشران الأموي أبو الحسين البغدادي المعدل (المتوفى: 415ه)	Sham19Y	30399	0.65719
		جامع البيان في القراءات السبع	عثمان بن سعيد بن عثمان بن عمر أبو عمرو الداني (المتوفى: 444ه)	Sham19Y	37649	0.65717
		البعث والنشور - ط الحجاز ت الشوامي	أبو بكر أحمد بن الحسين البيهقي	ShamAY	38107	0.65713
		الأمالي المطلقة	أبو الفضل أحمد بن علي بن محمد بن أحمد بن حجر العسقلاني (المتوفى: 852هـ)	ShamAY	5702	0.65711
		عوالي مالك رواية أبي اليمن الكندي	زيد بن الحسن بن زيد بن سعيد الحميري، من ذي رعين، أبو اليمن، تاج الدين الكندي (المتوفى: 613هـ)	ShamAY	1316	0.6571
		الجزء المتمم لطبقات ابن سعد [الطبقة الخامسة في من قبض رسول الله صلى الله عليه وسلم. وهم أحداث الأسنان]	أبو عبد الله محمد بن سعد بن منيع الهاشمي بالولاء، البصري، البغدادي المعروف بابن سعد (المتوفى: 230هـ)	ShamAY	1689	0.65698
		قوارع القرآن وما يستحب أن لا يخل بقراءته كل يوم وليلة للجوري	أبو عمرو محمد بن يحيى بن الحسن الجوري النيسابوري	ShamAY	33672	0.65698
		مجلس من أمالي ابن منده رواية ابنه عبد الرحمن - مخطوط (ن)	أبو عبد الله محمد بن إسحاق بن محمد بن يحيى بن مَنْدَه العبدي (المتوفى: 395هـ)	ShamAY	21663	0.65697
		الجزء الرابع من فوائد أبي عثمان سعيد بن أبي سعيد العيار - مخطوط	أبو عثمان سعيد بن أبي سعيد أحمد بن محمد بن نعيم الإشكابي الصوفي العيار	ShamAY	32853	0.65684
		مجلسان من أمالي أبي محمد الجوهري	الحسن بن علي بن محمد، أبو محمد الجوهري (المتوفى: 454هـ)	ShamAY	29771	0.65663
		الثالث عشر من المشيخة البغدادية لأبي طاهر السلفي	صدر الدين، أبو طاهر السلفي أحمد بن محمد بن أحمد بن محمد بن إبراهيم سلفه الأصبهاني (المتوفى: 576ه)	Sham19Y	30090	0.65663
		الغيبة للنعماني‏	محمد بن إبراهيم النعماني‏	Masaha	2070	0.65655
		رسائل المقريزي	أحمد بن علي بن عبد القادر، أبو العباس الحسيني العبيدي، تقي الدين المقريزي (المتوفى: 845ه)	Sham19Y	10710	0.6565
		جزء فيه مسائل أبي جعفر محمد بن عثمان بن أبي شيبة عن شيوخه في مسائل في الجرح والتعديل	أبو جعفر محمد بن عثمان بن أبي شيبة العبسي مولاهم الكوفي (المتوفى: 297ه)	ShamelaY19	26230	0.65647
		الخامس من الأفراد لابن شاهين	أبو حفص عمر بن أحمد بن عثمان بن أحمد بن محمد بن أيوب بن أزداذ البغدادي المعروف بـ ابن شاهين (المتوفى: 385هـ)	ShamAY	26514	0.65646
		رسائل المقريزي	أحمد بن علي بن عبد القادر، أبو العباس الحسيني العبيدي، تقي الدين المقريزي (المتوفى: 845هـ)	ShamAY	10710	0.65645
		أربع مجالس للخطيب البغدادي	أبو بكر أحمد بن علي بن ثابت بن أحمد بن مهدي الخطيب البغدادي (المتوفى: 463ه)	ShamelaY19	30025	0.65626
		فضل عشر ذي الحجة لابن أبي الدنيا - ط الجمعية السعودية ت الصاعدي	أبو بكر عبد الله بن محمد ابن أبي الدنيا	ShamAY	38170	0.65622
		 ذيل تذكرة الحفاظ 	 محمد الحسيني الدمشقي 	ABLibrary	829	0.6562
		عدة مجالس من أمالي محمد بن إبراهيم الجرجاني - مخطوط		ShamAY	32781	0.65616
		الزيادات على الموضوعات، ويسمى «ذيل الآلئ المصنوعة»	جلال الدين عبد الرحمن بن أبي بكر السيوطي (المتوفى: 911 هـ)	ShamAY	32699	0.65608
		جزء الحسن بن رشيق العسكري عن شيوخه من الأمالي	الحسن بن رشيق، أبو محمد العسكري المصري (المتوفى: 370ه)	ShamelaY19	26564	0.65606
		الأربعون في التصوف للسلمي	محمد بن الحسين بن محمد بن موسى بن خالد بن سالم النيسابوري، أبو عبد الرحمن السلمي (المتوفى: 412ه)	ShamelaY19	22526	0.65597
		الوافي بالوفيات - النسخة المحررة ط إحياء التراث = التراجم	صلاح الدين خليل بن أيبك بن عبد الله الصفدي (المتوفى: 764هـ)	ShamAY	38166	0.65596
		رؤية الله للدارقطني	أبو الحسن علي بن عمر بن أحمد بن مهدي بن مسعود بن النعمان بن دينار البغدادي الدارقطني (المتوفى: 385ه)	ShamelaY19	21794	0.65591
		الموافقات العوالي للضياء المقدسي_1	ضياء الدين أبو عبد الله محمد بن عبد الواحد المقدسي (المتوفى: 643هـ)	ShamAY	30021	0.65586
		الفوائد الجليلة في مسلسلات ابن عقيلة	محمد بن أحمد بن سعيد الحنفي المكيّ، شمس الدين، المعروف كوالده بعقيلة (المتوفى: 1150هـ)	ShamAY	10758	0.65585
		خاتمة مستدرك الوسائل [ج ٤]	الشيخ حسين النوري الطبرسي [ المحدّث النوري ]	Rafed	1467	0.65572
		دلائل النبوة للبيهقي مخرجا	أحمد بن الحسين بن علي بن موسى الخُسْرَوْجِردي الخراساني، أبو بكر البيهقي (المتوفى: 458هـ)	ShamAY	13115	0.65569
		كامل الزيارات	ابن قولويه القمي	Masaha	689	0.65568
		 ذكر أخبار أصبهان ( تاريخ أصبهان ) 	 أبي نعيم الأصبهاني 	ABLibrary	8982	0.65554
		الثاني والعشرون من المشيخة البغدادية لأبي طاهر السلفي	صدر الدين، أبو طاهر السلفي أحمد بن محمد بن أحمد بن محمد بن إبراهيم سلفه الأصبهاني (المتوفى: 576ه)	Sham19Y	30099	0.65553
		الثالث عشر من المشيخة البغدادية لأبي طاهر السلفي	صدر الدين، أبو طاهر السلفي أحمد بن محمد بن أحمد بن محمد بن إبراهيم سلفه الأصبهاني (المتوفى: 576ه)	ShamelaY19	30090	0.6555
		السداسيات والخماسيات لزاهر بن طاهر الشحامي - مخطوط	زاهر الشحّامي	ShamAY	32760	0.65546
		الوافي بالوفيات	صلاح الدين خليل بن أيبك بن عبد الله الصفدي (المتوفى: 764هـ)	ShamAY	32241	0.65545
		فضائل الأوقات للبيهقي	أحمد بن الحسين بن علي بن موسى الخُسْرَوْجِردي الخراساني، أبو بكر البيهقي (المتوفى: 458هـ)	ShamAY	13134	0.65542
		العزلة والانفراد	ابن أبي الدنيا	ShamelaY19	26356	0.65534
		العلو للعلي الغفار في إيضاح صحيح الأخبار وسقيمها	شمس الدين أبو عبد الله محمد بن أحمد بن عثمان بن قَايْماز الذهبي (المتوفى: 748هـ)	ShamAY	6463	0.65527
		بغية الطلب في تاريخ حلب‏  - الجزء1	ابن العديم عمر بن أحمد بن أبي جرادة	Masaha	4415	0.65527
		الثاني والعشرون من المشيخة البغدادية لأبي طاهر السلفي	صدر الدين، أبو طاهر السِّلَفي أحمد بن محمد بن أحمد بن محمد بن إبراهيم سِلَفَه الأصبهاني (المتوفى: 576هـ)	ShamAY	30099	0.65525
		جزء الحسن بن رشيق العسكري عن شيوخه من الأمالي	الحسن بن رشيق، أبو محمد العسكري المصري (المتوفى: 370هـ)	ShamAY	26564	0.6551
		مجلس في حديث جابر (مطبوع ضمن مجموع رسائل لابن ناصر الدين)	محمد بن عبد الله (أبي بكر) بن محمد ابن أحمد بن مجاهد القيسي الدمشقي الشافعي، شمس الدين، الشهير بابن ناصر الدين (المتوفى: 842هـ)	ShamAY	9605	0.65499
		الخصال‏  - الجزء1	الشيخ الصدوق	Masaha	4652	0.65496
		المستدرك على الصحيحين للحاكم (ت مقبل)	أبو عبد الله محمد بن عبد الله بن محمد بن حمدويه الحاكم النيسابوري (المتوفى: 405هـ)	ShamAY	33945	0.65477
		ذم من لا يعمل بعلمه (المجلس الرابع عشر من أمالي ابن عساكر)	ثقة الدين، أبو القاسم علي بن الحسن بن هبة الله المعروف بابن عساكر (المتوفى: 571ه)	ShamelaY19	26501	0.65457
		بذل الإحسان بتقريب سنن النسائي أبي عبد الرحمن	أبو إسحاق الحويني الأثري حجازي محمد شريف	ShamAY	31759	0.65455
		بغية الطلب في تاريخ حلب [ج ١]	كمال الدّين عمر بن أحمد بن أبي جرادة الحلبي [ ابن العديم ]	Rafed	2136	0.65436
		الأحاديث الستة العراقية	شرف الدين أبو المظفر يوسف بن الحسن بن بدر بن الحسن بن مفرج النابلسي الدمشقي الشافعي (المتوفى: 671هـ)	ShamAY	29466	0.65426
		التوحيد لله عز وجل لعبد الغني بن عبد الواحد المقدسي	عبد الغني بن عبد الواحد بن علي بن سرور المقدسي الجماعيلي الدمشقي الحنبلي، أبو محمد، تقي الدين (المتوفى: 600هـ)	ShamAY	9381	0.65412
		الرابع من فوائد أبي عثمان البحيري	أَبُو عُثْمَانَ سَعِيْدُ بنُ مُحَمَّدِ ابنِ أَبِي الحُسَيْنِ أَحْمَدَ بنِ مُحَمَّدِ بنِ جَعْفَرِ بنِ مُحَمَّدِ بنِ بَحِيْرٍ البَحِيْرِيُّ، النَّيْسَابُوْرِيُّ (المتوفى: 451هـ)	ShamAY	29959	0.65401
		المنتقى من فوائد أبي القاسم الزنجاني	سعد بن علي بن محمد أبو القاسم الزَّنجاني الصوفي (471 هـ)	ShamAY	33712	0.65399
		الفقيه والمتفقه للخطيب البغدادي	أبو بكر أحمد بن علي بن ثابت بن أحمد بن مهدي الخطيب البغدادي (المتوفى: 463هـ)	ShamAY	13048	0.65397
		مشيخة ابن شاذان الصغرى	الحسن بن أحمد بن إبراهيم بن الحسن ابن محمد بن شاذان، أبو علي البَزَّاز (المتوفى: 425هـ)	ShamAY	5723	0.65386
		مجلس من مجالس أبي القاسم هبة الله بن الحسن اللالكائي - مخطوط	أبو القاسم هبة الله بن الحسن بن منصور اللالكائي	ShamAY	32917	0.65382
		المعجم الكبير للطبراني - ط إحياء التراث	أبو القاسم سليمان بن أحمد الطبراني	ShamAY	38094	0.65381
		جزء منتقى من حديث مكي وغيره للضياء المقدسي - مخطوط	ضياء الدين أبو عبد الله محمد بن عبد الواحد المقدسي	ShamAY	32922	0.65377
		مسند عثمان بن عفان لأبي القاسم البغوي (وهو مطبوع ضمن كتاب الفوائد)	أبو القاسم عبد الله بن محمد بن عبد العزيز بن المرزبان بن سابور بن شاهنشاه البغوي (المتوفى: 317ه)	Sham19Y	9922	0.65376
		الأحاديث التساعية لابن جماعة	أبو عبد الله، محمد بن إبراهيم بن سعد الله بن جماعة الكناني الحموي الشافعي، بدر الدين (المتوفى: 733ه)	ShamelaY19	29617	0.65358
		الخامس والعشرون من المشيخة البغدادية لأبي طاهر السلفي	صدر الدين، أبو طاهر السِّلَفي أحمد بن محمد بن أحمد بن محمد بن إبراهيم سِلَفَه الأصبهاني (المتوفى: 576هـ)	ShamAY	30116	0.65357
		منتخب من كتاب الأربعين في شعب الدين لأبي القاسم الصفار - مخطوط		ShamAY	32825	0.65346
		الجزء فيه الأول مما رواه الأكابر عن الأصاغر من المحدثين من الأفراد	الباغندي الصغير محمد بن محمد بن سليمان بن الحارث الأزدي، أبو بكر الواسطي (المتوفى: 312ه)	Sham19Y	26443	0.65342
		مجلس من أمالي الشيخ الزاهد أبي بكر محمد بن الحسين ابن فنجويه الثقفي في «فضل رمضان» .	أبو عبد الله الحسين بن محمد بن الحسين بن عبد الله بن صالح بن شعيب بن فنجويه الثقفي، الدينوري (المتوفى: 414ه)	Sham19Y	3548	0.65337
		المعجم لابن المقرئ	أبو بكر محمد بن إبراهيم بن علي بن عاصم بن زاذان الأصبهاني الخازن، المشهور بابن المقرئ (المتوفى: 381ه)	Sham19Y	8244	0.65318
		فضيلة ذكر الله عز وجل لابن عساكر	ثقة الدين، أبو القاسم علي بن الحسن بن هبة الله المعروف بابن عساكر (المتوفى: 571ه)	ShamelaY19	26719	0.65317
		المجلس التاسع عشر من أمالي ابن عساكر في تحريم الأبنة - مخطوط	أبو القاسم علي بن الحسن بن هبة الله بن عساكر	ShamAY	32881	0.65316
		الأحاديث الموافقات العوالي لزينب	زينب بنت كمال الدين أحمد بن عبد الرحيم المقدسية (740 هـ)	ShamAY	33548	0.65315
		المنتظم في تاريخ الملوك والأمم	جمال الدين أبو الفرج عبد الرحمن بن علي بن محمد الجوزي (المتوفى: 597هـ)	ShamAY	12406	0.65315
		مجلسان لأبي بكر الشافعي - مخطوط	أبو بكر محمد بن عبد الله بن إبراهيم الشافعي	ShamAY	32913	0.65308
		أخبار لحفظ القرآن الكريم لابن عساكر	ثقة الدين، أبو القاسم علي بن الحسن بن هبة الله المعروف بابن عساكر (المتوفى: 571ه)	ShamelaY19	26866	0.65302
		تحقيق جزء من علل ابن أبي حاتم	عبد الرحمن بن محمد بن إدريس بن المنذر التميمي، الحنظلي، الرازي ابن أبي حاتم (المتوفى: 327هـ)	ShamAY	35220	0.65294
		حياة التابعين	يَاسِر بْنُ أَحْمَدَ بْنِ محْمُودِ بْنِ أَحْمَدَ بْنِ أَبي الحَمْدِ الْكُوَيِّس الحَمَدَاني	ShamAY	1079	0.6529
		من حديث عبد الله بن يزيد المقرىء	ضياء الدين أبو عبد الله محمد بن عبد الواحد المقدسي (المتوفى: 643هـ)	ShamAY	9624	0.65286
		مراتب النحويّين	عبدالواحد بن علي أبوالطيّب اللغوي	Rafed	2548	0.65281
		العزلة والانفراد	أبو بكر عبد الله بن محمد بن عبيد بن سفيان بن قيس البغدادي الأموي القرشي المعروف بابن أبي الدنيا (المتوفى : 281هـ)	ShamAY	26356	0.65277
		حياة التابعين	ياسر بن أحمد بن محمود بن أحمد بن أبي الحمد الكويس الحمداني	ShamelaY19	37568	0.65276
		السحب الوابلة على ضرائح الحنابلة	محمد بن عبد الله بن حميد النجدي ثم المكي (المتوفى: 1295 ه)	ShamelaY19	144222	0.65274
		أمالي الأذكار في فضل صلاة التسبيح	أبو الفضل أحمد بن علي بن محمد بن أحمد بن حجر العسقلاني (المتوفى: 852هـ)	ShamAY	29563	0.65272
		الجامع لأخلاق الراوي وآداب السامع للخطيب البغدادي	أبو بكر أحمد بن علي بن ثابت بن أحمد بن مهدي الخطيب البغدادي (المتوفى: 463هـ)	ShamAY	13012	0.65269
		ذم من لا يعمل بعلمه (المجلس الرابع عشر من أمالي ابن عساكر)	ثقة الدين، أبو القاسم علي بن الحسن بن هبة الله المعروف بابن عساكر (المتوفى: 571هـ)	ShamAY	26501	0.65267
		حياة التابعين	ياسر بن أحمد بن محمود بن أحمد بن أبي الحمد الكويس الحمداني	Sham19Y	37568	0.65264
		محاسبة النفس لابن أبي الدنيا - ط أطلس الخضراء = مقابل	أبو بكر عبد الله بن محمد ابن أبي الدنيا	ShamAY	38126	0.65263
		كشف المغطا في فضل الموطا	ثقة الدين، أبو القاسم علي بن الحسن بن هبة الله المعروف بابن عساكر (المتوفى: 571هـ)	ShamAY	6032	0.65261
		مناقب الإمام أبي حنيفة وصاحبيه	شمس الدين أبو عبد الله محمد بن أحمد بن عثمان بن قَايْماز الذهبي (المتوفى: 748هـ)	ShamAY	10461	0.65246
		معجم رجال الحديث و تفصيل طبقات الرواه	آيت الله العظمي سيد ابوالقاسم خوئي	Ghbook	9009	0.65244
		الجزء فيه الأول مما رواه الأكابر عن الأصاغر من المحدثين من الأفراد	الباغندي الصغير محمد بن محمد بن سليمان بن الحارث الأزدي، أبو بكر الواسطي (المتوفى: 312ه)	ShamelaY19	26443	0.6524
		أربع مجالس للخطيب البغدادي	أبو بكر أحمد بن علي بن ثابت بن أحمد بن مهدي الخطيب البغدادي (المتوفى: 463هـ)	ShamAY	30025	0.65236
		سؤالات أبى بكر البرقانى للدارقطني في الجرح والتعديل	أحمد بن محمد بن أحمد بن غالب، أبو بكر المعروف بالبرقاني (المتوفى: 425هـ)	ShamAY	1060	0.65229
		الجزء الأول من الفوائد العوالي الصحاح والحسان لأبي القاسم السمرقندي - مخطوط	أبو القاسم إسماعيل بن أحمد السمرقندي	ShamAY	32928	0.65227
		 تاريخ معرة النعمان 	 محمد سليم الجندي 	ABLibrary	9005	0.65226
		فوائد أبي القاسم الحرفي رواية الثقفي	عبد الرحمن بن عبيد الله بن عبد الله ابن محمد، أبو القاسم الحربي الحرفي (المتوفى: 423ه)	ShamelaY19	26533	0.65218
		أمالي ابن منده- رواية البزاني	أبو عبد الله محمد بن إسحاق بن محمد بن يحيى بن منده العبدي (المتوفى: 395ه)	ShamelaY19	29737	0.65213
		أحاديث مسلسلة رواية ابن ناقة	أبو العباس أحمد بن يحيى بن أحمد بن زيد بن ناقه الكوفي الحنفي (المتوفى: 559ه)	ShamelaY19	29786	0.65202
		ثواب قضاء حوائج الأخوان وما جاء في إغاثة اللهفان	محمد بن علي بن ميمون، أبو الغنائم النَّرْسِي الكوفي (المتوفى: 510هـ)	ShamAY	6768	0.652
		الثالث عشر من المشيخة البغدادية لأبي طاهر السلفي	صدر الدين، أبو طاهر السِّلَفي أحمد بن محمد بن أحمد بن محمد بن إبراهيم سِلَفَه الأصبهاني (المتوفى: 576هـ)	ShamAY	30090	0.65197
		الصحيح من أحاديث السيرة النبوية	أبو عمر، محمد بن حمد الصوياني	ShamelaY19	123669	0.65195
		مختصر البصائر	حسن بن سليمان بن محمد الحلي‏	Masaha	2479	0.65193
		بغية الطلب فى تاريخ حلب	عمر بن أحمد بن هبة الله بن أبي جرادة العقيلي، كمال الدين ابن العديم (المتوفى: 660هـ)	ShamAY	10798	0.65189
		ترجمه الامام الحسين و مقتله من القسم غيرالمطبوع من كتاب الطبقات الكبير	محمد بن سعد كاتب واقدي ( ابن سعد )	Ghbook	5946	0.65179
		طبقات الشافعية للحسيني	أبو بكر بن هداية الله الحسيني (1014هـ)	ShamAY	34643	0.65159
		إجازتان للمحدث العلامة سعد بن حمد بن عتيق النجدي (إجازته للشيخ عبد العزيز بن عبد الله بن عبد الوهاب - وإجازته للشيخ عبد الله بن عبد العزيز العنقري)	سعد بن حمد بن عتيق النجدي (1349 هـ)	ShamAY	33537	0.65158
		ذكر من اختلف العلماء ونقاد الحديث فيه	أبو حفص عمر بن أحمد بن عثمان بن أحمد بن محمد بن أيوب بن أزداذ البغدادي المعروف بـ ابن شاهين (المتوفى: 385هـ)	ShamAY	5800	0.6515
		مجلس من أمالي أبي بكر الشيرازي - مخطوط (ن)	أحمد بن علي بن عبد الله بن عمر بن خلف الشيرازي أبو بكر النيسابوري (المتوفى: 487هـ)	ShamAY	12287	0.65141
		إحقاق الحقّ وإزهاق الباطل [ج ١٤]	السيّد نور الله الحسيني المرعشي التستري	Rafed	2751	0.6514
		مسند الإمام الأعظم أبي حنيفة النعمان بن ثابت الكوفي رحمه الله تعالى	أبو محمد عبد الله بن محمد بن يعقوب بن الحارث بن خليل الحارثي البخاري رحمه الله (340 هـ)	ShamAY	33944	0.65119
		من كلام أبي زكريا يحيى بن معين في الرجال (رواية طهمان)	أبو زكريا يحيى بن معين بن عون بن زياد بن بسطام بن عبد الرحمن المري بالولاء، البغدادي (المتوفى: 233هـ)	ShamAY	5954	0.65099
		سؤالات السلفي أبا الكرم خميس بن علي الحوزي - ط الفاروق	أبو طاهر أحمد بن محمد السلفي	ShamAY	34164	0.65075
		 إثبات الهداة بالنصوص والمعجزات 	 الحر العاملي 	ABLibrary	7393	0.65069
		 العوالم ، الإمام علي بن أبي طالب ( ع ) 	 الشيخ عبد الله البحراني 	ABLibrary	7610	0.65064
		أحاديث الشيوخ الثقات (المشيخة الكبرى)	محمد بن عبد الباقي بن محمد الأنصاري الكعبي، أبو بكر، المعروف بقاضي المارستان (المتوفى: 535ه)	ShamelaY19	26542	0.65062
		تنقيح تحقيق أحاديث التعليق	شمس الدين محمد بن أحمد بن عبد الهادي الحنبلي	ShamAY	34125	0.65054
		حديث أبي القاسم الكناني	حمزة بن محمد بن علي بن العباس، أبو القاسم الكناني المصري (المتوفى: 357ه)	ShamelaY19	29722	0.65035
		فضائل سعد لابن عساكر	ابن عساكر، أبو القاسم	ShamAY	35228	0.65031
		تاريخ ابن معين - رواية الدوري	أبو زكريا يحيى بن معين بن عون بن زياد بن بسطام بن عبد الرحمن المري بالولاء، البغدادي (المتوفى: 233هـ)	ShamAY	3508	0.65022
		معجم أصحاب شيخ الإسلام ابن تيمية	وليدُ بنُ حُسْنِي بنِ بَدَوِي بنِ مُحَمَّدٍ الأُمَوِيِّ	ShamAY	21524	0.65014
		الناسخ والمنسوخ في القرآن العزيز وما فيه من الفرائض والسنن	أبو عُبيد القاسم بن سلاّم بن عبد الله الهروي البغدادي (المتوفى: 224هـ)	ShamAY	1178	0.65009
		تحريم القتل وتعظيمه	عبد الغني بن عبد الواحد بن علي بن سرور المقدسي الجماعيلي الدمشقي الحنبلي، أبو محمد، تقي الدين (المتوفى: 600هـ)	ShamAY	9390	0.65008
		الخامس والعشرون من المشيخة البغدادية لأبي طاهر السلفي	صدر الدين، أبو طاهر السلفي أحمد بن محمد بن أحمد بن محمد بن إبراهيم سلفه الأصبهاني (المتوفى: 576ه)	ShamelaY19	30116	0.64993
		 الحلل السندسية في الأخبار والآثار الأندلسية 	 شكيب أرسلان 	ABLibrary	9039	0.64989
		الثاني والعشرون من المشيخة البغدادية لأبي طاهر السلفي	صدر الدين، أبو طاهر السلفي أحمد بن محمد بن أحمد بن محمد بن إبراهيم سلفه الأصبهاني (المتوفى: 576ه)	ShamelaY19	30099	0.64984
		الجامع للأعلام والمؤلفات	الدكتور صلاح محمد أبو الحاج	ShamAY	37633	0.64974
		إجازة مفتي الشافعية بدمشق محمد بن عبد الرحمن الغزي الدمشقي للشيخ علي بن مصطفى المعروف بابن الدباغ الحلبي	محمد بن عبد الرحمن الغزي الدمشقي (1167 هـ)	ShamAY	33536	0.64971
		إتحاف الزائر وإطراف المقيم للسائر في زيارة النبي صلى الله عليه وسلم	عبد الصمد بن عبد الوهاب بن أبي الحسن محمد بن هبة الله بن عبد الله بن الحسين أمين الدين أبو اليمن بن عساكر الدمشقي نزيل مكة (المتوفى: 686ه)	ShamelaY19	26764	0.64969
		رجال الشيعة في أسانيد السنّة	الشيخ محمّد جعفر الطبسي	Rafed	177	0.64968
		الضعفاء للعقيلي - ت السرساوي	أبو جعفر محمد بن عمرو بن موسى بن حماد العُقَيلي	ShamAY	34141	0.64965
		الصَّحيِحُ من أحاديث السّيرة النبوية	أبو عمر، محمد بن حمد الصوياني	ShamAY	31747	0.64956
		فتوح مصر والمغرب	عبد الرحمن بن عبد الله بن عبد الحكم، أبو القاسم المصري (المتوفى: 257ه)	Sham19Y	11404	0.64954
		المعجم لابن المقرئ	أبو بكر محمد بن إبراهيم بن علي بن عاصم بن زاذان الأصبهاني الخازن، المشهور بابن المقرئ (المتوفى: 381هـ)	ShamAY	8244	0.64952
		زيادات القطيعي على مسند الإمام أحمد دراسة وتخريجا	دخيل بن صالح اللحيدان	ShamAY	4262	0.64943
		تخريج حديث (أنا مدينة العلم، وعلي بابها)	أبو عبد العزيز خليفة الكواري	ShamAY	33065	0.6491
		الجزء فيه من حديث أبي بكر محمد بن الحسن بن يعقوب بن مقسم العطار عن شيوخه (وهو مطبوع ضمن كتاب الفوائد)	محمد بن الحسن بن يعقوب بن الحسن، بن مِقْسَم العَطَّار، أبو بكر (المتوفى: 354هـ)	ShamAY	40	0.64909
		التاج المكلل من جواهر مآثر الطراز الآخر والأول	أبو الطيب محمد صديق خان بن حسن بن علي ابن لطف الله الحسيني البخاري القِنَّوجي (المتوفى: 1307هـ)	ShamAY	32275	0.64899
		مجلس من أمالي أبي بكر اليزدي - مخطوط		ShamAY	32793	0.64895
		الجزء السادس من المشيخة البغدادية	صدر الدين، أبو طاهر السِّلَفي أحمد بن محمد بن أحمد بن محمد بن إبراهيم سِلَفَه الأصبهاني (المتوفى: 576هـ)	ShamAY	30628	0.64894
		فتوح مصر وأخبارها - الفكر	أبو القاسم عبد الرحمن بن عبد الله عبد الحكم بن أعين القرشي المصري	ShamAY	33822	0.6489
		الجامع لأخلاق الراوي وآداب السامع للخطيب البغدادي	أبو بكر أحمد بن علي بن ثابت بن أحمد بن مهدي الخطيب البغدادي (المتوفى: 463ه)	Sham19Y	13012	0.64888
		الميسر في علم تخريج الحديث النبوي	أبو ذر عبد القادر بن مصطفى بن عبد الرزاق المحمدي	ShamAY	1778	0.64887
		تخريج أحاديث الأسماء الحسنى	أبو الفضل أحمد بن علي بن محمد بن أحمد بن حجر العسقلاني (المتوفى: 852ه)	ShamelaY19	30718	0.64881
		السداسيات، مستخرجة من مسموعات الإمام الفَراوي	أبو عبد الله محمد بن الفضل بن أحمد الفَراوي الصاعدي (530 هـ)	ShamAY	33628	0.64879
		طبقات المحدثين بأصبهان والواردين عليها [ج ٣]	أبي محمّد عبدالله بن محمّد بن جعفر بن حيّان [ أبي الشيخ الأنصاري ]	Rafed	2435	0.64879
		الأصول الستة عشر	جمع من العلماء	Masaha	4677	0.64874
		طبقات الأسماء المفردة من الصحابة والتابعين وأصحاب الحديث	أبو بكر أحمد بن هارون بن روح البرديجي (المتوفى: 301هـ)	ShamAY	1590	0.64866
		مجلس من أمالي أبي موسى المديني	محمد بن عمر بن أحمد بن عمر بن محمد الأصبهاني المديني، أبو موسى (المتوفى: 581هـ)	ShamAY	30324	0.64864
		الفهرست - الشيخ الطوسي	محمد بن حسن شيخ طوسي ( شيخ الطائفه )	Ghbook	2454	0.64861
		 بغية الطلب في تاريخ حلب 	 عمر بن أحمد العقيلي الحلبي ( ابن العديم ) 	ABLibrary	810	0.64857
		فوائد أبي القاسم الحرفي رواية الثقفي	عبد الرحمن بن عبيد الله بن عبد الله ابن محمد، أبو القاسم الحربي الحُرْفي (المتوفى: 423هـ)	ShamAY	26533	0.6485
		فتوح مصر والمغرب	عبد الرحمن بن عبد الله بن عبد الحكم، أبو القاسم المصري (المتوفى: 257هـ)	ShamAY	11404	0.64848
		المعجم الكبير للطبراني	سليمان بن أحمد بن أيوب بن مطير اللخمي الشامي، أبو القاسم الطبراني (المتوفى: 360هـ)	ShamAY	1733	0.64845
		دراسة نقدية في المرويات الواردة في شخصية عمر بن الخطاب وسياسته الإدارية رضي الله عنه	عبد السلام بن محسن آل عيسى	ShamAY	12012	0.64844
		الانتقاء في فضائل الثلاثة الأئمة الفقهاء مالك والشافعي وأبي حنيفة رضي الله عنهم	أبو عمر يوسف بن عبد الله بن محمد بن عبد البر بن عاصم النمري القرطبي (المتوفى: 463هـ)	ShamAY	6733	0.64841
		الثمر الداني بتتبع ما أعل في السنن الكبرى للبيهقي والمحاكمة بينه وبين ابن التركماني	يحي الحجوري	ShamAY	35215	0.64838
		كفاية الأثر في النص على الأئمة الإثني عشر	علي بن محمد الخزاز	Masaha	2493	0.64829
		إصلاح المال	أبو بكر عبد الله بن محمد بن عبيد بن سفيان بن قيس البغدادي الأموي القرشي المعروف بابن أبي الدنيا (المتوفى: 281هـ)	ShamAY	13187	0.64827
		منتخب من كتاب الشعراء لأبي نعيم الأصبهاني	أبو نعيم أحمد بن عبد الله بن أحمد بن إسحاق بن موسى بن مهران الأصبهاني (المتوفى: 430هـ)	ShamAY	27105	0.64824
		التوحيد ومعرفة أسماء الله عز وجل وصفاته على الاتفاق والتفرد لابن منده	أبو عبد الله محمد بن إسحاق بن محمد بن يحيى بن مَنْدَه العبدي (المتوفى: 395هـ)	ShamAY	8210	0.64823
		فتوح مصر والمغرب‏	عبد الرحمن بن عبد الله ابن عبد الحكم	Masaha	4429	0.64816
		جزء من أحاديث ابن المقير عن شيوخه شيوخه (مطبوع ضمن مجموع باسم الفوائد لابن منده!)	علي بن الحسين بن علي بن منصور، أبو الحسن ابن المقير النجار (المتوفى: 643ه)	Sham19Y	9398	0.6481
		زبد العلوم وصاحب المنطوق والمفهوم	يوسف بن عبد الهادي المقدسي الحنبلي (841 - 909 ه)	ShamelaY19	133413	0.64807
		مجالس في تفسير قوله تعالى: {لقد من الله على المؤمنين إذ بعث فيهم رسولا من أنفسهم}	ابن ناصر الدين (842 هـ)	ShamAY	33586	0.64789
		جزء طراد بن محمد الزينبي	طِرَاد بن محمد بن علي الهاشمي العباسي الزَّيْنَبي، أبو الفوارس (المتوفى: 491هـ)	ShamAY	30045	0.64784
		الصحيح في كشف بيت فاطمه عليها السلام	مهدي خداميان آراني	Ghbook	9578	0.64778
		الزيادات في كتاب الجود والسخاء للطبراني	سليمان بن أحمد بن أيوب بن مطير اللخمي الشامي، أبو القاسم الطبراني (المتوفى: 360ه)	ShamelaY19	26743	0.64771
		احمد بن اسحاق الثقة المرضي، من اصحاب الجواد و الهادي	موسسه پيام امام هادي عليه السلام	Ghbook	14748	0.64768
		فتوح مصر والمغرب	ابن عبد الحكم	Rafed	2445	0.64761
		الرابع عشر من المشيخة البغدادية لأبي طاهر السلفي	صدر الدين، أبو طاهر السلفي أحمد بن محمد بن أحمد بن محمد بن إبراهيم سلفه الأصبهاني (المتوفى: 576ه)	ShamelaY19	30117	0.6476
		ذكر من لم يكن عنده إلا حديث واحد ومن لم يحدث عن شيخه إلا بحديث واحد	أبو محمد الحسن بن محمد بن الحسن بن علي البغدادي الخلال (المتوفى: 439ه)	Sham19Y	12546	0.64758
		روايات البغوي في تفسيره معالم التنزيل عن شيخه عبد الواحد المليحي "تخريج ودراسة"	عبد الحميد شيخون	ShamelaY19	132397	0.64751
		الإمام في معرفة أحاديث الأحكام - ت آل حميد	ابن دقيق العيد	ShamAY	33975	0.64749
		 الضوء اللامع لأهل القرن التاسع 	 شمس الدين السخاوي 	ABLibrary	954	0.64747
		مجلس في التواضع للجوهري	الحسن بن علي بن محمد، أبو محمد الجوهري (المتوفى: 454ه)	ShamelaY19	27100	0.64731
		رياض العلماء و حياض الفضلاء 	عبدالله الافندي الاصفهاني	Ghbook	16246	0.64728
		الآداب للبيهقي	أحمد بن الحسين بن علي بن موسى الخسروجردي الخراساني، أبو بكر البيهقي (المتوفى: 458ه)	Sham19Y	8203	0.64719
		شَذَرَاتُ من إتْحَافِ الأرِيبِ بأحكام مراتب تقريب التهذيب	أحمد محمد شحاته الألفى السكندرى	ShamAY	3975	0.64718
		معجم الصحابة لابن قانع	أبو الحسين عبد الباقي بن قانع بن مرزوق بن واثق الأموي بالولاء البغدادي (المتوفى: 351هـ)	ShamAY	13178	0.64705
		فحولة الشعراء - ت عويضة	الواحدي :: الأصمعي	ShamAY	34501	0.64696
		الميسر في علم تخريج الحديث النبوي	أبو ذر عبد القادر بن مصطفى بن عبد الرزاق المحمدي	ShamelaY19	96333	0.6469
		الثالث والثلاثون من المشيخة البغدادية لأبي طاهر السلفي	صدر الدين، أبو طاهر السلفي أحمد بن محمد بن أحمد بن محمد بن إبراهيم سلفه الأصبهاني (المتوفى: 576ه)	ShamelaY19	30092	0.6469
		مجلسان من أمالي أبي الحسين ابن بشران - مخطوط (ن)	أبو الحسين علي بن محمد بن عبد الله بن بشران	ShamAY	38034	0.64686
		الترغيب والترهيب لقوام السنة	إسماعيل بن محمد بن الفضل بن علي القرشي الطليحي التيمي الأصبهاني، أبو القاسم، الملقب بقوام السنة (المتوفى: 535هـ)	ShamAY	26884	0.64685
		الضعفاء الكبير للعقيلي	أبو جعفر محمد بن عمرو بن موسى بن حماد العقيلي المكي (المتوفى: 322هـ)	ShamAY	13041	0.64684
		جزء ابن عيينة - مكتبة المنار	سفيان بن عيينة بن أبي عمران الكوفي	ShamAY	33618	0.64681
		من سؤالات أبي بكر أحمد بن محمد بن هانئ الأثرم أبا عبد الله أحمد بن محمد بن حنبل	أبو عبد الله أحمد بن محمد بن حنبل بن هلال بن أسد الشيباني (المتوفى: 241هـ)	ShamAY	25873	0.64649
		نفحات الأزهار في خلاصة عبقات الأنوار [ج ١٥]	السيّد علي الحسيني الميلاني	Rafed	465	0.64642
		أحاديث السلفي عن جعفر السراج	صدر الدين، أبو طاهر السلفي أحمد بن محمد بن أحمد بن محمد بن إبراهيم سلفه الأصبهاني (المتوفى: 576ه)	Sham19Y	30240	0.64639
		توضيح الأسناد المشكلة في الكتب الأربعة‌ - الجزء1	السيد محمد جواد الشبيري الزنجاني	Masaha	3521	0.64638
		نقد الرجال - الجزء1	السيد مصطفى التفرشي	Masaha	1717	0.64636
		كتاب المعقبين من ولد الإمام أمير المؤمنين أبي الحسن عليّ بن أبي طالب عليه السلام	يحيى العبيدلي العقيقي	ShamAY	37020	0.64616
		ثلاثة مجالس من أمالي ابن عبدكويه - مخطوط	أبو الحسن علي بن يحيى بن جعفر بن عبدكويه	ShamAY	38153	0.64593
		الجزء السادس من المشيخة البغدادية	صدر الدين، أبو طاهر السلفي أحمد بن محمد بن أحمد بن محمد بن إبراهيم سلفه الأصبهاني (المتوفى: 576ه)	ShamelaY19	30628	0.64584
		فوائد حسان للسلفي بانتقاء الرهاوي	أبو طاهر السلفي (576 هـ)	ShamAY	33583	0.6457
		ذكر من لم يكن عنده إلا حديث واحد ومن لم يحدث عن شيخه إلا بحديث واحد	أبو محمد الحسن بن محمد بن الحسن بن علي البغدادي الخَلَّال (المتوفى: 439هـ)	ShamAY	12546	0.64568
		جزء البطاقة للكناني	حمزة بن محمد بن علي بن العباس، أبو القاسم الكناني المصري (المتوفى: 357ه)	Sham19Y	13100	0.64567
		الجوهرة في نسب الإمام علي وآله	محمّد بن أبي بكر الأنصاري التلمساني [ البرّي ]	Rafed	1730	0.64559
		أمهات النبي صلى الله عليه وسلم	أبو جعفر محمد بن حبيب بن أمية البغدادي (المتوفى: 245ه)	Sham19Y	26929	0.64545
		مجموع رسائل الحافظ العلائي	صلاح الدين أبو سعيد خليل بن كيكلدي بن عبد الله الدمشقي العلائي (المتوفى: 761 ه)	Sham19Y	16928	0.6454
		الضعفاء الكبير للعقيلي	أبو جعفر محمد بن عمرو بن موسى بن حماد العقيلي المكي (المتوفى: 322ه)	Sham19Y	13041	0.64538
		الآداب للبيهقي	أحمد بن الحسين بن علي بن موسى الخُسْرَوْجِردي الخراساني، أبو بكر البيهقي (المتوفى: 458هـ)	ShamAY	8203	0.64531
		الثامن عشر من المشيخة البغدادية لأبي طاهر السلفي	صدر الدين، أبو طاهر السلفي أحمد بن محمد بن أحمد بن محمد بن إبراهيم سلفه الأصبهاني (المتوفى: 576ه)	ShamelaY19	30095	0.64524
		التمهيد لما في الموطأ من المعاني والأسانيد	أبو عمر يوسف بن عبد الله بن محمد بن عبد البر بن عاصم النمري القرطبي (المتوفى: 463هـ)	ShamAY	1719	0.64524
		معالم العلماء في فهرست كتب الشيعة و أسماء المصنفين قديما و حديثا‌	ابن شهر آشوب المازندراني	Masaha	3552	0.64523
		نقد الرجال [ج ٢]	السيد مصطفى بن الحسين الحسيني التفرشي	Rafed	137	0.64515
		تاريخ الإسلام ووفيات المشاهير والأعلام [ج ٤٢]	شمس الدين محمّد بن أحمد بن عثمان الذّهبي	Rafed	3622	0.64512
		منتهى المقال في أحوال الرّجال [ج ٢]	الشيخ محمّد بن إسماعيل المازندراني	Rafed	531	0.64511
		المعجم الكبير (قطعة من مسانيد من اسمه عبد الله)	سليمان بن أحمد الطبراني	ShamAY	33908	0.6451
		النزول للدارقطني	أبو الحسن علي بن عمر بن أحمد بن مهدي بن مسعود بن النعمان بن دينار البغدادي الدارقطني (المتوفى: 385ه)	Sham19Y	13074	0.6451
		مجموع رسائل الحافظ العلائي	صلاح الدين أبو سعيد خليل بن كيكلدي بن عبد الله الدمشقي العلائي (المتوفى: 761 هـ)	ShamAY	32484	0.64501
		الأحاديث التساعية لابن جماعة	أبو عبد الله، محمد بن إبراهيم بن سعد الله بن جماعة الكناني الحموي الشافعي، بدر الدين (المتوفى: 733هـ)	ShamAY	29617	0.64495
		ما اتصل إلينا من فوائد أبي أحمد الحاكم	أبو أحمد محمد بن محمد بن أحمد بن إسحاق النيسابوري الكرابيسي المعروف بالحاكم الكبير (المتوفى: 378هـ)	ShamAY	26730	0.64481
		من مجالس أبي سعيد النقاش رواية أبي مطيع الصحاف - مخطوط (ن)	أبو سعيد محمد بن علي بن عمر بن مهدي الأصبهاني الحنبلي النقاش (المتوفى: 414ه)	ShamelaY19	21702	0.64479
		نصيحة أهل الحديث	أبو بكر أحمد بن علي بن ثابت بن أحمد بن مهدي الخطيب البغدادي (المتوفى: 463هـ)	ShamAY	5646	0.64471
		السابع من فوائد أبي عثمان البحيري	أبو عثمان سعيد بن محمد ابن أبي الحسين أحمد بن محمد بن جعفر بن محمد بن بحير البحيري، النيسابوري (المتوفى: 451ه)	ShamelaY19	29960	0.6447
		الأحاديث المشتركة حول الإمام المهدي	الشيخ محمد علي التسخيري	Masaha	2367	0.64467
		الأحاديث المرفوعة والموقوفة في كتاب «حياة الحيوان الكبرى» للدميري، من بداية حرف (التاء) إلى نهاية حرف (الجيم)، تخريجا ودراسة	إبراهيم بن عبد الله المديهش	ShamelaY19	97978	0.64462
		إتحاف الزائر وإطراف المقيم للسائر في زيارة النبي صلى الله عليه وسلم	عبد الصمد بن عبد الوهاب بن أبي الحسن محمد بن هبة الله بن عبد الله بن الحسين أمين الدين أبو اليمن بن عساكر الدمشقي نزيل مكة (المتوفى: 686هـ)	ShamAY	26764	0.64462
		معجم الصحابة لابن قانع	أبو الحسين عبد الباقي بن قانع بن مرزوق بن واثق الأموي بالولاء البغدادي (المتوفى: 351ه)	Sham19Y	13178	0.64456
		السابع من فوائد أبي عثمان البحيري	أَبُو عُثْمَانَ سَعِيْدُ بنُ مُحَمَّدِ ابنِ أَبِي الحُسَيْنِ أَحْمَدَ بنِ مُحَمَّدِ بنِ جَعْفَرِ بنِ مُحَمَّدِ بنِ بَحِيْرٍ البَحِيْرِيُّ، النَّيْسَابُوْرِيُّ (المتوفى: 451هـ)	ShamAY	29960	0.64451
		الثالث والثلاثون من المشيخة البغدادية لأبي طاهر السلفي	صدر الدين، أبو طاهر السِّلَفي أحمد بن محمد بن أحمد بن محمد بن إبراهيم سِلَفَه الأصبهاني (المتوفى: 576هـ)	ShamAY	30092	0.64447
		أخبار ابن وهب لابن بشكوال - تحقيق عامر صبري	ابن بشكوال أبو القاسم خلف بن عبد الملك بن مسعود القرطبي الأندلسي (578 هـ)	ShamAY	33539	0.64433
		غاية المرام وحجة الخصام - الجزء1	السيد هاشم البحراني	Masaha	358	0.6443
		مختصر الكامل في الضعفاء	أحمد بن علي بن عبد القادر، أبو العباس الحسيني العبيدي، تقي الدين المقريزي (المتوفى: 845هـ)	ShamAY	5848	0.64409
		جزء أحاديث الشعر	عبد الغني بن عبد الواحد بن علي بن سرور المقدسي الجماعيلي الدمشقي الحنبلي، أبو محمد، تقي الدين (المتوفى: 600هـ)	ShamAY	6900	0.64407
		ما اتصل إلينا من فوائد أبي أحمد الحاكم	أبو أحمد محمد بن محمد بن أحمد بن إسحاق النيسابوري الكرابيسي المعروف بالحاكم الكبير (المتوفى: 378ه)	ShamelaY19	26730	0.64405
		نزهة السامعين في رواية الصحابة عن التابعين	أبو الفضل أحمد بن علي بن محمد بن أحمد بن حجر العسقلاني (المتوفى: 852ه)	Sham19Y	6009	0.64398
		النجوم الزاهرة فى ملوك مصر والقاهرة	يوسف بن تغري بردي بن عبد الله الظاهري الحنفي، أبو المحاسن، جمال الدين (المتوفى: 874ه)	Sham19Y	11988	0.64392
		فائت التسهيل [ما فات «تسهيل السابلة لمريد معرفة الحنابلة» من التراجم]	بكر بن عبد الله أبو زيد	ShamelaY19	132530	0.64389
		التطفيل وحكايات الطفيليين وأخبارهم ونوادر كلامهم وأشعارهم	أبو بكر أحمد بن علي بن ثابت بن أحمد بن مهدي الخطيب البغدادي (المتوفى: 463ه)	Sham19Y	5428	0.64385
		مرويات الإمام الزهري في المغازي	محمد بن محمد العواجي	ShamAY	2700	0.64384
		فوائد أبي يعلى الخليلي	أبو يعلى الخليلي، خليل بن عبد الله بن أحمد بن إبراهيم بن الخليل القزويني (المتوفى: 446ه)	Sham19Y	8240	0.6438
		الرباعي في الحديث لعبدالغني بن سعيد	أبو محمد عبد الغني بن سعيد بن علي بن بشر بن مروان الأزدي المصري (المتوفى: 409هـ)	ShamAY	26844	0.64376
		شعب المقال في درجات الرجال	ابوالقاسم بن محمد بن احمد ابوالقاسم نراقي	Ghbook	9011	0.64359
		صحابة الإمام علي بن أبي طالب ودورهم في الحياة العامة للمسلمين	خلود الياسري	ShamAY	37122	0.64352
		مختصر الكامل في الضعفاء	أحمد بن علي بن عبد القادر، أبو العباس الحسيني العبيدي، تقي الدين المقريزي (المتوفى: 845ه)	Sham19Y	5848	0.64351
		تنقيح الروض الأنيق مما وضع في فضل الصديق	أبُو مُحَمَّدٍ الأَلْفِيُّ السَّكَنْدَرِيُّ	ShamAY	36060	0.64348
		الجزء الأول والثاني من مشيخة أبي الحسين ابن المهتدي - مخطوط	أبو الحسين محمد بن علي بن محمد بن عبيد الله بن عبد الصمد بن المهتدي بالله	ShamAY	32959	0.64343
		أمراء الكوفة وحكامها	محمد علي آل خليفة	Masaha	3953	0.64332
		الحجة بضعف حديث من صلى ركعتين بعد الصبح فله أجر عمرة وحجة	أحمد محمد شحاته الألفى السكندرى	ShamAY	5917	0.64324
		جمع القرآن - دراسة تحليلية لمروياته	أكرم عبد خليفة حمد الدليمي	ShamAY	1089	0.64323
		المناقب المزيدية في أخبار الملوك الأسدية	أبو البقاء هبة الله محمد بن نما الحلي (المتوفى: ق 6ه)	ShamelaY19	30797	0.64318
		أحاديث السلفي عن جعفر السراج	صدر الدين، أبو طاهر السلفي أحمد بن محمد بن أحمد بن محمد بن إبراهيم سلفه الأصبهاني (المتوفى: 576ه)	ShamelaY19	30240	0.64314
		تاريخ الإسلام ووفيات المشاهير والأعلام [ج ١٢]	شمس الدين محمّد بن أحمد بن عثمان الذّهبي	Rafed	3367	0.6431
		من مجالس أبي سعيد النقاش رواية أبي مطيع الصحاف - مخطوط (ن)	أبو سعيد محمد بن علي بن عمر بن مهدي الأصبهاني الحنبلي النقاش (المتوفى: 414هـ)	ShamAY	21702	0.64305
		مسند الإمام الأعظم أبي حنيفة النعمان بن ثابت الكوفي رحمه الله تعالى	أبو عبد الله الحسين بن محمد بن خسرو البلخي (522 هـ)	ShamAY	33943	0.64304
		تخريج الأحاديث الضعاف من سنن الدارقطني	عبد الله بن يحيى بن أبي بكر الغساني	ShamAY	33063	0.64303
		الثامن عشر من المشيخة البغدادية لأبي طاهر السلفي	صدر الدين، أبو طاهر السِّلَفي أحمد بن محمد بن أحمد بن محمد بن إبراهيم سِلَفَه الأصبهاني (المتوفى: 576هـ)	ShamAY	30095	0.64287
		الأربعون حديثا	الشهيد الأول	Masaha	4548	0.64287
		أربعة مجالس من أمالي الجوهري رواية البزاز - مخطوط	أبو محمد الحسن بن علي بن محمد الجوهري	ShamAY	32885	0.64286
		أحاديث مسلسلة رواية ابن ناقة	أبو العباس أحمد بن يحيى بن أحمد بن زيد بن ناقه الكوفي الحنفي (المتوفى: 559هـ)	ShamAY	29786	0.64278
		جمع القرآن - دراسة تحليلية لمروياته	أكرم عبد خليفة حمد الدليمي	Sham19Y	37676	0.64271
		قرائن ترجيح التعديل المتعلقة بأهلية الناقد ومعرفته بالراوي وتشدده وباعثه عند المحدثين دراسة تطبيقية الدكتور / دخيل بن صالح اللحيدان قسم السنة وعلومها - كلية أصول الدين جامعة الإمام محمد بن سعود الإسلامية	دخيل بن صالح اللحيدان	ShamAY	34032	0.64268
		فضيلة ذكر الله عز وجل لابن عساكر	ثقة الدين، أبو القاسم علي بن الحسن بن هبة الله المعروف بابن عساكر (المتوفى: 571هـ)	ShamAY	1352	0.64261
		مجلس من أمالي أبي سعد البغدادي	أَبُو سَعْدٍ أَحْمَدُ بنُ مُحَمَّدِ بنِ أَحْمَدَ بنِ الحَسَنِ بنِ عَلِيِّ بنِ أَحْمَدَ بنِ سُلَيْمَانَ االبَغْدَادِيُّ الأَصْل، الأَصْبَهَانِيُّ (المتوفى: 540هـ)	ShamAY	29903	0.64256
		خمسة أحاديث مسلسلات لضياء الدين المقدسي	ضياء الدين أبو عبد الله محمد بن عبد الواحد المقدسي (المتوفى: 643هـ)	ShamAY	29449	0.64255
		عشرة أحاديث منتخبة من الجزء الثالث عشر من حديث أبي طاهر الذهلي - مخطوط	محمد بن أحمد بن عبد الله بن نصر الذُّهْلي، أبو الطاهر المالكي (المتوفى: 367هـ)	ShamAY	10485	0.6425
		المجلس 128 من أمالي أبي القاسم السمرقندي	أبو القاسم إسماعيل بن أحمد بن عمر بن أبي الأشعث السمرقندي، الدمشقي المولد، البغدادي الوطن (المتوفى: 536ه)	ShamelaY19	29902	0.64247
		الرابع عشر من المشيخة البغدادية لأبي طاهر السلفي	صدر الدين، أبو طاهر السِّلَفي أحمد بن محمد بن أحمد بن محمد بن إبراهيم سِلَفَه الأصبهاني (المتوفى: 576هـ)	ShamAY	30117	0.64244
		من روى عن النبي من الصحابة في الكبائر للبرديجي - مجلة الجامعة الإسلامية	أبو بكر أحمد بن هارون بن روح البرديجي (المتوفى: 301هـ)	ShamAY	4151	0.64227
		الرسالة للشافعي	الشافعي أبو عبد الله محمد بن إدريس بن العباس بن عثمان بن شافع بن عبد المطلب بن عبد مناف المطلبي القرشي المكي (المتوفى: 204هـ)	ShamAY	8180	0.64222
		المشيخة البغدادية لأبي طاهر السلفي - مخطوط	صدر الدين، أبو طاهر السِّلَفي أحمد بن محمد بن أحمد بن محمد بن إبراهيم سِلَفَه الأصبهاني (المتوفى: 576هـ)	ShamAY	21634	0.64214
		إعلام النبلاء بتاريخ حلب الشهباء [ج ٥]	محمد راغب بن محمود بن هاشم الطبّاخ الحلبي	Rafed	2380	0.64212
		أحاديث السلفي عن جعفر السراج	صدر الدين، أبو طاهر السِّلَفي أحمد بن محمد بن أحمد بن محمد بن إبراهيم سِلَفَه الأصبهاني (المتوفى: 576هـ)	ShamAY	30240	0.64209
		رسالة في الاحاديث الواردة في الخلفاء على ترتيب الخلافة	السيّد علي الحسيني الميلاني	Rafed	223	0.64208
		تاريخ مدينة دمشق [ج ٦١]	أبي القاسم علي بن الحسن ابن هبة الله بن عبد الله الشافعي [ ابن عساكر ]	Rafed	2531	0.64207
		أمالي ابن منده- رواية البزاني	أبو عبد الله محمد بن إسحاق بن محمد بن يحيى بن منده العبدي (المتوفى: 395ه)	Sham19Y	29737	0.64204
		أخبار ابن وهب لابن بشكوال - تحقيق قاسم سعد	ابن بشكوال أبو القاسم خلف بن عبد الملك بن مسعود القرطبي الأندلسي (578 هـ)	ShamAY	33540	0.64202
		الرد على من يقول الم حرف لينفي الألف والام والميم عن كلام الله عز وجل	عبد الرحمن بن محمد بن إسحاق، ابن مندة العبدي الأصبهاني، أبو القاسم (المتوفى: 470ه)	ShamelaY19	26452	0.64198
		حفظ العمر لابن الجوزي	جمال الدين أبو الفرج عبد الرحمن بن علي بن محمد الجوزي (المتوفى: 597هـ)	ShamAY	26677	0.64193
		سؤالات البرقاني للدارقطني رواية الكرجي عنه	أحمد بن محمد بن أحمد بن غالب، أبو بكر المعروف بالبرقاني (المتوفى: 425هـ)	ShamAY	11237	0.64189
		النجوم الزاهرة فى ملوك مصر والقاهرة	يوسف بن تغري بردي بن عبد الله الظاهري الحنفي، أبو المحاسن، جمال الدين (المتوفى: 874هـ)	ShamAY	11988	0.64188
		من حديث أبي بكر بن سلم الختلي - مخطوط	أبو بكر أحمد بن جعفر بن محمد بن سلم الختلي	ShamAY	32930	0.64183
		معاني الأخبار	الشيخ الصدوق	Masaha	712	0.64178
		الجزء الرابع من رباعي التابعين	محمد بن عمر بن أحمد بن عمر بن محمد الأصبهاني المديني، أبو موسى (المتوفى: 581ه)	ShamelaY19	29793	0.64177
		الثاني من أمالي أبي الحسين بن بشران	علي بن محمد بن عبد الله بن بشران الأموي أبو الحسين البغدادي المعدل (المتوفى: 415هـ)	ShamAY	30399	0.64171
		مجلس في فضل صوم يوم عاشوراء للمنذري	عبد العظيم المنذري	ShamAY	33588	0.64168
		أحاديث الشيوخ الثقات (المشيخة الكبرى)	محمد بن عبد الباقي بن محمد الأنصاري الكعبي، أبو بكر، المعروف بقاضي المارِسْتان (المتوفى: 535هـ)	ShamAY	26542	0.64168
		جامع المسانيد والسُّنَن الهادي لأقوم سَنَن	أبو الفداء إسماعيل بن عمر بن كثير القرشي البصري ثم الدمشقي (المتوفى: 774هـ)	ShamAY	21809	0.64164
		أخبار لحفظ القرآن الكريم لابن عساكر	ثقة الدين، أبو القاسم علي بن الحسن بن هبة الله المعروف بابن عساكر (المتوفى: 571هـ)	ShamAY	1370	0.64163
		فوائد ابن منده	أبو عبد الله محمد بن إسحاق بن محمد بن يحيى بن منده (المتوفى: 395ه)	Sham19Y	9347	0.64162
		الثاني والثلاثون من المشيخة البغدادية لأبي طاهر السلفي	صدر الدين، أبو طاهر السلفي أحمد بن محمد بن أحمد بن محمد بن إبراهيم سلفه الأصبهاني (المتوفى: 576ه)	Sham19Y	30098	0.6416
		مناقب الشافعي للبيهقي	أبو بكر أحمد بن الحسين البيهقي (384 - 458 هـ)	ShamAY	37997	0.64149
		 أمراء الكوفة وحكامها 	 محمد على آل خليفة 	ABLibrary	8937	0.64145
		فوائد أبي علي بن فضالة	عبد الرحمن بن محمد بن أحمد بن فضالة (رافضي جلد) (المتوفى: 420ه)	ShamelaY19	29750	0.64144
		أحاديث من تخريج أبي محمد عبد الخالق بن أحمد لولده أبي الحسين عبد الحق - مخطوط	أبو الحسين عبد الحق بن عبد الخالق بن أحمد بن عبد القادر بن محمد بن يوسف	ShamAY	32833	0.64144
		طبقات المفسرين للداوودي	محمد بن علي بن أحمد، شمس الدين الداوودي المالكي (المتوفى: 945هـ)	ShamAY	1451	0.64125
		السنن الأبين والمورد الأمعن في المحاكمة بين الإمامين في السند المعنعن	محمد بن عمر بن محمد، أبو عبد الله، محب الدين ابن رشيد الفهري السبتي (المتوفى: 721ه)	Sham19Y	6011	0.64121
		المستدرك على الصحيحين للحاكم	أبو عبد الله الحاكم محمد بن عبد الله بن محمد بن حمدويه بن نُعيم بن الحكم الضبي الطهماني النيسابوري المعروف بابن البيع (المتوفى: 405هـ)	ShamAY	2266	0.64117
		خماسيات ابن النقور	أبو بكر عبد الله ابن الشيخ أبي منصور محمد ابن الشيخ الكبير أبي الحسين أحمد بن محمد بن عبد الله بن النقور البغدادي، البزاز (المتوفى: 565ه)	ShamelaY19	29932	0.64112
		نفحات الأزهار في خلاصة عبقات الأنوار [ج ١٩]	السيّد علي الحسيني الميلاني	Rafed	474	0.64099
		مجلس في التواضع للجوهري	الحسن بن علي بن محمد، أبو محمد الجوهري (المتوفى: 454هـ)	ShamAY	27100	0.64096
		كتاب المسلسلات لابن الجوزي - مخطوط (ن)	جمال الدين أبو الفرج عبد الرحمن بن علي بن محمد الجوزي (المتوفى: 597ه)	Sham19Y	12131	0.64086
		مكارم الأخلاق لابن أبي الدنيا - ط أطلس الخضراء = مقابل	أبو بكر عبد الله بن محمد ابن أبي الدنيا	ShamAY	38163	0.64066
		جزء من أحاديث ابن المقير عن شيوخه شيوخه (مطبوع ضمن مجموع باسم الفوائد لابن منده!)	علي بن الحسين بن علي بن منصور، أبو الحسن ابن المقير النجار (المتوفى: 643هـ)	ShamAY	9398	0.64056
		الترغيب والترهيب لقوام السنة	إسماعيل بن محمد بن الفضل بن علي القرشي الطليحي التيمي الأصبهاني، أبو القاسم، الملقب بقوام السنة (المتوفى: 535ه)	ShamelaY19	26884	0.64052
		تحقيق جزء من علل أبي حاتم- الغميز	الواحدي :: الرازي، ابن أبي حاتم	ShamAY	35210	0.64051
		منتخب من كتاب الشعراء لأبي نعيم الأصبهاني	أبو نعيم أحمد بن عبد الله بن أحمد بن إسحاق بن موسى بن مهران الأصبهاني (المتوفى: 430ه)	ShamelaY19	27105	0.64048
		السابع عشر من المشيخة البغدادية لأبي طاهر السلفي	صدر الدين، أبو طاهر السِّلَفي أحمد بن محمد بن أحمد بن محمد بن إبراهيم سِلَفَه الأصبهاني (المتوفى: 576هـ)	ShamAY	30123	0.64045
		فضائل القرآن للمستغفري	أَبُو العَبَّاسِ جَعْفَرُ بنُ مُحَمَّدِ بنُ المُعْتَزِّ بنِ مُحَمَّدِ بنِ المُسْتَغْفِرِ بنِ الفَتْحِ بنِ إِدْرِيْسَ المُسْتَغْفِرِيُّ، النَّسَفِيُّ (المتوفى: 432هـ)	ShamAY	21315	0.64038
		تاريخ العلماء النحويين من البصريين والكوفيين وغيرهم.	أبو المحاسن المفضل بن محمد بن مسعر التنوخي المعري (المتوفى: 442هـ)	ShamAY	1386	0.64036
		الحادي والخمسون من أمالي ابن عساكر	ثقة الدين، أبو القاسم علي بن الحسن بن هبة الله المعروف بابن عساكر (المتوفى: 571هـ)	ShamAY	29789	0.64032
		الصحائف الاثنا عشر لعبد الرحمن بن عمرو السماني - مخطوط		ShamAY	32761	0.6403
		المغازي‏ - الجزء1	محمد بن عمر الواقدي‏	Masaha	3023	0.64025
		فوائد تمام	أبو القاسم تمام بن محمد بن عبد الله بن جعفر بن عبد الله بن الجنيد البجلي الرازي ثم الدمشقي (المتوفى: 414هـ)	ShamAY	13147	0.64024
		جامع بيان العلم وفضله - ت السعدني ط العلمية	أبو عمر يوسف بن عبد الله بن محمد بن عبد البر بن عاصم النمري القرطبي (المتوفى: 463هـ)	ShamAY	34003	0.64023
		جزء فيه أحاديث من مسموعات للشيخ الحافظ أبي ذر عبيد بن أحمد بن محمد الهروي (وهو مطبوع ضمن كتاب الفوائد)	أبو ذر عبيد بن أحمد بن محمد بن عبد الله بن غفير بن محمد الأنصاري الخراساني الهروي (المتوفى: 434هـ)	ShamAY	9855	0.64019
		جزء فيه أحاديث عوال من مسموعات محمد بن عبد المنعم بن عمار بن هامل	محمد بن عبد المنعم ابن عمار بن هامل الحراني الحنبلي (المتوفى: 671ه)	ShamelaY19	26557	0.64017
		حفظ العمر لابن الجوزي	جمال الدين أبو الفرج عبد الرحمن بن علي بن محمد الجوزي (المتوفى: 597ه)	ShamelaY19	26677	0.64013
		مجلس من أمالي أبي العباس منير بن أحمد الخشاب	أبو العباس منير بن أحمد الخشاب	ShamAY	33640	0.64012
		طبقات المفسرين للداوودي - ط العلمية = التراجم	محمد بن علي بن أحمد، شمس الدين الداوودي المالكي (المتوفى: 945هـ)	ShamAY	38009	0.64011
		دلائل النبوة	أبو العباس جعفر بن محمد المستغفري	ShamAY	34438	0.64001
		بحار الأنوار [المدخل]	الشيخ محمّد باقر بن محمّد تقي المجلسي	Rafed	514	0.63995
		سير أعلام النبلاء ط الرسالة	شمس الدين أبو عبد الله محمد بن أحمد بن عثمان بن قَايْماز الذهبي (المتوفى : 748هـ)	ShamAY	10906	0.63988
		الغرائب الملتقطة من مسند الفردوس مما ليس في الكتب المشهورة - مخطوط	أحمد بن علي بن حجر العسقلاني	ShamAY	32826	0.63987
		جزء فيه أحاديث عوال من مسموعات محمد بن عبد المنعم بن عمار بن هامل	محمد بن عبد المنعم ابن عمار بن هامل الحراني الحنبلي (المتوفى: 671هـ)	ShamAY	26557	0.63984
		من أحاديث الشيخ الحافظ أبي العباس ابن بشرويه - مخطوط	أبو العباس أحمد بن محمد بن عبد الله بن بشرويه	ShamAY	32867	0.63983
		الزيادات في كتاب الجود والسخاء للطبراني	سليمان بن أحمد بن أيوب بن مطير اللخمي الشامي، أبو القاسم الطبراني (المتوفى: 360هـ)	ShamAY	1358	0.63975
		مجلسان لأبي سعد البغدادي	أَبُو سَعْدٍ أَحْمَدُ بنُ مُحَمَّدِ بنِ أَحْمَدَ بنِ الحَسَنِ بنِ عَلِيِّ بنِ أَحْمَدَ بنِ سُلَيْمَانَ االبَغْدَادِيُّ الأَصْل، الأَصْبَهَانِيُّ (المتوفى: 540هـ)	ShamAY	29783	0.63966
		مجلسان أحدهما عن ابن بشران والثاني عن ابن أبي الفوارس - مخطوط	الواحدي	ShamAY	32888	0.63959
		نسبة ومنسوب	مرزوق بن هياس آل مرزوق الزهراني	ShamelaY19	132412	0.63918
		السنن الأبين والمورد الأمعن في المحاكمة بين الإمامين في السند المعنعن	محمد بن عمر بن محمد، أبو عبد الله، محب الدين ابن رشيد الفهري السبتي (المتوفى: 721هـ)	ShamAY	6011	0.63916
		علل الدارقطني - ت: محفوظ الرحمن - ط طيبة	أبو الحسن علي بن عُمَر بن أحمد بن مهدي الدارقطني.	ShamAY	34177	0.63907
		فوائد أبي علي بن فضالة	عبد الرحمن بن محمد بن أحمد بن فضالة (رافضي جلد) (المتوفى: 420ه)	Sham19Y	29750	0.63902
		الجزء الرابع من رباعي التابعين	محمد بن عمر بن أحمد بن عمر بن محمد الأصبهاني المديني، أبو موسى (المتوفى: 581ه)	Sham19Y	29793	0.639
		العلل الواردة في الأحاديث النبوية.	أبو الحسن علي بن عُمَر الدارقطني.	ShamAY	34171	0.63896
		منتهى رغبات السامعين في عوالي أحاديث التابعين	محمد بن عمر بن أحمد بن عمر بن محمد الأصبهاني المديني، أبو موسى (المتوفى: 581ه)	ShamelaY19	30790	0.63888
		المنتقى من الأربعين البلدانية لابن حمويه - مخطوط	إبراهيم بن محمد بن المؤيد بن حمويه	ShamAY	38147	0.63882
		أمهات النبي صلى الله عليه وسلم	أبو جعفر محمد بن حبيب بن أمية البغدادي (المتوفى: 245ه)	ShamelaY19	26929	0.6388
		 أصحاب أمير المؤمنين ( ع ) والرواة عنه 	 الشيخ محمد هادي الأميني 	ABLibrary	7413	0.63871
		 مسند الإمام الصادق ( ع ) 	 الشيخ عزيز الله عطاردي 	ABLibrary	7734	0.63868
		تاريخ أبي زرعة الدمشقي	عبد الرحمن بن عمرو بن عبد الله بن صفوان النصري المشهور بأبي زرعة الدمشقي الملقب بشيخ الشباب (المتوفى: 281هـ)	ShamAY	30741	0.63863
		التطفيل وحكايات الطفيليين وأخبارهم ونوادر كلامهم وأشعارهم	أبو بكر أحمد بن علي بن ثابت بن أحمد بن مهدي الخطيب البغدادي (المتوفى: 463هـ)	ShamAY	5428	0.63862
		أخبار المكيين من كتاب التاريخ الكبير لابن أبي خيثمة	أبو بكر أحمد بن أبي خيثمة (المتوفى: 279هـ)	ShamAY	5876	0.63861
		الأحاديث التي خولف فيها مالك بن أنس رضي الله عنه	أبو الحسن علي بن عمر بن أحمد بن مهدي بن مسعود بن النعمان بن دينار البغدادي الدارقطني (المتوفى: 385هـ)	ShamAY	5651	0.63857
		أمالي أبي يعلى الفراء	القاضي أبو يعلى، محمد بن الحسين بن محمد بن خلف المعروف بـ ابن الفراء (المتوفى: 458هـ)	ShamAY	29876	0.63857
		 توضيح الأسناد المشكلة في الكتب الأربعة 	 السيد محمد جواد الشبيري الزنجاني 	ABLibrary	9773	0.63856
		وسائل الشيعة [ج ٣٠]	محمد بن الحسن الحرّ العاملي [ العلامة الشيخ حرّ العاملي ]	Rafed	368	0.63855
		جزء في تفسير الباقيات الصالحات	صلاح الدين أبو سعيد خليل بن كيكلدي بن عبد الله الدمشقي العلائي (المتوفى: 761هـ)	ShamAY	5509	0.63846
		طبقات الفقهاء الشافعية	عثمان بن عبد الرحمن، أبو عمرو، تقي الدين المعروف بابن الصلاح (المتوفى: 643ه)	Sham19Y	6741	0.63846
		طبقات المحدثين بأصبهان والواردين عليها	أبو محمد عبد الله بن محمد بن جعفر بن حيان الأنصاري المعروف بأبِي الشيخ الأصبهاني (المتوفى: 369هـ)	ShamAY	4182	0.63839
		مسند الشهاب القضاعي	أبو عبد الله محمد بن سلامة بن جعفر بن علي بن حكمون القضاعي المصري (المتوفى: 454هـ)	ShamAY	13163	0.63837
		ما قرب سنده من حديث للإمام أبي القاسم إسماعيل بن أحمد السمرقندي	أبو القاسم إسماعيل بن أحمد بن عمر بن أبي الأشعث السمرقندي، الدمشقي المولد، البغدادي الوطن (المتوفى: 536ه)	Sham19Y	26481	0.63836
		المدخل إلى السنن الكبرى للبيهقي	أحمد بن الحسين بن علي بن موسى الخُسْرَوْجِردي الخراساني، أبو بكر البيهقي (المتوفى: 458هـ)	ShamAY	13061	0.63832
		من حديث الفقيه أبي القاسم الشهرزوري عن شيوخه - مخطوط (ن)	عبد العزيز بن علي بن الحسن أبو القاسم الشهرزوري المالكي (المتوفى: 427ه)	Sham19Y	21691	0.63829
		المختلطين للعلائي	صلاح الدين أبو سعيد خليل بن كيكلدي بن عبد الله الدمشقي العلائي (المتوفى: 761ه)	ShamelaY19	25846	0.63826
		الثاني والثلاثون من المشيخة البغدادية لأبي طاهر السلفي	صدر الدين، أبو طاهر السلفي أحمد بن محمد بن أحمد بن محمد بن إبراهيم سلفه الأصبهاني (المتوفى: 576ه)	ShamelaY19	30098	0.63817
		الجزء الثالث من المشيخة البغدادية لأبي طاهر السلفي	صدر الدين، أبو طاهر السِّلَفي أحمد بن محمد بن أحمد بن محمد بن إبراهيم سِلَفَه الأصبهاني (المتوفى: 576هـ)	ShamAY	30621	0.63814
		كتاب المسلسلات لابن الجوزي - مخطوط (ن)	جمال الدين أبو الفرج عبد الرحمن بن علي بن محمد الجوزي (المتوفى: 597هـ)	ShamAY	12131	0.638
		السادس والعشرون من المشيخة البغدادية لأبي طاهر السلفي	صدر الدين، أبو طاهر السِّلَفي أحمد بن محمد بن أحمد بن محمد بن إبراهيم سِلَفَه الأصبهاني (المتوفى: 576هـ)	ShamAY	30126	0.63799
		الثاني عشر من المشيخة البغدادية لأبي طاهر السلفي	صدر الدين، أبو طاهر السِّلَفي أحمد بن محمد بن أحمد بن محمد بن إبراهيم سِلَفَه الأصبهاني (المتوفى: 576هـ)	ShamAY	30097	0.63798
		المناقب المزيدية في أخبار الملوك الأسدية	أبو البقاء هبة الله محمد بن نما الحلي (المتوفى: ق 6هـ)	ShamAY	30797	0.63797
		الرابع والعشرون من المشيخة البغدادية لأبي طاهر السلفي	صدر الدين، أبو طاهر السِّلَفي أحمد بن محمد بن أحمد بن محمد بن إبراهيم سِلَفَه الأصبهاني (المتوفى: 576هـ)	ShamAY	30122	0.63795
		الأحاديث المرفوعة والموقوفة في كتاب «حياة الحيوان الكبرى» للدميري، من بداية حرف (التاء) إلى نهاية حرف (الجيم)، تخريجا ودراسة	إبراهيم بن عبد الله المديهش	Sham19Y	97978	0.63795
		فوائد أبي عبد الله الحسين بن إبراهيم الجمال - مخطوط		ShamAY	32783	0.63788
		السابع عشر من المشيخة البغدادية لأبي طاهر السلفي	صدر الدين، أبو طاهر السلفي أحمد بن محمد بن أحمد بن محمد بن إبراهيم سلفه الأصبهاني (المتوفى: 576ه)	ShamelaY19	30123	0.63774
		 الضوء اللامع لأهل القرن التاسع 	 شمس الدين السخاوي 	ABLibrary	955	0.63765
		مغازي الواقدي	محمد بن عمر بن واقد السهمي الأسلمي بالولاء، المدني، أبو عبد الله، الواقدي (المتوفى: 207ه)	ShamelaY19	23680	0.63764
		معرفة الصحابة لأبي نعيم	أبو نعيم أحمد بن عبد الله بن أحمد بن إسحاق بن موسى بن مهران الأصبهاني (المتوفى: 430هـ)	ShamAY	10490	0.63756
		الجزء الأول والثاني من فوائد ابن بشران عن شيوخه (ضمن مجموع مطبوع باسم الفوائد لابن منده!)	علي بن محمد بن عبد الله بن بشران الأموي أبو الحسين البغدادي المعدل (المتوفى: 415هـ)	ShamAY	9383	0.63752
		تاريخ الإسلام ووفيات المشاهير والأعلام [ج ٤٧]	شمس الدين محمّد بن أحمد بن عثمان الذّهبي	Rafed	3643	0.63747
		طبقات الفقهاء الشافعية	عثمان بن عبد الرحمن، أبو عمرو، تقي الدين المعروف بابن الصلاح (المتوفى: 643هـ)	ShamAY	6741	0.63741
		إحقاق الحقّ وإزهاق الباطل [ج ١٦]	السيّد نور الله الحسيني المرعشي التستري	Rafed	2755	0.63741
		الجزء الثالث من المشيخة البغدادية لأبي طاهر السلفي	صدر الدين، أبو طاهر السلفي أحمد بن محمد بن أحمد بن محمد بن إبراهيم سلفه الأصبهاني (المتوفى: 576ه)	Sham19Y	30621	0.6374
		فهارس الشيعه: فهرست حميد بن زياد النينوايي	مهدي خداميان آراني	Ghbook	15587	0.63738
		الحلم لابن أبي الدنيا - ط أطلس الخضراء = مقابل	أبو بكر عبد الله بن محمد ابن أبي الدنيا	ShamAY	38060	0.63733
		فضائل القرآن للمستغفري	أبو العباس جعفر بن محمد بن المعتز بن محمد بن المستغفر بن الفتح بن إدريس المستغفري، النسفي (المتوفى: 432ه)	ShamelaY19	21315	0.63714
		مكارم الأخلاق للخرائطي - مطبعة المدني	الخرائطي	ShamAY	33949	0.63704
		مسائل أبي جعفر محمد بن عثمان بن أبي شيبة عن شيوخه - ط الفاروق	أبو جعفر محمد بن عثمان بن أبي شيبة الكوفي	ShamAY	34167	0.63702
		من حديث أبي منصور محمد بن محمد بن عثمان السواق - مخطوط (ن)	محمد بن محمد بن عثمان بن عمران بن سهل بن نصر بن أحمد بن حامد أبو منصور البندار المعروف بابن السواق (المتوفى: 440ه)	ShamelaY19	21690	0.63701
		حديث أحمد بن عبد الله بن خالد الجويباري في مسائل عبد الله بن سلام	أحمد بن الحسين بن علي بن موسى الخسروجردي الخراساني، أبو بكر البيهقي (المتوفى: 458ه)	Sham19Y	7531	0.63696
		سنن ابن ماجه ت الأرنؤوط	ابن ماجة - وماجة اسم أبيه يزيد - أبو عبد الله محمد بن يزيد القزويني (المتوفى: 273ه)	ShamelaY19	98138	0.63691
		الأحاديث المرفوعة والموقوفة في كتاب «حياة الحيوان الكبرى» للدَّمِيري، من بداية حرف (التاء) إلى نهاية حرف (الجيم)، تخريجاً ودراسة	إبراهيم بن عبد الله المديهش	ShamAY	31589	0.6369
		تخريج أحاديث الأسماء الحسنى	أبو الفضل أحمد بن علي بن محمد بن أحمد بن حجر العسقلاني (المتوفى: 852هـ)	ShamAY	30718	0.63688
		الاحاديث المشتركه حول الامام المهدي	محمد امير ناصري	Ghbook	16363	0.6368
		أخبار الصلاة لعبد الغني المقدسي	عبد الغني بن عبد الواحد بن علي بن سرور المقدسي الجماعيلي الدمشقي الحنبلي، أبو محمد، تقي الدين (المتوفى: 600ه)	ShamelaY19	26390	0.63673
		العوالي والحسان لعبد الخالق بن فيروز الجوهري - مخطوط	أبو المظفر عبد الخالق بن فيروز الجوهري	ShamAY	32971	0.63673
		الثالث والعشرون من المشيخة البغدادية لأبي طاهر السلفي	صدر الدين، أبو طاهر السِّلَفي أحمد بن محمد بن أحمد بن محمد بن إبراهيم سِلَفَه الأصبهاني (المتوفى: 576هـ)	ShamAY	30093	0.63672
		الإخوان لابن أبي الدنيا	أبو بكر عبد الله بن محمد بن عبيد بن سفيان بن قيس البغدادي الأموي القرشي المعروف بابن أبي الدنيا (المتوفى: 281هـ)	ShamAY	12990	0.63668
		المداوي لعلل الجامع الصغير وشرحي المناوي	أحمد بن محمد بن الصدِّيق بن أحمد، أبو الفيض الغُمَارِي الحسني الأزهري (المتوفى: 1380 هـ)	ShamAY	32538	0.63668
		 أصحاب أمير المؤمنين ( ع ) والرواة عنه 	 الشيخ محمد هادي الأميني 	ABLibrary	7414	0.63668
		جزء من حديث ابن شاهين جمع أبي الحسين بن المهتدي	أبو حفص عمر بن أحمد بن عثمان بن أحمد بن محمد بن أيوب بن أزداذ البغدادي المعروف ب ابن شاهين (المتوفى: 385ه)	ShamelaY19	26517	0.63667
		كتاب نساء رسول الله صلى الله عليه وسلم وأولاده ومن سالفه من قريش وحلفائهم وغيرهم	الواحدي :: شرف الدين الدمياطي	ShamAY	34435	0.63665
		إثبات صفة العلو - الدار السلفية	عبد الله بن أحمد بن قدامة المقدسي أبو محمد	ShamAY	33625	0.63665
		ذكر ابن أبي الدنيا وما وقع عاليًا من حديثه	محمد بن عمر بن أحمد بن عمر بن محمد الأصبهاني المديني، أبو موسى (المتوفى: 581هـ)	ShamAY	9510	0.63658
		فهرس الفهارس والأثبات ومعجم المعاجم والمشيخات والمسلسلات	محمد عَبْد الحَيّ بن عبد الكبير ابن محمد الحسني الإدريسي، المعروف بعبد الحي الكتاني (المتوفى: 1382هـ)	ShamAY	1037	0.63657
		فضائل التسمية بأحمد ومحمد	أبو عبد الله الحسين بن أحمد بن عبد الله بن بكير البغدادي الصيرفي (المتوفى: 388ه)	Sham19Y	13135	0.63649
		عيون أخبار الرضا(ع)‏ - الجزء1	الشيخ الصدوق	Masaha	2306	0.63626
		من حديث الفقيه أبي القاسم الشهرزوري عن شيوخه - مخطوط (ن)	عبد العزيز بن علي بن الحسن أبو القاسم الشهرزوري المالكي (المتوفى: 427ه)	ShamelaY19	21691	0.63615
		نزهة السامعين في رواية الصحابة عن التابعين	أبو الفضل أحمد بن علي بن محمد بن أحمد بن حجر العسقلاني (المتوفى: 852هـ)	ShamAY	6009	0.63613
		من حديث أبي القاسم عبد العزيز بن علي الأزجي عن شيوخه - مخطوط	أبو القاسم عبد العزيز بن علي بن أحمد الأزجي	ShamAY	32871	0.63606
		القربة إلى رب العالمين بالصلاة على النبي صلى الله عليه وسلم سيد المرسلين	ابن بشكوال (578 هـ)	ShamAY	33627	0.63603
		الكتاب اللطيف لشرح مذاهب أهل السنة ومعرفة شرائع الدين والتمسك بالسنن	أبو حفص عمر بن أحمد بن شاهين [287 هـ - 385 هـ]	ShamAY	33856	0.63602
		المختصر الكبير في سيرة النبي محمد(ص)	عبد العزيز ابن جماعة الكناني	Masaha	2867	0.63589
		الروض الداني (المعجم الصغير)	سليمان بن أحمد بن أيوب بن مطير اللخمي الشامي، أبو القاسم الطبراني (المتوفى: 360هـ)	ShamAY	13068	0.63587
		الرد على ابن القطان في كتابه بيان الوهم والإيهام	شمس الدين أبو عبد الله محمد بن أحمد بن عثمان بن قَايْماز الذهبي (المتوفى : 748هـ)	ShamAY	9075	0.63584
		المشيخة البغدادية لأبي طاهر السلفي - مخطوط	صدر الدين، أبو طاهر السلفي أحمد بن محمد بن أحمد بن محمد بن إبراهيم سلفه الأصبهاني (المتوفى: 576ه)	ShamelaY19	21634	0.63577
		الورقة	أبو عبد الله محمد بن داود بن الجراح (المتوفى: 296هـ)	ShamAY	618	0.63572
		الأحاديث المرفوعة المعلّة في كتاب (( حلية الأولياء ))	سعيد الغامدي	ShamAY	33056	0.63553
		 البرصان والعرجان والعميان والحولان 	 الجاحظ 	ABLibrary	821	0.63553
		قطعة في الحديث ومنه حديث الإسراء وغيره لأبي طاهر السلفي- مخطوط	أبو طاهر أحمد بن محمد السلفي	ShamAY	38063	0.63546
		ما قرب سنده من حديث للإمام أبي القاسم إسماعيل بن أحمد السمرقندي	أبو القاسم إسماعيل بن أحمد بن عمر بن أبي الأشعث السمرقندي، الدمشقي المولد، البغدادي الوطن (المتوفى: 536ه)	ShamelaY19	26481	0.6353
		جزء طراد بن محمد الزينبي	طراد بن محمد بن علي الهاشمي العباسي الزينبي، أبو الفوارس (المتوفى: 491ه)	ShamelaY19	30045	0.63513
		السقيفة و فدك	باسم مجيد الساعدي	Ghbook	12337	0.63502
		الاختلاف بين رواة البخاري	يوسف بن حسن بن أحمد بن حسن ابن عبد الهادي الصالحي، جمال الدين، ابن ابن المبرد الحنبلي (المتوفى: 909ه)	ShamelaY19	30358	0.63494
		الاعتقاد والهداية إلى سبيل الرشاد على مذهب السلف وأصحاب الحديث	أحمد بن الحسين بن علي بن موسى الخُسْرَوْجِردي الخراساني، أبو بكر البيهقي (المتوفى: 458هـ)	ShamAY	12997	0.63494
		أنِيسُ السَّاري في تخريج وَتحقيق الأحاديث التي ذكرها الحَافظ ابن حَجر العسقلاني في فَتح البَاري	أبو حذيفة، نبيل بن منصور بن يعقوب بن سلطان البصارة الكويتي	ShamAY	32191	0.63485
		الأحاديث الواردة المقيدة بأدبار الصلوات في كتب السنة جمعا ودراسة	غالب محمد أبو القاسم حامضي	ShamAY	221	0.6348
		شيوخ شعبة الذين ضعفهم الإمام أحمد	عبد العزيز بن صالح اللحيدان	ShamAY	35221	0.63478
		جامع بيان العلم وفضله	أبو عمر يوسف بن عبد الله بن محمد بن عبد البر بن عاصم النمري القرطبي (المتوفى: 463هـ)	ShamAY	22367	0.6347
		الثاني والثلاثون من المشيخة البغدادية لأبي طاهر السلفي	صدر الدين، أبو طاهر السِّلَفي أحمد بن محمد بن أحمد بن محمد بن إبراهيم سِلَفَه الأصبهاني (المتوفى: 576هـ)	ShamAY	30098	0.63468
		النزول للدارقطني	أبو الحسن علي بن عمر بن أحمد بن مهدي بن مسعود بن النعمان بن دينار البغدادي الدارقطني (المتوفى: 385هـ)	ShamAY	13074	0.63467
		تحفة الصديق في فضائل أبي بكر الصديق	الأمير أبو الحسن علي بن بلبان بن عبد الله، علاء الدين الفارسي الحنفي (المتوفى: 739هـ)	ShamAY	6603	0.63459
		أنيس الساري في تخريج وتحقيق الأحاديث التي ذكرها الحافظ ابن حجر العسقلاني في فتح الباري	أبو حذيفة، نبيل بن منصور بن يعقوب بن سلطان البصارة الكويتي	Sham19Y	14317	0.63452
		تاريخ أبي زرعة الدمشقي	عبد الرحمن بن عمرو بن عبد الله بن صفوان النصري المشهور بأبي زرعة الدمشقي الملقب بشيخ الشباب (المتوفى: 281ه)	ShamelaY19	30741	0.63449
		أخبار مكة في قديم الدهر وحديثه‏  - الجزء1	محمد بن إسحاق الفاكهي	Masaha	4538	0.63447
		الجزء الثاني من الحربيات لعلي بن عمر الحربي - مخطوط (ن)	علي بن عمر بن محمد بن الحسين ابن شاذان، أبو الحسن السكري الحربي الصيرفي الكيال (المتوفى: 386هـ)	ShamAY	10494	0.63443
		جامع المسانيد والسنن الهادي لأقوم سنن	أبو الفداء إسماعيل بن عمر بن كثير القرشي البصري ثم الدمشقي (المتوفى: 774ه)	ShamelaY19	21809	0.63442
		مكانة الإمام أبي حنيفة في الحديث	محمد عبد الرشيد النعماني الباكستاني (المتوفى: 1420ه)	ShamelaY19	96604	0.63434
		الفوائد المخرجة من الأصول عن شيوخ ابن المهتدي - مخطوط		ShamAY	32765	0.63432
		أسماء المخضرمين من الرجال	السيوطي	ShamAY	35798	0.63429
		رسالة في تفسير قوله تعالى: إن إبراهيم كان أمة	شمس الدين محمد بن علي بن خمارويه بن طولون الدمشقي الصالحي الحنفي (المتوفى: 953ه)	ShamelaY19	26435	0.63424
		الاختلاف بين رواة البخاري	يوسف بن حسن بن أحمد بن حسن ابن عبد الهادي الصالحي، جمال الدين، ابن ابن المبرد الحنبلي (المتوفى: 909ه)	Sham19Y	30358	0.63424
		الحادي والعشرون من المشيخة البغدادية لأبي طاهر السلفي	صدر الدين، أبو طاهر السِّلَفي أحمد بن محمد بن أحمد بن محمد بن إبراهيم سِلَفَه الأصبهاني (المتوفى: 576هـ)	ShamAY	30110	0.63421
		الثاني عشر من المشيخة البغدادية لأبي طاهر السلفي	صدر الدين، أبو طاهر السلفي أحمد بن محمد بن أحمد بن محمد بن إبراهيم سلفه الأصبهاني (المتوفى: 576ه)	ShamelaY19	30097	0.63417
		مجلس من إملاء الفارسي ومجلسان من إملاء البخاري	نصر بن عبد العزيز بن أحمد، أبو الحسين الفارسي (المتوفى: 461ه) ، وأبو زكريا عبد الرحيم بن أحمد بن نصر البخاري (المتوفى: 461ه)	ShamelaY19	30388	0.63417
		السادس والعشرون من المشيخة البغدادية لأبي طاهر السلفي	صدر الدين، أبو طاهر السلفي أحمد بن محمد بن أحمد بن محمد بن إبراهيم سلفه الأصبهاني (المتوفى: 576ه)	ShamelaY19	30126	0.63413
		من أعلام السلف	أحمد فريد	ShamAY	631	0.63402
		الأحاديث الواردة المقيدة بأدبار الصلوات في كتب السنة جمعا ودراسة	غالب محمد أبو القاسم حامضي	ShamelaY19	35097	0.63394
		خاتمة مستدرك الوسائل [ج ٩]	الشيخ حسين النوري الطبرسي [ المحدّث النوري ]	Rafed	1472	0.63383
		من حديث أبي بكر محمد بن إبراهيم العدوي - مخطوط		ShamAY	32807	0.63372
		 أخبار مكة في قديم الدهر وحديثه 	 محمد بن اسحاق ابن العباس الفاكهي المكي 	ABLibrary	8925	0.63368
		الشكر لله عز وجل (الكتب الثقافية)	أبو بكر عبد الله ين محمد بن عبيد الله بن سفيان القرشي	ShamAY	34113	0.63366
		أمالي المخلدي	الحسن بن أحمد بن محمد المخلدي	ShamAY	33691	0.63363
		كتاب فضائل القرآن العظيم وثواب من تعلمه وعلمه وما أعد الله عز وجل لتاليه في الجنان	ضياء الدين أبو عبد الله محمد بن عبد الواحد المقدسي (المتوفى: 643ه)	ShamelaY19	27095	0.63359
		الرابع والعشرون من المشيخة البغدادية لأبي طاهر السلفي	صدر الدين، أبو طاهر السلفي أحمد بن محمد بن أحمد بن محمد بن إبراهيم سلفه الأصبهاني (المتوفى: 576ه)	ShamelaY19	30122	0.63359
		 الضوء اللامع لأهل القرن التاسع 	 شمس الدين السخاوي 	ABLibrary	948	0.63346
		الأربعون في التصوف للسلمي	محمد بن الحسين بن محمد بن موسى بن خالد بن سالم النيسابوري، أبو عبد الرحمن السلمي (المتوفى: 412هـ)	ShamAY	22526	0.63327
		الأحاديث الواردة في فضائل المدينة جمعا ودراسة	صالح حامد الرفاعي	ShamAY	38437	0.63324
		جمع القرآن	اكرم عبدالخليفة دليمي	Ghbook	4840	0.63323
		دلائل الإمامة	محمد بن جرير الطبري‏ الصغير	Masaha	2185	0.6332
		خصايص اميرالمؤمنين عليه السلام بالاسانيد الصحيحه في كتب السنه	آيت الله علي حسيني ميلاني	Ghbook	16296	0.63316
		تاريخ الفقه الإسلامي وأدواره	الشيخ جعفر السبحاني	Masaha	13	0.63307
		من حديث علي بن عمر الحربي رواية ابن المهتدي - مخطوط	أبو الحسن علي بن عمر الحربي السكري	ShamAY	32931	0.63298
		أخبار الصلاة لعبد الغني المقدسي	عبد الغني بن عبد الواحد بن علي بن سرور المقدسي الجماعيلي الدمشقي الحنبلي، أبو محمد، تقي الدين (المتوفى: 600هـ)	ShamAY	1320	0.63267
		السادس من الخلعيات	علي بن الحسن بن الحسين بن محمد، أبو الحسن الخلعي الشافعي (المتوفى: 492ه)	ShamelaY19	30516	0.63257
		إمتاع الأسماع بما للنبي من الأحوال و الأموال و الحفدة و المتاع‏ - الجزء1	تقي الدين المقريزي‏	Masaha	1864	0.63257
		جامع بيان العلم وفضله	أبو عمر يوسف بن عبد الله بن محمد بن عبد البر بن عاصم النمري القرطبي (المتوفى: 463ه)	ShamelaY19	22367	0.63249
		الجامع لعلوم الإمام أحمد - الرجال	خالد الرباط، سيد عزت عيد [بمشاركة الباحثين بدار الفلاح]	ShamAY	38868	0.63247
		كتاب فضائل القرآن العظيم وثواب من تعلمه وعلمه وما أعد الله عز وجل لتاليه في الجنان	ضياء الدين أبو عبد الله محمد بن عبد الواحد المقدسي (المتوفى: 643هـ)	ShamAY	27095	0.6322
		الكشف الحثيث عمن جهلهم أبو حاتم وهم معروفون من رواة الحديث	عاطف عبد الحميد	ShamAY	35853	0.63218
		فضل إعراب القرآن الكريم في السنة النبوية ـ دراسة موضوعية	د/ أحمد بن عبدالله الباتلي	ShamAY	36840	0.63216
		الرد على من يقول الم حرف لينفي الألف والام والميم عن كلام الله عز وجل	عبد الرحمن بن محمد بن إسحاق، ابن مندة العبدي الأصبهاني، أبو القاسم (المتوفى: 470هـ)	ShamAY	26452	0.63216
		إصلاح المال لابن أبي الدنيا - ط أطلس الخضراء = مقابل	أبو بكر عبد الله بن محمد ابن أبي الدنيا	ShamAY	38076	0.6321
		مجلس من أمالي أبي عبد الله العطار	أبو عبد الله محمد بن مخلد بن حفص العطار الدوري البغدادي (المتوفى: 331ه)	ShamelaY19	29858	0.63201
		السيرة النبوية (من البداية والنهاية لابن كثير)	أبو الفداء إسماعيل بن عمر بن كثير القرشي الدمشقي (المتوفى: 774هـ)	ShamAY	930	0.63201
		عوالي مالك رواية الخطيب	أبو بكر أحمد بن علي بن ثابت بن أحمد بن مهدي الخطيب البغدادي (المتوفى: 463ه)	ShamelaY19	26750	0.63199
		مقتل الامام امير المؤمنين علي بن أبي طالب(ع)	ابن أبي الدنيا	Masaha	2316	0.63196
		الجزء الثالث من المشيخة البغدادية لأبي طاهر السلفي	صدر الدين، أبو طاهر السلفي أحمد بن محمد بن أحمد بن محمد بن إبراهيم سلفه الأصبهاني (المتوفى: 576ه)	ShamelaY19	30621	0.63175
		حديث ابن رزقويه	ابْنُ رَزْقُوَيْه أَبُو الحَسَنِ مُحَمَّدُ بنُ أَحْمَدَ بنِ مُحَمَّدِ بنِ أَحْمَدَ بنِ رَزْقِ بنِ عَبْدِ اللهِ بنِ يَزِيْدَ البَغْدَادِيُّ، البَزَّاز (المتوفى: 412هـ)	ShamAY	30429	0.6315
		مكانة الإمام أبي حنيفة في الحديث	محمد عبد الرشيد النعماني الباكستاني (المتوفى: 1420هـ)	ShamAY	1944	0.63148
		الثبت المصان المشرف بذكر سلاله سيدولد عدنان	سيدمهدي رجايي	Ghbook	15610	0.63134
		المحمدون من الشعراء وأشعارهم	جمال الدين أبو الحسن علي بن يوسف القفطي (المتوفى: 646هـ)	ShamAY	1253	0.63127
		تهذيب الأسماء واللغات للإمام النووي	النووي	ShamAY	34626	0.63115
		أحاديث منتقاة في غرائب ألفاظ رسول الله مما يحتاج إلى استعماله	أبو الفتح محمد بن الحسين بن أحمد بن عبد الله بن بريدة الموصلي الأزدي (المتوفى: 374ه)	ShamelaY19	29727	0.63113
		مداراة الناس لابن أبي الدنيا	أبو بكر عبد الله بن محمد بن عبيد بن سفيان بن قيس البغدادي الأموي القرشي المعروف بابن أبي الدنيا (المتوفى: 281هـ)	ShamAY	13152	0.63104
		الاختلاف بين رواة البخاري	يوسف بن حسن بن أحمد بن حسن ابن عبد الهادي الصالحي، جمال الدين، ابن ابن المِبْرَد الحنبلي (المتوفى: 909هـ)	ShamAY	30358	0.63098
		السابع والعشرون من المشيخة البغدادية لأبي طاهر السلفي	صدر الدين، أبو طاهر السِّلَفي أحمد بن محمد بن أحمد بن محمد بن إبراهيم سِلَفَه الأصبهاني (المتوفى: 576هـ)	ShamAY	30124	0.63098
		أحاديث مستخرجة من مسموعات زاهر بن طاهر الشحامي - مخطوط	زاهر بن طاهر الشحامي	ShamAY	32884	0.63091
		سؤالات أبي إسحاق إبراهيم بن الجنيد للإمام يحيى بن معين	أبو إسحاق إبراهيم بن عبد الله بن الجنيد	ShamAY	34156	0.63088
		اصطناع المعروف لابن أبي الدنيا - ط أطلس الخضراء = مقابل	أبو بكر عبد الله بن محمد ابن أبي الدنيا	ShamAY	38077	0.63085
		منتقى حديث أبي الحسن أحمد بن إبراهيم بن عبدويه بن سدوس العبدويي	ضياء الدين أبو عبد الله محمد بن عبد الواحد المقدسي (المتوفى: 643ه)	Sham19Y	26339	0.63085
		 الكامل في التاريخ 	 ابن الأثير 	ABLibrary	8251	0.63078
		التعليقة على الاستبصار	السيد محمد باقر الميرداماد	Masaha	1255	0.63069
		 فتوح مصر والمغرب 	 ابن عبد الحكم 	ABLibrary	9150	0.63061
		الاعتقاد والهداية إلى سبيل الرشاد على مذهب السلف وأصحاب الحديث	أحمد بن الحسين بن علي بن موسى الخُسْرَوْجِردي الخراساني، أبو بكر البيهقي (المتوفى: 458 هـ)	ShamAY	34009	0.63059
		السادس عشر من المشيخة البغدادية لأبي طاهر السلفي	صدر الدين، أبو طاهر السلفي أحمد بن محمد بن أحمد بن محمد بن إبراهيم سلفه الأصبهاني (المتوفى: 576ه)	ShamelaY19	30125	0.63055
		السابع والعشرون من المشيخة البغدادية لأبي طاهر السلفي	صدر الدين، أبو طاهر السلفي أحمد بن محمد بن أحمد بن محمد بن إبراهيم سلفه الأصبهاني (المتوفى: 576ه)	ShamelaY19	30124	0.63051
		الجزء الأول من مشيخة أبي الحسين ابن المهتدي - مخطوط		ShamAY	32750	0.63041
		المجروحين لابن حبان ت حمدي	ابن حبان	Sham19Y	151099	0.63041
		 مقتل الإمام أمير المؤمنين على بن أبى طالب ( ع ) 	 ابن أبي الدنيا 	ABLibrary	7771	0.63041
		تقريب التقريب ويليه خمس رسائل إسنادية هامة	أبو الحسن عبد الرحمن بن محمد نور الدين الأثري	ShamAY	35893	0.63036
		الثالث والعشرون من المشيخة البغدادية لأبي طاهر السلفي	صدر الدين، أبو طاهر السلفي أحمد بن محمد بن أحمد بن محمد بن إبراهيم سلفه الأصبهاني (المتوفى: 576ه)	ShamelaY19	30093	0.63032
		السادس عشر من المشيخة البغدادية لأبي طاهر السلفي	صدر الدين، أبو طاهر السِّلَفي أحمد بن محمد بن أحمد بن محمد بن إبراهيم سِلَفَه الأصبهاني (المتوفى: 576هـ)	ShamAY	30125	0.63017
		الحادي والعشرون من المشيخة البغدادية لأبي طاهر السلفي	صدر الدين، أبو طاهر السلفي أحمد بن محمد بن أحمد بن محمد بن إبراهيم سلفه الأصبهاني (المتوفى: 576ه)	ShamelaY19	30110	0.63013
		من حديث أبي حفص ابن الزيات - مخطوط	أبو حفص الزيات	ShamAY	32808	0.63012
		مجلس يوم الجمعة	طراد بن محمد بن علي الهاشمي العباسي الزينبي، أبو الفوارس (المتوفى: 491ه)	ShamelaY19	29744	0.63008
		ثلاثة مجالس في الحديث للجوهري رواية ابن البناء - مخطوط	أبو محمد الحسن بن علي الجوهري	ShamAY	32954	0.63008
		الضعفاء والمتروكون لابن الجوزي	جمال الدين أبو الفرج عبد الرحمن بن علي بن محمد الجوزي (المتوفى: 597هـ)	ShamAY	5830	0.63006
		 مسند الإمام الحسين ( ع ) 	 الشيخ عزيز الله عطاردي 	ABLibrary	7705	0.62998
		 أعيان الشيعة 	 السيد محسن الأمين 	ABLibrary	79	0.62996
		خزانة التواريخ النجدية	عبدالله بن عبدالرحمن ( آل بسام )	Ghbook	9236	0.62995
		أمهات النبي صلى الله عليه وسلم	أبو جعفر محمد بن حبيب بن أمية البغدادي (المتوفى: 245هـ)	ShamAY	26929	0.62984
		المنتخب في ذكر نسب قبائل العرب	عبد الرحمن بن حمد بن زيد المغيرى اللامي، الطائي نسبا، الحنبلي مذهبا، والنجدي وطنا (المتوفى: 1364هـ)	ShamAY	494	0.62982
		الأوائل السنبلية وذيلها	محمد سعيد سنبل المكي (1175 هـ)	ShamAY	33555	0.62972
		حديث أبي القاسم الكناني	حمزة بن محمد بن علي بن العباس، أبو القاسم الكناني المصري (المتوفى: 357هـ)	ShamAY	29722	0.6297
		منتقى حديث أبي الحسن أحمد بن إبراهيم بن عبدويه بن سدوس العبدويي	ضياء الدين أبو عبد الله محمد بن عبد الواحد المقدسي (المتوفى: 643ه)	ShamelaY19	26339	0.62968
		القول المسدد في الذب عن المسند للإمام أحمد	أبو الفضل أحمد بن علي بن محمد بن أحمد بن حجر العسقلاني (المتوفى: 852ه)	Sham19Y	6035	0.62964
		بيان خطأ من أخطأ على الشافعي للبيهقي	أحمد بن الحسين بن علي بن موسى الخُسْرَوْجِردي الخراساني، أبو بكر البيهقي (المتوفى: 458هـ)	ShamAY	13085	0.62961
		تعظيم الفتيا لابن الجوزي	جمال الدين أبو الفرج عبد الرحمن بن علي بن محمد الجوزي (المتوفى: 597ه)	ShamelaY19	26894	0.6295
		جزء من حديث ابن شاهين جمع أبي الحسين بن المهتدي	أبو حفص عمر بن أحمد بن عثمان بن أحمد بن محمد بن أيوب بن أزداذ البغدادي المعروف بـ ابن شاهين (المتوفى: 385هـ)	ShamAY	26517	0.62944
		من حديث خيثمة بن سليمان القرشي الأطرابلسي	أبو الحسن خيثمة بن سليمان بن حيدرة بن سليمان القرشي الشامي الأطرابلسي (المتوفى: 343هـ)	ShamAY	13182	0.62932
		موارد الظمآن إلى زوائد ابن حبان	أبو الحسن نور الدين علي بن أبي بكر بن سليمان الهيثمي (المتوفى: 807هـ)	ShamAY	901	0.6293
		كتاب الأربعين في تصحيح المعاملة للقشيري	أبو القاسم عبد الكريم بن هوازن القشيري	ShamAY	33704	0.62929
		الجزء فيه الثاني من حديث الوزير أبي القاسم عيسى بن علي بن عيسى بن داود الجراح	أبو القاسم عيسى بن علي بن عيسى بن داود الجراح (391 هـ)	ShamAY	33629	0.62926
		جزء فيه قول النبي صلى الله عليه وسلم «نضر الله امرأ سمع مقالتي فأداها»	أحمد بن محمد بن إبراهيم بن حكيم المديني، أبو عمرو الأصبهاني، ويعرف بابن مَمَّك (المتوفى: 333هـ)	ShamAY	13111	0.62926
		الأربعون الصغرى للبيهقي	أحمد بن الحسين بن علي بن موسى الخُسْرَوْجِردي الخراساني، أبو بكر البيهقي (المتوفى: 458هـ)	ShamAY	12992	0.62921
		مسند الإمام الشهيد أبي عبدالله الحسين بن علي عليهما السلام [ج ٣]	الشيخ عزيز الله العطاردي	Rafed	3224	0.6292
		تراثنا ـ العدد [ 10 ]	مؤسسة آل البيت عليهم السلام لإحياء التراث ـ قم	Rafed	2720	0.6292
		مسند خليفة بن خياط	أبو عمرو خليفة بن خياط بن خليفة الشيباني العصفري البصري (المتوفى: 240هـ)	ShamAY	12863	0.62919
		المقتبس من أنباء الأندلس	ابن حيان القرطبي، حيان بن خلف بن حسين بن حيان الأموي بالولاء، أبو مروان (المتوفى: 469هـ)	ShamAY	16439	0.6291
		الأحاديث المائة المشتملة على مائة نسبة إلى الصنائع	شمس الدين محمد بن علي بن خمارويه بن طولون الدمشقي الصالحي الحنفي (المتوفى: 953هـ)	ShamAY	5640	0.62909
		فضل التهليل وثوابه الجزيل لابن البناء	الحسن بن أحمد بن عبد الله بن البنا، أبو علي، البغدادي الحنبلي (المتوفى: 471ه)	ShamelaY19	26660	0.62906
		مسند إبراهيم بن أدهم الزاهد لابن منده	أبو عبد الله محمد بن إسحاق بن محمد بن يحيى بن مَنْدَه العبدي (المتوفى: 395هـ)	ShamAY	13153	0.62903
		البرصان والعرجان والعميان والحولان	عمرو بن بحر بن محبوب الكناني بالولاء، الليثي، أبو عثمان، الشهير بالجاحظ (المتوفى: 255هـ)	ShamAY	10538	0.62903
		تاريخ الإسلام ووفيات المشاهير والأعلام [ج ٣٦]	شمس الدين محمّد بن أحمد بن عثمان الذّهبي	Rafed	3581	0.62903
		رفع الإصر عن قضاة مصر	أبو الفضل أحمد بن علي بن محمد بن أحمد بن حجر العسقلاني (المتوفى: 852هـ)	ShamAY	12724	0.62899
		البرصان و العرجان و العميان و الحولان	عمرو بن بحر الجاحظ	Masaha	2333	0.62898
		العمر والشيب لابن أبي الدنيا	أبو بكر عبد الله بن محمد بن عبيد بن سفيان بن قيس البغدادي الأموي القرشي المعروف بابن أبي الدنيا (المتوفى: 281ه)	Sham19Y	13044	0.62885
		الجزء الرابع من رباعي التابعين	محمد بن عمر بن أحمد بن عمر بن محمد الأصبهاني المديني، أبو موسى (المتوفى: 581هـ)	ShamAY	29793	0.62884
		ذم الدنيا	أبو بكر عبد الله بن محمد بن عبيد بن سفيان بن قيس البغدادي الأموي القرشي المعروف بابن أبي الدنيا (المتوفى: 281ه)	ShamelaY19	21546	0.62873
		فتوح مصر و المغرب	علي محمد عمر	Ghbook	9465	0.62864
		الأربعون على مذهب المتحققين من الصوفية لأبي نعيم الأصبهاني	أبو نعيم أحمد بن عبد الله بن أحمد بن إسحاق بن موسى بن مهران الأصبهاني (المتوفى: 430ه)	Sham19Y	8246	0.62862
		الشمائل المحمدية للترمذي ط إحياء التراث	محمد بن عيسى بن سَوْرة بن موسى بن الضحاك، الترمذي، أبو عيسى (المتوفى: 279هـ)	ShamAY	23647	0.62859
		الإخوان لابن أبي الدنيا - ط أطلس الخضراء = مقابل	أبو بكر عبد الله بن محمد ابن أبي الدنيا	ShamAY	38053	0.62857
		أمالي أبي القاسم الحرفي	أبو القاسم عبد الرحمن بن عبيد الله بن محمد الحرفي البغدادي	ShamAY	33567	0.62852
		الإمامة والتبصرة من الحيرة	أبو الحسن علي بن الحسين بن بابويه القمي	Rafed	693	0.62845
		الجزء 5 و 6 و 7 و 8 من أحاديث عبد الرحمن بن بشر بن الحكم العبدي - مخطوط	زاهر بن طاهر الشحامي	ShamAY	32798	0.62842
		الحلة السيراء	ابن الأبار، محمد بن عبد الله بن أبي بكر القضاعي البلنسي (المتوفى: 658هـ)	ShamAY	6630	0.62839
		حكايات عن أبي الشيخ الأصبهاني	أبو محمد عبد الله بن محمد بن جعفر بن حيان الأنصاري المعروف بأبي الشيخ الأصبهاني (المتوفى: 369ه)	ShamelaY19	29724	0.62833
		مكارم الأخلاق لابن أبي الدنيا	أبو بكر عبد الله بن محمد بن عبيد بن سفيان بن قيس البغدادي الأموي القرشي المعروف بابن أبي الدنيا (المتوفى: 281هـ)	ShamAY	13180	0.62811
		أمالي ابن بشران - الجزء الثاني	أبو القاسم عبد الملك بن محمد بن عبد الله بن بشْران بن محمد بن بشْران بن مهران البغدادي (المتوفى: 430هـ)	ShamAY	12842	0.6281
		فوائد ابن منده	أبو عبد الله محمد بن إسحاق بن محمد بن يحيى بن مَنْدَه (المتوفى: 395هـ)	ShamAY	9347	0.62808
		معرفة السنن والآثار	أحمد بن الحسين بن علي بن موسى الخُسْرَوْجِردي الخراساني، أبو بكر البيهقي (المتوفى: 458هـ)	ShamAY	31638	0.62799
		خاتمة مستدرك الوسائل [ج ٣]	الشيخ حسين النوري الطبرسي [ المحدّث النوري ]	Rafed	1465	0.62792
		الحلم لابن أبي الدنيا	أبو بكر عبد الله بن محمد بن عبيد بن سفيان بن قيس البغدادي الأموي القرشي المعروف بابن أبي الدنيا (المتوفى: 281هـ)	ShamAY	13014	0.62776
		معرفة السنن والآثار	أحمد بن الحسين بن علي بن موسى الخسروجردي الخراساني، أبو بكر البيهقي (المتوفى: 458ه)	Sham19Y	2863	0.62769
		الجامع لشعب الإيمان للبيهقي - ط الرشد	أبو بكر أحمد بن الحسين البيهقي	ShamAY	33979	0.62765
		مسند خليفة بن خياط	أبو عمرو خليفة بن خياط بن خليفة الشيباني العصفري البصري (المتوفى: 240ه)	Sham19Y	12863	0.62763
		الفهرست - فهرست أسماء علماء الشيعة و مصنفيهم‌	الشيخ منتجب الدين علي بن بابويه القمي	Masaha	3497	0.62762
		الهسهسة بنقض الوضوء بالقهقهة	الإمام محمد عبد الحي اللكنوي (ت1304هـ)	ShamAY	36013	0.62753
		الجزء الرابع من فضائل أبي حنيفة وأخباره ومناقبه للسعدي - مخطوط	أبو القاسم عبد الله بن محمد بن أحمد بن يحيى بن الحارث السعدي	ShamAY	32755	0.62741
		كفاية الأثر في النصّ على الأئمّة الإثني عشر	أبي القاسم علي بن محمد بن علي الخزاز القمي الرازي	Rafed	3568	0.6274
		تاريخ الإسلام ووفيات المشاهير والأعلام [ج ٦]	شمس الدين محمّد بن أحمد بن عثمان الذّهبي	Rafed	3336	0.62739
		أمالي ابن منده- رواية البزاني	أبو عبد الله محمد بن إسحاق بن محمد بن يحيى بن مَنْدَه العبدي (المتوفى: 395هـ)	ShamAY	29737	0.62734
		رسالة في تفسير قوله تعالى: إن إبراهيم كان أمة	شمس الدين محمد بن علي بن خمارويه بن طولون الدمشقي الصالحي الحنفي (المتوفى: 953هـ)	ShamAY	26435	0.62728
		جمع القرآن - دراسة تحليلية لمروياته	أكرم عبد خليفة حمد الدليمي	ShamelaY19	37676	0.62727
		معرفة الخصال المكفرة للذنوب المقدمة والمؤخرة	ابن حجر العسقلاني	ShamAY	34819	0.62717
		كرامات الأولياء للحسن بن محمد الخلال - مخطوط (ن)	أبو محمد الحسن بن محمد بن الحسن بن علي البغدادي الخلال (المتوفى: 439ه)	Sham19Y	21650	0.6271
		الضعفاء والمتروكون لابن الجوزي = التراجم	جمال الدين أبو الفرج عبد الرحمن بن علي بن محمد الجوزي (المتوفى: 597هـ)	ShamAY	38031	0.62701
		أصحاب الإمام أمير المؤمنين عليه السلام والرّواة عنه [ج ١]	الدكتور الشيخ محمّد هادي الأميني	Rafed	2545	0.62701
		القدر للفريابي محققا	أبو بكر جعفر بن محمد بن الحسن بن المُسْتَفاض الفِرْيابِي (المتوفى: 301هـ)	ShamAY	11333	0.62694
		السقيفة وفدك	أبي بكر أحمد بن عبد العزيز الجوهري البصري البغدادي	Rafed	1350	0.62679
		كتاب الضعفاء- رجال ابن الغضائري‌	ابو الحسن احمد بن أبي عبد الله ابن الغضائري	Masaha	3681	0.62675
		ذم الدنيا	أبو بكر عبد الله بن محمد بن عبيد بن سفيان بن قيس البغدادي الأموي القرشي المعروف بابن أبي الدنيا (المتوفى: 281هـ)	ShamAY	21546	0.62671
		فوائد أبي علي بن فضالة	عبد الرحمن بن محمد بن أحمد بن فضالة (رافضي جلد) (المتوفى: 420هـ)	ShamAY	29750	0.62668
		ذم الدنيا	أبو بكر عبد الله بن محمد بن عبيد بن سفيان بن قيس البغدادي الأموي القرشي المعروف بابن أبي الدنيا (المتوفى: 281ه)	Sham19Y	21546	0.62661
		مسند الفاروق أمير المؤمنين أبي حفص عمر بن الخطاب رضي الله عنه وأقواله على أبواب العلم	أبو الفداء إسماعيل بن عمر بن كثير القرشي البصري ثم الدمشقي (المتوفى: 774 هـ)	ShamAY	32424	0.62659
		الجزء الخامس من المشيخة البغدادية	صدر الدين، أبو طاهر السِّلَفي أحمد بن محمد بن أحمد بن محمد بن إبراهيم سِلَفَه الأصبهاني (المتوفى: 576هـ)	ShamAY	30625	0.62657
		فوائد أبي يعلى الخليلي	أبو يعلى الخليلي، خليل بن عبد الله بن أحمد بن إبراهيم بن الخليل القزويني (المتوفى: 446هـ)	ShamAY	8240	0.62655
		السادس من الخلعيات	علي بن الحسن بن الحسين بن محمد، أبو الحسن الخِلَعي الشافعيّ (المتوفى: 492هـ)	ShamAY	30516	0.62647
		المجالس الخمسة السلماسية للسلفي	صدر الدين، أبو طاهر السِّلَفي أحمد بن محمد بن أحمد بن محمد بن إبراهيم سِلَفَه الأصبهاني (المتوفى: 576هـ)	ShamAY	5706	0.62646
		مسند الإمام أحمد بن حنبل	أبو عبد الله أحمد بن محمد بن حنبل بن هلال بن أسد الشيباني (المتوفى: 241ه)	Sham19Y	25794	0.62644
		بحارالانوار الجامعه لدرر اخبار الائمه الاطهار عليهم السلام 	محمدباقر بن محمدتقي علامه مجلسي	Ghbook	939	0.62644
		مجلس من أمالي الباطرقاني - مخطوط (ن)	أحمد بن الفضل بن محمد الأصبهاني البَاطِرْقَاني، أبو بكر (المتوفى: 460هـ)	ShamAY	21664	0.62618
		منتهى المقال في أحوال الرّجال [ج ٧]	الشيخ محمّد بن إسماعيل المازندراني	Rafed	542	0.62616
		سؤالات ابن الجنيد لأبي زكريا يحيى بن معين	أبو زكريا يحيى بن معين بن عون بن زياد بن بسطام بن عبد الرحمن المري بالولاء، البغدادي (المتوفى: 233هـ)	ShamAY	12698	0.62611
		مرويات غزوة حنين وحصار الطائف	إبراهيم بن إبراهيم قريبي	ShamAY	1308	0.62603
		تعظيم الفتيا لابن الجوزي	جمال الدين أبو الفرج عبد الرحمن بن علي بن محمد الجوزي (المتوفى: 597هـ)	ShamAY	26894	0.62599
		مسند الإمام أحمد بن حنبل	أبو عبد الله أحمد بن محمد بن حنبل بن هلال بن أسد الشيباني (المتوفى: 241هـ)	ShamAY	25794	0.62581
		المحدث الفاصل بين الراوي والواعي للرامهرمزي	أبو محمد الحسن بن عبد الرحمن بن خلاد الرامهرمزي الفارسي (المتوفى: 360هـ)	ShamAY	13059	0.62579
		تهذيب الكمال في أسماء الرجال	يوسف بن عبد الرحمن بن يوسف، أبو الحجاج، جمال الدين ابن الزكي أبي محمد القضاعي الكلبي المزي (المتوفى: 742ه)	Sham19Y	3722	0.62565
		من حديث أبي بكر أحمد بن علي بن لال عن شيوخه - مخطوط (ن)	أبو بكر أحمد بن علي بن أحمد بن محمد بن الفرج بن لال الهمذاني، الشافعي (المتوفى: 398ه)	ShamelaY19	21685	0.62563
		 الضوء اللامع لأهل القرن التاسع 	 شمس الدين السخاوي 	ABLibrary	956	0.62563
		من حديث أبي عبد الله محمد بن علي بن الحسين بن أبي الجراح - مخطوط		ShamAY	32812	0.62556
		مختصر بصائر الدّرجات	الشيخ عزّ الدين الحسن بن سليمان الحلي	Rafed	1815	0.6255
		توضيح الاسناد المشكلة في الكتب الاربعة	آيت الله سيد محمد جواد شبيري زنجاني	Ghbook	9005	0.62545
		جزء فيه من أخبار عمرو بن عبيد بن باب البصري المعتزلي وكلامه في القرآن وإظهار بدعته.	الدارقطني	ShamAY	32827	0.62536
		القول المسدد في الذب عن المسند للإمام أحمد	أبو الفضل أحمد بن علي بن محمد بن أحمد بن حجر العسقلاني (المتوفى: 852هـ)	ShamAY	6035	0.62519
		خمسة أحاديث من أمالي الحافظ العراقي (مطبوع ضمن كتاب جمهرة الأجزاء الحديثية)	أبو الفضل زين الدين عبد الرحيم بن الحسين بن عبد الرحمن بن أبي بكر بن إبراهيم العراقي (المتوفى: 806هـ)	ShamAY	9484	0.62517
		أخبار ابن أبي ذئب لابن زبر الربعي	أبو سليمان محمد بن عبد الله بن أحمد بن ربيعة بن سليمان بن خالد بن عبد الرحمن بن زبر الربعي (المتوفى: 379ه)	ShamelaY19	26343	0.62514
		تهذيب الكمال في أسماء الرجال	يوسف بن عبد الرحمن بن يوسف، أبو الحجاج، جمال الدين ابن الزكي أبي محمد القضاعي الكلبي المزي (المتوفى: 742هـ)	ShamAY	3722	0.62514
		عوالي مالك رواية هشام بن عمار	هشام بن عمار بن نصير بن ميسرة بن أبان السلمي، ويقال: الظفري، أبو الوليد الدمشقي المقرئ (المتوفى: 245ه)	ShamelaY19	26754	0.62499
		علل الأحاديث في كتاب الصحيح المسلم بن الحجاج	أبو الفضل محمد بن أبي الحسين أحمد بن محمد بن عمار بن محمد بن حازم بن المعلى بن الجارود الجارودي، الهروي، الشهيد (المتوفى: 317ه)	Sham19Y	6049	0.62498
		كرامات الأولياء للحسن بن محمد الخلال - مخطوط (ن)	أبو محمد الحسن بن محمد بن الحسن بن علي البغدادي الخَلَّال (المتوفى: 439هـ)	ShamAY	21650	0.62497
		إنباء الغمر بأبناء العمر - ط العلمية	الإمام / شهاب الدين أبي الفضل أحمد بن علي بن حجر العسقلاني	ShamAY	33811	0.62487
		مسند السراج	أبو العباس محمد بن إسحاق بن إبراهيم بن مهران الخراساني النيسابوري المعروف بالسَّرَّاج (المتوفى: 313هـ)	ShamAY	1383	0.62479
		جزء البطاقة للكناني	حمزة بن محمد بن علي بن العباس، أبو القاسم الكناني المصري (المتوفى: 357هـ)	ShamAY	13100	0.62467
		جزء من حديث الذهلي للدارقطني	أبو الحسن علي بن عمر بن أحمد بن مهدي بن مسعود بن النعمان بن دينار البغدادي الدارقطني (المتوفى: 385ه)	ShamelaY19	30375	0.62463
		الخلاصة في علم الجرح والتعديل	علي بن نايف الشحود	ShamAY	37262	0.6246
		الثاني من المصباح في عيون الصحاح	عبد الغني بن عبد الواحد بن علي بن سرور المقدسي الجماعيلي الدمشقي الحنبلي، أبو محمد، تقي الدين (المتوفى: 600ه)	ShamelaY19	30617	0.62457
		إثبات عذاب القبر للبيهقي - مكتبة التراث الإسلامي	أحمد بن الحسين بن علي بن موسى الخُسْرَوْجِردي الخراساني، أبو بكر البيهقي (المتوفى: 458هـ)	ShamAY	34008	0.62455
		شرح سنن النسائي المسمى «ذخيرة العقبى في شرح المجتبى».	محمد بن علي بن آدم بن موسى الإثيوبي الولوي	Sham19Y	12888	0.62454
		مجابو الدعوة (مطبوع ضمن مجموعة رسائل ابن أبي الدنيا)	أبو بكر عبد الله بن محمد بن عبيد بن سفيان بن قيس البغدادي الأموي القرشي المعروف بابن أبي الدنيا (المتوفى: 281هـ)	ShamAY	1439	0.62438
		أسماء من يعرف بكنيته	أبو الفتح محمد بن الحسين بن أحمد بن عبد الله بن بريدة الموصلي الأزدي (المتوفى: 374هـ)	ShamAY	5779	0.62432
		الأحاديث الواردة في قراءة سورة الكهف يوم الجمعة	عبد الله بن فوزان بن صالح الفوزان	ShamAY	32091	0.62427
		وسائل الشيعة - الجزء1	الحر العاملي	Masaha	1995	0.62425
		ناسخ الحديث ومنسوخه لابن شاهين	أبو حفص عمر بن أحمد بن عثمان بن أحمد بن محمد بن أيوب بن أزداذ البغدادي المعروف بـ ابن شاهين (المتوفى: 385هـ)	ShamAY	13184	0.62403
		قلادة النحر في وفيات أعيان الدهر	أبو محمد الطيب بن عبد الله بن أحمد بن علي بامخرمة، الهجراني الحضرمي الشافعي (870 - 947 ه)	ShamelaY19	29560	0.62401
		شعب الإيمان	أحمد بن الحسين بن علي بن موسى الخسروجردي الخراساني، أبو بكر البيهقي (المتوفى: 458ه)	Sham19Y	10660	0.62392
		شرح سنن النسائي المسمى «ذخيرة العقبى في شرح المجتبى».	محمد بن علي بن آدم بن موسى الإثيوبي الوَلَّوِي	ShamAY	31952	0.62389
		الشيخ النجاشي	الدكتور حسن عيسى الحكيم	Rafed	2991	0.6237
		شواهد التنزيل لقواعد التفضيل [ج ٢]	عبيدالله بن عبدالله بن أحمد [ الحكام الحسكاني ]	Rafed	2854	0.62357
		كرامات الأولياء للحسن بن محمد الخلال - مخطوط (ن)	أبو محمد الحسن بن محمد بن الحسن بن علي البغدادي الخلال (المتوفى: 439ه)	ShamelaY19	21650	0.62349
		مسند أمير المؤمنين أبي حفص عمر بن الخطاب رضي الله عنه وأقواله على أبواب العلم	أبو الفداء إسماعيل بن عمر بن كثير القرشي البصري ثم الدمشقي (المتوفى: 774ه)	ShamelaY19	26039	0.62342
		الفتاوى الحديثية للحويني	أبو إسحاق الحويني	ShamAY	37264	0.62337
		شرح مذاهب أهل السنة ومعرفة شرائع الدين والتمسك بالسنن	أبو حفص عمر بن أحمد بن عثمان بن أحمد بن محمد بن أيوب بن أزداذ البغدادي المعروف بـ ابن شاهين (المتوفى: 385هـ)	ShamAY	13124	0.62334
		مجلس من إملاء الفارسي ومجلسان من إملاء البخاري	نصر بن عبد العزيز بن أحمد، أبو الحسين الفارسي (المتوفى: 461هـ) ، وأبو زكريا عبد الرحيم بن أحمد بن نصر البخاري (المتوفى: 461هـ)	ShamAY	30388	0.62318
		تحريم أكل الطين لأبي القاسم ابن منده	عبد الرحمن بن محمد بن إسحاق، ابن مندة العبدي الأصبهاني، أبو القاسم (470 هـ)	ShamAY	33713	0.62316
		جزء فيه من حديث أبي الحسين أحمد بن محمد القدوري - مخطوط		ShamAY	32801	0.62306
		أخبار الزينبات	يحيى العبيدلي العقيقي	ShamAY	35797	0.62306
		أصحاب أمير المؤمنين عليه السلام و الرواة عنه‏ - الجزء1	د. محمد هادي الأميني	Masaha	1834	0.623
		الجزء الرابع من حديث ابن صاعد - مخطوط	أبو محمد يحيى بن محمد بن صاعد	ShamAY	32877	0.62295
		التواضع والخمول لابن أبي الدنيا	أبو بكر عبد الله بن محمد بن عبيد بن سفيان بن قيس البغدادي الأموي القرشي المعروف بابن أبي الدنيا (المتوفى: 281هـ)	ShamAY	13009	0.62295
		شعب الإيمان	أحمد بن الحسين بن علي بن موسى الخُسْرَوْجِردي الخراساني، أبو بكر البيهقي (المتوفى: 458هـ)	ShamAY	472	0.62293
		الثاني من الخلعيات	علي بن الحسن بن الحسين بن محمد، أبو الحسن الخلعي الشافعي (المتوفى: 492ه)	ShamelaY19	30488	0.62292
		العوالي لأبي الشيخ	أبو محمد عبد الله بن محمد بن جعفر بن حيان الأنصاري المعروف بأبي الشيخ الأصبهاني (المتوفى: 369ه)	Sham19Y	26572	0.62289
		الجزء الخامس من المشيخة البغدادية	صدر الدين، أبو طاهر السلفي أحمد بن محمد بن أحمد بن محمد بن إبراهيم سلفه الأصبهاني (المتوفى: 576ه)	ShamelaY19	30625	0.62272
		الجوع لابن أبي الدنيا	أبو بكر عبد الله بن محمد بن عبيد بن سفيان بن قيس البغدادي الأموي القرشي المعروف بابن أبي الدنيا (المتوفى: 281هـ)	ShamAY	9306	0.62272
		حُصُول الَمأْمُول بِذِكْرِ مَنْ غَيَّرَ أَسْمَائَهُم الرَّسُول - صلى الله عليه وسلم -	أبو يعلى البيضاوي	ShamAY	33214	0.62271
		الثاني من المصباح في عيون الصحاح	عبد الغني بن عبد الواحد بن علي بن سرور المقدسي الجماعيلي الدمشقي الحنبلي، أبو محمد، تقي الدين (المتوفى: 600هـ)	ShamAY	30617	0.62269
		منتهى المقال في أحوال الرّجال [ج ١]	الشيخ محمّد بن إسماعيل المازندراني	Rafed	530	0.62257
		حديث أَحْمَد بن عبد الله بن خالد الجويباري في مسائل عبد الله بن سلام	أحمد بن الحسين بن علي بن موسى الخُسْرَوْجِردي الخراساني، أبو بكر البيهقي (المتوفى: 458هـ)	ShamAY	7531	0.6225
		ملحق البدر الطالع بمحاسن من بعد القرن السابع ((الملحق التابع للبدر الطالع))	محمد بن محمد بن يحيى زبارة الحسني اليمني الصنعاني (المتوفى: 1381هـ)	ShamAY	6672	0.6225
		القناعة لابن السني	أحمد بن محمد بن إسحاق بن إبراهيم بن أسباط بن عبد الله بن إبراهيم بن بُدَيْح، الدِّيْنَوَريُّ، المعروف بـ «ابن السُّنِّي» (المتوفى: 364هـ)	ShamAY	13054	0.62249
		الثاني من الخلعيات	علي بن الحسن بن الحسين بن محمد، أبو الحسن الخلعي الشافعي (المتوفى: 492ه)	Sham19Y	30488	0.62249
		التعليقة على إختيار معرفة الرّجال [ج ٢]	السيّد محمّد باقر الحسيني الاسترآبادي	Rafed	534	0.62244
		مسند أمير المؤمنين أبي حفص عمر بن الخطاب رضي الله عنه وأقواله على أبواب العلم	أبو الفداء إسماعيل بن عمر بن كثير القرشي البصري ثم الدمشقي (المتوفى: 774هـ)	ShamAY	26039	0.62243
		أخبار وأشعار لأبي عبد الله الحميدي عن شيوخه (مطبوع ضمن مجموع باسم الفوائد لابن منده!)	أبو عبد الله محمد بن أبي نصر الحَمِيدي (المتوفى: 488هـ)	ShamAY	9357	0.62236
		بحوث في المصطلح للفحل	الدكتور ماهر ياسين الفحل	ShamAY	1768	0.62235
		أخبار الثقلاء للخلال	أبو محمد الحسن بن محمد بن الحسن بن علي البغدادي الخلال (المتوفى: 439ه)	ShamelaY19	26758	0.62231
		الجامع لعلوم الإمام أحمد - الرجال	خالد الرباط، سيد عزت عيد [بمشاركة الباحثين بدار الفلاح]	ShamelaY19	20881	0.62212
		السقيفة وفدك‏	أحمد بن عبد العزيز الجوهري	Masaha	4550	0.6221
		نفحات الأزهار في خلاصة عبقات الأنوار [ج ١٤]	السيّد علي الحسيني الميلاني	Rafed	464	0.62203
		منتخب الأثر في الإمام الثاني عشر عليه السلام - الجزء1	الشيخ لطف الله الصافي	Masaha	3220	0.62202
		جزء من حديث أبي علي الصواف	محمد بن أحمد بن الحسن بن إسحاق ابن الصواف، أبو علي البغدادي (المتوفى: 359ه)	ShamelaY19	29898	0.62198
		رسالة ابن عبد الهادي في فضائل الصحابة - مخطوط	أبو عبد الله محمد بن أحمد بن عبد الهادي المقدسي	ShamAY	32857	0.62191
		الجزء الثامن من الفوائد العوالي المنتقاة للقاسم بن الفضل الثقفي - مخطوط	الرئيس أبي عبد الله القاسم بن الفضل الثقفي	ShamAY	32848	0.62189
		التدوين في اخبار قزوين	عبدالكريم بن محمد رافعي قزويني	Ghbook	9229	0.62188
		حوادث الكونية والكرامات الواقعة بعد مقتل الامام الحسين عليه السلام	د.حكمت الرحمة	Ghbook	15849	0.62172
		أخبار الثقلاء للخلال	أبو محمد الحسن بن محمد بن الحسن بن علي البغدادي الخَلَّال (المتوفى: 439هـ)	ShamAY	26758	0.62169
		الفوائد الثمينه من كتاب اخبار المدينه	محمد رضا حسيني جلالي	Ghbook	10645	0.62163
		إنباء الغمر بأبناء العمر	أبو الفضل أحمد بن علي بن محمد بن أحمد بن حجر العسقلاني (المتوفى: 852ه)	ShamelaY19	26317	0.62156
		الفصول المهمه في معرفه الائمه	ابن صباغ علي بن محمد	Ghbook	11686	0.62155
		 مقتل الحسين ( ع ) 	 الموفق الخوارزمي 	ABLibrary	7775	0.62151
		موارد الظمآن إلى زوائد ابن حبان ت حسين أسد	أبو الحسن نور الدين علي بن أبي بكر بن سليمان الهيثمي (المتوفى: 807هـ)	ShamAY	31618	0.62145
		تفسير فرات الكوفي‏	فرات بن إبراهيم‏ الكوفي	Masaha	4578	0.62141
		من معارك الإسلام الفاصلة = موسوعة الغزوات الكبرى	محمد بن أحمد باشميل	ShamelaY19	145203	0.62139
		تنوير الفكرة بحديث بهز بن حكيم (مطبوع ضمن مجموع رسائل لابن ناصر الدين)	محمد بن عبد الله (أبي بكر) بن محمد ابن أحمد بن مجاهد القيسي الدمشقي الشافعي، شمس الدين، الشهير بابن ناصر الدين (المتوفى: 842ه)	Sham19Y	9393	0.62129
		العاشر من المشيخة البغدادية لأبي طاهر السلفي	صدر الدين، أبو طاهر السِّلَفي أحمد بن محمد بن أحمد بن محمد بن إبراهيم سِلَفَه الأصبهاني (المتوفى: 576هـ)	ShamAY	30127	0.62115
		بحار الأنوار [ج ١]	الشيخ محمّد باقر بن محمّد تقي المجلسي	Rafed	493	0.62113
		نسب عدنان وقحطان	محمد بن يزيد المبرد، أبو العباس (المتوفى: 285ه)	ShamelaY19	28170	0.62107
		خصائص مسند الإمام أحمد	محمد بن عمر بن أحمد بن عمر بن محمد الأصبهاني المديني، أبو موسى (المتوفى: 581هـ)	ShamAY	11174	0.62103
		الإمام أبو الحسن الدارقطني وآثاره العلمية	عبد الله بن ضيف الله الرحيلي	ShamAY	7548	0.62101
		مسند الإمام أحمد بن حنبل	أبو عبد الله أحمد بن محمد بن حنبل بن هلال بن أسد الشيباني (المتوفى: 241ه)	ShamelaY19	25794	0.62096
		مقتل الحسين للخوارزمي [ج ٢]	أبي المؤيّد بن أحمد المكّي أخطب خوارزم [ خوارزمي ]	Rafed	3229	0.62091
		مصباح الزجاجة - دار الجنان	البوصيري	ShamAY	34128	0.62089
		مغازي الواقدي	محمد بن عمر بن واقد السهمي الأسلمي بالولاء، المدني، أبو عبد الله، الواقدي (المتوفى: 207هـ)	ShamAY	23680	0.62075
		 الكامل في التاريخ 	 ابن الأثير 	ABLibrary	8250	0.62071
		زبد العلوم وصاحب المنطوق والمفهوم	يوسف بن عبد الهادي المقدسي الحنبلي (841 - 909 ه)	Sham19Y	133413	0.62068
		تنوير الغبش في فضل السودان والحبش	جمال الدين أبو الفرج عبد الرحمن بن علي بن محمد الجوزي (المتوفى: 597هـ)	ShamAY	32234	0.62063
		التوبة لابن عساكر - ت: محمد مطيع الحافظ	علي بن الحسن بن هبة الله الشافعي	ShamAY	33615	0.62061
		فضائل أمير المؤمنين(ع)	ابن عقدة الكوفي‏	Masaha	2871	0.6206
		الغوامض والمبهمات لعبدالغني بن سعيد	أبو محمد عبد الغني بن سعيد بن علي بن بشر بن مروان الأزدي المصري (المتوفى: 409ه)	ShamelaY19	26507	0.62054
		فضل التهليل وثوابه الجزيل لابن البناء	الحسن بن أحمد بن عبد الله بن البَناَّ، أبو علي، البغدادي الحنبلي (المتوفى: 471هـ)	ShamAY	1335	0.62048
		من حديث أبي محمد عبد الله بن أحمد بن ربيعة بن زبر الربعي - مخطوط	أبو محمد عبد الله بن أحمد بن ربيعة بن زبر الربعي	ShamAY	32923	0.62047
		تحفة الأحوذي بشرح جامع الترمذي	أبو العلا محمد عبد الرحمن بن عبد الرحيم المباركفورى (المتوفى: 1353هـ)	ShamAY	1163	0.62044
		المنهاج شرح صحيح مسلم بن الحجاج	أبو زكريا محيي الدين يحيى بن شرف النووي (المتوفى: 676هـ)	ShamAY	1711	0.62033
		طبقات فحول الشعراء	محمد بن سلّام (بالتشديد) بن عبيد الله الجمحي بالولاء، أبو عبد الله (المتوفى: 232هـ)	ShamAY	6738	0.62028
		طبقات فحول الشعراء	محمد بن سلام (بالتشديد) بن عبيد الله الجمحي بالولاء، أبو عبد الله (المتوفى: 232ه)	Sham19Y	6738	0.62028
		مجلس لأبي عبد الرحمن السلمي	محمد بن الحسين بن محمد بن موسى بن خالد بن سالم النيسابوري، أبو عبد الرحمن السلمي (المتوفى: 412ه)	ShamelaY19	30142	0.62023
		حديث أبي القاسم الطيب بن يُمْن بن عبد الله - مخطوط	أبو القاسم الطيب بن يُمْن بن عبد الله	ShamAY	32935	0.62015
		العوالي لأبي الشيخ	أبو محمد عبد الله بن محمد بن جعفر بن حيان الأنصاري المعروف بأبي الشيخ الأصبهاني (المتوفى: 369ه)	ShamelaY19	26572	0.6201
		الاعتقاد لابن أبي يعلى	ابن أبي يعلى	ShamelaY19	22852	0.62009
		مجلس من أمالي الباطرقاني - مخطوط (ن)	أحمد بن الفضل بن محمد الأصبهاني الباطرقاني، أبو بكر (المتوفى: 460ه)	Sham19Y	21664	0.61986
		الشكر لابن أبي الدنيا - ط أطلس الخضراء = مقابل	أبو بكر عبد الله بن محمد ابن أبي الدنيا	ShamAY	38160	0.61983
		الخمول والتواضع لابن أبي الدنيا - ط أطلس الخضراء = مقابل	أبو بكر عبد الله بن محمد ابن أبي الدنيا	ShamAY	38157	0.61981
		الإيماء إلى زوائد الأمالي والأجزاء - زوائد الأمالي والفوائد والمعاجم والمشيخات على الكتب الستة والموطأ ومسند الإمام أحمد	نبيل سعد الدين سليم جرار	ShamelaY19	36552	0.61968
		تكملة الغدير في الكتاب و السنة و الأدب ثمرات الاسفار الي الاقطار	عبدالحسين اميني ( علامه اميني )	Ghbook	15861	0.61966
		نثر الجواهر والدرر في علماء القرن الرابع عشر	الدكتور/ يوسف المرعشلي	ShamAY	34645	0.61954
		مجلس لابن بالويه - مخطوط		ShamAY	32790	0.61953
		مجموع تخريج شمس الدين المقدسي	الشمس، أبو العباس أحمد بن عبد الواحد بن أحمد المقدسي، الحنبلي، الملقب بالبخاري (المتوفى: 623ه)	ShamelaY19	29768	0.61947
		الصمت لابن أبي الدنيا	أبو بكر عبد الله بن محمد بن عبيد بن سفيان بن قيس البغدادي الأموي القرشي المعروف بابن أبي الدنيا (المتوفى: 281هـ)	ShamAY	13039	0.61938
		 إثنا عشر رسالة 	 السيد محمد باقر الداماد ( الميرداماد ) 	ABLibrary	839	0.61937
		تحفة الأحوذي بشرح جامع الترمذي	أبو العلا محمد عبد الرحمن بن عبد الرحيم المباركفورى (المتوفى: 1353ه)	ShamelaY19	21662	0.61932
		الرد الوافر	محمد بن عبد الله (أبي بكر) بن محمد ابن أحمد بن مجاهد القيسي الدمشقي الشافعي، شمس الدين، الشهير بابن ناصر الدين (المتوفى: 842هـ)	ShamAY	6660	0.61915
		عوالم العلوم و المعارف - الجزء1	الشيخ عبد الله البحراني الأصفهاني‏	Masaha	2304	0.61914
		الإنابة إلى معرفة المختلف فيهم من الصحابة	علاء الدين بن قليط مغلطاي (المتوفى: 762 ه)	Sham19Y	20761	0.61911
		 الضوء اللامع لأهل القرن التاسع 	 شمس الدين السخاوي 	ABLibrary	953	0.61908
		 عبقات الأنوار في إمامة الأئمة الأطهار ( فارسي ) 	 السيد حامد النقوي 	ABLibrary	8495	0.61899
		السنن الصغير للبيهقي	أحمد بن الحسين بن علي بن موسى الخُسْرَوْجِردي الخراساني، أبو بكر البيهقي (المتوفى: 458هـ)	ShamAY	31633	0.61888
		تخريج الأحاديث المرفوعة المسندة في كتاب التاريخ الكبير للبخاري	محمد بن إسماعيل بن إبراهيم بن المغيرة البخاري، أبو عبد الله (المتوفى: 256هـ)	ShamAY	8223	0.61882
		مداراة الناس لابن أبي الدنيا - ط أطلس الخضراء = مقابل	أبو بكر عبد الله بن محمد ابن أبي الدنيا	ShamAY	38129	0.61879
		الفوائد المخرجة من أصول سماعات أبي الحسين علي بن غنائم	أبي الحسين علي بن غنائم (المتوفى: نحو 470هـ)	ShamAY	29922	0.61876
		إثبات الهداة بالنصوص و المعجزات‏ - الجزء1	الحر العاملي	Masaha	1825	0.6187
		طبقات الأسماء المفردة من الصحابة والتابعين وأصحاب الحديث	أبو بكر أحمد بن هارون بن روح البرديجي (المتوفى: 301هـ)	ShamAY	34608	0.61862
		سؤالات أبي عبد الله بن بكير البغدادي للإمام أبي الحسن الدارقطني - ط الفاروق	أبو عبد الله الحسين بن أحمد بن عبد الله بن بكير البغدادي	ShamAY	34160	0.61862
		جزء محمد بن عاصم الثقفي الأصبهاني	محمد بن عاصم بن عبد الله الأصبهاني، أبو جعفر الثقفي مولاهم (المتوفى: 262ه)	Sham19Y	9314	0.6185
		القناعة للدينوري	الإمام الحافظ أبي بكر أحمد بن محمد بن إسحاق الدينوري [ت: 364]	ShamAY	33920	0.61849
		العقل وفضله لابن أبي الدنيا	أبو بكر عبد الله بن محمد بن عبيد بن سفيان بن قيس البغدادي الأموي القرشي المعروف بابن أبي الدنيا (المتوفى: 281هـ)	ShamAY	3732	0.61847
		الجزء الثامن من المشيخة البغدادية	صدر الدين، أبو طاهر السِّلَفي أحمد بن محمد بن أحمد بن محمد بن إبراهيم سِلَفَه الأصبهاني (المتوفى: 576هـ)	ShamAY	30622	0.61837
		من حديث مالك بن أنس لأبي الحسن الأزدي - مخطوط (ن)	أبو الحسن محمد بن علي بن محمد بن صخر الأزدي، البصري (المتوفى: 443ه)	ShamelaY19	21696	0.61834
		منتقى حديث أبي الحسن أحمد بن إبراهيم بن عبدويه بن سدوس العبدويي	ضياء الدين أبو عبد الله محمد بن عبد الواحد المقدسي (المتوفى: 643هـ)	ShamAY	26339	0.61827
		تاريخ الإسلام ووفيات المشاهير والأعلام [ج ٤]	شمس الدين محمّد بن أحمد بن عثمان الذّهبي	Rafed	3331	0.61824
		فوائد أبي عبد الله النعالي	محمد بن طلحة بن محمد بن عثمان أبو الحسن النعالي الرافضي (المتوفى: 413هـ)	ShamAY	30435	0.6182
		إثبات عذاب القبر وسؤال الملكين	أحمد بن الحسين بن علي بن موسى الخُسْرَوْجِردي الخراساني، أبو بكر البيهقي (المتوفى: 458هـ)	ShamAY	8258	0.61815
		معرفة السنن والآثار للبيهقي - العلمية	أبو بكر أحمد بن الحسين بن علي البيهقي	ShamAY	33950	0.6181
		الفوائد المخرجة من أصول سماعات أبي الحسين علي بن غنائم	أبي الحسين علي بن غنائم (المتوفى: نحو 470ه)	ShamelaY19	29922	0.61804
		أمالي ابن سمعون الواعظ	ابن سمعون الواعظ، أبو الحسين محمد بن أحمد بن إسماعيل بن عنبس البغدادي (المتوفى: 387هـ)	ShamAY	21476	0.61804
		غاية المرام وحجّة الخصام [ج ١]	السيّد هاشم البحراني الموسوي التوبلي	Rafed	3606	0.61793
		مسند الموطأ للجوهري	أبو القاسم عبد الرحمن بن عبد الله بن محمد الغافقي، الجوهري المالكي (المتوفى: 381ه)	ShamelaY19	21479	0.61788
		التعديل والتجريح - ت: أحمد لبزار	الواحدي :: أبو الوليد الباجي	ShamAY	34037	0.61786
		جزء فيه ثلاثة أحاديث مسلسلة	صدر الدين، أبو طاهر السلفي أحمد بن محمد بن أحمد بن محمد بن إبراهيم سلفه الأصبهاني (المتوفى: 576ه)	ShamelaY19	30047	0.61783
		جزء فيه مسائل أبي جعفر محمد بن عثمان بن أبي شيبة عن شيوخه في مسائل في الجرح والتعديل	أبو جعفر محمد بن عثمان بن أبي شيبة العبسي مولاهم الكوفي (المتوفى: 297هـ)	ShamAY	26230	0.61782
		مجلس يوم الجمعة	طِرَاد بن محمد بن علي الهاشمي العباسي الزَّيْنَبي، أبو الفوارس (المتوفى: 491هـ)	ShamAY	29744	0.61772
		المطَالبُ العَاليَةُ بِزَوَائِدِ المسَانيد الثّمَانِيَةِ	أبو الفضل أحمد بن علي بن محمد بن أحمد بن حجر العسقلاني (المتوفى: 852هـ)	ShamAY	31850	0.61769
		تاريخ الإسلام ووفيات المشاهير والأعلام [ج ٤٨]	شمس الدين محمّد بن أحمد بن عثمان الذّهبي	Rafed	3644	0.61769
		أمالي ابن سمعون الواعظ	ابن سمعون الواعظ، أبو الحسين محمد بن أحمد بن إسماعيل بن عنبس البغدادي (المتوفى: 387ه)	Sham19Y	21476	0.61763
		منتهى المقال في أحوال الرّجال [ج ٣]	الشيخ محمّد بن إسماعيل المازندراني	Rafed	535	0.61758
		أحاديث منتقاة في غرائب ألفاظ رسول الله مما يحتاج إلى استعماله	أبو الفتح محمد بن الحسين بن أحمد بن عبد الله بن بريدة الموصلي الأزدي (المتوفى: 374ه)	Sham19Y	29727	0.6175
		جزء فيه سبعة مجالس من أمالي أبي طاهر المخلص	محمد بن عبد الرحمن بن العباس بن عبد الرحمن بن زكريا البغدادي المخَلِّص (المتوفى: 393هـ)	ShamAY	8233	0.61747
		معرفة التذكرة في الأحاديث الموضوعة	أبو الفضل محمد بن طاهر بن علي بن أحمد المقدسي الشيباني، المعروف بابن القيسراني (المتوفى: 507هـ)	ShamAY	6080	0.61747
		عوالي مالك رواية الخطيب	أبو بكر أحمد بن علي بن ثابت بن أحمد بن مهدي الخطيب البغدادي (المتوفى: 463هـ)	ShamAY	1362	0.61746
		الإعلام في إيضاح ما خفي على الإمام، تعقبات حديثية على الشيخ محمد ناصر الدين الألباني مع نقولات في الرجال لسماحة العلامة عبد العزيز بن عبد الله بن باز	أبو عبد الله، فهد بن عبد الله بن إبراهيم السنيد	Sham19Y	13642	0.61737
		مسند الإمام الشهيد أبي عبدالله الحسين بن علي عليهما السلام [ج ٢]	الشيخ عزيز الله العطاردي	Rafed	3223	0.61724
		ذكر أسماء من تكلم فيه وهو موثق	شمس الدين أبو عبد الله محمد بن أحمد بن عثمان بن قَايْماز الذهبي (المتوفى: 748هـ)	ShamAY	1892	0.6171
		أشعار النساء	أبو عبيد الله بن محمد بن عمران بن موسى المرزباني (المتوفى: 384هـ)	ShamAY	8189	0.61699
		تخريج أحاديث إحياء علوم الدين	الزبيدي، مرتضى	ShamAY	1276	0.61697
		صيام رمضان للقاسم ابن عساكر	أبي محمد القاسم ابن الحافظ علي بن الحسن بن هبة الله الشافعي المعروف بابن عساكر (600 هـ)	ShamAY	33581	0.6169
		من عوالي مسند عبد بن حميد - مخطوط (ن)	أبو محمد عبد الحميد بن حميد بن نصر الكسي ويقال له: الكشي بالفتح والإعجام (المتوفى: 249ه)	ShamelaY19	21676	0.61689
		تاريخ المدينة لابن شبة	عمر بن شبة (واسمه زيد) بن عبيدة بن ريطة النميري البصري، أبو زيد (المتوفى: 262هـ)	ShamAY	13086	0.61686
		فوائد أبي عبد الله النعالي	محمد بن طلحة بن محمد بن عثمان أبو الحسن النعالي الرافضي (المتوفى: 413ه)	ShamelaY19	30435	0.61681
		بشارة المصطفى صلّى الله عليه وآله لشيعة المرتضى عليه السلام	عماد الدين أبي جعفر محمد بن أبي القاسم الطبري	Rafed	270	0.61676
		مجلس من أمالي الباطرقاني - مخطوط (ن)	أحمد بن الفضل بن محمد الأصبهاني الباطرقاني، أبو بكر (المتوفى: 460ه)	ShamelaY19	21664	0.61666
		السنن الصغير للبيهقي	أحمد بن الحسين بن علي بن موسى الخسروجردي الخراساني، أبو بكر البيهقي (المتوفى: 458ه)	Sham19Y	12415	0.61661
		الثاني من الخلعيات	علي بن الحسن بن الحسين بن محمد، أبو الحسن الخِلَعي الشافعيّ (المتوفى: 492هـ)	ShamAY	30488	0.61657
		فوائد ابن شاهين	أبو حفص عمر بن أحمد بن عثمان بن أحمد بن محمد بن أيوب بن أزداذ البغدادي المعروف ب ابن شاهين (المتوفى: 385ه)	ShamelaY19	22418	0.61655
		 مسند الإمام الحسين ( ع ) 	 الشيخ عزيز الله عطاردي 	ABLibrary	7704	0.61651
		الترغيب في فضائل الأعمال لابن شاهين - ط: ابن الجوزي	أبو حفص عمر بن أحمد بن عثمان بن أحمد بن محمد بن أيوب بن أزداذ البغدادي المعروف بـ ابن شاهين (المتوفى: 385هـ)	ShamAY	34002	0.61642
		علم الرجال نشأته وتطوره من القرن الأول إلى نهاية القرن التاسع	أبو ياسر محمد بن مطر بن عثمان آل مطر الزهراني (المتوفى: 1427هـ)	ShamAY	11297	0.61637
		نسب عدنان وقحطان	محمد بن يزيد المبرد، أبو العباس (المتوفى: 285هـ)	ShamAY	28170	0.61636
		إنباء الغمر بأبناء العمر	أبو الفضل أحمد بن علي بن محمد بن أحمد بن حجر العسقلاني (المتوفى: 852هـ)	ShamAY	26317	0.61629
		الإعلام في إيضاح ما خفي على الإمام، تعقبات حديثية على الشيخ محمد ناصر الدين الألباني مع نقولات في الرجال لسماحة العلامة عبد العزيز بن عبد الله بن باز	أبو عبد الله، فهد بن عبد الله بن إبراهيم السنيد	ShamAY	31779	0.61628
		 منتخب الأثر في أحوال الإمام الثاني عشر ( عج ) 	 الشيخ لطف الله الصافي الگلپايگاني 	ABLibrary	7789	0.61627
		مجلسان من أمالي نظام الملك	الحسن بن علي بن إسحاق الطوسي، أبو علي، الملقب بقوام الدين، نظام الملك (المتوفى: 485هـ)	ShamAY	9608	0.61624
		خاتمة مستدرك الوسائل [ج ١]	الشيخ حسين النوري الطبرسي [ المحدّث النوري ]	Rafed	1458	0.61604
		 خلاصة عبقات الأنوار 	 السيد حامد النقوي 	ABLibrary	91	0.61601
		التاريخ والعلل عن يحيى بن معين رواية الدوري - ط الفاروق الحديثة	يحيى بن معين	ShamAY	38167	0.616
		العاشر من المشيخة البغدادية لأبي طاهر السلفي	صدر الدين، أبو طاهر السلفي أحمد بن محمد بن أحمد بن محمد بن إبراهيم سلفه الأصبهاني (المتوفى: 576ه)	ShamelaY19	30127	0.61599
		أحاديث منتخبة من مشيخة ابن صصري - مخطوط (ن)	شَمْسُ الدِّيْنِ، أَبُو القَاسِمِ الحُسَيْنُ ابنُ أَبِي الغَنَائِمِ هِبَة اللهِ بن مَحْفُوْظ بن الحَسَنِ بنِ مُحَمَّدِ بنِ الحَسَنِ بنِ أَحْمَدَ بنِ الحُسَيْنِ بنِ صَصْرَى الرَّبَعِيّ، التَّغْلِبِيّ، الجَزَرِيّ، البَلَدِيّ، الدِّمَشْقِيّ (المتوفى: 626هـ)	ShamAY	10076	0.61589
		 صفوة التصوف 	 ابن القيسراني 	ABLibrary	8716	0.61569
		مرويات غزوة الحديبية جمع وتخريج ودراسة	حافظ بن محمد عبد الله الحكمي	ShamAY	11394	0.6156
		التبيين لأسماء المدلسين - ط الريان	إبراهيم بن محمد بن سبط ابن العجمي أبو الوفا الحلبي الطرابلسي	ShamAY	34616	0.61556
		الديباج لأبي عبيدة	أبو عبيدة معمر بن المثنى التيمى (المتوفى: 209ه)	Sham19Y	636	0.61554
		منتخب الأثر في الإمام الثاني عشر عليه السلام [ج ١]	لطف الله الصافي الگلپايگاني	Rafed	2773	0.61549
		رساله في الاحاديث الوارده في الخلفاء علي ترتيب الخلافه	آيت الله علي حسيني ميلاني	Ghbook	7653	0.61548
		التبيين لأسماء المدلسين	برهان الدين الحلبي أبو الوفا إبراهيم بن محمد بن خليل الطرابلسي الشافعي سبط ابن العجمي (المتوفى: 841هـ)	ShamAY	1187	0.61543
		الاسماء و الصفات 	ابوبكر احمد بن الحسين بن علي البيهقي	Ghbook	2713	0.61538
		مجلس من أمالي أبي الفتح المقدسي_1	نصر بن إبراهيم بن نصر بن إبراهيم ابن داود النابلسي المقدسي، أبو الفتح الشافعي (المتوفى: 490ه)	ShamelaY19	29895	0.61529
		الطب النبوي لأبي نعيم الأصفهاني	أبو نعيم أحمد بن عبد الله بن أحمد بن إسحاق بن موسى بن مهران الأصبهاني (المتوفى: 430هـ)	ShamAY	26429	0.61526
		أمالي ابن سمعون الواعظ	ابن سمعون الواعظ، أبو الحسين محمد بن أحمد بن إسماعيل بن عنبس البغدادي (المتوفى: 387ه)	ShamelaY19	21476	0.61514
		المنتخب من العلل للخلال - ط الفاروق	أبو بكر أحمد بن محمد بن هارون الخلال	ShamAY	34173	0.615
		الأمالي	الشيخ الصدوق	Masaha	4545	0.61496
		سنن ابن ماجة - ط الرسالة	ابن ماجة أبو عبد الله محمد بن يزيد القزويني	ShamAY	33959	0.6149
		قطف الثمر في رفع أسانيد المنصنفات في الفنون والأثر	صالح بن محمد بن نوح بن عبد الله العمري المعروف بالفلاني المالكي (المتوفى: 1218ه)	Sham19Y	10730	0.6149
		القناعة والتعفف لابن أبي الدنيا - ط أطلس الخضراء = مقابل	أبو بكر عبد الله بن محمد ابن أبي الدنيا	ShamAY	38057	0.61488
		المُعْجَمُ الكَبِير للطبراني قِطْعَةٌ مِنَ المُجَلَّدِ الحَادِي والعِشْرِينَ (يَتَضَمَّنُ جُزْءًا مِنْ مُسْنَدِ النُّعْمَانِ بْنِ بَشِيرٍ)	سليمان بن أحمد بن أيوب بن مطير اللخمي الشامي، أبو القاسم الطبراني (المتوفى: 360هـ)	ShamAY	1428	0.61488
		فضل يوم التروية وعرفة	أبو محمد موفق الدين عبد الله بن أحمد بن محمد بن قدامة الجماعيلي المقدسي ثم الدمشقي الحنبلي، الشهير بابن قدامة المقدسي (المتوفى: 620ه)	ShamelaY19	30317	0.61483
		فضائل القرآن لابن كثير	أبو الفداء إسماعيل بن عمر بن كثير القرشي البصري ثم الدمشقي (المتوفى : 774هـ)	ShamAY	22800	0.61474
		الفانيد في حلاوة الأسانيد - سلسلة لقاء العشر الأواخر بالمسجد الحرام (3)	عبد الرحمن بن أبي بكر، جلال الدين السيوطي (المتوفى: 911 هـ)	ShamAY	32389	0.61466
		الذيل على جزء بقي بن مخلد من أحاديث الحوض (مطبوع مع كتاب الحوض والكوثر لبقي بن مخلد)	أبو القاسم خلف بن عبد الملك بن مسعود بن بشكوال الخزرجي الأنصاري الأندلسي (المتوفى: 578هـ)	ShamAY	6753	0.6146
		مسند الموطأ للجوهري	أَبُو القَاسِمِ عَبْدُ الرَّحْمَنِ بنُ عَبْدِ اللهِ بنِ مُحَمَّدٍ الغَافِقِيُّ، الجَوْهَرِيُّ المالكي (المتوفى: 381هـ)	ShamAY	1222	0.61457
		الغوامض والمبهمات لعبدالغني بن سعيد	أبو محمد عبد الغني بن سعيد بن علي بن بشر بن مروان الأزدي المصري (المتوفى: 409هـ)	ShamAY	26507	0.61456
		النافلة في الأحاديث الضعيفة والباطلة	أبو إسحاق الحويني الأثري حجازي محمد شريف	ShamAY	10024	0.61453
		سؤالات الآجري - الريان	الآجري	ShamAY	34622	0.6145
		فضائل التسمية بأحمد ومحمد	أبو عبد الله الحسين بن أحمد بن عبد الله بن بكير البغدادي الصيرفي (المتوفى: 388هـ)	ShamAY	13135	0.61446
		سيرتنا وسنتنا	الشيخ عبد الحسين الأميني النجفي	Masaha	305	0.61444
		الجزء السابع من فوائد أبي زكريا المزكي - مخطوط	أبو زكريا يحيى بن إبراهيم بن محمد المزكي النيسابوري	ShamAY	32925	0.61429
		الجزء الثامن من المشيخة البغدادية	صدر الدين، أبو طاهر السلفي أحمد بن محمد بن أحمد بن محمد بن إبراهيم سلفه الأصبهاني (المتوفى: 576ه)	ShamelaY19	30622	0.61417
		مجلس لأبي عبد الرحمن السلمي	محمد بن الحسين بن محمد بن موسى بن خالد بن سالم النيسابوري، أبو عبد الرحمن السلمي (المتوفى: 412ه)	Sham19Y	30142	0.61402
		من حديث الفقيه أبي القاسم الشهرزوري عن شيوخه - مخطوط (ن)	عبد العزيز بن علي بن الحسن أبو القاسم الشَّهْرَزوري المالكي (المتوفى: 427هـ)	ShamAY	21691	0.61397
		مجموع تخريج شمس الدين المقدسي	الشَّمْسُ، أَبُو العَبَّاسِ أَحْمَدُ بنُ عَبْدِ الوَاحِدِ بنِ أَحْمَدَ المَقْدِسِيُّ، الحَنْبَلِيُّ، المُلَقَّبُ بِالبُخَارِيِّ (المتوفى: 623هـ)	ShamAY	29768	0.61394
		الإشراف في منازل الأشراف لابن أبي الدنيا - ط أطلس الخضراء = مقابل	أبو بكر عبد الله بن محمد ابن أبي الدنيا	ShamAY	38145	0.61365
		خير الخبر في أذان خير البشر	الإمام محمد عبد الحي اللكنوي (ت1304هـ)	ShamAY	36020	0.61364
		فضائل شهر رجب للخلال	أبو محمد الحسن بن محمد بن الحسن بن علي البغدادي الخلال (المتوفى: 439ه)	Sham19Y	12744	0.61353
		تحقيق الرجحان بصوم يوم الشك من رمضان	مرعي بن يوسف بن أبى بكر بن أحمد الكرمى المقدسي الحنبلى (المتوفى: 1033هـ)	ShamAY	11087	0.6133
		رسالة في فضل الأندلس وذكر رجالها - ت: إحسان عباس	أبو محمد علي بن أحمد بن سعيد بن حزم الأندلسي	ShamAY	33827	0.61329
		التوبة لابن أبي الدنيا - ط أطلس الخضراء = مقابل	أبو بكر عبد الله بن محمد ابن أبي الدنيا	ShamAY	38061	0.61327
		طبقات المدلسين = تعريف أهل التقديس بمراتب الموصوفين بالتدليس	أبو الفضل أحمد بن علي بن محمد بن أحمد بن حجر العسقلاني (المتوفى: 852هـ)	ShamAY	1186	0.61312
		الديباج لأبي عبيدة	أبو عبيدة معمر بن المثنى التيمى (المتوفى: 209هـ)	ShamAY	636	0.61311
		ريح النسرين فيمن عاش من الصحابة مائة وعشرين	عبد الرحمن بن أبي بكر، جلال الدين السيوطي (المتوفى: 911هـ)	ShamAY	5802	0.61276
		صفة النبي صلى الله عليه وسلم وأجزاء حديثية أخرى [من حديث أبي نصر العكبري. ومن حديث أبي بكر النصيبي. ومن حديث خيثمة الأطرابلسي. صفة النبي صلى الله عليه وسلم رواية أبي علي محمد بن هارون بن شعيب الأنصاري، عن شيوخه. ومن حديث عنبسة بن سعيد]	المقدسي، ضياء الدين	ShamelaY19	26554	0.61275
		جزء فيه أربعون حديثا منتقاة من كتاب الآداب	البيهقي، أبو بكر	ShamAY	33542	0.61256
		قطف الثمر في رفع أسانيد المنصنفات في الفنون والأثر	صالح بن محمد بن نوح بن عبد الله العَمْري المعروف بالفُلَّاني المالكي (المتوفى: 1218هـ)	ShamAY	10730	0.61252
		تحفه لب اللباب في ذكر نسب الساده الانجاب	سيدمهدي رجايي	Ghbook	15618	0.61252
		تاريخ علم الرجال	الشيخ حسين الراضي العبد الله	Masaha	571	0.6125
		أمثال العرب ط الهلال	المفضل بن محمد بن يعلى بن سالم الضبي (المتوفى: نحو 168هـ)	ShamAY	9081	0.61246
		سؤالات مسعود بن علي السجزي (مع أسئلة البغداديين عن أحوال الرواة للإمام الحافظ أبي عبد الله محمد بن عبد الله الحاكم النيسابوري)	أبو عبد الله الحاكم محمد بن عبد الله بن محمد بن حمدويه بن نُعيم بن الحكم الضبي الطهماني النيسابوري المعروف بابن البيع (المتوفى: 405هـ)	ShamAY	535	0.61238
		 أعيان الشيعة 	 السيد محسن الأمين 	ABLibrary	78	0.61238
		الوفيات لابن رافع	تقي الدين محمد بن هجرس بن رافع السلامي (المتوفى: 774هـ)	ShamAY	6724	0.61232
		الحديث المسلسل والأحاديث الستة العراقية تخريج النابلسي - مخطوط	النابلسي، أبو المظفر	ShamAY	32758	0.61221
		شرح سنن ابن ماجه - الإعلام بسنته عليه السلام	مغلطاي بن قليج بن عبد الله البكجري المصري الحكري الحنفي، أبو عبد الله، علاء الدين (المتوفى: 762هـ)	ShamAY	8544	0.61219
		تخريج أحاديث إحياء علوم الدين	الزبيدي، مرتضى	ShamelaY19	38171	0.61215
		فوائد أبي عبد الله محمد بن إبراهيم بن عبد الملك بن مروان - مخطوط		ShamAY	32784	0.61211
		تحريم النرد والشطرنج والملاهي للآجري	أبو بكر محمد بن الحسين بن عبد الله الآجُرِّيُّ البغدادي (المتوفى: 360هـ)	ShamAY	8222	0.61201
		غاية المرام وحجّة الخصام [ج ٣]	السيّد هاشم البحراني الموسوي التوبلي	Rafed	3608	0.612
		تفسير فرات الكوفي	ابو القاسم فرات بن ابراهيم بن فرات الكوفي	Rafed	360	0.61177
		تاريخ الإسلام ووفيات المشاهير والأعلام [ج ٤١]	شمس الدين محمّد بن أحمد بن عثمان الذّهبي	Rafed	3604	0.61171
		عمل اليوم والليلة سلوك النبي مع ربه عز وجل ومعاشرته مع العباد	أحمد بن محمد بن إسحاق بن إبراهيم بن أسباط بن عبد الله بن إبراهيم بن بُدَيْح، الدِّيْنَوَريُّ، المعروف بـ «ابن السُّنِّي» (المتوفى: 364هـ)	ShamAY	13132	0.61168
		تاريخ الإسلام ووفيات المشاهير والأعلام [ج ٤٣]	شمس الدين محمّد بن أحمد بن عثمان الذّهبي	Rafed	3625	0.61163
		الثاني من مشيخة ابن شاذان الكبرى - مخطوط	أبو علي الحسن بن أحمد بن إبراهيم ابن شاذان	ShamAY	32953	0.61155
		حلية الأولياء وطبقات الأصفياء	أبو نعيم أحمد بن عبد الله بن أحمد بن إسحاق بن موسى بن مهران الأصبهاني (المتوفى: 430هـ)	ShamAY	1225	0.61154
		 القول المتين في تشيع الشيخ الأكبر 	 الشيخ قاسم الطهراني 	ABLibrary	8904	0.61153
		تعليقه علي منهج المقال	محمد باقر بن محمداكمل ( وحيد بهبهاني )	Ghbook	7066	0.61153
		نقض الإمام أبي سعيد عثمان بن سعيد على المريسي الجهمي العنيد فيما افترى على الله عز وجل من التوحيد	أبو سعيد عثمان بن سعيد بن خالد بن سعيد الدارمي السجستاني (المتوفى: 280هـ)	ShamAY	8680	0.61137
		الفضائل الموضوعة عرض ونقد	مهدي المنصور سمائي	Rafed	1497	0.61128
		جزء فيه ما انتقى أبو بكر أحمد بن موسى ابن مردويه على أبي القاسم الطبراني من حديثه لأهل البصرة	سليمان بن أحمد بن أيوب بن مطير اللخمي الشامي، أبو القاسم الطبراني (المتوفى: 360ه)	ShamelaY19	26474	0.61127
		جامع التحصيل في أحكام المراسيل	صلاح الدين أبو سعيد خليل بن كيكلدي بن عبد الله الدمشقي العلائي (المتوفى: 761ه)	ShamelaY19	25864	0.61117
		حكايات شعبة بن الحجاج	أبو القاسم عبد الله بن محمد بن عبد العزيز بن المرزبان بن سابور بن شاهنشاه البغوي (المتوفى: 317ه)	ShamelaY19	29715	0.61106
		شَذَرَاتٌ مِنَ الْمَنْهَجِ الْمَأْمُولِ بِبَيَانِ مَعْنَى قَوْلِ ابْنِ حَجَرٍ مَقْبُولْ	أبُو مْحَمَّدٍ أَحْمَدُ شِحَاتَهْ الأَلْفِيُّ السَّكَنْدَرِيُّ	ShamAY	37278	0.61105
		جزء فيه من حديث أبي الحسن علي بن حرب الطائي - مخطوط	أبو الحسن علي بن حرب الطائي	ShamAY	32940	0.61104
		أحاديث عن 19 من أصحاب ابن طبرزد (مطبوع ضمن كتاب جمهرة الأجزاء الحديثية)	عمر بن محمد بن معمر بن يحيى ابن أحمد بن حسان، أبو حفص، ابن طبرزد، الدارقزي، البغدادي (المتوفى: 607ه)	Sham19Y	9354	0.61102
		منتهى المقال في أحوال الرجال - الجزء1	ابو علي محمد بن اسماعيل الحائري	Masaha	930	0.61084
		فوائد ابن نصر عن مشايخه	أبو القاسم عبد الرحمن بن عمر بن نصر بن محمد الشيباني، السامري، ثم الدمشقي، البزاز (المتوفى: 410ه)	Sham19Y	4003	0.61076
		جزء فيه ثلاثة مجالس من أمالي أبي طاهر محمد بن محمد بن محمش الزيادي	أبو طاهر محمد بن محمد بن محمش الزيادي النيسابوري (410 هـ)	ShamAY	33637	0.61072
		الطب النبوي لأبي نعيم الأصفهاني	أبو نعيم أحمد بن عبد الله بن أحمد بن إسحاق بن موسى بن مهران الأصبهاني (المتوفى: 430ه)	ShamelaY19	26429	0.61051
		إبصار العين في أنصار الحسين عليه السلام	الشيخ محمد بن طاهر السماوي	Rafed	697	0.61043
		العمدة من الفوائد والأثار الصحاح والغرائب في مشيخة شهدة	شُهْدة بِنْت أحمد بْن الفرج بْن عُمَر الإبري فخر النساء بِنْت أَبِي نصر الدينوري الأصل البغدادي الكاتبة (المتوفى: 574هـ)	ShamAY	7375	0.61037
		شيوخ لاحق بن محمد بن أحمد الإسكاف - مخطوط	أبو القاسم لاحق بن محمد بن أحمد الإسكاف	ShamAY	32858	0.61027
		 عيد الغدير في الإسلام والتتويج والقربات يوم الغدير ( من فيض الغدير ) 	 الشيخ الأميني 	ABLibrary	8518	0.61016
		الصمت وآداب اللسان لابن أبي الدنيا - ط أطلس الخضراء = مقابل	أبو بكر عبد الله بن محمد ابن أبي الدنيا	ShamAY	38093	0.61011
		التوحيد	محمد بن علي بن بابويه شيخ صدوق	Ghbook	2403	0.61011
		مشيخة الآبنوسي	أَبُو الحُسَيْنِ مُحَمَّدُ بنُ أَحْمَدَ بنِ مُحَمَّدِ بنِ عَلِيٍّ الصيرفي، ابْنُ الآبَنُوْسِيِّ البَغْدَادِيُّ (المتوفى: 457هـ)	ShamAY	12749	0.61008
		التراجم الساقطة من الكامل في معرفة ضعفاء المحدثين وعلل الحديث	ابن عدي	Sham19Y	5827	0.61006
		الأمصار ذوات الآثار	الذهبي، شمس الدين	ShamAY	37135	0.61004
		فضل يوم التروية وعرفة	أبو محمد موفق الدين عبد الله بن أحمد بن محمد بن قدامة الجماعيلي المقدسي ثم الدمشقي الحنبلي، الشهير بابن قدامة المقدسي (المتوفى: 620هـ)	ShamAY	30317	0.61
		عمدة عيون صحاح الأخبار في مناقب إمام الأبرار	ابن بطريق الحلي‏	Masaha	2303	0.60996
		الثاني من الفوائد المنتقاة لابن السماك ويليه من حديث دعلج للحمامي	عثمان بن أحمد بن عبيد الله بن يزيد، أبو عمرو الدقاق، ابن السماك (المتوفى: 344ه)	ShamelaY19	29940	0.60993
		الأمالي	أبي جعفر محمّد بن الحسن بن علي بن الحسن الطّوسي [ شيخ الطائفة ]	Rafed	1271	0.60987
		 الرسالة العلوية في فضل أمير المؤمنين ( ع ) على سائر البرية ( التفضيل ) 	 أبي الفتح الكراجكي 	ABLibrary	7532	0.60979
		تراثنا ـ العدد [ 52 ]	مؤسسة آل البيت عليهم السلام لإحياء التراث ـ قم	Rafed	3237	0.60967
		المتمنين لابن أبي الدنيا - ط أطلس الخضراء = مقابل	أبو بكر عبد الله بن محمد ابن أبي الدنيا	ShamAY	38133	0.60961
		 الضوء اللامع لأهل القرن التاسع 	 شمس الدين السخاوي 	ABLibrary	950	0.60957
		التبيان في تخريج وتبويب أحاديث بلوغ المرام	خالد بن ضيف الله الشلاحي	ShamelaY19	32528	0.60947
		الإيمان لابن منده	أبو عبد الله محمد بن إسحاق بن محمد بن يحيى بن مَنْدَه العبدي (المتوفى: 395هـ)	ShamAY	13005	0.60945
		منة المنعم في شرح صحيح مسلم	أبو الحسين مسلم بن الحجاج بن مسلم القشيري النيسابوري رحمه الله (206 - 261 ه)	Sham19Y	149015	0.60942
		الأربعون على مذهب المتحققين من الصوفية لأبي نعيم الأصبهاني	أبو نعيم أحمد بن عبد الله بن أحمد بن إسحاق بن موسى بن مهران الأصبهاني (المتوفى: 430هـ)	ShamAY	8246	0.60941
		البشائر المأمولة فى آداب العمرة المقبولة	أحمد شحاتة السكندري	ShamAY	36721	0.6094
		روايات البغوي في تفسيره معالم التنزيل عن شيخه عبد الواحد المليحي "تخريج ودراسة"	عبد الحميد شيخون	Sham19Y	132397	0.60937
		مجلس من أمالي أبي عبد الله العطار	أبو عبد الله محمد بن مخلد بن حفص العطار الدوري البغدادي (المتوفى: 331ه)	Sham19Y	29858	0.60919
		الإيماء إلى زوائد الأمالي والأجزاء - زوائد الأمالي والفوائد والمعاجم والمشيخات على الكتب الستة والموطأ ومسند الإمام أحمد	نبيل سعد الدين سَليم جَرَّار	ShamAY	95	0.60905
		السنن الصغرى للبيهقي - ت الأعظمي ط الرشد	محمد ضياء الرحمن الأعظمي	ShamAY	33602	0.60888
		المتوارين الذين اختفوا خوفا من الحجاج بن يوسف الثقفي	أبو محمد عبد الغني بن سعيد بن علي بن بشر بن مروان الأزدي المصري (المتوفى: 409هـ)	ShamAY	1139	0.60884
		المجموع اللفيف	أمين الدولة محمد بن محمد بن هبة الله العلوي الحسيني أبو جعفر الأفطسي الطرابلسي (المتوفى: بعد 515هـ)	ShamAY	9096	0.60884
		جمع الجيوش والدساكر على ابن عساكر	يوسف بن حسن بن أحمد بن حسن ابن عبد الهادي الصالحي، جمال الدين، ابن ابن المبرد الحنبلي (المتوفى: 909ه)	ShamelaY19	30312	0.60882
		الإشراف في منازل الأشراف لابن أبي الدنيا	أبو بكر عبد الله بن محمد بن عبيد بن سفيان بن قيس البغدادي الأموي القرشي المعروف بابن أبي الدنيا (المتوفى: 281هـ)	ShamAY	12994	0.60872
		 موسوعة مرآة الحرمين الشريفين وجزيرة العرب 	 أيوب صبري باشا 	ABLibrary	9291	0.60871
		اصول الكافي	محمد بن يعقوب شيخ كليني	Ghbook	2153	0.6087
		المجموع اللفيف	أمين الدولة محمد بن محمد بن هبة الله العلوي الحسيني أبو جعفر الأفطسي الطرابلسي (المتوفى: بعد 515ه)	Sham19Y	9096	0.60869
		تلخيص الحبير في أحاديث الرافعي الكبير	أحمد بن علي بن حجر أبو الفضل العسقلاني	ShamAY	34124	0.60859
		تنوير الفكرة بحديث بهز بن حكيم (مطبوع ضمن مجموع رسائل لابن ناصر الدين)	محمد بن عبد الله (أبي بكر) بن محمد ابن أحمد بن مجاهد القيسي الدمشقي الشافعي، شمس الدين، الشهير بابن ناصر الدين (المتوفى: 842هـ)	ShamAY	9393	0.60849
		أحاديث مستخرجة من كتاب الخلافة لمحمد بن عطية الشامي - مخطوط		ShamAY	32745	0.60844
		سؤالات مسعود بن علي السجزي لأبي عبد الله الحاكم النيسابوري	أبو سعيد مسعود بن علي السجزي النيسابوري	ShamAY	34163	0.60841
		الترغيب في فضائل الأعمال وثواب ذلك لابن شاهين	أبو حفص عمر بن أحمد بن عثمان بن أحمد بن محمد بن أيوب بن أزداذ البغدادي المعروف بـ ابن شاهين (المتوفى: 385هـ)	ShamAY	8209	0.60823
		عقيدة السلف أصحاب الحديث	أبو عثمان إسماعيل بن عبد الرحمن الصابوني	ShamAY	35549	0.60817
		قم عاصمه الحضاره الشيعيه	محمد جواد طبسي	Ghbook	13047	0.60814
		العمر والشيب لابن أبي الدنيا	أبو بكر عبد الله بن محمد بن عبيد بن سفيان بن قيس البغدادي الأموي القرشي المعروف بابن أبي الدنيا (المتوفى: 281هـ)	ShamAY	13044	0.60804
		مقتل الامام اميرالمومنين علي بن ابي طالب ( عليه السلام )	ابوبكر عبدالله بن محمد بن عبيد ( ابن ابي دنيا )	Ghbook	9619	0.60802
		الاعتقاد لابن أبي يعلى	أبو الحسين ابن أبي يعلى ، محمد بن محمد (المتوفى : 526هـ)	ShamAY	22852	0.608
		العلل ومعرفة الرجال للإمام أحمد رواية المروذي وصالح والميموني - ط الفاروق	أحمد بن حنبل	ShamAY	34149	0.60796
		الرواة الأربعة عشر للضياء المقدسي - مخطوط (ن)	ضياء الدين أبو عبد الله محمد بن عبد الواحد المقدسي (المتوفى: 643هـ)	ShamAY	21626	0.60792
		كتاب التوحيد	محمد بن علي بن بابويه شيخ صدوق	Ghbook	797	0.60784
		مجلسان من أمالي الجوهري_2	الحسن بن علي بن محمد، أبو محمد الجوهري (المتوفى: 454ه)	ShamelaY19	30071	0.60782
		مسند الشاميين للطبراني	سليمان بن أحمد بن أيوب بن مطير اللخمي الشامي، أبو القاسم الطبراني (المتوفى: 360هـ)	ShamAY	13162	0.60777
		أسباب نزول القرآن	أبي الحسن علي بن أحمد الواحدي	Rafed	1483	0.60767
		التاسع من المشيخة البغدادية لأبي طاهر السلفي	صدر الدين، أبو طاهر السِّلَفي أحمد بن محمد بن أحمد بن محمد بن إبراهيم سِلَفَه الأصبهاني (المتوفى: 576هـ)	ShamAY	30082	0.60762
		علل الشرائع - الجزء1	الشيخ الصدوق	Masaha	705	0.60762
		رسالة طرق حديث من كنت مولاه فعلي مولاه	شمس الدين أبو عبد الله محمد بن أحمد بن عثمان بن قَايْماز الذهبي (المتوفى: 748هـ)	ShamAY	2582	0.60743
		التوحيد	الشيخ الصدوق	Masaha	1952	0.60736
		أخبار مكة وما جاء فيها من الأثار	أبو الوليد محمد بن عبد الله بن أحمد بن محمد بن الوليد بن عقبة بن الأزرق الغساني المكي المعروف بالأزرقي (المتوفى: 250هـ)	ShamAY	9621	0.60716
		أعلام السيرة النبوية في القرن الثاني للهجرة	فاروق بن محمود بن حسن حمادة	ShamAY	7512	0.60715
		معجم البلدان - الفكر	ياقوت بن عبد الله الحموي أبو عبد الله	ShamAY	33803	0.60712
		مَجْمَعُ الزَّوَائِدِ وَمَنْبَعُ الفَوَائِدِ	أبو الحسن نور الدين علي بن أبي بكر بن سليمان الهيثمي (المتوفى: 807هـ)	ShamAY	1970	0.60696
		من هو المهدي	ابو طالب التجليل التبريزي	Masaha	2984	0.6068
		جزءان من أمالي أبي مطيع محمد بن عبد الواحد المصري - مخطوط	أبو مطيع المصري	ShamAY	32775	0.6067
		التنقيح في حديث التسبيح لابن ناصر الدين	ابن ناصر الدين (842 هـ)	ShamAY	33559	0.60654
		من حديث مالك بن أنس لأبي الحسن الأزدي - مخطوط (ن)	أَبُو الحَسَنِ مُحَمَّدُ بنُ عَلِيِّ بنِ مُحَمَّدِ بنِ صَخْرٍ الأَزْدِيُّ، البَصْرِيُّ (المتوفى: 443هـ)	ShamAY	21696	0.6065
		الهداية في تخريج أحاديث البداية (بداية المجتهد لابن رشد)	أحمد بن محمد بن الصدِّيق بن أحمد، أبو الفيض الغُمَارِي الحسني الأزهري (المتوفى: 1380 هـ)	ShamAY	32537	0.60642
		جامع الآثار في السير ومولد المختار	الواحدي :: ابن ناصر الدين الدمشقي	ShamAY	34447	0.6064
		الكامل في القراءات العشر والأربعين الزائدة عليها	يوسف بن علي بن جبارة بن محمد بن عقيل بن سواده أبو القاسم الهذلي اليشكري المغربي (المتوفى: 465ه)	ShamelaY19	36957	0.60639
		تاريخ الإسلام ووفيات المشاهير والأعلام [ج ٤٥]	شمس الدين محمّد بن أحمد بن عثمان الذّهبي	Rafed	3637	0.60634
		مصارع العشاق - العلمية	أبو محمد جعفر بن أحمد بن الحسيني السراج القارئ	ShamAY	33793	0.60631
		الإخلاص لابن أبي الدنيا - ط أطلس الخضراء = مقابل	أبو بكر عبد الله بن محمد ابن أبي الدنيا	ShamAY	38073	0.60623
		المجمع المؤسس للمعجم المفهرس	ابن حجر العسقلاني	ShamelaY19	20861	0.60618
		موسوعه الامامه في نصوص اهل السنه	آيت الله العظمي سيد شهاب الدين مرعشي نجفي	Ghbook	16317	0.60612
		فضل رجب لابن عساكر	ثقة الدين، أبو القاسم علي بن الحسن بن هبة الله المعروف بابن عساكر (المتوفى: 571ه)	ShamelaY19	22053	0.60611
		تفسير ابن كثير ت سلامة	أبو الفداء إسماعيل بن عمر بن كثير القرشي البصري ثم الدمشقي (المتوفى: 774هـ)	ShamAY	8473	0.60595
		جزء فيه ما انتقى أبو بكر أحمد بن موسى ابن مردويه على أبي القاسم الطبراني من حديثه لأهل البصرة	سليمان بن أحمد بن أيوب بن مطير اللخمي الشامي، أبو القاسم الطبراني (المتوفى: 360هـ)	ShamAY	1325	0.60593
		مَشْيَخَةُ أَبِي يُوسُف يَعْقُوبَ بْنِ سُفْيَانَ الْفَسَوِيِّ - مخطوط	يعقوب بن سفيان الفسوي	ShamAY	38035	0.60588
		عيد الغدير في الإسلام	الشيخ عبد الحسين أحمد الأميني النجفي	Rafed	3454	0.60578
		افحام الأعداء والخصوم	السيد ناصر حسين بن حامد حسين الموسوي الهندي	Rafed	1752	0.60577
		الشمائل المحمدية للترمذي ط إحياء التراث	محمد بن عيسى بن سورة بن موسى بن الضحاك، الترمذي، أبو عيسى (المتوفى: 279ه)	ShamelaY19	23647	0.60573
		جزء الجركاني	أبو رجاء محمد بن أحمد بن محمد بن عبد الله الجركاني (المتوفى: 514ه)	Sham19Y	9394	0.60572
		الاغتباط لمعرفة من رمي بالاختلاط - ت: علي الحلبي	برهان الدين الحلبي إبراهيم بن محمد بن خليل الطرابلسي العجمي	ShamAY	34587	0.60568
		عوالي مالك رواية سليم الرازي	أبو الفتح، سليم بن أيوب بن سليم الرازي (المتوفى: 447ه)	Sham19Y	26655	0.60564
		الفانيد في حلاوة الأسانيد	عبد الرحمن بن أبي بكر، جلال الدين السيوطي (المتوفى: 911هـ)	ShamAY	9388	0.60552
		آداب الشافعي ومناقبه	أبو محمد عبد الرحمن بن محمد بن إدريس بن المنذر التميمي، الحنظلي، الرازي ابن أبي حاتم (المتوفى: 327هـ)	ShamAY	1485	0.6055
		 مسند الإمام الباقر ( ع ) 	 الشيخ عزيز الله عطاردي 	ABLibrary	7709	0.60544
		مكارم الأخلاق ومعاليها ومحمود طرائقها	أبو بكر محمد بن جعفر بن محمد بن سهل بن شاكر الخرائطي السامري (المتوفى: 327ه)	Sham19Y	9595	0.60542
		جمع الجيوش والدساكر على ابن عساكر	يوسف بن حسن بن أحمد بن حسن ابن عبد الهادي الصالحي، جمال الدين، ابن ابن المِبْرَد الحنبلي (المتوفى: 909هـ)	ShamAY	30312	0.60536
		الخامس من الفوائد المنتقاة الحسان	أبو الحسن علي بن عمر بن أحمد بن مهدي بن مسعود بن النعمان بن دينار البغدادي الدارقطني (المتوفى: 385ه)	ShamelaY19	30361	0.60527
		الجزء الرابع من المشيخة البغدادية	صدر الدين، أبو طاهر السلفي أحمد بن محمد بن أحمد بن محمد بن إبراهيم سلفه الأصبهاني (المتوفى: 576ه)	Sham19Y	30626	0.60524
		تاريخ الحياة العلمية في المدينة النبوية خلال القرن الثاني الهجري	سعد بن موسى الموسى	ShamAY	38497	0.60516
		أسباب النزول ت زغلول	أبو الحسن علي بن أحمد بن محمد بن علي الواحدي، النيسابوري، الشافعي (المتوفى: 468هـ)	ShamAY	11456	0.60501
		المسترشد في الإمامة	محمد بن جرير الطبري‏ الصغير	Masaha	2862	0.60499
		روضة العقلاء ونزهة الفضلاء	محمد بن حبان بن أحمد بن حبان بن معاذ بن مَعْبدَ، التميمي، أبو حاتم، الدارمي، البُستي (المتوفى: 354هـ)	ShamAY	6944	0.60498
		وقعة الطّف	لوط بن يحيى الأزدي الغامدي الكوفي [ أبي مخنف ]	Rafed	1605	0.60498
		عوالي مالك رواية سليم الرازي	أبو الفتح، سليم بن أيوب بن سليم الرازي (المتوفى: 447ه)	ShamelaY19	26655	0.60487
		أداء ما وجب من بيان وضع الوضاعين في رجب	ابن دحية	ShamelaY19	23163	0.60466
		حياة الأنبياء بعد وفاتهم - ط العلوم والحكم	أبو بكر أحمد بن الحسين البيهقي	ShamAY	33863	0.60463
		من حديث أبي بكر أحمد بن علي بن لال عن شيوخه - مخطوط (ن)	أَبُو بَكْرٍ أَحْمَدُ بنُ عَلِيِّ بنِ أَحْمَدَ بنِ مُحَمَّدِ بنِ الفَرَجِ بنِ لاَلٍ الهَمَذَانِيُّ، الشَّافِعِيُّ (المتوفى: 398هـ)	ShamAY	21685	0.60457
		فضائل الأشهر الثلاثة	الشيخ الصدوق	Masaha	702	0.60455
		مستدركات علم رجال الحديث	علي نمازي شاهرودي	Ghbook	7176	0.60454
		اعتلال القلوب للخرائطي	أبو بكر محمد بن جعفر بن محمد بن سهل بن شاكر الخرائطي السامري (المتوفى: 327هـ)	ShamAY	1304	0.60453
		صفة النبي صلى الله عليه وسلم وأجزاء حديثية أخرى [من حديث أبي نصر العكبري. ومن حديث أبي بكر النصيبي. ومن حديث خيثمة الأطرابلسي. صفة النبي صلى الله عليه وسلم رواية أبي علي محمد بن هارون بن شعيب الأنصاري، عن شيوخه. ومن حديث عنبسة بن سعيد]	المقدسي، ضياء الدين	ShamAY	1329	0.60448
		ذيل تأريخ مدينة السلام [ج ٥]	أبي عبد الله محمّد بن سعيد بن الدبيثي	Rafed	2334	0.60447
		أنساب الخيل في الجاهلية والإسلام وأخبارها - ط دار الكتب	أبو المنذر هشام بن محمد أبي النضر ابن السائب ابن بشر الكلبي (المتوفى: 204هـ)	ShamAY	33800	0.60436
		الثاني من الفوائد المنتقاة لابن السماك ويليه من حديث دعلج للحمامي	عثمان بن أحمد بن عبيد الله بن يزيد، أبو عمرو الدقاق، ابن السماك (المتوفى: 344ه)	Sham19Y	29940	0.6043
		أخبار وحكايات من حديث أبي علي محمد بن القاسم بن معروف - مخطوط	محمد بن القاسم بن معروف، أبو علي التميمي الدمشقي الشهير بابن حبيب (المتوفى: 347ه)	Sham19Y	10279	0.6043
		مجلس من أمالي النجاد رواية المحاملي	أبو بكر النجاد، أحمد بن سلمان بن الحسن بن إسرائيل بن يونس البغدادي (المتوفى: 348هـ)	ShamAY	29865	0.60427
		مجلس من أمالي الأصبهاني	أبو نعيم أحمد بن عبد الله بن أحمد بن إسحاق بن موسى بن مهران الأصبهاني (المتوفى: 430هـ)	ShamAY	13080	0.60427
		قوت المغتذي على جامع الترمذي	عبد الرحمن بن أبي بكر، جلال الدين السيوطي (المتوفى: 911ه)	Sham19Y	7562	0.60412
		قوت المغتذي على جامع الترمذي	عبد الرحمن بن أبي بكر، جلال الدين السيوطي (المتوفى: 911هـ)	ShamAY	7562	0.6041
		الكامل في القراءات العشر والأربعين الزائدة عليها	يوسف بن علي بن جبارة بن محمد بن عقيل بن سواده أبو القاسم الهُذَلي اليشكري المغربي (المتوفى: 465هـ)	ShamAY	97	0.60401
		سؤالات الحافظ السلفي لخميس الحوزي عن جماعة من أهل واسط	خميس بن علي بن أحمد، أبو الكرم الواسطي الحوزي (المتوفى: 510ه)	ShamelaY19	26209	0.60391
		المنتقى من سماعات محمد بن عبد الرحيم المقدسي	محمد بن عبد الرحيم بن عبد الواحد بن أحمد بن عبد الرحمن المقدسي شمس الدين المعروف بابن الكمال الحنبلي (المتوفى: 688ه)	ShamelaY19	30696	0.60383
		مجلسان من أمالي ابن صاعد	أبو محمد يحيى بن محمد بن صاعد بن كاتب الهاشمي بالولاء البغدادي (المتوفى: 318ه)	ShamelaY19	29852	0.6038
		أداء ما وجب من بيان وضع الوضاعين في رجب	أبو الخطاب عمر بن حسن الأندلسي الشهير بابن دحية الكلبي (المتوفى : 633هـ)	ShamAY	23163	0.60369
		إتحاف ذوي الرسوخ بمن رمي بالتدليس من الشيوخ الأنصاري	حماد بن محمد الأنصاري الخزرجي السعدي (المتوفى: 1418هـ)	ShamAY	35780	0.60366
		التهجد وقيام الليل لابن أبي الدنيا - ط أطلس الخضراء = مقابل	أبو بكر عبد الله بن محمد ابن أبي الدنيا	ShamAY	38106	0.60363
		أحاديث القراءة في صلاة الفجر جمعا ودراسة	إبراهيم بن علي بن عبيد العبيد	Sham19Y	12137	0.60355
		 الضوء اللامع لأهل القرن التاسع 	 شمس الدين السخاوي 	ABLibrary	952	0.60349
		أحاديث أبي عمران موسى بن هارون البزاز لابن لال - مخطوط	أبو بكر أحمد بن علي بن لال	ShamAY	32924	0.60348
		الشمائل المحمدية	أبو عيسى الترمذي	Masaha	2047	0.60344
		مسند الشاميين للطبراني	سليمان بن أحمد بن أيوب بن مطير اللخمي الشامي، أبو القاسم الطبراني (المتوفى: 360ه)	Sham19Y	13162	0.6034
		خلاصة الاقوال في معرفة الرجال	العلامة الحلي	Masaha	547	0.60339
		أسماء خيل العرب وفرسانها	أبو عبد الله محمد بن زياد الأعرابي (المتوفى: 231هـ)	ShamAY	770	0.6033
		جزء فيه مجلس من أمالي أبي الحسن علي بن محمد بن علي الأسواري	أبو الحسن علي بن محمد بن علي الأسواري (437 هـ)	ShamAY	33636	0.60315
		أخبار مكّة في قديم الدّهر وحديثه [ج ٢]	أبي عبد الله محمّد بن إسحاق ابن العبّاس الفاكهي المكّي	Rafed	2101	0.60313
		من حديث أبي الفرج أحمد بن محمد بن إسحاق العكبري - مخطوط		ShamAY	32805	0.60311
		مكارم الأخلاق ومعاليها ومحمود طرائقها	أبو بكر محمد بن جعفر بن محمد بن سهل بن شاكر الخرائطي السامري (المتوفى: 327هـ)	ShamAY	9595	0.6031
		الفوائد العوالي المنتقاة من أصول سماعات الحرمي - مخطوط		ShamAY	32764	0.60301
		رياض النفوس في طبقات علماء القيروان وإفريقية وزهادهم ونساكهم وسير من أخبارهم وفضائلهم وأوصافهم	أبو بكر عبد الله بن محمد المالكي	ShamelaY19	148883	0.60297
		سؤالات الحافظ السِلفِي لخميس الحَوزي عن جماعة من أهل واسط	خميس بن علي بن أحمد، أبو الكرم الواسطي الحوزي (المتوفى: 510هـ)	ShamAY	26209	0.60293
		المختار من أحاديث الصادق الصدوق في فضائل الصديق والفاروق لأبي الخير القزويني - مخطوط	أبو الخير أحمد بن إسماعيل الطالقاني القزويني	ShamAY	32945	0.60275
		أمالي ابن بشران - الجزء الأول	أبو القاسم عبد الملك بن محمد بن عبد الله بن بشْران بن محمد بن بشْران بن مهران البغدادي (المتوفى: 430هـ)	ShamAY	1453	0.60266
		البعث والنشور للبيهقي - ت زغلول ط الكتب الثقافية	أحمد بن الحسين بن علي بن موسى الخُسْرَوْجِردي الخراساني، أبو بكر البيهقي (المتوفى: 458 هـ)	ShamAY	34010	0.60264
		 مناحل الشفا ومناهل الصفا بتحقيق كتاب شرف المصطفى ( ص ) 	 عبد الملك الخركوشي النيسابوري 	ABLibrary	7585	0.60249
		 حلية الأبرار في أحوال محمد وآله الأطهار ( ع ) 	 السيد هاشم البحراني 	ABLibrary	7488	0.60237
		اثنى عشر مجلساً من أمالي أبي بكر الذكواني- مخطوط	أبو بكر محمد بن أحمد بن عبد الرحمن الذكواني المعدل	ShamAY	32927	0.60227
		الازدهار في ما عقده الشعراء من الأحاديث و الآثار	عبد الرحمن بن أبي بكر، جلال الدين السيوطي (المتوفى: 911هـ)	ShamAY	733	0.60226
		فضل الرمي وتعليمه للطبراني	سليمان بن أحمد بن أيوب بن مطير اللخمي الشامي، أبو القاسم الطبراني (المتوفى: 360هـ)	ShamAY	8239	0.60223
		غاية المرام وحجّة الخصام [ج ٧]	السيّد هاشم البحراني الموسوي التوبلي	Rafed	3612	0.60223
		 تاريخ اربل ( نباهة البلد الخامل بمن ورده من الاماثل ) 	 ابن المستوفي 	ABLibrary	8979	0.60215
		مسند عقبة بن عامر	زين الدين أبو العدل قاسم بن قطلوبغا السودوني (نسبة إلى معتق أبيه سودون الشيخوني) الجمالي الحنفي (المتوفى: 879ه)	ShamelaY19	30774	0.60211
		الخامس من الوخشيات	أبو علي الحسن بن علي بن محمد بن أحمد بن جعفر البلخي، الوخشي (المتوفى: 471ه)	ShamelaY19	29991	0.60211
		التاسع من المشيخة البغدادية لأبي طاهر السلفي	صدر الدين، أبو طاهر السلفي أحمد بن محمد بن أحمد بن محمد بن إبراهيم سلفه الأصبهاني (المتوفى: 576ه)	ShamelaY19	30082	0.60191
		أحاديث معلة ظاهرها الصحة	أبي عبدالرحمن مقبل بن هادي الوادعي	ShamAY	12756	0.60186
		مَجْلِسٌ مِنْ أَمَالِي الشَّيْخِ الزَّاهِدِ أَبِي بَكْرٍ مُحَمَّدِ بْنِ الْحُسَيْنِ ابْنِ فَنْجُوَيْهِ الثَّقَفِيِّ فِي «فَضْلِ رَمَضَانَ» .	أَبُو عَبْدِ اللهِ الحُسَيْنُ بنُ مُحَمَّدِ بنِ الحُسَيْنِ بنِ عَبْدِ اللهِ بنِ صَالِحِ بنِ شُعَيْب بنِ فَنْجَوَيْهِ الثَّقَفِيُّ، الدِّيْنَوَرِيُّ (المتوفى: 414هـ)	ShamAY	3548	0.60185
		الرسالة العلوية في فضل أمير المؤمنين(ع) على سائر البرية	الشيخ القاضي أبي الفتح محمد بن علي الكراجكي	Masaha	2027	0.60179
		المنتقى من كتاب مكارم الأخلاق ومعاليها ومحمود طرائقها	أبو بكر محمد بن جعفر بن محمد بن سهل بن شاكر الخرائطي السامري (المتوفى: 327هـ)	ShamAY	11930	0.60178
		فوائد ابن نصر عن مشايخه	أَبُو القَاسِمِ عَبْدُ الرَّحْمَنِ بنُ عُمَرَ بنِ نَصْرِ بن مُحَمَّدٍ الشَّيْبَانِيُّ، السَّامَرِّيُّ، ثُمَّ الدِّمَشْقِيُّ، البَزَّازُ (المتوفى: 410هـ)	ShamAY	4003	0.60178
		إنباه الرواة على أنباه النحاة	جمال الدين أبو الحسن علي بن يوسف القفطي (المتوفى: 646ه)	Sham19Y	10525	0.60168
		الرواة الأربعة عشر للضياء المقدسي - مخطوط (ن)	ضياء الدين أبو عبد الله محمد بن عبد الواحد المقدسي (المتوفى: 643ه)	ShamelaY19	21626	0.60161
		الإلماع إلى معرفة أصول الرواية وتقييد السماع	عياض بن موسى بن عياض بن عمرون اليحصبي السبتي، أبو الفضل (المتوفى: 544ه)	Sham19Y	6030	0.60149
		سؤالات السلمي للدارقطني	محمد بن الحسين بن محمد بن موسى بن خالد بن سالم النيسابوري، أبو عبد الرحمن السلمي (المتوفى: 412هـ)	ShamAY	1680	0.60145
		الجزء الرابع من المشيخة البغدادية	صدر الدين، أبو طاهر السلفي أحمد بن محمد بن أحمد بن محمد بن إبراهيم سلفه الأصبهاني (المتوفى: 576ه)	ShamelaY19	30626	0.60123
		الجزء الثاني من الأول من الفوائد المنتخبة للآجري - مخطوط	أبو بكر محمد بن الحسين الآجري	ShamAY	32929	0.6012
		ما قرب سنده من حديثٍ للإمام أبي القاسم إسماعيل بن أحمد السمرقندي	أَبُو القَاسِمِ إِسْمَاعِيْلُ بنُ أَحْمَدَ بنِ عُمَرَ بنِ أَبِي الأَشْعَثِ السَّمَرْقَنْديُّ، الدِّمَشْقِيُّ المَوْلِدِ، البَغْدَادِيُّ الوَطَنِ (المتوفى: 536هـ)	ShamAY	26481	0.60118
		اللباب في تهذيب الأنساب	أبو الحسن علي بن أبي الكرم محمد بن محمد بن عبد الكريم بن عبد الواحد الشيباني الجزري، عز الدين ابن الأثير (المتوفى: 630هـ)	ShamAY	5793	0.60117
		الروض الأنف في شرح السيرة النبوية لابن هشام	أبو القاسم عبد الرحمن بن عبد الله بن أحمد السهيلي (المتوفى: 581هـ)	ShamAY	1514	0.60116
		بصائر الدرجات في فضائل آل محمد(ص)	محمد بن حسن الصفار	Masaha	1945	0.60115
		القواعد المفيدة في معرفة أسماء الرجال المذكورين في جامع الإمام البخاري	فهد بن علي الكشي	ShamAY	34598	0.60114
		منهج الإمام أحمد في إعلال الأحاديث	بشير علي عمر	ShamAY	7254	0.60114
		إحقاق الحقّ وإزهاق الباطل [ج ٥]	السيّد نور الله الحسيني المرعشي التستري	Rafed	2715	0.60105
		فهارس الشيعه: فهرست ابن بطه القمي	مهدي خداميان آراني	Ghbook	15582	0.60085
		تاريخ اربل [ج ٢]	شرف الدين  أبي البركات المبارك بن أحمد اللخمي الأربلي [ ابن المستوفي ]	Rafed	2427	0.60082
		العزلة والانفراد لابن أبي الدنيا - ط أطلس الخضراء = مقابل	أبو بكر عبد الله بن محمد ابن أبي الدنيا	ShamAY	38169	0.6008
		أحاديث القراءة في صلاة الفجر جمعاً ودراسة	إبراهيم بن علي بن عبيد العبيد	ShamAY	12137	0.60079
		 القلائد الجوهرية في تاريخ الصالحية 	 محمد بن طولون الصالحي 	ABLibrary	9160	0.60062
		فهارس الشيعه: فهرست ابن قولويه القمي	مهدي خداميان آراني	Ghbook	15584	0.60054
		أحاديث عوالي وفوائد منتقاة وإنشادات	علي بن محمد بن علي بن محمد بن أحمد أبو القاسم التيمي الكوفي المعروف بابن الأذلاني (المتوفى: 470هـ)	ShamAY	29769	0.60052
		سفط الملح وزوح الترح	سعد الله بن نصر بن سعيد الحنبلي المعروف بابن الدجاجي (المتوفى: 564هـ)	ShamAY	5355	0.60051
		حديث الستة من التابعين وذكر طرقه واختلاف وجوهه	أبو بكر أحمد بن علي بن ثابت بن أحمد بن مهدي الخطيب البغدادي (المتوفى: 463هـ)	ShamAY	5673	0.60041
		من وافقت كنيته كنية زوجه لابن حيويه	أبو الحسن محمد بن عبد الله بن زكريا بن حَيَّوَيْهِ النيسابوري ثم المصري الشافعي (المتوفى: 366هـ)	ShamAY	12958	0.60037
		حديث التقي بن المجد (مطبوع ضمن كتاب جمهرة الأجزاء الحديثية)	تقي الدين محمد بن محمد بن عيسى البعلبكي (المتوفى: 768هـ)	ShamAY	9426	0.60033
		صحيح ابن حبان بترتيب ابن بلبان	محمد بن حبان بن أحمد بن حبان بن معاذ بن مَعْبدَ، التميمي، أبو حاتم، الدارمي، البُستي (المتوفى: 354هـ)	ShamAY	60	0.6003
		رواة الحديث من أهل ذمار إلى نهاية القرن الثالث الهجري	عبد الرحمن الخميسي	ShamAY	35890	0.60029
		من أعلام السلف	أحمد فريد	ShamelaY19	37370	0.60027
		ثواب الاعمال و عقاب الاعمال	محمد بن علي بن بابويه شيخ صدوق	Ghbook	2493	0.60023
		مجموع فيه عشرة أجزاء حديثية	مجموعة من أصحاب الأجزاء	ShamAY	1401	0.60018
		الأسماء والصفات للبيهقي	أحمد بن الحسين بن علي بن موسى الخسروجردي الخراساني، أبو بكر البيهقي (المتوفى: 458ه)	Sham19Y	9270	0.60012
		الثاني من الفوائد المنتقاة لابن السماك ويليه من حديث دعلج للحمامي	عثمان بن أحمد بن عبيد الله بن يزيد، أبو عمرو الدقاق، ابن السَّمَّاك (المتوفى: 344هـ)	ShamAY	29940	0.60007
		الخامس من الوخشيات	أبو علي الحسن بن علي بن محمد بن أحمد بن جعفر البلخي، الوخشي (المتوفى: 471ه)	Sham19Y	29991	0.60006
		صفة النفاق ونعت المنافقين لأبي نعيم	أبو نعيم أحمد بن عبد الله بن أحمد بن إسحاق بن موسى بن مهران الأصبهاني (المتوفى: 430ه)	ShamelaY19	21485	0.59986
		النفقة على العيال لابن أبي الدنيا	أبو بكر عبد الله بن محمد بن عبيد بن سفيان بن قيس البغدادي الأموي القرشي المعروف بابن أبي الدنيا (المتوفى: 281هـ)	ShamAY	13075	0.59983
		نفحات الأزهار في خلاصة عبقات الأنوار [ج ١٦]	السيّد علي الحسيني الميلاني	Rafed	469	0.59979
		الحسين والسنة	السيد عبد العزيز الطباطبائي	Masaha	160	0.59975
		مجابو الدعوة لابن أبي الدنيا - ط أطلس الخضراء = مقابل	أبو بكر عبد الله بن محمد ابن أبي الدنيا	ShamAY	38132	0.59971
		إنباه الرواة على أنباه النحاة	جمال الدين أبو الحسن علي بن يوسف القفطي (المتوفى: 646هـ)	ShamAY	31594	0.59966
		أخلاق أهل القرآن	أبو بكر محمد بن الحسين بن عبد الله الآجري البغدادي (المتوفى: 360ه)	Sham19Y	10531	0.59966
		الضوء الساري في معرفة خبر تميم الداري للمقريزي - مخطوط (ن)	أحمد بن علي بن عبد القادر، أبو العباس الحسيني العبيدي، تقي الدين المقريزي (المتوفى: 845هـ)	ShamAY	10830	0.59932
		الأمر بالمعروف والنهي عن المنكر	أبو بكر احمد بن محمد بن هارون الخلال	ShamAY	33905	0.59928
		تاريخ الإسلام ووفيات المشاهير والأعلام [ج ١٠]	شمس الدين محمّد بن أحمد بن عثمان الذّهبي	Rafed	3354	0.59924
		من حديث أبي العباس ابن عقدة - مخطوط	ابن عقدة	ShamAY	32804	0.59913
		التوشيح شرح الجامع الصحيح	عبد الرحمن بن أبي بكر، جلال الدين السيوطي (المتوفى: 911 ه)	Sham19Y	18176	0.59912
		كتاب الصلاة على النبي صلى الله عليه وسلم	أبو بكر بن أبي عاصم وهو أحمد بن عمرو بن الضحاك بن مخلد الشيباني (المتوفى: 287ه)	ShamelaY19	26823	0.59911
		صفة النفاق ونعت المنافقين لأبي نعيم	أبو نعيم أحمد بن عبد الله بن أحمد بن إسحاق بن موسى بن مهران الأصبهاني (المتوفى: 430ه)	Sham19Y	21485	0.59907
		الانتباه لما قال الحاكم ولم يخرجاه وهو في أحدهما أو روياه	محمد بن محمود بن إبراهيم عطية	ShamAY	32276	0.59904
		الأربعون لابن المقرئ (مطبوع ضمن جمهرة الأجزاء الحديثية)	أبو بكر بن المقرئ (المتوفى: 381ه)	ShamelaY19	21473	0.59895
		مجموع فيه ثلاثة أجزاء حديثية - جرار	مجموعة من المؤلفين	Sham19Y	29857	0.59887
		الأسماء والصفات للبيهقي	أحمد بن الحسين بن علي بن موسى الخُسْرَوْجِردي الخراساني، أبو بكر البيهقي (المتوفى: 458هـ)	ShamAY	9270	0.59882
		 مسند الإمام الصادق ( ع ) 	 الشيخ عزيز الله عطاردي 	ABLibrary	7715	0.59881
		هدية الأحياء للأموات وما يصل إليهم من النفع والثواب على ممر الأوقات	أبو الحسن علي بن أحمد بن يوسف بن جعفر الهكاري (المتوفى: 486ه)	ShamelaY19	26926	0.59866
		الجوهره في نسب الامام علي و آله	محمد بن ابي بكر انصاري تلمساني	Ghbook	9188	0.59855
		 نشر المحاسن اليمانية في خصائص اليمن ونسب القحطانية 	 ابن الديبع الشيباني الشافعي 	ABLibrary	9296	0.59848
		فوائد العراقيين لأبي سعيد النقاش	أبو سعيد محمد بن علي بن عمر بن مهدي الأصبهاني الحنبلي النقاش (المتوفى: 414ه)	Sham19Y	13146	0.59844
		مسند عقبة بن عامر	زين الدين أبو العدل قاسم بن قطلوبغا السودوني (نسبة إلى معتق أبيه سودون الشيخوني) الجمالي الحنفي (المتوفى: 879هـ)	ShamAY	30774	0.59842
		الجزء الرابع من المشيخة البغدادية	صدر الدين، أبو طاهر السِّلَفي أحمد بن محمد بن أحمد بن محمد بن إبراهيم سِلَفَه الأصبهاني (المتوفى: 576هـ)	ShamAY	30626	0.5984
		فضائل فاطمة الزهراء لأبي عبد الله الحاكم	أبو عبد الله محمد بن عبد الله المعروف بابن البَيِّع الحاكم النيسابوري	ShamAY	33603	0.59839
		مجموع فيه ثلاثة أجزاء حديثية - جرار	مجموعة من المؤلفين	ShamAY	84	0.59826
		جزء في طرق حديث لا تسبوا أصحابي	أبو الفضل أحمد بن علي بن محمد بن أحمد بن حجر العسقلاني (المتوفى: 852ه)	ShamelaY19	30733	0.59823
		فضل رجب لابن عساكر	ثقة الدين، أبو القاسم علي بن الحسن بن هبة الله المعروف بابن عساكر (المتوفى: 571هـ)	ShamAY	22053	0.59822
		جزء فيه ثلاثة وثلاثون حديثا من حديث أبي القاسم البغوي	أبو القاسم عبد الله بن محمد بن عبد العزيز بن المَرْزُبان بن سابور بن شاهنشاه البغوي (المتوفى: 317هـ)	ShamAY	13101	0.59821
		 دلائل النبوة ومعرفة أحوال صاحب الشريعة 	 أحمد بن الحسين البيهقي 	ABLibrary	936	0.59819
		تاريخ المدينة - ط الفكر	عمر بن شبة النميري	ShamAY	33815	0.59813
		الورع لابن أبي الدنيا	أبو بكر عبد الله بن محمد بن عبيد بن سفيان بن قيس البغدادي الأموي القرشي المعروف بابن أبي الدنيا (المتوفى: 281ه)	Sham19Y	13078	0.59809
		أحاديث منتقاة في غرائب ألفاظ رسول الله مما يحتاج إلى استعماله	أبو الفتح محمد بن الحسين بن أحمد بن عبد الله بن بريدة الموصلي الأزدي (المتوفى: 374هـ)	ShamAY	29727	0.59802
		جزء من أحاديث أبي عمرو السلمي شيوخه (مطبوع ضمن مجموع باسم الفوائد لابن منده!)	إسماعيل بن نجيد بن أحمد بن يوسف السلمي النيسابوري، أبو عمرو (المتوفى: 366هـ)	ShamAY	9397	0.59801
		المجمع المؤسس للمعجم المفهرس	ابن حجر العسقلاني	ShamAY	38841	0.59792
		التوشيح شرح الجامع الصحيح	عبد الرحمن بن أبي بكر، جلال الدين السيوطي (المتوفى: 911 هـ)	ShamAY	32568	0.59791
		فوائد العراقيين لأبي سعيد النقاش	أبو سعيد محمد بن علي بن عمر بن مهدي الأصبهاني الحنبلي النقاش (المتوفى: 414هـ)	ShamAY	13146	0.59785
		 دلائل النبوة ومعرفة أحوال صاحب الشريعة 	 أحمد بن الحسين البيهقي 	ABLibrary	937	0.59784
		رفع الستر عن كيفية إدخال الميت وتوجيهه إلى القبلة في القبر	الإمام محمد عبد الحي اللكنوي (ت1304هـ)	ShamAY	36021	0.59783
		من حديث أبي منصور محمد بن محمد بن عثمان السواق - مخطوط (ن)	محمد بن محمد بن عثمان بن عمران بن سهل بن نصر بن أحمد بن حامد أبو منصور البندار المعروف بابن السواق (المتوفى: 440هـ)	ShamAY	21690	0.59772
		تعليقة أمل الآمل‌	ميرزا عبد الله أفندي الاصفهاني	Masaha	3520	0.59768
		أخبار وتراجم أندلسية مستخرجة من معجم السفر للسلفي	أبو طاهر السِّلَفي أحمد بن محمد بن أحمد بن محمد بن إبراهيم سِلَفَه السِّلَفي الأصبهاني (المتوفى: 576هـ)	ShamAY	1029	0.59758
		مقتل أمير المؤمنين علي بن أبي طالب عليه السلام	أبو بكر عبد الله بن محمد بن عبيد بن سفيان بن قيس البغدادي الأموي القرشي المعروف بابن أبي الدنيا (المتوفى: 281هـ)	ShamAY	12751	0.59757
		شرح سنن ابن ماجة المسمى «مرشد ذوي الحجا والحاجة إلى سنن ابن ماجه والقول المكتفى على سنن المصطفى»	محمد الأمين بن عبد الله بن يوسف بن حسن الأرمي العلوي الأثيوبي الهرري الكري البويطي	ShamelaY19	148095	0.59744
		أخبار المدينة - ط العلمية	أبو زيد عمر بن شبة النميري البصري ـ سنة الوفاة 262هـ	ShamAY	33814	0.59743
		صفة النفاق ونعت المنافقين لأبي نعيم	أبو نعيم أحمد بن عبد الله بن أحمد بن إسحاق بن موسى بن مهران الأصبهاني (المتوفى: 430هـ)	ShamAY	21485	0.59734
		جزء فيه أحاديث الحسن بن موسى الأشيب	أبو علي الحسن بن موسى الأشيب البغدادي، القاضي (المتوفى: 209ه)	ShamelaY19	25783	0.59733
		المنتخب من علل الخلال (ومعه تتمة)	أبو محمد موفق الدين عبد الله بن أحمد بن محمد بن قدامة الجماعيلي المقدسي ثم الدمشقي الحنبلي، الشهير بابن قدامة المقدسي (المتوفى: 620ه)	ShamelaY19	26075	0.59732
		المختلف فيهم	أبو حفص عمر بن أحمد بن عثمان بن أحمد بن محمد بن أيوب بن أزداذ البغدادي المعروف بـ ابن شاهين (المتوفى: 385هـ)	ShamAY	8542	0.59717
		فوائد ابن شاهين	أبو حفص عمر بن أحمد بن عثمان بن أحمد بن محمد بن أيوب بن أزداذ البغدادي المعروف بـ ابن شاهين (المتوفى: 385هـ)	ShamAY	22418	0.59715
		عوالي مالك رواية سليم الرازي	أَبُو الفَتْح، سليم بن أيوب بن سليم الرازيّ (المتوفى: 447هـ)	ShamAY	1333	0.59705
		الجزء فيه الأول مما رواه الأكابر عن الأصاغر من المحدثين من الأفراد	الباغندي الصغير محمد بن محمد بن سليمان بن الحارث الأزدي، أبو بكر الواسطي (المتوفى: 312هـ)	ShamAY	26443	0.59703
		ضعيف أبي داود - الأم	ناصر الدين الألباني	Sham19Y	5914	0.59697
		فوائد مخرجة عن شيوخ أبي عبد الله محمد بن عبد العزيز الوراق - مخطوط		ShamAY	32786	0.59693
		ضعيف أبي داود - الأم	محمد ناصر الدين الألباني (المتوفى : 1420هـ)	ShamAY	5914	0.59691
		التوبيخ والتنبيه لأبي الشيخ الأصبهاني	أبو محمد عبد الله بن محمد بن جعفر بن حيان الأنصاري المعروف بأبي الشيخ الأصبهاني (المتوفى: 369ه)	Sham19Y	13010	0.59686
		غاية المرام وحجّة الخصام [ج ٥]	السيّد هاشم البحراني الموسوي التوبلي	Rafed	3610	0.59672
		معرفة الثقات من رجال أهل العلم والحديث ومن الضعفاء وذكر مذاهبهم وأخبارهم	أبو الحسن أحمد بن عبد الله بن صالح العجلى الكوفى (المتوفى: 261هـ)	ShamAY	5825	0.59665
		مجلس من أمالي أبي نعيم الأصبهاني	أبو نعيم أحمد بن عبد الله بن أحمد بن إسحاق بن موسى بن مهران الأصبهاني (المتوفى: 430هـ)	ShamAY	5709	0.59657
		جزء فيه ثلاثة أحاديث مسلسلة	صدر الدين، أبو طاهر السِّلَفي أحمد بن محمد بن أحمد بن محمد بن إبراهيم سِلَفَه الأصبهاني (المتوفى: 576هـ)	ShamAY	30047	0.59655
		قلائد الجمان في التعريف بقبائل عرب الزمان	أبو العباس أحمد بن علي القلقشندي (المتوفى: 821هـ)	ShamAY	315	0.59653
		التهجد وقيام الليل لابن أبي الدنيا	ابن أبي الدنيا	ShamAY	34112	0.59635
		 أخبار مكة في قديم الدهر وحديثه 	 محمد بن اسحاق ابن العباس الفاكهي المكي 	ABLibrary	8922	0.59623
		مجلس من أمالي أبي الفتح المقدسي_1	نصر بن إبراهيم بن نصر بن إبراهيم ابن داود النابلسي المقدسي، أبو الفتح الشافعي (المتوفى: 490هـ)	ShamAY	29895	0.59619
		مكارم الأخلاق ومعاليها ومحمود طرائقها	أبي بكر محمد بن جعفر بن سهل بن شاكر السامري الخرائطي المتوفى عام 327 هـ	ShamAY	33948	0.59607
		البعث والنشور للبيهقي	أحمد بن الحسين بن علي بن موسى الخسروجردي الخراساني، أبو بكر البيهقي (المتوفى: 458ه)	Sham19Y	9292	0.59607
		جزء ابن المهتدي	أبو الحسين محمد بن علي بن عبد الله بن عبد الصّمد بن المُهتَدي	ShamAY	35235	0.59605
		تنوير الحوالك شرح موطأ مالك - العلمية	السيوطي	ShamAY	33528	0.59603
		مسند عثمان بن عفان لأبي القاسم البغوي (وهو مطبوع ضمن كتاب الفوائد)	أبو القاسم عبد الله بن محمد بن عبد العزيز بن المَرْزُبان بن سابور بن شاهنشاه البغوي (المتوفى: 317هـ)	ShamAY	9922	0.596
		الاعتقاد - صاعد النيسابوري	صاعد بن محمد بن أحمد الأستوائي النيسابوري	ShamAY	35406	0.596
		الضعفاء والمتروكين للنسائي - المعرفة	أبو عبد الرحمن أحمد بن شعيب النسائي	ShamAY	34605	0.59581
		التراجم الساقطة من الكامل في معرفة ضعفاء المحدثين وعلل الحديث	ابن عدي	ShamAY	1501	0.59577
		تاريخ الإسلام ووفيات المشاهير والأعلام [ج ٧]	شمس الدين محمّد بن أحمد بن عثمان الذّهبي	Rafed	3337	0.59572
		مجلسان من أمالي الجوهري_2	الحسن بن علي بن محمد، أبو محمد الجوهري (المتوفى: 454ه)	Sham19Y	30071	0.5957
		المحبة لله لأبي إسحاق الختلي	أبو إسحاق إبراهيم بن عبد الله بن الجنيد، الختلي، ثم السرمرائي (المتوفى: نحو 270ه)	Sham19Y	26872	0.59565
		نكث الهميان في نكت العميان	صلاح الدين خليل بن أيبك الصفدي (المتوفى: 764هـ)	ShamAY	28182	0.59555
		العمر والشيب لابن أبي الدنيا - ط أطلس الخضراء = مقابل	أبو بكر عبد الله بن محمد ابن أبي الدنيا	ShamAY	38075	0.59554
		الثاني من الوخشيات	أبو علي الحسن بن علي بن محمد بن أحمد بن جعفر البلخي، الوخشي (المتوفى: 471ه)	ShamelaY19	29984	0.59553
		الإلماع إلى معرفة أصول الرواية وتقييد السماع	عياض بن موسى بن عياض بن عمرون اليحصبي السبتي، أبو الفضل (المتوفى: 544هـ)	ShamAY	6030	0.59553
		عيد الغدير في الاسلام	الشيخ عبد الحسين الأميني النجفي	Masaha	357	0.59553
		من اسمه عطاء من رواة الحديث	سليمان بن أحمد بن أيوب بن مطير اللخمي الشامي، أبو القاسم الطبراني (المتوفى: 360ه)	Sham19Y	12864	0.59552
		العلل ومعرفة الرجال لأحمد رواية المروذي وغيره ت وصي الله عباس	أبو عبد الله أحمد بن محمد بن حنبل بن هلال بن أسد الشيباني (المتوفى: 241هـ)	ShamAY	10272	0.59547
		التدليس والمدلسون	حماد بن محمد الأنصاري الخزرجي السعدي (المتوفى: 1418ه)	ShamelaY19	22949	0.59542
		مكاتيب الائمه ( عليهم السلام ) - مكاتيب الامام جعفر بن محمد الصادق ( عليه السلام...	علي احمدي ميانجي	Ghbook	5026	0.59541
		الهدايه (في الاصول و الفروع)	محمد بن علي بن بابويه شيخ صدوق	Ghbook	14796	0.59526
		دراسة في سند زيارة عاشوراء	جعفر التبريزي	Rafed	394	0.59524
		جُزْءُ أَبِي عَرُوبَةَ الْحَرَّانِيِّ برواية الأنطاكي	أبو عروبة الحراني	ShamAY	33619	0.59506
		منة المنعم في شرح صحيح مسلم	أبو الحسين مسلم بن الحجاج بن مسلم القشيري النيسابوري رحمه الله (206 - 261 ه)	ShamelaY19	149015	0.59503
		فضائل شهر رجب للخلال	أبو محمد الحسن بن محمد بن الحسن بن علي البغدادي الخَلَّال (المتوفى: 439هـ)	ShamAY	1299	0.59501
		معرفة الثقات من رجال أهل العلم والحديث ومن الضعفاء وذكر مذاهبهم وأخبارهم	أبو الحسن أحمد بن عبد الله بن صالح العجلى الكوفى (المتوفى: 261ه)	Sham19Y	5825	0.595
		 الحج في السنة 	 معاونية شؤون التعليم والبحوث الإسلامية في الحج 	ABLibrary	9764	0.59496
		الفوائد المعللة: الجزء الأول والثاني من حديثه	عبد الرحمن بن عمرو بن عبد الله بن صفوان النصري المشهور بأبي زرعة الدمشقي الملقب بشيخ الشباب (المتوفى: 281هـ)	ShamAY	1292	0.59495
		الصحيح المسند من آثار الصحابة في الزهد والرقائق والأخلاق والأدب	عبد الله بن فهد الخليفي	ShamelaY19	37620	0.59494
		المسند المستخرج على صحيح مسلم لأبي نعيم	أبو نعيم أحمد بن عبد الله بن أحمد بن إسحاق بن موسى بن مهران الأصبهاني (المتوفى: 430ه)	Sham19Y	5562	0.59492
		وصايا العلماء عند حضور الموت لابن زبر الربعي	أبو سليمان محمد بن عبد الله بن أحمد بن ربيعة بن سليمان بن خالد بن عبد الرحمن بن زبر الربعي (المتوفى: 379ه)	Sham19Y	13186	0.5949
		نكث الهميان في نكت العميان	صلاح الدين خليل بن أيبك الصفدي (المتوفى: 764ه)	ShamelaY19	28182	0.59487
		أخلاق أهل القرآن	أبو بكر محمد بن الحسين بن عبد الله الآجُرِّيُّ البغدادي (المتوفى: 360هـ)	ShamAY	10531	0.59484
		أحاديث خماسية وسداسية للغزنوي - مخطوط	نصر الدين أبو المعالي منصور بن مسعود بن محمود الغزنوي	ShamAY	38161	0.59478
		اختلاف أقوال النقاد في الرواة المختلف فيهم مع دراسة هذه الظاهره عند ابن معين	سعدي بن مهدي الهاشمي	ShamAY	7491	0.59476
		علل أحاديث صحيح مسلم بن الحجاج القشيري	أبو الفضل محمد بن أبي الحسين ابن عمار الشهيد	ShamAY	34174	0.59467
		سير أعلام النبلاء ط الحديث	شمس الدين أبو عبد الله محمد بن أحمد بن عثمان بن قَايْماز الذهبي (المتوفى: 748هـ)	ShamAY	22669	0.59467
		المنتخب من علل الخلال (ومعه تتمة)	أبو محمد موفق الدين عبد الله بن أحمد بن محمد بن قدامة الجماعيلي المقدسي ثم الدمشقي الحنبلي، الشهير بابن قدامة المقدسي (المتوفى: 620هـ)	ShamAY	1310	0.5946
		كتاب فيه مواعظ وحكمة لأبي الفتح الأزدي - مخطوط	أبو الفتح محمد بن الحسين الأزدي	ShamAY	32941	0.59459
		المنتخب من كتاب أزواج النبي صلى الله عليه وسلم	الزبير بن بكار بن عبد الله القرشي الأسدي المكي (المتوفى: 256ه)	Sham19Y	6599	0.59434
		أحاديث ومرويات في الميزان 1 - حديث قلب القرآن يس	محمد عمرو بن عبد اللطيف بن محمد بن عبد القادر بن رضوان بن سليمان بن مفتاح بن شاهين الشنقيطي (المتوفى: 1429هـ)	ShamAY	12578	0.59422
		البدر المنير في تخريج الأحاديث والأثار الواقعة في الشرح الكبير	ابن الملقن سراج الدين أبو حفص عمر بن علي بن أحمد الشافعي المصري (المتوفى: 804هـ)	ShamAY	5922	0.59407
		النسبة إلى المواضع والبلدان	المؤرخ العلامة جمال الدين عبد الله الطيب بن عبد الله بن أحمد بامخرمة الحميري	ShamAY	37021	0.59405
		ثواب الأعمال و عقاب الأعمال	الشيخ الصدوق	Masaha	700	0.59403
		وسائل الشيعه الي تحصيل مسائل الشريعه	محمد بن حسن حر عاملي	Ghbook	801	0.59402
		الصحيح المسند من آثار الصحابة في الزهد والرقائق والأخلاق والأدب	عبد الله بن فهد الخليفي	ShamAY	1124	0.594
		المحبة لله لأبي إسحاق الختلي	أبو إسحاق إبراهيم بن عبد الله بن الجنيد، الختلي، ثم السرمرائي (المتوفى: نحو 270ه)	ShamelaY19	26872	0.59396
		شفاء السّقام في زيارة خير الأنام صلى الله عليه وآله	علي بن عبدالكافي بن علي أبوالحسن الأنصاري الخزرجي المصري الشافعي [ تقي الدين السبكي ]	Rafed	3618	0.59395
		مكارم الأخلاق للطبراني - ط البشائر	أبو القاسم سليمان بن أحمد الطبراني	ShamAY	38139	0.59388
		 أبصار العين في أنصار الحسين ( ع ) 	 الشيخ محمد السماوي 	ABLibrary	96	0.59386
		معرفة الرجال للإمام أبي زكريا يحيى بن معين رواية ابن محرز - ط الفاروق	أبو العباس أحمد بن محمد بن قاسم بن مُحْرِز	ShamAY	34169	0.59383
		موسوعة حديث الثقلين [ج ٣]	مركز الأبحاث العقائديّة	Rafed	1420	0.59351
		أَرْكَانُ الإِسْلامِ وَدَعَائِمُهُ عِنْدَ الرَّافِضَةِ الإِمَامِيَّةِ	أحمد شحاتة السكندري	ShamAY	35664	0.59343
		 دلائل النبوة ومعرفة أحوال صاحب الشريعة 	 أحمد بن الحسين البيهقي 	ABLibrary	932	0.5934
		شرف المصطفى - الجزء1	أبو سعيد الخركوشي النيشابوري‏	Masaha	2290	0.59339
		مجلسان من أمالي الجوهري_2	الحسن بن علي بن محمد، أبو محمد الجوهري (المتوفى: 454هـ)	ShamAY	30071	0.59335
		المعجم الأوسط	سليمان بن أحمد بن أيوب بن مطير اللخمي الشامي، أبو القاسم الطبراني (المتوفى: 360ه)	ShamelaY19	28171	0.59319
		حديث البدر بن الهيثم القاضي	بدر بن الهيثم بن خلف أبو القاسم اللخمي، الكوفي (المتوفى: 317ه)	ShamelaY19	21484	0.59309
		نفحات الأزهار في خلاصة عبقات الأنوار [ج ١٠]	السيّد علي الحسيني الميلاني	Rafed	446	0.593
		 دلائل النبوة ومعرفة أحوال صاحب الشريعة 	 أحمد بن الحسين البيهقي 	ABLibrary	933	0.59291
		أخبار الدجال لعبد الغني المقدسي	عبد الغني بن عبد الواحد بن علي بن سرور المقدسي الجماعيلي الدمشقي الحنبلي، أبو محمد، تقي الدين (المتوفى: 600هـ)	ShamAY	1303	0.59289
		وقعة الطف‏	أبو مخنف الكوفي‏	Masaha	3027	0.59287
		خزانة التّواريخ النجديّة [ج ٢]	عبد الله بن عبد الرحمن بن صالح آل بسام	Rafed	2164	0.59282
		فضائل أبي بكر الصديق عبد الله بن عثمان التيمي رضي الله عنه	محمد بن علي بن الفتح بن محمد بن علي أبو طالب الحربي، ابن العشاري الحنبلي (المتوفى: 451هـ)	ShamAY	1297	0.59281
		منتخب الاثر في الامام الثاني عشر ( عليه السلام )	آيت الله العظمي لطف اللّه صافي گلپايگاني	Ghbook	9683	0.59279
		مصارع العشاق	جعفر بن أحمد بن الحسين السراج القاري البغدادي، أبو محمد (المتوفى: 500ه)	ShamelaY19	26549	0.59277
		الطرق العلمية في تخريج الأحاديث النبوية	عبد العزيز بن صالح اللحيدان	ShamAY	37263	0.59271
		الأمر بالمعروف والنهي عن المنكر للخلال	أبو بكر أحمد بن محمد بن هارون بن يزيد الخَلَّال البغدادي الحنبلي (المتوفى: 311هـ)	ShamAY	8248	0.59268
		الدرة الثمينة في أخبار المدينة	محمد بن محمود ابن النجار	Masaha	4408	0.59262
		مجلس لأبي عبد الرحمن السلمي	محمد بن الحسين بن محمد بن موسى بن خالد بن سالم النيسابوري، أبو عبد الرحمن السلمي (المتوفى: 412هـ)	ShamAY	30142	0.59261
		مسند الإمام المجتبى أبي محمد الحسن بن علي(ع)	عزيز الله عطاردي‏	Masaha	2436	0.5926
		رسالة طرق حديث	شمس الدين الذهبي	Masaha	282	0.59257
		الأسماء والصفات	أبي بكر أحمد بن الحسين البيهقي	Rafed	3332	0.59255
		جهالة الراوي	الشيخ المحدث عبد الله بن عبد الرحمن السعد	ShamAY	37273	0.59253
		فضل الكوفة ومساجدها	محمد بن جعفر المشهدي الحائري	Masaha	4088	0.59251
		المختصر النصيح في تهذيب الكتاب الجامع الصحيح	المهلب بن أحمد بن أبي صفرة أسيد بن عبد الله الأسدي الأندلسي، المريي (المتوفى: 435ه)	ShamelaY19	37837	0.59246
		تذكرة الخواص‏	سبط بن الجوزي‏	Masaha	1954	0.59244
		التاسع والعشرون من المشيخة البغدادية لأبي طاهر السلفي	صدر الدين، أبو طاهر السِّلَفي أحمد بن محمد بن أحمد بن محمد بن إبراهيم سِلَفَه الأصبهاني (المتوفى: 576هـ)	ShamAY	30131	0.5924
		 تذكرة الخواص 	 سبط ابن الجوزي 	ABLibrary	7466	0.59233
		الفرج بعد الشدة لابن أبي الدنيا - ط أطلس الخضراء = مقابل	أبو بكر عبد الله بن محمد ابن أبي الدنيا	ShamAY	38052	0.59232
		مجلس من أمالي أبي عبد الله العطار	أبو عبد الله محمد بن مخلد بن حفص العطار الدوري البغدادي (المتوفى: 331هـ)	ShamAY	29858	0.59231
		فضل الكوفة و مساجدها	محمد سعيد الطريحي	Masaha	3227	0.59221
		الكافي (الاصول ، فروع ، الروضة)	محمد بن يعقوب شيخ كليني	Ghbook	15504	0.59219
		الجامع لعلوم الإمام أحمد - علوم الحديث	إبراهيم النحاس	Sham19Y	20859	0.59209
		زيادة وبركاته في التسليم	الواحدي :: حمزة عبد الله المليباري	ShamAY	36487	0.59208
		المعجم المفهرس أو تجريد أسانيد الكتب المشهورة والأجزاء المنثورة	أبو الفضل أحمد بن علي بن محمد بن أحمد بن حجر العسقلاني (المتوفى: 852ه)	Sham19Y	10714	0.59198
		صفة المنافق - ط الخلفاء	جعفر بن محمد بن الحسن الفريابي	ShamAY	33868	0.59197
		الخامس والثلاثون من المشيخة البغدادية لأبي طاهر السلفي	صدر الدين، أبو طاهر السلفي أحمد بن محمد بن أحمد بن محمد بن إبراهيم سلفه الأصبهاني (المتوفى: 576ه)	Sham19Y	30114	0.59197
		الرواة الثقات المتكلم فيهم بما لا يوجب ردهم	شمس الدين أبو عبد الله محمد بن أحمد بن عثمان بن قايماز الذهبي (المتوفى: 748ه)	Sham19Y	5817	0.5919
		تنوير الحوالك شرح موطأ مالك	عبد الرحمن بن أبي بكر، جلال الدين السيوطي (المتوفى: 911هـ)	ShamAY	5757	0.59182
		إحقاق الحقّ وإزهاق الباطل [ج ٤]	السيّد نور الله الحسيني المرعشي التستري	Rafed	2711	0.59177
		الجامع في الجرح والتعديل [لأقوال البخاري، ومسلم، والعجلي، وأبي زرعة الرازي، وأبي داود، ويعقوب الفسوي، وأبي حاتم الرازي، والترمذي، وأبي زرعة الدمشقي، والنسائي، والبزار، والدارقطني]	مجموعة من المؤلفين	ShamelaY19	133397	0.59174
		سؤالات أبي عبيد الآجري للإمام أبي داود السجستاني - ط الفاروق	أبو داود سليمان بن الأشعث السجستاني	ShamAY	34161	0.59168
		العيال لابن أبي الدنيا - ط أطلس الخضراء = مقابل	أبو بكر عبد الله بن محمد ابن أبي الدنيا	ShamAY	38104	0.59161
		الخامس والثلاثون من المشيخة البغدادية لأبي طاهر السلفي	صدر الدين، أبو طاهر السِّلَفي أحمد بن محمد بن أحمد بن محمد بن إبراهيم سِلَفَه الأصبهاني (المتوفى: 576هـ)	ShamAY	30114	0.59161
		الأسماء والصفات للبيهقي ت عميرة	أبو بكر أحمد بن الحسين بن علي بن موسى البيهقي (المتوفى: 458 هـ)	ShamAY	33978	0.59159
		تدوير الفلك في حصول الجماعة بالجن والملك	الإمام محمد عبد الحي اللكنوي (ت1304هـ)	ShamAY	36017	0.59157
		الفوائدُ اللطيفةُ بأَخبارِ ما جاءَ في الصحيفةِ	محمد بن غازي القرشي البغدادي	ShamAY	37343	0.59154
		رد الجميل في الذب عن إرواء الغليل وهو رد على كتاب (مستدرك التعليل)	أبو عبد الرحمن عبد الله بن صالح العبيلان	ShamelaY19	96928	0.59152
		تنوير الحوالك شرح موطأ مالك	عبد الرحمن بن أبي بكر، جلال الدين السيوطي (المتوفى: 911ه)	Sham19Y	5757	0.59148
		المعجم الأوسط	سليمان بن أحمد بن أيوب بن مطير اللخمي الشامي، أبو القاسم الطبراني (المتوفى: 360هـ)	ShamAY	28171	0.59142
		معرفة الرجال عن يحيى بن معين وفيه عن علي بن المديني وأبي بكر بن أبي شيبة ومحمد بن عبد الله بن نمير وغيرهم/ رواية أحمد بن محمد بن القاسم بن محرز	أبو زكريا يحيى بن معين بن عون بن زياد بن بسطام بن عبد الرحمن المري بالولاء، البغدادي (المتوفى: 233هـ)	ShamAY	101	0.59135
		أخلاق حملة القرآن للآجري - ت: الألفي	الآجري	ShamAY	34101	0.59131
		صحيح ابن خزيمة ط 3	أبو بكر محمد بن إسحاق بن خزيمة بن المغيرة بن صالح بن بكر السلمي النيسابوري (المتوفى: 311هـ)	ShamAY	31687	0.59129
		الأول من حديث سعدان بن نصر بن منصور البزاز أبي عثمان	أبو عثمان سعدان بن نصر بن منصور المخرمي المتوفى سنة 265 هـ	ShamAY	35246	0.59126
		العنعنة من صيغ الاداء للحديث  الشريف (تاريخها،دلالتها و قيمتها العلمية في الكافي...	محمد رضا حسيني جلالي	Ghbook	16357	0.59122
		الشافي العي على مسند الشافعي للسيوطي - دراسة وتحقيق	السيوطي	ShamAY	35950	0.59121
		ملحق لمن يبدأ بحرف النون من الصحابة جُمِعَ من مخطوطتي زوائد المعجم الكبير للطبراني والمنتقى من المعجم الكبير للطبراني	أبو القاسم سليمان بن أحمد الطبراني	ShamAY	33986	0.59121
		الباعث الحثيث إلى اختصار علوم الحديث	أبو الفداء إسماعيل بن عمر بن كثير القرشي البصري ثم الدمشقي (المتوفى: 774ه)	ShamelaY19	21571	0.5912
		إثبات صفة العلو - ابن قدامة	المقدسي، موفق الدين	Sham19Y	7268	0.59119
		كتاب في علم الحديث للداني	عثمان بن سعيد بن عثمان بن عمر أبو عمرو الداني (المتوفى: 444ه)	Sham19Y	30386	0.59108
		مقتضب الأثر	أحمد بن عبيد الله بن عيّاش الجوهري	Rafed	1771	0.59108
		موسوعة حديث الثقلين [ج ١]	مركز الأبحاث العقائديّة	Rafed	1417	0.59106
		نفحات الأزهار في خلاصة عبقات الأنوار [ج ٧]	السيّد علي الحسيني الميلاني	Rafed	436	0.59105
		الجزء الأول من حديث الزهري للأبار - مخطوط	أبو العباس أحمد بن علي بن مسلم الأبار	ShamAY	38636	0.59103
		الموضوعات لابن الجوزي - ط أضواء السلف مقابل	أبو الفرج عبد الرحمن بن علي ابن الجوزي	ShamAY	34138	0.59103
		كتاب في علم الحديث للداني	عثمان بن سعيد بن عثمان بن عمر أبو عمرو الداني (المتوفى: 444ه)	ShamelaY19	30386	0.591
		المنة الكبرى شرح وتخريج السنن الصغرى	محمد ضياء الرحمن الأعظمي	ShamAY	33916	0.59099
		جزء فيه من حديث أبي الحسين عبد الوهاب بن الحسن الكلابي عن شيوخه	أبو الحسين عبد الوهاب بن الحسن بن الوليد بن موسى الكلابي الدمشقي (المتوفى: 396ه)	ShamelaY19	26877	0.59093
		 الضوء اللامع لأهل القرن التاسع 	 شمس الدين السخاوي 	ABLibrary	958	0.59075
		إسلام زيد بن حارثة وغيره من أحاديث الشيوخ	أبو القاسم تمام بن محمد بن عبد الله بن جعفر بن عبد الله بن الجنيد البجلي الرازي ثم الدمشقي (المتوفى: 414هـ)	ShamAY	9368	0.59071
		من حديث أبي الحسن المكي عن أبي عبيد القاسم بن سلام - مخطوط	أبو عبيد القاسم بن سلام	ShamAY	32892	0.59065
		مصارع العشاق	جعفر بن أحمد بن الحسين السراج القاري البغدادي، أبو محمد (المتوفى: 500هـ)	ShamAY	26549	0.5906
		البعث والنشور للبيهقي	أحمد بن الحسين بن علي بن موسى الخُسْرَوْجِردي الخراساني، أبو بكر البيهقي (المتوفى: 458هـ)	ShamAY	9292	0.59056
		صفة النفاق وذم المنافقين للفريابي	أبو بكر جعفر بن محمد بن الحسن بن المستفاض الفريابي (المتوفى: 301ه)	Sham19Y	8235	0.5905
		الروض الأنف في شرح السيرة النبوية	أبو القاسم عبد الرحمن بن عبد الله بن أحمد السهيلي (المتوفى: 581هـ)	ShamAY	6864	0.59045
		 العسل المصفى من تهذيب زين الفتى في شرح سورة هل أتى 	 أحمد بن محمد بن علي العاصمي 	ABLibrary	7608	0.59043
		مرويات غزوة الخندق	إبراهيم بن محمد المدخلي	Sham19Y	11395	0.59041
		أحاديث الجماعيلي	عبد الغني بن عبد الواحد بن علي بن سرور المقدسي الجماعيلي الدمشقي الحنبلي، أبو محمد، تقي الدين (المتوفى: 600هـ)	ShamAY	30346	0.59039
		 الأسماء والصفات 	 أحمد بن الحسين البيهقي 	ABLibrary	8333	0.59037
		الموضوعات لابن الجوزي	جمال الدين عبد الرحمن بن علي بن محمد الجوزي (المتوفى: 597هـ)	ShamAY	882	0.59034
		غرائب حديث الإمام مالك بن أنس رضي الله عنه	محمد بن المظفر بن موسى بن عيسى، أبو الحسين البزاز البغدادي (المتوفى: 379هـ)	ShamAY	1274	0.59029
		 الفخري في أنساب الطالبيين 	 اسماعيل المروزي الأزوارقاني 	ABLibrary	7626	0.59024
		جامع التحصيل في أحكام المراسيل	صلاح الدين أبو سعيد خليل بن كيكلدي بن عبد الله الدمشقي العلائي (المتوفى: 761هـ)	ShamAY	25864	0.59022
		أسباب النزول ت الحميدان	أبو الحسن علي بن أحمد بن محمد بن علي الواحدي، النيسابوري، الشافعي (المتوفى: 468هـ)	ShamAY	11314	0.59014
		الثاني من الوخشيات	أَبُو عَلِيٍّ الحَسَنُ بنُ عَلِيِّ بنِ مُحَمَّدِ بنِ أَحْمَدَ بنِ جَعْفَرٍ البَلْخِيُّ، الوَخشِيّ (المتوفى: 471هـ)	ShamAY	29984	0.59002
		أخبار ابن أبي ذئب لابن زبر الربعي	أبو سليمان محمد بن عبد الله بن أحمد بن ربيعة بن سليمان بن خالد بن عبد الرحمن بن زبر الربعي (المتوفى: 379هـ)	ShamAY	26343	0.58998
		الدرة الثمينة في أخبار المدينة	محب الدين أبو عبد الله محمد بن محمود بن الحسن المعروف بابن النجار (المتوفى: 643ه)	ShamelaY19	26662	0.58995
		الجزء فيه أحاديث الأربعين لأبي منصور الأصفهاني - مخطوط	أبو منصور معمر بن أحمد الأصفهاني	ShamAY	32757	0.58985
		المعجم المفهرس أو تجريد أسانيد الكتب المشهورة والأجزاء المنثورة	أبو الفضل أحمد بن علي بن محمد بن أحمد بن حجر العسقلاني (المتوفى: 852هـ)	ShamAY	10714	0.58985
		قصر الأمل لابن أبي الدنيا - ط أطلس الخضراء = مقابل	أبو بكر عبد الله بن محمد ابن أبي الدنيا	ShamAY	38175	0.58983
		 خزانة التواريخ النجدية 	 عبد الله بن عبد الرحمن آل بسام 	ABLibrary	9044	0.58977
		المستغيثين بالله تعالى عند المهمّات والحاجات	أبو القاسم خلف بن عبد الملك بن مسعود بن بشكوال الخزرجي الأنصاري الأندلسي (المتوفى: 578هـ)	ShamAY	12845	0.58971
		التدليس والمدلسون	حماد بن محمد الأنصاري الخزرجي السعدي (المتوفى: 1418هـ)	ShamAY	22949	0.5897
		حياة الأنبياء صلوات الله عليهم بعد وفاتهم	أحمد بن الحسين بن علي بن موسى الخسروجردي الخراساني، أبو بكر البيهقي (المتوفى: 458ه)	Sham19Y	13114	0.5897
		 مسند الإمام حسن ( ع ) 	 الشيخ عزيز الله عطاردي 	ABLibrary	7702	0.5897
		مَنْهجُ الإمَامِ الدَّارَقطنِي في نقدِ الحديث في كِتَابِ العِلَّل	أبو عبد الرحمن، يوسف بن جودة يس يوسف الداودي	ShamAY	31984	0.58969
		الورع لابن أبي الدنيا	أبو بكر عبد الله بن محمد بن عبيد بن سفيان بن قيس البغدادي الأموي القرشي المعروف بابن أبي الدنيا (المتوفى: 281هـ)	ShamAY	13078	0.58962
		نشر المحاسن اليمانيّة	ابن الديبع الشيباني الشافعي	Rafed	2551	0.58962
		صحيح ابن خزيمة ط 3	أبو بكر محمد بن إسحاق بن خزيمة بن المغيرة بن صالح بن بكر السلمي النيسابوري (المتوفى: 311ه)	Sham19Y	121382	0.58961
		 العقد الثمين في تاريخ البلد الأمين 	 محمد بن أحمد الفاسي 	ABLibrary	9141	0.58958
		الأول من حديث أبي علي بن شاذان	الحسن بن أحمد بن إبراهيم بن الحسن ابن محمد بن شاذان، أبو علي البزاز (المتوفى: 425ه)	Sham19Y	29972	0.58951
		القصاص والمذكرين	جمال الدين أبو الفرج عبد الرحمن بن علي بن محمد الجوزي (المتوفى: 597ه)	Sham19Y	3617	0.5895
		مرويات غزوة الخندق	إبراهيم بن محمد المدخلي	ShamAY	11395	0.58933
		الروض الأنف في شرح السيرة النبوية - الجزء1	عبد الرحمن السهيلي	Masaha	2028	0.58924
		الأول من حديث أبي علي بن شاذان	الحسن بن أحمد بن إبراهيم بن الحسن ابن محمد بن شاذان، أبو علي البزاز (المتوفى: 425ه)	ShamelaY19	29972	0.58921
		صحيح ابن خزيمة (مع تعليقات محمود خليل)	أبو بكر محمد بن إسحاق بن خزيمة السلمي	ShamAY	33968	0.58917
		القصاص والمذكرين	جمال الدين أبو الفرج عبد الرحمن بن علي بن محمد الجوزي (المتوفى: 597هـ)	ShamAY	32197	0.58917
		معجم أصحاب شيخ الإسلام ابن تيمية	وليد بن حسني بن بدوي بن محمد الأموي	ShamelaY19	21524	0.58913
		سنن ابن ماجه	ابن ماجة أبو عبد الله محمد بن يزيد القزويني، وماجة اسم أبيه يزيد (المتوفى: 273ه)	Sham19Y	1198	0.58907
		تسميه من قتل مع الحسين عليه السلام	فضيل بن زبير بن عمر بن درهم كوفي اسدي	Ghbook	5949	0.58906
		الخامس من الوخشيات	أَبُو عَلِيٍّ الحَسَنُ بنُ عَلِيِّ بنِ مُحَمَّدِ بنِ أَحْمَدَ بنِ جَعْفَرٍ البَلْخِيُّ، الوَخشِيّ (المتوفى: 471هـ)	ShamAY	29991	0.58904
		مسند الإمام السجاد أبي محمد علي بن الحسين(ع) - الجزء1	عزيز الله عطاردي‏	Masaha	2440	0.58888
		جزء بيبي بنت عبد الصمد الهروية الهرثمية	بِيبَى بنت عبد الصمد ابن علي بن محمد، أمّ الفضل الهَرْثَمِيّة الهروية (المتوفى: 477هـ)	ShamAY	5668	0.58884
		أحاديث الجماعيلي	عبد الغني بن عبد الواحد بن علي بن سرور المقدسي الجماعيلي الدمشقي الحنبلي، أبو محمد، تقي الدين (المتوفى: 600ه)	ShamelaY19	30346	0.58883
		المسند المستخرج على صحيح مسلم لأبي نعيم	أبو نعيم أحمد بن عبد الله بن أحمد بن إسحاق بن موسى بن مهران الأصبهاني (المتوفى: 430هـ)	ShamAY	5562	0.58881
		أخبار مكّة في قديم الدّهر وحديثه [ج ٤]	أبي عبد الله محمّد بن إسحاق ابن العبّاس الفاكهي المكّي	Rafed	2127	0.58875
		الغيبة والنميمة لابن أبي الدنيا - ط أطلس الخضراء = مقابل	أبو بكر عبد الله بن محمد ابن أبي الدنيا	ShamAY	38151	0.58871
		الأجوبة المرضية فيما سئل السخاوي عنه من الأحاديث النبوية	شمس محمد بن عبد الرحمن السخاوي (المتوفى: 902 ه)	Sham19Y	17878	0.58864
		المحجة البيضاء في حماية السنة الغراء من زلات أهل الأخطاء وزيغ أهل الأهواء	ربيع بن هادي المدخلي	ShamAY	33006	0.58858
		المطرب من أشعار أهل المغرب	أبو الخطاب عمر بن حسن الأندلسي الشهير بابن دحية الكلبي (المتوفى: 633هـ)	ShamAY	93	0.58854
		العقد الثّمين في تاريخ البلد الأمين [ج ١]	تقي الدين محمّد بن أحمد الحسني الفاسي المكّي	Rafed	2209	0.5885
		 الحلقة الضائعة من تاريخ جبل عامل 	 علي داود جابر 	ABLibrary	9038	0.58843
		أثر اختلاف الأسانيد والمتون في اختلاف الفقهاء	ماهر ياسين فحل الهيتي	ShamAY	31840	0.58841
		النصيحة للراعي والرعية للتبريزي	أَبُو الخَيْرِ بَدَلُ بنُ أَبِي المُعَمَّرِ بنِ إِسْمَاعِيْلَ التِّبْرِيْزِيُّ (المتوفى: 636هـ)	ShamAY	12847	0.58838
		الثامن من فوائد أبي عثمان البحيري	أبو عثمان سعيد بن محمد ابن أبي الحسين أحمد بن محمد بن جعفر بن محمد بن بحير البحيري، النيسابوري (المتوفى: 451ه)	ShamelaY19	29952	0.58835
		الدعاء للطبراني - نسخة مقابلة	أبو القاسم سليمان بن أحمد الطبراني	ShamAY	33982	0.58834
		تعويض الاسانيد في علم الرجال : حجيته ، تطبيقاته و الاشكالات الوارده عليه	مصطفي الامامي الاهوازي	Ghbook	16321	0.58832
		مستعذب الإخبار بأطيب الأخبار	أبو مدين الفاسي‏	Masaha	2489	0.58831
		سؤالات أبي عبيد الآجري أبا داود السجستاني في الجرح والتعديل	أبو داود سليمان بن الأشعث بن إسحاق بن بشير بن شداد بن عمرو الأزدي السَِّجِسْتاني (المتوفى: 275هـ)	ShamAY	11236	0.58827
		الجامع لعلوم الإمام أحمد - علوم الحديث	إبراهيم النحاس	ShamelaY19	20859	0.5882
		التاسع والعشرون من المشيخة البغدادية لأبي طاهر السلفي	صدر الدين، أبو طاهر السلفي أحمد بن محمد بن أحمد بن محمد بن إبراهيم سلفه الأصبهاني (المتوفى: 576ه)	ShamelaY19	30131	0.5882
		جزء في طرق حديث لا تسبوا أصحابي	أبو الفضل أحمد بن علي بن محمد بن أحمد بن حجر العسقلاني (المتوفى: 852هـ)	ShamAY	30733	0.58816
		المنتخب من كتاب أزواج النبي صلى الله عليه وسلم	الزبير بن بكار بن عبد الله القرشي الأسدي المكي (المتوفى: 256هـ)	ShamAY	6599	0.58812
		الأجوبة المرضية فيما سئل السخاوي عنه من الأحاديث النبوية	شمس محمد بن عبد الرحمن السخاوي (المتوفى: 902 هـ)	ShamAY	32663	0.58811
		الموسوعة الميسرة في تراجم أئمة التفسير والإقراء والنحو واللغة «من القرن الأول إلى المعاصرين مع دراسة لعقائدهم وشيء من طرائفهم»	مجموعة من المؤلفين	ShamelaY19	130964	0.58805
		الورع لابن أبي الدنيا - ط أطلس الخضراء = مقابل	أبو بكر عبد الله بن محمد ابن أبي الدنيا	ShamAY	38098	0.58803
		تمهيد الفرش في الخصال الموجبة لظل العرش	عبد الرحمن بن أبي بكر، جلال الدين السيوطي (المتوفى: 911هـ)	ShamAY	222	0.58798
		سنن ابن ماجه	ابن ماجة أبو عبد الله محمد بن يزيد القزويني، وماجة اسم أبيه يزيد (المتوفى: 273هـ)	ShamAY	1198	0.58794
		الأوهام الواقعة في أسماء العلماء والأعلام	مصطفى بن قحطان الحبيب	ShamAY	35869	0.58775
		كتاب الأربعين في صفات رب العالمين	شمس الدين أبو عبد الله محمد بن أحمد بن عثمان بن قَايْماز الذهبي (المتوفى: 748هـ)	ShamAY	12861	0.5876
		تاريخ الإسلام ووفيات المشاهير والأعلام [ج ٤٤]	شمس الدين محمّد بن أحمد بن عثمان الذّهبي	Rafed	3629	0.58759
		إثبات صفة العلو - ابن قدامة	أبو محمد موفق الدين عبد الله بن أحمد بن محمد ، الشهير بابن قدامة المقدسي (المتوفى : 620هـ)	ShamAY	7268	0.58757
		الخامس والثلاثون من المشيخة البغدادية لأبي طاهر السلفي	صدر الدين، أبو طاهر السلفي أحمد بن محمد بن أحمد بن محمد بن إبراهيم سلفه الأصبهاني (المتوفى: 576ه)	ShamelaY19	30114	0.58752
		نص مستدرك من كتاب العبر	الذهبي، شمس الدين	ShamAY	34591	0.58749
		المحبة لله لأبي إسحاق الختلي	أَبُو إِسْحَاقَ إِبْرَاهِيْمُ بنُ عَبْدِ اللهِ بنِ الجُنَيْدِ، الخُتَّلِيُّ، ثُمَّ السُّرَّمَرَّائِي (المتوفى: نحو 270هـ)	ShamAY	1373	0.58746
		ذكر صلاة التسبيح والأحاديث التي رويت عن النبي صلى الله عليه وسلم فيها واختلاف ألفاظ الناقلين لها	أبو بكر أحمد بن علي بن ثابت بن أحمد بن مهدي الخطيب البغدادي (المتوفى: 463ه)	ShamelaY19	26373	0.5873
		مستدرك الكافي	علي عبد الزهرة الفحام	Ghbook	15731	0.58729
		أمالي أبي الفتح المقدسي - المجلس الحادي والعشرون بعد المائة	نصر بن إبراهيم بن نصر بن إبراهيم ابن داود النابلسي المقدسي، أبو الفتح الشافعي (المتوفى: 490ه)	ShamelaY19	29774	0.58723
		أصول الدين عند الإمام أبي حنيفة	محمد بن عبد الرحمن الخميس	ShamAY	7509	0.5872
		الأول من حديث أبي علي بن شاذان	الحسن بن أحمد بن إبراهيم بن الحسن ابن محمد بن شاذان، أبو علي البَزَّاز (المتوفى: 425هـ)	ShamAY	29972	0.58711
		الْمُخْتَصَرُ النَّصِيحُ فِي تَهْذِيبِ الْكِتَابِ الْجَامِعِ الْصَّحِيحِ	المُهَلَّبُ بنُ أَحْمَدَ بنِ أَبِي صُفْرَةَ أَسِيْدِ بنِ عَبْدِ اللهِ الأَسَدِيُّ الأَنْدَلُسِيُّ، المَرِيِيُّ (المتوفى: 435هـ)	ShamAY	1180	0.5871
		الأموال للقاسم بن سلام - ت: سيد رجب	أبو عُبيد القاسم بن سلاّم بن عبد الله الهروي البغدادي (المتوفى: 224هـ)	ShamAY	34007	0.58704
		أحاديث من أمالي أبي بكر ابن دوست - مخطوط (ن)	محمد بن يوسف بن محمد بن دوست، أبو بكر العَلَّاف (المتوفى: 381هـ)	ShamAY	12818	0.58703
		إتحاف المهرة لابن حجر	ابن حجر العسقلاني	ShamelaY19	26324	0.587
		منتقى من الجزء الثاني من الفوائد والنوادر لابن أبي علي الأصفهاني - مخطوط	أبو الحسين محمد بن الحسن بن أحمد الأهوازي المعروف بابن أبي علي الأصفهاني	ShamAY	38127	0.58693
		المناشدة والاحتجاج بحديث الغدير	الشيخ عبد الحسين الأميني النجفي	Masaha	431	0.58693
		دلائل النبوة - الجزء1	الحافظ أبي نعيم الأصبهاني	Masaha	2186	0.58682
		الصبر والثواب عليه لابن أبي الدنيا - ط أطلس الخضراء = مقابل	أبو بكر عبد الله بن محمد ابن أبي الدنيا	ShamAY	38138	0.58678
		بيان الوهم والإيهام في كتاب الأحكام	علي بن محمد بن عبد الملك الكتامي الحميري الفاسي، أبو الحسن ابن القطان (المتوفى : 628هـ)	ShamAY	5923	0.58676
		فيما ورد عن شفيع الخلق يوم القيامة أنه احتجم وأمر بالحجامة	البوصيري (840 هـ)	ShamAY	34314	0.58669
		المسند الجامع	محمود محمد خليل	ShamAY	12748	0.58666
		فضائل القرآن	أبي عبد الله محمّد بن أيّوب بن الضريس البجلي	Rafed	1115	0.58665
		نظم علوم الحديث المسماة: «أقصى الأمل والسول في علم حديث الرسول صلى الله عليه وسلم»	شهاب الدين محمد بن أحمد الخويي الشافعي (المتوفى 693 ه)	ShamelaY19	32181	0.58658
		المحاضرات والمحاورات	عبد الرحمن بن أبي بكر، جلال الدين السيوطي (المتوفى: 911هـ)	ShamAY	9099	0.58658
		 الموسوعة الكبرى عن فاطمة الزهراء ( س ) 	 اسماعيل الأنصاري الزنجاني الخوئيني 	ABLibrary	7821	0.58658
		من هم قتلة الحسين عليه السلام ؟ شيعة الكوفة ؟	السيّد علي الحسيني الميلاني	Rafed	3262	0.58654
		تفسير الثعالبي = الجواهر الحسان في تفسير القرآن	أبو زيد عبد الرحمن بن محمد بن مخلوف الثعالبي (المتوفى: 875هـ)	ShamAY	23618	0.5865
		 الإكليل من أخبار اليمن وأنساب حمير ( الكتاب العاشر ) 	 الحسن الهمداني ( ابن الحائك ) 	ABLibrary	8964	0.58647
		المفَصَّلُ في أصولِ التخريجِ ودراسةُ الأسانيدِ	علي بن نايف الشحود	ShamAY	37265	0.58645
		الموشح في مآخذ العلماء على الشعراء	أبو عبيد الله بن محمد بن عمران بن موسى المرزباني (المتوفى: 384ه)	Sham19Y	9427	0.58645
		الخامس عشر من المشيخة البغدادية لأبي طاهر السلفي	صدر الدين، أبو طاهر السِّلَفي أحمد بن محمد بن أحمد بن محمد بن إبراهيم سِلَفَه الأصبهاني (المتوفى: 576هـ)	ShamAY	30113	0.58638
		 مسند الإمام السجاد ( ع ) 	 الشيخ عزيز الله عطاردي 	ABLibrary	7706	0.58637
		الإمام أبو حنيفة طبقته وتوثيقه	اللكنوي، أبو الحسنات	ShamAY	35781	0.58631
		حديث ابن أبي المكارم	ضياء الدين أبو عبد الله محمد بن عبد الواحد المقدسي (المتوفى: 643ه)	ShamelaY19	29653	0.58627
		وصايا العلماء عند حضور الموت لابن زبر الربعي	أبو سليمان محمد بن عبد الله بن أحمد بن ربيعة بن سليمان بن خالد بن عبد الرحمن بن زبر الربعي (المتوفى: 379هـ)	ShamAY	13186	0.58621
		عجالة الراغب المتمني في تخريج كتاب «عمل اليوم والليلة» لابن السني	أبو أسامة، سليم بن عيد الهلالي	ShamelaY19	123672	0.58618
		طبقات المحدثين بأصبهان والواردين عليها [ج ٤]	أبي محمّد عبدالله بن محمّد بن جعفر بن حيّان [ أبي الشيخ الأنصاري ]	Rafed	2438	0.58618
		إمام الأئمة الفقهاء أبو حنيفة النعمان	الدكتور صلاح محمد أبو الحاج	ShamAY	35848	0.58617
		الموشح في مآخذ العلماء على الشعراء	أبو عبيد الله بن محمد بن عمران بن موسى المرزباني (المتوفى: 384هـ)	ShamAY	9427	0.58613
		قضاء الحوائج لابن أبي الدنيا	أبو بكر عبد الله بن محمد بن عبيد بن سفيان بن قيس البغدادي الأموي القرشي المعروف بابن أبي الدنيا (المتوفى: 281هـ)	ShamAY	13149	0.58612
		معجم ما استعجم من اسماء البلاد والمواضع	أبو عبيد عبد الله بن عبد العزيز بن محمد البكري الأندلسي (المتوفى: 487هـ)	ShamAY	11802	0.58612
		الدينار من حديث المشايخ الكبار	شمس الدين أبو عبد الله محمد بن أحمد بن عثمان بن قَايْماز الذهبي (المتوفى: 748هـ)	ShamAY	5688	0.58607
		الشكر لابن أبي الدنيا	أبو بكر عبد الله بن محمد بن عبيد بن سفيان بن قيس البغدادي الأموي القرشي المعروف بابن أبي الدنيا (المتوفى: 281هـ)	ShamAY	13036	0.58589
		 قصص وأخبار جرت في عمان 	 محمد بن عامر المعولي الأفوي 	ABLibrary	9157	0.58589
		جزء فيه مجلسان من أمالي أبي الحسين بن بشران	علي بن محمد بن عبد الله بن بشران الأموي أبو الحسين البغدادي المعدل (المتوفى: 415ه)	ShamelaY19	26562	0.58588
		المختصر من كتاب السياق لتاريخ نيسابور	الإمام الحافظ أبو الحسن الفارسي	Rafed	2406	0.58585
		رَدُّ الجَمِيلِ فِي الذَّبِّ عَن إرواء الغليل وَهُوَ رَدٌّ عَلَى كِتَابِ (مُسْتَدْرك التَّعْلِيل)	أبو عبد الرحمن عبد الله بن صالح العبيلان	ShamAY	2044	0.58582
		كتاب في علم الحديث للداني	عثمان بن سعيد بن عثمان بن عمر أبو عمرو الداني (المتوفى: 444هـ)	ShamAY	30386	0.58578
		الخامس عشر من المشيخة البغدادية لأبي طاهر السلفي	صدر الدين، أبو طاهر السلفي أحمد بن محمد بن أحمد بن محمد بن إبراهيم سلفه الأصبهاني (المتوفى: 576ه)	ShamelaY19	30113	0.58576
		أحاديث عن 19 من أصحاب ابن طبرزد (مطبوع ضمن كتاب جمهرة الأجزاء الحديثية)	عمر بن محمد بن معمر بن يحيى ابن أحمد بن حسان، أبو حفص، ابن طبرزد، الدارقزي، البغدادي (المتوفى: 607هـ)	ShamAY	9354	0.58569
		مختصرُ استدرَاك الحافِظ الذّهبي على مُستدرَك أبي عبد اللهِ الحَاكم	ابن الملقن سراج الدين أبو حفص عمر بن علي بن أحمد الشافعي المصري (المتوفى: 804هـ)	ShamAY	1934	0.58567
		الإعلَامُ بنَقد كتاب «الرَّوْض البسَّام بتخريج وَترتيب فَوائِد تمَّام» للدّكتور جَاسِم الفهيد الدّوسَري	محمد صباح منصور	ShamAY	31989	0.58556
		رد الجميل في الذب عن إرواء الغليل وهو رد على كتاب (مستدرك التعليل)	أبو عبد الرحمن عبد الله بن صالح العبيلان	Sham19Y	96928	0.58549
		الإعلام بفضل الصلاة على النبي صلى الله عليه وسلم والسلام للنميري	محمد بن عبد الرحمن بن علي النميري (544 هـ)	ShamAY	33626	0.58542
		التوبة لابن أبي الدنيا	أبو بكر عبد الله بن محمد بن عبيد بن سفيان بن قيس البغدادي الأموي القرشي المعروف بابن أبي الدنيا (المتوفى: 281هـ)	ShamAY	8253	0.58537
		مشيخة ابن البخاري - مخطوط	أبو الحسن علي بن أحمد بن عبد الواحد المقدسي المعروف بابن البخاري	ShamAY	32864	0.58531
		طبقات القراء السبعة وذكر مناقبهم وقراءاتهم	عبد الوهاب بن يوسف بن إبراهيم، ابن السَّلَّار الشافعي (المتوفى: 782هـ)	ShamAY	1468	0.58524
		 العسل المصفى من تهذيب زين الفتى في شرح سورة هل أتى 	 أحمد بن محمد بن علي العاصمي 	ABLibrary	7609	0.58523
		جزء فيه أحاديث نافع بن أبي نعيم لابن المقرئ	أبو بكر محمد بن إبراهيم بن علي بن عاصم بن زاذان الأصبهاني الخازن، المشهور بابن المقرئ (المتوفى: 381هـ)	ShamAY	1270	0.58516
		ذكر صلاة التسبيح والأحاديث التي رويت عن النبي صلى الله عليه وسلم فيها واختلاف ألفاظ الناقلين لها	أبو بكر أحمد بن علي بن ثابت بن أحمد بن مهدي الخطيب البغدادي (المتوفى: 463هـ)	ShamAY	1318	0.58509
		أخبار مكة وما جاء فيها من الآثار  - الجزء1	محمد بن عبد الله الأزرقي	Masaha	4638	0.58505
		 أخبار مكة في قديم الدهر وحديثه 	 محمد بن اسحاق ابن العباس الفاكهي المكي 	ABLibrary	8924	0.58496
		الأموال للقاسم بن سلام	أبو عُبيد القاسم بن سلاّم بن عبد الله الهروي البغدادي (المتوفى: 224هـ)	ShamAY	12999	0.58491
		السادس من فوائد أبي عثمان البحيري	أَبُو عُثْمَانَ سَعِيْدُ بنُ مُحَمَّدِ ابنِ أَبِي الحُسَيْنِ أَحْمَدَ بنِ مُحَمَّدِ بنِ جَعْفَرِ بنِ مُحَمَّدِ بنِ بَحِيْرٍ البَحِيْرِيُّ، النَّيْسَابُوْرِيُّ (المتوفى: 451هـ)	ShamAY	29961	0.5849
		المطر والرعد والبرق والريح لابن أبي الدنيا - ط أطلس الخضراء = مقابل	أبو بكر عبد الله بن محمد ابن أبي الدنيا	ShamAY	38120	0.58477
		ذم الدنيا لابن أبي الدنيا - ط أطلس الخضراء = مقابل	أبو بكر عبد الله بن محمد ابن أبي الدنيا	ShamAY	38174	0.58477
		الأربعون لابن المقرئ (مطبوع ضمن جمهرة الأجزاء الحديثية)	أبو بكر بن المقرئ (المتوفى: 381هـ)	ShamAY	21473	0.58473
		أخبار وحكايات من حديث أبي علي محمد بن القاسم بن معروف - مخطوط	محمد بن القاسم بن معروف، أبو علي التميمي الدمشقي الشهير بابن حبيب (المتوفى: 347هـ)	ShamAY	10279	0.58456
		تحفة الأشراف بمعرفة الأطراف	جمال الدين أبو الحجاج يوسف بن عبد الرحمن المزي (المتوفى: 742هـ)	ShamAY	11385	0.58452
		الخامس من مشيخة ابن حيويه	محمد بن العباس بن محمد بن زكرياء، أبو عمر ابن حيويه الخزاز (المتوفى: 382ه)	ShamelaY19	29957	0.58426
		نَقْضُ الإِمَامِ أَبِي سَعِيِدٍ عُثْمَانَ بْنِ سَعِيِدٍ عَلَى المَرِيْسِيِّ الْجَهْمِيِّ العَنِيدِ فِيْمَا افْتَرَىَ عَلَى اللهِ - عز وجل - مِنَ التَّوْحِيدِ	أبو سعيد عثمان بن سعيد بن خالد بن سعيد الدارمي السجستاني (المتوفى: 280 هـ)	ShamAY	32552	0.58422
		من عقائد السلف (الرد على الجهمية)	أبو عبد الله محمد بن إسحاق بن محمد بن يحيى بن منده العبدي (المتوفى: 395ه)	Sham19Y	3976	0.58415
		المزكيات وهي الفوائد المنتخبة الغرائب العوالي من حديث أبي إسحاق المزكي انتقاء وتخريج الدارقطني	أبو إسحاق إبراهيم بن محمد بن يحيى بن سختويه النيسابوري المزكي (المتوفى: 362ه)	ShamelaY19	26921	0.58381
		الأبدال العوالي المستخرجة من فوائد أبي بكر الشافعي انتقاء ابن تيمية - مخطوط	أبو بكر محمد بن عبد الله بن إبراهيم الشافعي البزاز	ShamAY	32836	0.58381
		أخبار النحويين البصريين للسيرافي	الحسن بن عبد الله بن المرزبان السيرافي، أبو سعيد (المتوفى: 368ه)	ShamelaY19	26338	0.58375
		وصل بلاغات الموطأ ابن الصلاح	عثمان بن عبد الرحمن، أبو عمرو، تقي الدين المعروف بابن الصلاح (المتوفى: 643ه)	ShamelaY19	29413	0.58363
		التوبيخ والتنبيه لأبي الشيخ الأصبهاني	أبو محمد عبد الله بن محمد بن جعفر بن حيان الأنصاري المعروف بأبِي الشيخ الأصبهاني (المتوفى: 369هـ)	ShamAY	13010	0.58361
		مستعذب الإخبار بأطيب الأخبار	أبو مدين بن أحمد بن محمد بن عبد القادر بن علي الفاسي (المتوفى: بعد 1132ه)	ShamelaY19	23675	0.58358
		الجامع لعلوم الإمام أحمد - علوم الحديث	إبراهيم النحاس	ShamAY	38858	0.58354
		علل الأحاديث في كتاب الصحيح المسلم بن الحجاج	أَبُو الفَضْلِ مُحَمَّدُ بنُ أَبِي الحُسَيْنِ أَحْمَدَ بنِ مُحَمَّدِ بنِ عَمَّارِ بنِ مُحَمَّدِ بنِ حَازِمِ بنِ المُعَلَّى بنِ الجَارُوْدِ الجَارُوْدِيُّ، الهَرَوِيُّ، الشَّهِيْدُ (المتوفى: 317هـ)	ShamAY	6049	0.58348
		 المقنع في الإمامة 	 الشيخ عبيد الله بن عبد الله السد آبادي 	ABLibrary	8640	0.58343
		الاختصاص	محمد بن  محمد بن نعمان شيخ مفيد	Ghbook	2365	0.58333
		الكلام على طرق حديث وائل بن حجر في صفة الصلاة	محمد بن عبد الله السريع	ShamAY	33058	0.58311
		وضوء عثمان بن عفان من النشاه الي الانتشار	علي شهرستاني	Ghbook	10947	0.58306
		مجلسان من أمالي ابن صاعد	أبو محمد يحيى بن محمد بن صاعد بن كاتب الهاشمي بالولاء البغدادي (المتوفى: 318هـ)	ShamAY	29852	0.58304
		سير أعلام النبلاء ط الحديث	شمس الدين أبو عبد الله محمد بن أحمد بن عثمان بن قايماز الذهبي (المتوفى: 748ه)	ShamelaY19	22669	0.58303
		التحقيق في أحاديث الخلاف	جمال الدين أبو الفرج عبد الرحمن بن علي بن محمد الجوزي (المتوفى : 597هـ)	ShamAY	5907	0.58287
		الدرة الثمينة في أخبار المدينة	محب الدين أبو عبد الله محمد بن محمود بن الحسن المعروف بابن النجار (المتوفى: 643هـ)	ShamAY	26662	0.58286
		 إثبات الهداة بالنصوص والمعجزات 	 الحر العاملي 	ABLibrary	7391	0.58284
		الفوائد المنتقاة العوالي عن الشيوخ الثقات للمظفر بن الحسن-مخطوط		ShamAY	32767	0.5828
		المنامات لابن أبي الدنيا - ط أطلس الخضراء = مقابل	أبو بكر عبد الله بن محمد ابن أبي الدنيا	ShamAY	38050	0.58274
		جزء محمد بن عاصم الثقفي الأصبهاني	محمد بن عاصم بن عبد الله الأصبهاني، أبو جعفر الثقفي مولاهم (المتوفى: 262هـ)	ShamAY	9314	0.58265
		سل السنان في الذب عن معاوية بن أبي سفيان رضي الله عنه	سعد السبيعي	ShamAY	35661	0.58263
		ذكر العقبتين وعمره صلى الله عليه وسلم للضياء المقدسي - مخطوط	الواحدي	ShamAY	32778	0.58259
		الرواة الثقات المتكلم فيهم بما لا يوجب ردهم	شمس الدين أبو عبد الله محمد بن أحمد بن عثمان بن قَايْماز الذهبي (المتوفى: 748هـ)	ShamAY	5817	0.58257
		من حديث أبي حفص عمر بن إبراهيم الكتاني - مخطوط		ShamAY	32809	0.58252
		إعلام العالم بعد رسوخه بناسخ الحديث ومنسوخه	جمال الدين أبو الفرج عبد الرحمن بن علي بن محمد الجوزي (المتوفى: 597هـ)	ShamAY	9369	0.58247
		الفرق بين القضاة العادلة والجائرة والشهود الصادقة والكاذبة لأبي سعيد النقاش مخطوط	أبو سعيد محمد بن علي بن عمرو النقاش	ShamAY	32939	0.58242
		فوائد منتقاة من رواية الشيخين أبي الحسن أحمد بن محمد بن الصلت وأبي أحمد عبيد الله بن محمد بن أبي مسلم الفرضي	أبو الحسن أحمد بن محمد بن الصلت (405 ه) - وأبو أحمد عبيد الله بن محمد بن أبي مسلم الفرضي (406 ه)	ShamelaY19	27098	0.58238
		السنة لعبد الله بن أحمد	أبو عبد الرحمن عبد الله بن أحمد بن محمد بن حنبل الشيبانيّ البغدادي (المتوفى: 290هـ)	ShamAY	323	0.58236
		معجم ما استعجم من أسماء البلاد والمواضع [ج ١]	أبي عبيد عبد الله بن عبد العزيز البكري الأندلسي	Rafed	2530	0.58236
		الهواتف = هواتف الجنان لابن أبي الدنيا	أبو بكر عبد الله بن محمد بن عبيد بن سفيان بن قيس البغدادي الأموي القرشي المعروف بابن أبي الدنيا (المتوفى: 281ه)	ShamelaY19	28237	0.58233
		بحر الفوائد (المشهور بمعاني الأخبار) للكلاباذي - ط السلام ت زكي	أبو بكر محمد بن إبراهيم بن يعقوب الكلاباذي البخاري	ShamAY	38096	0.58233
		غوامض الأسماء المبهمة الواقعة في متون الأحاديث المسندة	أبو القاسم خلف بن عبد الملك بن مسعود بن بشكوال الخزرجي الأنصاري الأندلسي (المتوفى: 578هـ)	ShamAY	5803	0.58224
		العقل وفضله لابن أبي الدنيا - ط أطلس الخضراء = مقابل	أبو بكر عبد الله بن محمد ابن أبي الدنيا	ShamAY	38119	0.5822
		كتاب في علم الحديث للداني	أبو عمرو، عثمان بن سعيد الداني، المتوفى ستة (440 هـ)	ShamAY	34012	0.58215
		مختصر خلافيات البيهقي	أحمد بن فَرح (بسكون الراء) بن أحمد بن محمد بن فرح اللَّخمى الإشبيلى، نزيل دمشق، أبو العباس، شهاب الدين الشافعي (المتوفى: 699هـ)	ShamAY	6227	0.58211
		جزء الأوهام في المشايخ النبل	ضياء الدين أبو عبد الله محمد بن عبد الواحد المقدسي (المتوفى: 643هـ)	ShamAY	5799	0.58203
		التهجد وقيام الليل (ط الرشد)	أبو بكر عبدالله بن محمد بن عبيد بن سفيان بن قيس القرشي	ShamAY	34114	0.58198
		الإرشاد إلى مهمات علم الإسناد	أحمد بن عبد الرحيم المعروف بشاه ولي الله المحدث الدهلوي	ShamAY	37252	0.58184
		رسالة في خبر تزويج ام كلثوم من عمر	السيّد علي الحسيني الميلاني	Rafed	222	0.58177
		فضل يوم عرفة لأبي بكر الوراق	أبو بكر محمد بن إسماعيل بن العباس البغدادي المستملي الوراق (المتوفى: 378ه)	Sham19Y	27097	0.58175
		جزء فيه أحاديث أبي عبد الله الحسين بن الحسن الغضائري	أبو عبد الله الحسين بن الحسن بن محمد بن حلبس المخزومي، الغضائري، البغدادي (المتوفى: 414ه)	Sham19Y	26395	0.58171
		طرق حديث إن لله تسعة وتسعين اسما للعراقي - مخطوط	زين الدين أبو الفضل عبد الرحيم بن الحسين العراقي	ShamAY	38148	0.58165
		من فوائد أبي القاسم ابن عليك - مخطوط (ن)	علي بن عبد الرحمن بن الحسن ابن عليك النيسابوري (المتوفى: 468ه)	ShamelaY19	21678	0.58164
		المرض والكفارات لابن أبي الدنيا - ط أطلس الخضراء = مقابل	أبو بكر عبد الله بن محمد ابن أبي الدنيا	ShamAY	38113	0.58162
		القدر للفريابي مخرجا	أبو بكر جعفر بن محمد بن الحسن بن المُسْتَفاض الفِرْيابِي (المتوفى: 301هـ)	ShamAY	13051	0.58159
		بلاغات ابن شهاب الزهري وإدراجاته في الكتب الستة	عبد الحميد شيخون	ShamelaY19	132393	0.58156
		حياة الأنبياء صلوات الله عليهم بعد وفاتهم	أحمد بن الحسين بن علي بن موسى الخُسْرَوْجِردي الخراساني، أبو بكر البيهقي (المتوفى: 458هـ)	ShamAY	13114	0.58154
		سلسلة الكذّابين والوضّاعين	الشيخ عبد الحسين الأميني النجفي	Masaha	304	0.5815
		فضائل القرآن لابن كثير	ابن كثير	ShamelaY19	22800	0.58133
		فضل يوم عرفة لأبي بكر الوراق	أبو بكر محمد بن إسماعيل بن العباس البغدادي المستملي الوراق (المتوفى: 378ه)	ShamelaY19	27097	0.58131
		الرقة والبكاء لابن قدامة	أبو محمد موفق الدين عبد الله بن أحمد بن محمد بن قدامة الجماعيلي المقدسي ثم الدمشقي الحنبلي، الشهير بابن قدامة المقدسي (المتوفى: 620هـ)	ShamAY	9384	0.58104
		الضعفاء لأبي زرعة الرازي في أجوبته على أسئلة البرذعي - أبو زرعة الرازي وجهوده في السنة النبوية	الرازي، أبو زرعة	ShamAY	11402	0.58096
		جزء في الحديث، وفيه من حديث الطبراني، وغيره، وضمنه نقولا من تهذيب الكمال حول مكانة قراء القرآن يوم القيامة - مخطوط	(؟)	ShamAY	32882	0.58084
		الجامع الكبير - سنن الترمذي	محمد بن عيسى بن سَوْرة بن موسى بن الضحاك، الترمذي، أبو عيسى (المتوفى: 279هـ)	ShamAY	1201	0.58074
		الضعفاء لأبي زرعة الرازي في أجوبته على أسئلة البرذعي - أبو زرعة الرازي وجهوده في السنة النبوية	الرازي، أبو زرعة	Sham19Y	11402	0.58072
		العقد الثمين فى تاريخ البلد الأمين	تقي الدين محمد بن أحمد الحسني الفاسى المكي (المتوفى: 832 ه)	ShamelaY19	20989	0.58071
		جياد المسلسلات للسيوطي	عبد الرحمن بن أبي بكر، جلال الدين السيوطي (المتوفى: 911ه)	Sham19Y	11479	0.5807
		الإشارة إلى سيرة المصطفى وتاريخ من بعده من الخلفا	مغلطاي بن قليج بن عبد الله البكجري المصري الحكري الحنفي، أبو عبد الله، علاء الدين (المتوفى: 762ه)	ShamelaY19	122236	0.58066
		من أحاديث محمد بن يحيى الذهلي رواية المعقلي عنه - مخطوط (ن)	محمد بن يحيى بن عبد الله الذهلي، مولاهم، النيسابورى، أبو عبد الله (المتوفى: 258ه)	ShamelaY19	21684	0.58061
		إبصار العين في أنصار الحسين(ع)‏	الشيخ محمد السماوي	Masaha	1823	0.58056
		عمدة عيون صحاح الأخبار في مناقب إمام الأبرار	شمس الدين يحيى بن الحسن الأسدي الربعي الحلّي [ الحافظ ابن البطريق ]	Rafed	1655	0.5805
		معجم أبي يعلى الموصلي	أبو يعلى أحمد بن علي بن المثنى بن يحيى بن عيسى بن هلال التميمي، الموصلي (المتوفى: 307ه)	Sham19Y	13175	0.58049
		منتخب الطبراني لابنه	الطبراني	ShamAY	35230	0.58031
		الشجره الطيبه في الارض المخصبه	سيدمهدي رجايي	Ghbook	15624	0.5803
		الفرج بعد الشدة لابن أبي الدنيا	أبو بكر عبد الله بن محمد بن عبيد بن سفيان بن قيس البغدادي الأموي القرشي المعروف بابن أبي الدنيا (المتوفى: 281هـ)	ShamAY	9307	0.58028
		أمالي أبي الفتح المقدسي - المجلس الحادي والعشرون بعد المائة	نصر بن إبراهيم بن نصر بن إبراهيم ابن داود النابلسي المقدسي، أبو الفتح الشافعي (المتوفى: 490ه)	ShamelaY19	30574	0.58024
		العقد الثمين فى تاريخ البلد الأمين	تقي الدين محمد بن أحمد الحسني الفاسى المكي (المتوفى: 832 هـ)	ShamAY	38892	0.58024
		كتاب الأربعين في فضائل ذكر رب العالمين	مسافر بن محمد بن حاجي الدمشقي (المتوفى: 420ه)	ShamelaY19	30587	0.58016
		وسائل الشيعة [ج ٢٧]	محمد بن الحسن الحرّ العاملي [ العلامة الشيخ حرّ العاملي ]	Rafed	354	0.58011
		أمالي أبي الفتح المقدسي - المجلس الحادي والعشرون بعد المائة	نصر بن إبراهيم بن نصر بن إبراهيم ابن داود النابلسي المقدسي، أبو الفتح الشافعي (المتوفى: 490ه)	Sham19Y	29774	0.58001
		حديث السلفي عن حاكم الكوفة (مطبوع ضمن كتاب جمهرة الأجزاء الحديثية)	صدر الدين، أبو طاهر السِّلَفي أحمد بن محمد بن أحمد بن محمد بن إبراهيم سِلَفَه الأصبهاني (المتوفى: 576هـ)	ShamAY	9448	0.57999
		نصب الراية لأحاديث الهداية مع حاشيته بغية الألمعي في تخريج الزيلعي	جمال الدين أبو محمد عبد الله بن يوسف بن محمد الزيلعي (المتوفى: 762هـ)	ShamAY	11428	0.57985
		مائة منقبة	ابن شاذان القمي‏	Masaha	2852	0.57976
		مجموع فيه مصنفات أبي الحسن ابن الحمامي وأجزاء حديثية أخرى	مجموعة من المؤلفين	ShamelaY19	38193	0.57975
		الإنصاف فيما بين علماء المسلمين في قراءة بسم الله الرحمن الرحيم في فاتحة الكتاب.	أبو عمر يوسف بن عبد الله بن محمد بن عبد البر بن عاصم النمري القرطبي (المتوفى: 463هـ)	ShamAY	13000	0.57975
		أخبار فخ وخبر يحيي بن عبد الله وأخيه إدريس بن عبد الله (انتشار الحركة الزيدية في اليمن والمغرب والديلم)	أحمد بن سهل الرازي (المتوفي في الربع الأول من القرن الرابع)	ShamelaY19	117366	0.57972
		الأموال لابن زنجويه	أبو أحمد حميد بن مخلد بن قتيبة بن عبد الله الخرساني المعروف بابن زنجويه (المتوفى: 251هـ)	ShamAY	338	0.57972
		تبييض الصحيفة بأصول الأحاديث الضعيفة	محمد عمرو بن عبد اللطيف	Sham19Y	10280	0.57972
		تراثنا ـ العددان [ 41 و 42 ]	مؤسسة آل البيت عليهم السلام لإحياء التراث ـ قم	Rafed	2810	0.57965
		جزء ما رواه الزبير عن غير جابر لأبي الشيخ الأصبهاني	أبو محمد عبد الله بن محمد بن جعفر بن حيان الأنصاري المعروف بأبِي الشيخ الأصبهاني (المتوفى: 369هـ)	ShamAY	13108	0.57953
		نفحات الأزهار في خلاصة عبقات الأنوار [ج ٥]	السيّد علي الحسيني الميلاني	Rafed	433	0.57938
		إتحاف المهرة بالفوائد المبتكرة من أطراف العشرة	أبو الفضل أحمد بن علي بن محمد بن أحمد بن حجر العسقلاني (المتوفى : 852هـ)	ShamAY	26324	0.57932
		مجموع فيه مصنفات أبي الحسن ابن الحمامي وأجزاء حديثية أخرى	مجموعة من المؤلفين	ShamAY	1379	0.57918
		الفوائد المنتقاة الغرائب لابن معروف بانتخاب الدارقطني - مخطوط	أبو محمد عبيد الله بن أحمد بن معروف البغدادي	ShamAY	32880	0.57916
		معجم نواصب المحدثين	عبدالرحمن العقيلي	Ghbook	12323	0.57916
		 حلية الأبرار في أحوال محمد وآله الأطهار ( ع ) 	 السيد هاشم البحراني 	ABLibrary	7486	0.5791
		من حديث أبي الحسن مشرق بن عبد الله الحنيفي - مخطوط	أبو الحسن مشرق بن عبد الله الفقيه الحنيفي الزاهد	ShamAY	32869	0.57904
		أخبار أبي حفص عمر بن عبد العزيز رحمه الله وسيرته	أبو بكر محمد بن الحسين بن عبد الله الآجري البغدادي (المتوفى: 360ه)	Sham19Y	6650	0.57893
		كتاب الصلاة على النبي صلى الله عليه وسلم	أبو بكر بن أبي عاصم وهو أحمد بن عمرو بن الضحاك بن مخلد الشيباني (المتوفى: 287هـ)	ShamAY	1366	0.57892
		جلاء الأفهام في فضل الصلاة على محمد خير الأنام	محمد بن أبي بكر بن أيوب بن سعد شمس الدين ابن قيم الجوزية (المتوفى: 751هـ)	ShamAY	6829	0.57891
		الخلاصةُ في أحكام الحديثِ الضَّعيفِ	علي بن نايف الشحود	ShamAY	37297	0.57883
		عُجالةُ الرّاغِب المُتَمَنِّي في تخريج كِتابِ «عَمَلِ اليَوم وَالليلة» لابن السُّنِّي	أبو أسامة، سليم بن عيد الهلالي	ShamAY	31749	0.57881
		القدر وما ورد فيه من الآثار لابن وهب	أبو محمد عبد الله بن وهب بن مسلم المصري القرشي (المتوفى: 197هـ)	ShamAY	5604	0.57879
		المحتضرين لابن أبي الدنيا - ط أطلس الخضراء = مقابل	أبو بكر عبد الله بن محمد ابن أبي الدنيا	ShamAY	38114	0.57877
		المفاريد عن رسول الله صلى الله عليه وسلم	أبو يعلى أحمد بن علي بن المثُنى بن يحيى بن عيسى بن هلال التميمي، الموصلي (المتوفى: 307هـ)	ShamAY	13069	0.57873
		مناقب الشافعي للأبري	محمد بن الحسين بن إبراهيم بن عاصم، أبو الحسن الآبري السجستاني (المتوفى: 363ه)	ShamelaY19	26768	0.57872
		صفة النفاق وذم المنافقين للفريابي	أبو بكر جعفر بن محمد بن الحسن بن المُسْتَفاض الفِرْيابِي (المتوفى: 301هـ)	ShamAY	8235	0.57871
		الموافقات العوالي للضياء المقدسي_2	ضياء الدين أبو عبد الله محمد بن عبد الواحد المقدسي (المتوفى: 643هـ)	ShamAY	29738	0.5787
		أخبار النحويين البصريين للسيرافي	الحسن بن عبد الله بن المرزبان السيرافي، أبو سعيد (المتوفى: 368هـ)	ShamAY	26338	0.57861
		الحسين عليه السلام في مواجهة الضلال الأموي وإحياء سيرة النبي صلّى الله عليه وآله وعلي عليه السلام	السيّد سامي البدري	Rafed	1551	0.57853
		المجلس 128 من أمالي أبي القاسم السمرقندي	أَبُو القَاسِمِ إِسْمَاعِيْلُ بنُ أَحْمَدَ بنِ عُمَرَ بنِ أَبِي الأَشْعَثِ السَّمَرْقَنْديُّ، الدِّمَشْقِيُّ المَوْلِدِ، البَغْدَادِيُّ الوَطَنِ (المتوفى: 536هـ)	ShamAY	29902	0.57851
		روايات ونسخ الجامع الصحيح للإمام أبي عبد الله محمد بن إسماعيل البخاري «دراسة وتحليل»	د محمد بن عبد الكريم بن عبيد	Sham19Y	9843	0.57848
		الجزء الثاني من الفوائد المنتقاة الغرائب الحسان لابن المظفر - مخطوط	أبو الحسين بن المظفر	ShamAY	32753	0.57844
		أخبار المصحفين	أبو أحمد الحسن بن عبد الله بن سعيد بن إسماعيل العسكري (المتوفى: 382هـ)	ShamAY	6722	0.57843
		جزء فيه أحاديث أبي عبد الله الحسين بن الحسن الغضائري	أبو عبد الله الحسين بن الحسن بن محمد بن حلبس المخزومي، الغضائري، البغدادي (المتوفى: 414ه)	ShamelaY19	26395	0.57836
		المنهل العذب الروي في ترجمة قطب الأولياء النووي	شمس الدين أبو الخير محمد بن عبد الرحمن بن محمد السخاوي (المتوفى: 902هـ)	ShamAY	317	0.57834
		من حديث أبي الحسين محمد بن إبراهيم بن سلمة الكهيلي- مخطوط		ShamAY	32802	0.57828
		المخزون في علم الحديث	أبو الفتح محمد بن الحسين بن أحمد بن عبد الله بن بريدة الموصلي الأزدي (المتوفى: 374هـ)	ShamAY	1458	0.57827
		الغيبة	الشيخ الطوسي	Masaha	2069	0.57821
		حكايات شعبة بن الحجاج	أبو القاسم عبد الله بن محمد بن عبد العزيز بن المَرْزُبان بن سابور بن شاهنشاه البغوي (المتوفى: 317هـ)	ShamAY	29715	0.57804
		ابو الحسين زيد الشهيد	السيد محسن بن عبد الكريم الأمين	Rafed	228	0.57802
		بحوث في الملل والنّحل [ج ٧]	الشيخ جعفر السبحاني	Rafed	202	0.57797
		جلاء الأفهام (دار ابن كثير)	الواحدي :: ابن القيم	ShamAY	34424	0.57796
		الأحكام الوسطى من حديث النبي - صلى الله عليه وسلم -	عبد الحق بن عبد الرحمن بن عبد الله بن الحسين بن سعيد إبراهيم الأزدي، الأندلسي الأشبيلي، المعروف بابن الخراط (المتوفى: 581 ه)	Sham19Y	17903	0.57796
		فقدالاعتدال في نقدالرجال: دراسة تحليلية لشرطية عدالةالراوي عندالجمهور	محمد كروي	Ghbook	10926	0.57794
		الجزء العشرون من المشيخة البغدادية	صدر الدين، أبو طاهر السلفي أحمد بن محمد بن أحمد بن محمد بن إبراهيم سلفه الأصبهاني (المتوفى: 576ه)	ShamelaY19	30631	0.5779
		 مسند الإمام الصادق ( ع ) 	 الشيخ عزيز الله عطاردي 	ABLibrary	7714	0.57783
		الديباج للختلي	إسحاق بن إبراهيم بن سنين أبو القاسم الختلي (المتوفى: 283ه)	ShamelaY19	26489	0.57775
		الأحكام الوسطى من حديث النبي - صلى الله عليه وسلم -	عبد الحق بن عبد الرحمن بن عبد الله بن الحسين بن سعيد إبراهيم الأزدي، الأندلسي الأشبيلي، المعروف بابن الخراط (المتوفى: 581 هـ)	ShamAY	32518	0.57775
		الموافقات العوالي للضياء المقدسي_2	ضياء الدين أبو عبد الله محمد بن عبد الواحد المقدسي (المتوفى: 643ه)	ShamelaY19	29738	0.57773
		أحاديث لعلي بن عمر الحربي في آخر السادس من كتاب المناسك الكبير عن أحمد بن حنبل - مخطوط	أبو الحسن علي بن عمر السكري الحربي	ShamAY	32958	0.57771
		ذيل القول المسدد في الذب عن المسند للإمام أحمد	قاضي الملك محمد صبغة الله بن محمد غوث بن محمد ناصر الدين المدارسي الهندي الشافعي (المتوفى: 1280هـ)	ShamAY	8637	0.57769
		جزء من حديث أبي حفص عمر بن أحمد ابن شاهين عن شيوخه	أبو حفص عمر بن أحمد بن عثمان بن أحمد بن محمد بن أيوب بن أزداذ البغدادي المعروف بـ ابن شاهين (المتوفى: 385هـ)	ShamAY	8226	0.57769
		الثبات عند الممات	جمال الدين أبو الفرج عبد الرحمن بن علي بن محمد الجوزي (المتوفى: 597ه)	Sham19Y	6789	0.57768
		جزء من حديث أبي علي الصواف	محمد بن أحمد بن الحسن بن إسحاق ابن الصواف، أبو علي البغدادي (المتوفى: 359هـ)	ShamAY	29898	0.57761
		تحريم نكاح المتعة	نصر بن إبراهيم بن نصر بن إبراهيم ابن داود النابلسي المقدسي، أبو الفتح المعروف بابن أبي حافظ (المتوفى: 490هـ)	ShamAY	9391	0.57759
		الصارم المنكي في الرد على السبكي	شمس الدين محمد بن أحمد بن عبد الهادي الحنبلي (المتوفى: 744ه)	Sham19Y	8622	0.57755
		ما هي صفات الفرقه الناجيه ؟	خليفه عبيد كلباني عماني	Ghbook	7698	0.57752
		السنة لعبد الله بن أحمد - ت: عادل آل حمدان	أبو عبد الرحمن عبد الله بن أحمد بن محمد بن حنبل الشيبانيّ البغدادي (المتوفى: 290 هـ)	ShamAY	33843	0.57742
		الإمامة والتبصرة من الحيرة	علي بن بابويه القمي	Masaha	90	0.57731
		من حديث عبد الباقي بن قانع وجعفر بن هارون الدينوري لأبي علي ابن شاذان - مخطوط	أبو علي الحسن بن أحمد ابن شاذان	ShamAY	32934	0.57723
		الشعور بالعور	صلاح الدين خليل بن أيبك بن عبد الله الصفدي (المتوفى: 764هـ)	ShamAY	6939	0.57722
		خماسيات ابن النقور	أَبُو بَكْرٍ عَبْدُ اللهِ ابْنُ الشَّيْخِ أَبِي مَنْصُوْرٍ مُحَمَّدِ ابْنِ الشَّيْخِ الكَبِيْرِ أَبِي الحُسَيْنِ أَحْمَدَ بن مُحَمَّدِ بنِ عَبْدِ اللهِ بنِ النَّقُّوْرِ البَغْدَادِيُّ، البَزَّازُ (المتوفى: 565هـ)	ShamAY	29932	0.5771
		تبيين العجب ممن ضعف حديث زينب بنت كعب	أَبُو مُحَمَّدٍ أَحْمَدُ شِحَاتَهْ الأَلْفِيُّ السَّكَنْدَرِيُّ	ShamAY	33061	0.57697
		دراسة حديث " ما بين بيتي ومنبري روضة من رياض الجنة ". رواية ودراية	عبد العزيز بن محمد السعيد	ShamAY	34031	0.57694
		 حلية الأبرار 	 السيد هاشم البحراني 	ABLibrary	95	0.57694
		دليل أرباب الفلاح لتحقيق فن الاصطلاح	حافظ بن أحمد حكمي	ShamAY	37276	0.57689
		اختيار معرفه الرجال	محمد بن حسن شيخ طوسي ( شيخ الطائفه )	Ghbook	7172	0.57688
		الجواهر والدرر في ترجمة شيخ الإسلام ابن حجر	شمس الدين أبو الخير محمد بن عبد الرحمن بن محمد بن أبي بكر بن عثمان بن محمد السخاوي (المتوفى: 902هـ)	ShamAY	32249	0.5768
		الهم والحزن لابن أبي الدنيا - ط أطلس الخضراء = مقابل	أبو بكر عبد الله بن محمد ابن أبي الدنيا	ShamAY	38155	0.57677
		 مجموع بلدان اليمن وقبائلها 	 محمد بن أحمد الحجري اليماني 	ABLibrary	9176	0.57675
		فنون العجائب في أخبار الماضيين من بني إسرائيل وغيرهم من العباد والزاهدين	أبو سعيد محمد بن علي بن عمر بن مهدي الأصبهاني الحنبلي النقاش (المتوفى: 414هـ)	ShamAY	9754	0.57653
		مسند الإمام أبي حنيفة رواية أبي نعيم	أبو نعيم أحمد بن عبد الله بن أحمد بن إسحاق بن موسى بن مهران الأصبهاني (المتوفى: 430هـ)	ShamAY	6721	0.57638
		جزء فيه عشرة أحاديث منتقاة من عشرة الحداد لابن حجر	ابن حجر العسقلاني (852 هـ)	ShamAY	33575	0.57635
		فنون العجائب لأبي سعيد النقاش - ت: مشهور	أبي سعيد محمد بن علي بن أبي اسحاق القراب	ShamAY	33623	0.57632
		كتاب الأربعين في فضائل ذكر رب العالمين	مسافر بن محمد بن حاجي الدمشقي (المتوفى: 420هـ)	ShamAY	30587	0.57619
		هدية الأحياء للأموات وما يصل إليهم من النفع والثواب على ممر الأوقات	أَبُو الحَسَنِ عَلِيُّ بنُ أَحْمَدَ بنِ يُوْسُفَ بن جَعْفَرِ الهَكَّارِي (المتوفى: 486هـ)	ShamAY	26926	0.57618
		تهذيب الأحكام [ج ٦]	أبي جعفر محمّد بن الحسن بن علي بن الحسن الطّوسي [ شيخ الطائفة ]	Rafed	737	0.57614
		الفرائد على مجمع الزوائد «ترجمة الرواة الذين لم يعرفهم الحافظ الهيثمي»	أبو عبد الله، خليل بن محمد بن عوض الله المطيري العربي	ShamAY	31753	0.57609
		معجم البلدان [ج ٢]	شهاب الدين أبي عبدالله ياقوت بن عبدالله الحموي الرومي البغدادي	Rafed	2620	0.57604
		الصَّارِمُ المُنْكِي في الرَّدِّ عَلَى السُّبْكِي	شمس الدين محمد بن أحمد بن عبد الهادي الحنبلي (المتوفى: 744هـ)	ShamAY	8622	0.57594
		المزكيات وهي الفوائد المنتخبة الغرائب العوالي من حديث أبي إسحاق المزكي انتقاء وتخريج الدارقطني	أَبُو إِسْحَاقَ إِبْرَاهِيْمُ بنُ مُحَمَّدِ بنِ يَحْيَى بنِ سَخْتَوَيْه النَّيْسَابُوْرِيُّ المُزَكِّي (المتوفى: 362هـ)	ShamAY	1375	0.57592
		جياد المسلسلات للسيوطي	عبد الرحمن بن أبي بكر، جلال الدين السيوطي (المتوفى: 911هـ)	ShamAY	11479	0.57588
		جزء فيه مجلسان من أمالي أبي الحسين بن بشران	علي بن محمد بن عبد الله بن بشران الأموي أبو الحسين البغدادي المعدل (المتوفى: 415هـ)	ShamAY	26562	0.57587
		ذم الكذب - من الصمت وآداب اللسان	أبو بكر عبد الله بن محمد بن عبيد بن سفيان بن قيس البغدادي الأموي القرشي المعروف بابن أبي الدنيا (المتوفى: 281هـ)	ShamAY	8071	0.57582
		فرض طلب العلم للآجري	الواحدي :: الآجري	ShamAY	33657	0.5757
		من له كتاب عن يوم الجمل	مشتاق طالب محمد	Masaha	442	0.57569
		الأربعون الصغرى المخرجة في أحوال عباد الله تعالى وأخلاقهم	أبو بكر أحمد بن الحسين البيهقي	ShamAY	33600	0.57564
		كتاب الأربعين في فضائل ذكر رب العالمين	مسافر بن محمد بن حاجي الدمشقي (المتوفى: 420ه)	Sham19Y	30587	0.57564
		تنوير الحوالك شرح موطأ مالك	عبد الرحمن بن أبي بكر، جلال الدين السيوطي (المتوفى: 911هـ)	ShamAY	33522	0.5756
		استدراكات البعث والنّشور	أبي بكر أحمد بن الحسين البيهقي	Rafed	701	0.57559
		منهج الإمام ابن الجارود النيسابوري (ت 307 هـ) في كتابه " المنتقى "	عاصم القريوتي	ShamAY	37328	0.57558
		من اسمه عطاء من رواة الحديث	سليمان بن أحمد بن أيوب بن مطير اللخمي الشامي، أبو القاسم الطبراني (المتوفى: 360هـ)	ShamAY	12864	0.57552
		فض الوعاء في أحاديث رفع اليدين بالدعاء	عبد الرحمن بن أبي بكر، جلال الدين السيوطي (المتوفى: 911هـ)	ShamAY	6262	0.57539
		دراسة أقوال العلماء في حديث (أرحم أمتي بأمتي أبو بكر ... )	ربيع بن هادي المدخلي	ShamAY	33028	0.57532
		مسند الإمام الصادق أبي عبد الله جعفر بن محمد(ع) - الجزء1	عزيز الله عطاردي‏	Masaha	2448	0.57524
		الجزء العشرون من المشيخة البغدادية	صدر الدين، أبو طاهر السِّلَفي أحمد بن محمد بن أحمد بن محمد بن إبراهيم سِلَفَه الأصبهاني (المتوفى: 576هـ)	ShamAY	30631	0.57523
		الترشيح لبيان صلاة التسبيح لابن طولون	ابن طولون (953 هـ)	ShamAY	33558	0.57516
		روايات ونسخ الجامع الصحيح للإمام أبي عبد الله محمد بن إسماعيل البخاري «دراسة وتحليل»	د محمد بن عبد الكريم بن عبيد	ShamAY	9843	0.57505
		فهارس الشيعه	مهدي خداميان آراني	Ghbook	9581	0.57505
		الباعث الحثيث إلى اختصار علوم الحديث	أبو الفداء إسماعيل بن عمر بن كثير القرشي البصري ثم الدمشقي (المتوفى: 774هـ)	ShamAY	21571	0.575
		المنتقى من سماعات محمد بن عبد الرحيم المقدسي	محمد بن عبد الرحيم بن عبد الواحد بن أحمد بن عبد الرحمن المقدسي شمس الدين المعروف بابن الكمال الحنبلي (المتوفى: 688هـ)	ShamAY	30696	0.57495
		ابو الحسين زيد الشهيد	السيد محسن الأمين	Masaha	1648	0.57495
		مسند الإمام الباقر أبي جعفر محمد بن علي(ع) - الجزء1	عزيز الله عطاردي‏	Masaha	2442	0.57492
		ترجمة مسلمة بن مخلد وبيان صحبته للنبي صلى الله عليه وسلم	يوسف بن عبد الرحمن بن يوسف، أبو الحجاج، جمال الدين ابن الزكي أبي محمد القضاعي الكلبي المزي (المتوفى: 742هـ)	ShamAY	26893	0.57485
		الهواتف = هواتف الجنان لابن أبي الدنيا	أبو بكر عبد الله بن محمد بن عبيد بن سفيان بن قيس البغدادي الأموي القرشي المعروف بابن أبي الدنيا (المتوفى: 281هـ)	ShamAY	28237	0.57481
		 التعليقة على أصول الكافي 	 السيد محمد باقر الداماد ( الميرداماد ) 	ABLibrary	7912	0.57479
		حديث ذي النون المصري	ذُوْ النُّوْنِ المِصْرِيُّ ثَوْبَانُ بنُ إِبْرَاهِيْمَ وَقِيْلَ: فَيْضُ بنُ أَحْمَدَ وَقِيْلَ: فَيْضُ بنُ إِبْرَاهِيْمَ النُّوْبِيُّ، الإِخْمِيْمِيُّ (المتوفى: 248هـ)	ShamAY	30738	0.57477
		الغارات	ابراهيم بن محمد ثقفي	Ghbook	2633	0.57457
		الإبانة عن شريعة الفرقة الناجية. الكتاب الرابع (جزء في فضائل الصحابة)	أبو عبدالله عبيدالله بن محمد بن بطة العكبري الحنبلي	ShamAY	33871	0.57454
		العلل الكبير للترمذي = ترتيب علل الترمذي الكبير	محمد بن عيسى بن سَوْرة بن موسى بن الضحاك، الترمذي، أبو عيسى (المتوفى: 279هـ)	ShamAY	13131	0.57449
		الصحيح المسند مما ليس في الصحيحين	أبو عبد الرحمن مقبل بن هادي الوادعي (المتوفى: 1422 ه)	ShamelaY19	133366	0.57441
		الفروق في مباحث الكتاب والسنة عند الأصوليين	هشام السعيد	ShamAY	37526	0.5744
		إحقاق الحقّ وإزهاق الباطل [ج ٢٦]	آية الله السيّد شهاب الدين الحسيني المرعشي النجفي	Rafed	2794	0.5744
		معجم أبي يعلى الموصلي	أبو يعلى أحمد بن علي بن المثُنى بن يحيى بن عيسى بن هلال التميمي، الموصلي (المتوفى: 307هـ)	ShamAY	13175	0.57437
		مجموع بلدان اليمن وقبائلها [ج ١]	محمّد بن أحمد الحجري اليماني	Rafed	2489	0.57433
		الأحاديث التي حكم عليها الترمذي بالنكارة جمعا ودراسة	محمد بن تركي التركي	ShamAY	34020	0.57432
		جزء ابن عمشليق	أحمد بن علي بن محمد الجعفري أبو الطيب (المتوفى: ق 4هـ)	ShamAY	5660	0.57416
		التسوية بين حدثنا وأخبرنا	أبو جعفر أحمد بن محمد بن سلامة بن عبد الملك بن سلمة الأزدي الحجري المصري المعروف بالطحاوي (المتوفى: 321هـ)	ShamAY	9380	0.57415
		الهواتف لابن أبي الدنيا - ط أطلس الخضراء = مقابل	أبو بكر عبد الله بن محمد ابن أبي الدنيا	ShamAY	38066	0.57411
		الثبات عند الممات	جمال الدين أبو الفرج عبد الرحمن بن علي بن محمد الجوزي (المتوفى: 597هـ)	ShamAY	6789	0.57407
		الديباج للختلي	إسحاق بن إبراهيم بن سنين أبو القاسم الخَتْلي (المتوفى: 283هـ)	ShamAY	1326	0.57406
		عيد الغدير في الاسلام و التتويج و القربات يوم الغدير	عبدالحسين اميني ( علامه اميني )	Ghbook	7678	0.574
		دلائل النبوة لأبي نعيم الأصبهاني	أبو نعيم أحمد بن عبد الله بن أحمد بن إسحاق بن موسى بن مهران الأصبهاني (المتوفى: 430هـ)	ShamAY	10637	0.57399
		إتحاف الخيرة المهرة بزوائد المسانيد العشرة	أبو العباس شهاب الدين أحمد بن أبي بكر بن إسماعيل بن سليم بن قايماز بن عثمان البوصيري الكناني الشافعي (المتوفى: 840هـ)	ShamAY	21765	0.57398
		مقتضب الأثر في النص على الأئمة الإثني عشر(ع)	أحمد بن محمد الجوهري‏	Masaha	3308	0.57398
		مجموع فيه ثلاثة أجزاء حديثية - جرار	مجموعة من المؤلفين	ShamelaY19	29857	0.5739
		من بحوث ماهر الفحل	الدكتور ماهر ياسين الفحل	ShamAY	1767	0.57387
		ذم الثقلاء	محمد بن خلف بن المرزبان بن بسام، أبو بكر المحولي (المتوفى: 309هـ)	ShamAY	6769	0.57387
		الأمثال للرامهرمزي	القاضي أبي محمد الحسن الرامهرمزي	ShamAY	33533	0.57369
		منتقى من كتاب الوسوسة لابن أبي داود - مخطوط	أبو بكر عبد الله بن أبي داود سليمان بن الأشعث السجستاني	ShamAY	32914	0.57368
		كتابة الحديث بين النهي والإذن	أحمد بن محمد حميد	Sham19Y	11345	0.57367
		أحاديث أبي الحسين الكلابي	أبو الحسين عبد الوهاب بن الحسن بن الوليد بن موسى الكلابي الدمشقي (المتوفى: 396ه)	ShamelaY19	30022	0.57366
		معجم الشعراء	محمد بن عمران مرزباني	Masaha	2355	0.57365
		صفة الجنة وما أعد الله لأهلها من النعيم	أبو بكر عبد الله بن محمد بن عبيد بن سفيان بن قيس البغدادي الأموي القرشي المعروف بابن أبي الدنيا (المتوفى: 281هـ)	ShamAY	1430	0.5736
		 مسند الإمام الكاظم ( ع ) 	 الشيخ عزيز الله عطاردي 	ABLibrary	7736	0.57349
		الشفاء في نظم حديث الكساء: ومداركه لدي الفريقين	حسين عبدالسيد النصار	Ghbook	12340	0.57347
		نقد الرجال [ج ٥]	السيد مصطفى بن الحسين الحسيني التفرشي	Rafed	140	0.57346
		صفة الجنة لابن أبي الدنيا ت سليم	أبو بكر عبد الله بن محمد بن عبيد بن سفيان بن قيس البغدادي الأموي القرشي المعروف بابن أبي الدنيا (المتوفى: 281هـ)	ShamAY	8234	0.57343
		التعليقة على أصول الكافي	السيد محمد باقر الميرداماد	Masaha	4760	0.57342
		وسائل الشيعه الي تحصيل مسائل الشريعه	محمد بن حسن حر عاملي	Ghbook	10384	0.57342
		 مسند الإمام الباقر ( ع ) 	 الشيخ عزيز الله عطاردي 	ABLibrary	7708	0.57341
		طيّب الكلِم في صلة الرحِم	أبو يوسف محمد زايد	ShamAY	35200	0.57335
		من بحوث ماهر الفحل	الدكتور ماهر ياسين الفحل	Sham19Y	1767	0.57335
		الصحيح المسند مما ليس في الصحيحين	أبو عبد الرحمن مقبل بن هادي الوادعي (المتوفى: 1422 ه)	Sham19Y	133366	0.57333
		تذكرة الحفاظ لابن القيسراني =أطراف أحاديث كتاب المجروحين لابن حبان	أبو الفضل محمد بن طاهر بن علي بن أحمد المقدسي الشيباني، المعروف بابن القيسراني (المتوفى: 507هـ)	ShamAY	1578	0.57328
		الرد على الجهمية ت الشوامي	أبي سَعِيدٍ عُثمَانَ بن سعِيدٍ الدَّارمِيِّ	ShamAY	32551	0.57328
		جزء القاسم بن موسى الأشيب	القاسم بن موسى بن الحسن بن موسى الأشيب أبو محمد البغدادي (المتوفى: 302ه)	ShamelaY19	29702	0.57321
		تاريخ صنعاء	إسحاق بن يحيي الطبري الصنعاني	Masaha	4117	0.57321
		 الضوء اللامع لأهل القرن التاسع 	 شمس الدين السخاوي 	ABLibrary	947	0.57317
		مسند الإمام الكاظم أبي الحسن موسى بن جعفر(ع) - الجزء1	عزيز الله عطاردي‏	Masaha	2470	0.57304
		في خبر تزويج ام كلثوم من عمر	آيت الله علي حسيني ميلاني	Ghbook	7685	0.57304
		جزء من تخريج أحمد بن عبد الواحد البخاري	الشمس، أبو العباس أحمد بن عبد الواحد بن أحمد المقدسي، الحنبلي، الملقب بالبخاري (المتوفى: 623ه)	ShamelaY19	30055	0.57301
		كتاب السنة (ومعه ظلال الجنة في تخريج السنة بقلم: محمد ناصر الدين الألباني)	أبو بكر بن أبي عاصم وهو أحمد بن عمرو بن الضحاك بن مخلد الشيباني (المتوفى: 287هـ)	ShamAY	12051	0.57293
		لحن القرآن		ShamAY	36858	0.57288
		المطر والرعد والبرق لابن أبي الدنيا	أبو بكر عبد الله بن محمد بن عبيد بن سفيان بن قيس البغدادي الأموي القرشي المعروف بابن أبي الدنيا (المتوفى: 281هـ)	ShamAY	8273	0.57285
		حسن الظن بالله عز وجل لابن أبي الدنيا - ط أطلس الخضراء = مقابل	أبو بكر عبد الله بن محمد ابن أبي الدنيا	ShamAY	38085	0.57282
		جزء القاضي أبي القاسم الميانجي	يوسف بن القاسم بن يوسف بن فارس بن سوار، أبو بكر الميانجي (المتوفى: 375ه)	ShamelaY19	29728	0.57281
		 بحوث في الملل والنحل 	 الشيخ السبحاني 	ABLibrary	8361	0.57272
		غارة الفصل على المعتدين على كتب العلل	أبو عبد الرحمن مقبل بن هادي بن مقبل بن قائدة (اسم رجل) الهمداني الوادعي (المتوفى: 1422ه)	ShamelaY19	96786	0.57269
		مائة منقبة	محمّد بن أحمد بن الحسن بن شاذان القمي	Rafed	1178	0.57269
		 استدراكات البعث والنشور 	 أحمد بن الحسين البيهقي 	ABLibrary	8331	0.57267
		أخبار مكة في قديم الدهر وحديثه	أبو عبد الله محمد بن إسحاق بن العباس المكي الفاكهي (المتوفى: 272ه)	ShamelaY19	22579	0.57265
		المسند الصحيح المختصر بنقل العدل عن العدل إلى رسول الله صلى الله عليه وسلم	مسلم بن الحجاج أبو الحسن القشيري النيسابوري (المتوفى: 261هـ)	ShamAY	1161	0.57265
		فارس الإسلام أبو سليمان خالد بن الوليد	محمد مال الله	ShamAY	35835	0.57258
		سنن الترمذي ت شاكر	محمد بن عيسى بن سَوْرة بن موسى بن الضحاك، الترمذي، أبو عيسى (المتوفى: 279هـ)	ShamAY	1159	0.57252
		موسوعة أحكام الطهارة	أبو عمر دُبْيَانِ بن محمد الدُّبْيَانِ	ShamAY	32122	0.57244
		جزء الحسن بن عرفة العبدي	أبو علي الحسن بن عرفة بن يزيد العبدي البغدادي (المتوفى: 257هـ)	ShamAY	9313	0.57235
		أخبار مكة في قديم الدهر وحديثه	أبو عبد الله محمد بن إسحاق بن العباس المكي الفاكهي (المتوفى: 272هـ)	ShamAY	22579	0.57235
		مسند عبد الرحمن بن عوف للبرتي	أبو العباس أحمد بن محمد بن عيسى بن الأزهر البِرْتي البغدادي القاضي الحنفي (المتوفى: 280هـ)	ShamAY	13168	0.57232
		أخبار وحكايات لأبي الحسن الغساني	محمد بن الفيض بن محمد بن الفياض أبو الحسن ويقال أبو الفيض الغساني (المتوفى: 315هـ)	ShamAY	5650	0.57229
		من أحاديث محمد بن يحيى الذهلي رواية المعقلي عنه - مخطوط (ن)	محمد بن يحيى بن عبد الله الذُّهْلي، مولاهم، النيسابورىّ، أبو عبد الله (المتوفى: 258هـ)	ShamAY	21684	0.57213
		أخبار مكة - مكتبة الثقافة الدينية	الواحدي :: الأزرقي	ShamAY	33816	0.57203
		مناقب الشافعي للأبري	محمد بن الحسين بن إبراهيم بن عاصم، أبو الحسن الآبري السجستاني (المتوفى: 363هـ)	ShamAY	26768	0.57194
		طبقات القراء السبعة وذكر مناقبهم وقراءاتهم	عبد الوهاب بن يوسف بن إبراهيم، ابن السلار الشافعي (المتوفى: 782ه)	ShamelaY19	30067	0.57189
		قلادة النحر في وفيات أعيان الدهر	أبو محمد الطيب بن عبد الله بن أحمد بن علي بامخرمة، الهِجراني الحضرمي الشافعي (870 - 947 هـ)	ShamAY	38898	0.57183
		الجزء الأول من فوائد أبي القاسم ابن أبي العقب الهمداني - مخطوط		ShamAY	32749	0.57171
		الفهرست - منتجب الدين	منتجب الدين علي بن بابويه رازي	Ghbook	2455	0.57163
		مصادر الفقه المالكي «أصولا وفروعا في المشرق والمغرب قديما وحديثا»	أبو عاصم بشير ضيف بن أبي بكر بن البشير بن عمر العربي نسباً الجزائري بلداً المالكي مذهباً	ShamAY	32023	0.57161
		نصب الراية لأحاديث الهداية مع حاشيته بغية الألمعي في تخريج الزيلعي	جمال الدين أبو محمد عبد الله بن يوسف بن محمد الزيلعي (المتوفى: 762ه)	Sham19Y	11428	0.57158
		كتابة الحديث بين النهي والإذن	أحمد بن محمد حميد	ShamAY	11345	0.57154
		الضوء اللامع لأهل القرن التاسع	شمس الدين أبو الخير محمد بن عبد الرحمن بن محمد بن أبي بكر بن عثمان بن محمد السخاوي (المتوفى: 902هـ)	ShamAY	6675	0.57153
		المسند الصحيح المختصر بنقل العدل عن العدل إلى رسول الله صلى الله عليه وسلم	أبو الحسين مسلم بن الحجاج القشيري النيسابوري	ShamAY	33938	0.57147
		حديث سفيان بن عيينة رواية الخلعي	علي بن الحسن بن الحسين بن محمد، أبو الحسن الخلعي الشافعي (المتوفى: 492ه)	ShamelaY19	29776	0.57144
		استدراكات البعث والنشور	البيهقي، أبو بكر	ShamAY	33977	0.57136
		وصل بلاغات الموطأ ابن الصلاح	عثمان بن عبد الرحمن، أبو عمرو، تقي الدين المعروف بابن الصلاح (المتوفى: 643هـ)	ShamAY	29413	0.57135
		كلام الليالي والأيام لابن أبي الدنيا - ط أطلس الخضراء = مقابل	أبو بكر عبد الله بن محمد ابن أبي الدنيا	ShamAY	38088	0.57135
		علم علل الحديث ودوره في حفظ السنة النبوية	وصى الله بن محمد عباس	Sham19Y	11300	0.57129
		تاريخ الإسلام و وفيات المشاهير و الأعلام - الجزء1	شمس الدين الذهبي	Masaha	2238	0.57119
		فوائد الفوائد لابن خزيمة	أبو بكر محمد بن إسحاق بن خزيمة بن المغيرة بن صالح بن بكر السلمي النيسابوري (المتوفى: 311ه)	ShamelaY19	26680	0.57117
		غارة الفصل على المعتدين على كتب العلل	أبو عبد الرحمن مقبل بن هادي بن مقبل بن قائدة (اسم رجل) الهمداني الوادعي (المتوفى: 1422ه)	Sham19Y	96786	0.57114
		فضائل القرآن للفريابي	أبو بكر جعفر بن محمد بن الحسن بن المُسْتَفاض الفِرْيابِي (المتوفى: 301هـ)	ShamAY	9320	0.57111
		القطوف الدانية في المسائل الثمانية - الجزء1	السيد عبد المحسن السراوي	Masaha	377	0.5711
		التّوحيد	أبي جعفر محمّد بن علي بن الحسين بن بابويه القمّي [ الشيخ الصدوق ]	Rafed	411	0.57102
		إتحاف الخيرة المهرة بزوائد المسانيد العشرة	أبو العباس شهاب الدين أحمد بن أبي بكر بن إسماعيل بن سليم بن قايماز بن عثمان البوصيري الكناني الشافعي (المتوفى: 840ه)	Sham19Y	21765	0.571
		إتحاف الخيرة المهرة بزوائد المسانيد العشرة	أبو العباس شهاب الدين أحمد بن أبي بكر بن إسماعيل بن سليم بن قايماز بن عثمان البوصيري الكناني الشافعي (المتوفى: 840ه)	ShamelaY19	21765	0.5709
		تاريخ الإسلام وَوَفيات المشاهير وَالأعلام	شمس الدين أبو عبد الله محمد بن أحمد بن عثمان بن قَايْماز الذهبي (المتوفى: 748هـ)	ShamAY	223	0.5709
		 مسند الإمام الصادق ( ع ) 	 الشيخ عزيز الله عطاردي 	ABLibrary	7716	0.57085
		أخبار المصحفين للعسكري	أبو أحمد الحسن بن عبد الله العسكري (ت:382هـ)	ShamAY	34669	0.57078
		مجمع الآداب في معجم الألقاب	كمال الدين أبو الفضل عبد الرزاق بن أحمد المعروف بابن الفوطي الشيباني (المتوفى: 723 هـ)	ShamAY	32700	0.57069
		تاريخ الإسلام ووفيات المشاهير والأعلام	شمس الدين أبو عبد الله محمد بن أحمد بن عثمان بن قايماز الذهبي (المتوفى: 748ه)	ShamelaY19	22771	0.57068
		الحلقة الضائعة من تاريخ جبل عامل	علي داود جابر	Rafed	2370	0.57067
		أخبار مكة في قديم الدهر وحديثه	أبو عبد الله محمد بن إسحاق بن العباس المكي الفاكهي (المتوفى: 272ه)	Sham19Y	22579	0.57065
		الشيعة الجذور والبذور	محمود جابر	Rafed	1205	0.57058
		أمثال الحديث المروية عن النبي صلى الله عليه وسلم	أبو محمد الحسن بن عبد الرحمن بن خلاد الرامهرمزي الفارسي (المتوفى: 360هـ)	ShamAY	13083	0.57054
		أحاديث علي بن يوسف بن أحمد الشيرازي - مخطوط	أبو الحسن علي بن يوسف بن أحمد بن يوسف الشيرازي	ShamAY	32831	0.57054
		مسند ابن زيدان	أبو محمد عبد الله بن زيدان بن بريد بن رزين بن ربيع بن قطن البجلي، الكوفي (المتوفى: 313ه)	ShamelaY19	21488	0.57048
		الجامع لأدلة الغزوات	نجد آل محمد	ShamAY	36172	0.57048
		تاريخ الإسلام ووفيات المشاهير والأعلام	شمس الدين أبو عبد الله محمد بن أحمد بن عثمان بن قايماز الذهبي (المتوفى: 748ه)	Sham19Y	35100	0.57047
		مجلس من أمالي أبي طاهر النهاوندي - مخطوط		ShamAY	32794	0.57045
		تاريخ الإسلام ووفيات المشاهير والأعلام	شمس الدين أبو عبد الله محمد بن أحمد بن عثمان بن قايماز الذهبي (المتوفى: 748ه)	Sham19Y	22771	0.57045
		 الذريعة 	 آقا بزرگ الطهراني 	ABLibrary	855	0.57042
		النجوم الزاهره في ملوك مصر والقاهره	جمال الدين ابوالمحاسن يوسف بن تغري بردي اتابكي	Ghbook	9047	0.57042
		فضيلة الشكر لله على نعمته	أبو بكر محمد بن جعفر بن محمد بن سهل بن شاكر الخرائطي السامري (المتوفى: 327ه)	Sham19Y	13140	0.5704
		فضائل الخلفاء الأربعة وغيرهم لأبي نعيم الأصبهاني	أبو نعيم أحمد بن عبد الله بن أحمد بن إسحاق بن موسى بن مهران الأصبهاني (المتوفى: 430هـ)	ShamAY	8237	0.57034
		اصطناع المعروف لابن أبي الدنيا	أبو بكر عبد الله بن محمد بن عبيد بن سفيان بن قيس البغدادي الأموي القرشي المعروف بابن أبي الدنيا (المتوفى: 281هـ)	ShamAY	1406	0.57032
		الكنى والأسماء للإمام مسلم - ط الجامعة الإسلامية = التراجم	مسلم بن الحجاج أبو الحسن القشيري النيسابوري (المتوفى: 261هـ)	ShamAY	38178	0.57027
		من عقائد السلف (الرد على الجهمية)	أبو عبد الله محمد بن إسحاق بن محمد بن يحيى بن مَنْدَه العبدي (المتوفى: 395هـ)	ShamAY	3976	0.57014
		من حديث أبي محمد ابن الأكفاني - مخطوط (ن)	هبة الله بن أحمد بن محمد بن هبة الله، أبو محمد، الأمين، الأنصاري الدمشقي، ابن الأكفاني (المتوفى: 524ه)	ShamelaY19	21673	0.57007
		معجم شيوخ الطبري الذين روى عنهم في كتبه المسندة المطبوعة	أكرم بن محمد زيادة الفالوجي الأثري	ShamelaY19	29741	0.57005
		كرامات الأولياء للالكائي - من كتاب شرح أصول اعتقاد أهل السنة والجماعة للالكائي	أبو القاسم هبة الله بن الحسن بن منصور الطبري الرازي اللالكائي (المتوفى: 418هـ)	ShamAY	13150	0.57
		تاريخ الخلفاء لأبي عبد الله محمد بن يزيد - مخطوط	أبو عبد الله محمد بن يزيد	ShamAY	38110	0.56998
		تسمية الشيوخ - البشائر	أبو عبد الرحمن أحمد بن شعيب بن علي النسائي	ShamAY	34621	0.56995
		تاريخ الإسلام ووفيات المشاهير والأعلام	شمس الدين أبو عبد الله محمد بن أحمد بن عثمان بن قايماز الذهبي (المتوفى: 748ه)	ShamelaY19	35100	0.56988
		حديث أبي الحسن السكري	علي بن عمر بن محمد بن الحسين ابن شاذان، أبو الحسن السكري الحربي الصيرفي الكيال (المتوفى: 386ه)	ShamelaY19	29732	0.56982
		تَهْذِيْبُ سُنَنِ أَبِي دَاودَ وَإيضاحِ مُشكِلاتِهِ	ابن قيّم الجوزية	ShamAY	35960	0.56981
		مساوئ الأخلاق للخرائطي	أبو بكر محمد بن جعفر بن محمد بن سهل بن شاكر الخرائطي السامري (المتوفى: 327هـ)	ShamAY	8243	0.5698
		فضل عشر ذي الحجة للطبراني	سليمان بن أحمد بن أيوب بن مطير اللخمي الشامي، أبو القاسم الطبراني (المتوفى: 360هـ)	ShamAY	1300	0.56964
		أقوال أنس بن مالك رضي الله عنه في التفسير جمعاً ودراسة		ShamAY	36929	0.56945
		الجزء العاشر من أسنى المقاصد وأعذب الموارد من مشيخة أبي الحسن علي بن أحمد بن عبد الواحد - مخطوط	أبو الحسن علي بن أحمد بن عبد الواحد المقدسي المعروف بابن البخاري	ShamAY	32854	0.56945
		ديوان الإسلام	شمس الدين أبو المعالي محمد بن عبد الرحمن بن الغزي (المتوفى: 1167هـ)	ShamAY	1488	0.56944
		 حلية الأبرار في أحوال محمد وآله الأطهار ( ع ) 	 السيد هاشم البحراني 	ABLibrary	7487	0.56937
		كامل الزّيارات	ابي القاسم جعفر بن محمد بن بن جعفر بن موسى بن قولويه القمي	Rafed	288	0.56937
		ذكر الأقران وروايتهم عن بعضهم بعضا	أبو محمد عبد الله بن محمد بن جعفر بن حيان الأنصاري المعروف بأبِي الشيخ الأصبهاني (المتوفى: 369هـ)	ShamAY	26577	0.56936
		الكنى والأسماء للإمام مسلم	مسلم بن الحجاج أبو الحسن القشيري النيسابوري (المتوفى: 261هـ)	ShamAY	7340	0.56934
		مسند الدارمي ت الزهراني	أبو محمد عبد الله بن عبد الرحمن الدارمي	Sham19Y	36114	0.56933
		رفع اليدين في الصلاة - ط عالم الفوائد	ابن القيم	ShamAY	38390	0.56928
		عوالي مسلم: أربعون حديثا منتقاة من صحيح مسلم	أبو الفضل أحمد بن علي بن محمد بن أحمد بن حجر العسقلاني (المتوفى: 852ه)	ShamelaY19	26891	0.56919
		الشريعة للآجري	أبو بكر محمد بن الحسين بن عبد الله الآجُرِّيُّ البغدادي (المتوفى: 360هـ)	ShamAY	13035	0.56916
		تاريخ الإسلام ووفيات المشاهير والأعلام	شمس الدين أبو عبد الله محمد بن أحمد بن عثمان بن قَايْماز الذهبي (المتوفى: 748هـ)	ShamAY	22771	0.56912
		مفتاح معاني الأخبار للكلاباذي - النسخة الخطية الكاملة	أبو بكر محمد بن إبراهيم الكلاباذي	ShamAY	38055	0.56911
		منتقى حديث أبي نعيم الأزهري	أبو نعيم أحمد بن محمد بن إبراهيم بن عيسى الأزهري (المتوفى: 394هـ)	ShamAY	26545	0.56911
		الفرج بعد الشدة للتنوخي	المحسن بن علي بن محمد بن أبي الفهم داود التنوخي البصري، أبو علي (المتوفى: 384هـ)	ShamAY	12828	0.56908
		كتاب الأربعين في فضل الرحمة والراحمين لابن طولون الصالحي	شمس الدين محمد بن علي بن خمارويه بن طولون الدمشقي الصالحي الحنفي (المتوفى: 953ه)	Sham19Y	9826	0.56889
		العلل ومعرفة الرجال لأحمد رواية المروذي وغيره ت صبحي السامرائي	أبو عبد الله أحمد بن محمد بن حنبل بن هلال بن أسد الشيباني (المتوفى: 241هـ)	ShamAY	6044	0.5687
		الرسائل الرجاليه	محمد باقربن محمدنقي شفتي بيدآبادي	Ghbook	15615	0.5687
		 الكامل في التاريخ 	 ابن الأثير 	ABLibrary	8249	0.56868
		طب الأئمة(ع‏)	عبد الله و حسين ابنا بسطام‏	Masaha	2299	0.56864
		تثبيت الإمامة وترتيب الخلافة لأبي نعيم الأصبهاني	أبو نعيم أحمد بن عبد الله بن أحمد بن إسحاق بن موسى بن مهران الأصبهاني (المتوفى: 430ه)	Sham19Y	8221	0.56863
		 إثبات الهداة بالنصوص والمعجزات 	 الحر العاملي 	ABLibrary	7392	0.56863
		المنتخب من مسند عبد بن حميد ت صبحي السامرائي	أبو محمد عبد الحميد بن حميد بن نصر الكَسّي ويقال له: الكَشّي بالفتح والإعجام (المتوفى: 249هـ)	ShamAY	13170	0.56859
		الهم والحزن لابن أبي الدنيا	أبو بكر عبد الله بن محمد بن عبيد بن سفيان بن قيس البغدادي الأموي القرشي المعروف بابن أبي الدنيا (المتوفى: 281هـ)	ShamAY	13076	0.56857
		من حديث أبي الفوارس الصابوني وغيره لأبي القاسم المصيصي - مخطوط	أبو القاسم علي بن محمد بن علي بن أبي العلاء المصيصي	ShamAY	32870	0.56852
		إسعاف الأعيان في أنساب أهل عمان	سالم بن حمود بن شامس بن خميس السيابي الإباضي (المتوفى: 1414هـ)	ShamAY	490	0.56852
		غاية المرام وحجّة الخصام [ج ٦]	السيّد هاشم البحراني الموسوي التوبلي	Rafed	3611	0.56851
		تهذيب الاحكام	محمد بن حسن شيخ طوسي ( شيخ الطائفه )	Ghbook	378	0.56847
		أخبار أبي حفص عمر بن عبد العزيز رحمه الله وسيرته	أبو بكر محمد بن الحسين بن عبد الله الآجُرِّيُّ البغدادي (المتوفى: 360هـ)	ShamAY	6650	0.56844
		أدب الطّف أو شعراء الحسين عليه السلام [ج ١]	جواد شبّر	Rafed	230	0.56825
		شرح القسطلاني = إرشاد الساري لشرح صحيح البخاري	أحمد بن محمد بن أبى بكر بن عبد الملك القسطلاني القتيبي المصري، أبو العباس، شهاب الدين (المتوفى: 923ه)	ShamelaY19	21715	0.5682
		فضائل الصحابة ومناقبهم وقول بعضهم في بعض صلوات الله عليهم	أبو الحسن علي بن عمر بن أحمد بن مهدي بن مسعود بن النعمان بن دينار البغدادي الدارقطني (المتوفى: 385ه)	Sham19Y	8238	0.56818
		مستخرج أبي عوانة ط الجامعة الإسلامية	أبو عوانة يعقوب بن إسحاق الإسفراييني (المتوفى 316 ه)	Sham19Y	18144	0.56814
		الإفادة بطرق حديث: «النظر إلى عليٍّ عبادة»	أبو اليسر عبد العزيز بن محمد بن الصدّيق الغماري (المتوفى: 1418هـ)	ShamAY	34130	0.56813
		علم علل الحديث ودوره في حفظ السنة النبوية	وصى الله بن محمد عباس	ShamAY	11300	0.56813
		خزانة التّواريخ النجديّة [ج ٩]	عبد الله بن عبد الرحمن بن صالح آل بسام	Rafed	2175	0.56813
		الجزء فيه من حديث أبي الطيب الحوراني الدمشقي	أبو الطيب محمد بن حميد بن محمد بن سليمان بن معاوية الكلابي، الحوراني، ثم السامري (المتوفى: 341ه)	ShamelaY19	26559	0.56799
		من فضائل سورة الإخلاص وما لقارئها	أبو محمد الحسن بن محمد بن الحسن بن علي البغدادي الخَلَّال (المتوفى: 439هـ)	ShamAY	13138	0.5679
		الأغاني - الجزء1	ابو الفرج الأصفهاني	Masaha	2566	0.56789
		الأنوار في شمائل النبي المختار	محيي السنة، أبو محمد الحسين بن مسعود بن محمد بن الفراء البغوي الشافعي (المتوفى: 516هـ)	ShamAY	10803	0.56784
		مسند سعد بن أبي وقاص	أبو عبد الله أحمد بن إبراهيم بن كثير بن زيد بن أفلح بن منصور بن مزاحم العبدي المعروف بـ الدَّوْرَقي (المتوفى: 246هـ)	ShamAY	13166	0.56779
		الأجوبة عن المسائل المستغربة من كتاب البخاري	جمال الدين أبو عمر يوسف بن عبد الله بن محمد ابن عبد البر النمري القرطبي المالكي (المتوفى: 463 ه)	ShamelaY19	127657	0.56778
		منتخب من حديث يونس بن عبيد لأبي نعيم الأصبهاني	أبو نعيم أحمد بن عبد الله بن أحمد بن إسحاق بن موسى بن مهران الأصبهاني (المتوفى: 430ه)	Sham19Y	30552	0.56777
		العزلة والإنفراد لابن أبي الدنيا - ت: مشهور	أبو بكر عبد الله بن محمد بن عبيد البغدادي (ابن أبي الدنيا)	ShamAY	34115	0.56774
		المسنَد الصَّحيح المُخَرّج عَلى صَحِيح مُسلم	أبو عَوانة يَعقُوب بن إسحَاق الإسفرَايينيّ (المتوفى 316 هـ)	ShamAY	32665	0.56774
		تعليقة امل الامل	افضل الدين ابوحامد كرماني	Ghbook	9014	0.56773
		منهاج المحدثين في القرن الأول الهجري وحتى عصرنا الحاضر	على عبد الباسط مزيد	ShamAY	9983	0.56772
		منهاج المحدثين في القرن الأول الهجري وحتى عصرنا الحاضر	على عبد الباسط مزيد	Sham19Y	9983	0.56766
		الذّريعة إلى تصانيف الشّيعة [ج ٢]	الشيخ آقا بزرك الطهراني	Rafed	441	0.56744
		تقريب النفع و تيسير الجمع بين القراءات	نبيل بن هاشم بن عبد الله غمري آل باعلوي	Ghbook	4823	0.56732
		مرويات غزوة بني المصطلق وهي غزوة المريسيع	إبراهيم بن إبراهيم قريبي	Sham19Y	11425	0.56728
		مجلس ابن هزارمرد	ابن هزارمرد الصريفيني	ShamAY	35223	0.56721
		أحكام النساء للإمام أحمد	أبو عبد الله أحمد بن محمد بن حنبل بن هلال بن أسد الشيباني (المتوفى: 241ه)	ShamelaY19	95563	0.56719
		المخلصيات وأجزاء أخرى لأبي طاهر المخلص	محمد بن عبد الرحمن بن العباس بن عبد الرحمن بن زكريا البغدادي المخَلِّص (المتوفى: 393هـ)	ShamAY	9107	0.56717
		المصباح المضي في كتاب النبي الأمي ورسله إلى ملوك الأرض من عربي وعجمي	محمد (أو عبد الله) بن علي بن أحمد بن عبد الرحمن بن حسن الأنصاري، أبو عبد الله، جمال الدين ابن حديدة (المتوفى: 783هـ)	ShamAY	7233	0.56717
		الشيعة الجذور والبذور	محمود جابر	Masaha	494	0.56716
		النكت على كتاب ابن الصلاح لابن حجر	أبو الفضل أحمد بن علي بن محمد بن أحمد بن حجر العسقلاني (المتوفى: 852هـ)	ShamAY	8316	0.56707
		أطراف الغرائب والأفراد - ت السريع	أبو الفضل محمد بن طاهر المقدسي المعروف بابن القيسراني (507 هـ)	ShamAY	34172	0.56706
		مجلسان من أمالي الخلال	أبو محمد الحسن بن محمد بن الحسن بن علي البغدادي الخلال (المتوفى: 439ه)	ShamelaY19	30446	0.56697
		جزء فيه أحاديث أبي عبد الله الحسين بن الحسن الغضائري	أَبُو عَبْدِ اللهِ الحُسَيْنُ بنُ الحَسَنِ بنِ مُحَمَّدِ بنِ حَلْبَس المَخْزُوْمِيُّ، الغَضَائِرِيُّ، البَغْدَادِيُّ (المتوفى: 414هـ)	ShamAY	26395	0.56695
		الأحاديث المائة الشريحية	عبد الرحمن بن أحمد بن محمد، أبو محمد ابن أبي شريح الأنصاري الهروي (المتوفى: 392ه)	ShamelaY19	29734	0.56694
		الدعاء للطبراني	سليمان بن أحمد بن أيوب بن مطير اللخمي الشامي، أبو القاسم الطبراني (المتوفى: 360هـ)	ShamAY	13016	0.56689
		الفوائد والأخبار والحكايات عن الشافعي وحاتم الأصم ومعروف الكرخي وغيرهم	الحسن بن الحسين بن حمكان أبو علي الهمذاني (المتوفى: 405ه)	ShamelaY19	26505	0.56688
		طبقات الصوفية للسلمي ويليه ذكر النسوة المتعبدات الصوفيات	محمد بن الحسين بن محمد بن موسى بن خالد بن سالم النيسابوري، أبو عبد الرحمن السلمي (المتوفى: 412هـ)	ShamAY	6686	0.56678
		صحيح أبي داود - الأم	أبو عبد الرحمن محمد ناصر الدين، بن الحاج نوح بن نجاتي بن آدم، الأشقودري الألباني (المتوفى: 1420هـ)	ShamAY	25881	0.56677
		التعليقة علي كتاب الكافي	محمد باقر بن محمد ميرداماد	Ghbook	15564	0.56675
		سنن الدارقطني - ط المعرفة	علي بن عمر أبو الحسن الدارقطني البغدادي	ShamAY	33927	0.5667
		ذخيرة الحفاظ (من الكامل لابن عدي)	أبو الفضل محمد بن طاهر بن علي بن أحمد المقدسي الشيباني، المعروف بابن القيسراني (المتوفى: 507هـ)	ShamAY	6060	0.56665
		خلاصة السير الجامعة لعجائب أخبار الملوك التبابعة (شرح لقصيدة نشوان الحميري: ملوك حمير وأقيال اليمن)	نشوان بن سعيد الحميرى اليمني (المتوفى: 573هـ)	ShamAY	413	0.56665
		المرض والكفارات لابن أبي الدنيا	أبو بكر عبد الله بن محمد بن عبيد بن سفيان بن قيس البغدادي الأموي القرشي المعروف بابن أبي الدنيا (المتوفى: 281ه)	Sham19Y	13064	0.56658
		 أدب الطف أو شعراء الحسين ( ع ) 	 جواد شبر 	ABLibrary	7399	0.56643
		شرح القسطلاني = إرشاد الساري لشرح صحيح البخاري	أحمد بن محمد بن أبى بكر بن عبد الملك القسطلاني القتيبي المصري، أبو العباس، شهاب الدين (المتوفى: 923هـ)	ShamAY	938	0.56642
		مسند الدارمي المعروف ب (سنن الدارمي)	أبو محمد عبد الله بن عبد الرحمن بن الفضل بن بهرام بن عبد الصمد الدارمي، التميمي السمرقندي (المتوفى: 255ه)	ShamelaY19	21795	0.56641
		مشاهير علماء نجد وغيرهم	عبد الرحمن بن عبد اللطيف بن عبد الله بن عبد اللطيف بن عبد الرحمن بن حسن بن محمد بن عبد الوهاب	ShamAY	11575	0.56636
		مرويات غزوة بني المصطلق وهي غزوة المريسيع	إبراهيم بن إبراهيم قريبي	ShamAY	11425	0.56633
		الغارات أو الاستنفار والغارات - الجزء1	إبراهيم بن محمد الثقفي	Masaha	4561	0.56631
		المتمنين لابن أبي الدنيا	أبو بكر عبد الله بن محمد بن عبيد بن سفيان بن قيس البغدادي الأموي القرشي المعروف بابن أبي الدنيا (المتوفى: 281هـ)	ShamAY	13057	0.56612
		الأحاديث الواردة في البيوع المنهي عنها	سليمان بن صالح الثنيان	ShamAY	7267	0.56609
		إحقاق الحقّ وإزهاق الباطل [ج ١٣]	السيّد نور الله الحسيني المرعشي التستري	Rafed	2750	0.56608
		جزء فيه أحاديث منصور بن عمار	أبو بكر الذكواني محمد بن أبي علي أحمد بن عبد الرحمن الهمداني الأصبهاني	ShamAY	35225	0.566
		تكميل النفع بما لم يثبت به وقف ولا رفع	محمد عمرو بن عبد اللطيف	ShamelaY19	22853	0.56597
		فضائل فاطمة بنت رسول الله صلى الله عليه وسلم	أبو حفص عمر بن أحمد بن عثمان بن أحمد بن محمد بن أيوب بن أزداذ البغدادي المعروف بـ ابن شاهين (المتوفى: 385هـ)	ShamAY	9449	0.56582
		العتيق مصنف جامع لفتاوى أصحاب النبي صلى الله عليه وسلم	محمد بن مبارك حكيمي	ShamAY	33183	0.56579
		الهواتف لابن أبي الدنيا - الكتب الثقافية	عبد الله بن محمد بن عبيد بن سفيان أبو بكر بن أبي الدنيا	ShamAY	34116	0.56567
		جزء فيه نسخة من حديث فليح بن سليمان ومن حديث أبي بكر النقاش - مخطوط	أبو بكر محمد بن علي بن الحسن النقاش	ShamAY	32952	0.56564
		تشييد الاختيار لتحريم الطبل والمزمار	شمس الدين محمد بن علي بن خمارويه بن طولون الدمشقي الصالحي الحنفي (المتوفى: 953 هـ)	ShamAY	32528	0.56556
		قرى الضيف لابن أبي الدنيا - ط أطلس الخضراء = مقابل	أبو بكر عبد الله بن محمد ابن أبي الدنيا	ShamAY	38079	0.56555
		جزء فيه عوالي منتقاة من جزء أبي مسعود أحمد بن الفرات، انتقاء الذهبي	أحمد بن الفرات بن خالد الضبي الرازي، أبو مسعود (المتوفى: 258ه)	ShamelaY19	26716	0.56548
		 الإمام الصادق والمذاهب الأربعة 	 اسد حيدر 	ABLibrary	7423	0.56542
		منهج المقال في تحقيق احوال الرجال [ج ١]	محمد بن علي الاسترابادي	Rafed	131	0.56526
		ذخيرة الحفاظ (من الكامل لابن عدي)	أبو الفضل محمد بن طاهر بن علي بن أحمد المقدسي الشيباني، المعروف بابن القيسراني (المتوفى: 507ه)	Sham19Y	6060	0.56524
		من حديث أبي طاهر ابن أبي الصقر الأنباري - مخطوط	أبو طاهر محمد بن أحمد بن محمد بن أبي الصقر الأنباري	ShamAY	32933	0.56519
		مجلس من إملاء ابن الغوري - مخطوط		ShamAY	32796	0.56513
		فضائل أبي حنيفة وأخباره لابن أبي العوام	أبو القاسم عبد الله بن محمد بن أحمد بن يحيى بن الحارث السعدي المعروف بابن أبي العوام (335 هـ)	ShamAY	33942	0.56511
		 منتهى الآمال في تواريخ النبي والآل ( ع ) 	 الشيخ عباس القمي 	ABLibrary	7797	0.5651
		مجلسان لأبي بكر العنبري	أبو بكر أحمد بن محمد العنبري الملحمي (المتوفى: 324ه)	ShamelaY19	29716	0.56505
		المطالب العالية بزوائد المسانيد الثمانية	أبو الفضل أحمد بن علي بن محمد بن أحمد بن حجر العسقلاني (المتوفى: 852ه)	ShamelaY19	22804	0.56483
		المعقبون من آل ابي طالب عليه السلام	سيدمهدي رجايي	Ghbook	15662	0.56472
		 موسوعة الإمام الهادي ( ع ) 	 الشيخ أبو القاسم الخزعلي 	ABLibrary	7846	0.5647
		شعب الإيمان للبيهقي - العلمية	أبو بكر أحمد بن الحسين البيهقي	ShamAY	33962	0.56466
		 خزانة التواريخ النجدية 	 عبد الله بن عبد الرحمن آل بسام 	ABLibrary	9051	0.56461
		الإبانة الكبرى لابن بطة	أبو عبد الله عبيد الله بن محمد بن محمد بن حمدان العُكْبَري المعروف بابن بَطَّة العكبري (المتوفى: 387هـ)	ShamAY	31641	0.56458
		منتقى من أخبار الأصمعي للربعي	عبد الله بن أحمد بن ربيعة بن زبر الربعي، أبو محمد (المتوفى: 329ه)	ShamelaY19	26875	0.5645
		صحيح سنن أبي داود ط غراس	الشيخ محمد ناصر الدين الألباني (المتوفى: 1420 ه)	ShamelaY19	25881	0.56445
		جزء من تخريج أحمد بن عبد الواحد البخاري	الشَّمْسُ، أَبُو العَبَّاسِ أَحْمَدُ بنُ عَبْدِ الوَاحِدِ بنِ أَحْمَدَ المَقْدِسِيُّ، الحَنْبَلِيُّ، المُلَقَّبُ بِالبُخَارِيِّ (المتوفى: 623هـ)	ShamAY	30055	0.5644
		شرح نقائض جرير والفرزدق	أبو عبيدة معمر بن المثنى (برواية اليزيدي عن السكري عن ابن حبيب عنه)	ShamAY	31926	0.56436
		منتقى حديث أبي نعيم الأزهري	أبو نعيم أحمد بن محمد بن إبراهيم بن عيسى الأزهري (المتوفى: 394ه)	ShamelaY19	26545	0.56411
		معالم التنزيل في تفسير القرآن = تفسير البغوي	محيي السنة ، أبو محمد الحسين بن مسعود بن محمد بن الفراء البغوي الشافعي (المتوفى : 510هـ)	ShamAY	12217	0.56404
		 مسند الإمام الجواد ( ع ) 	 الشيخ عزيز الله عطاردي 	ABLibrary	7740	0.56402
		مسند الشاشي - نسخة مقابلة	أبو سعيد الهيثم بن كليب الشاشي	ShamAY	33981	0.56401
		منتخب من حديث يونس بن عبيد لأبي نعيم الأصبهاني	أبو نعيم أحمد بن عبد الله بن أحمد بن إسحاق بن موسى بن مهران الأصبهاني (المتوفى: 430هـ)	ShamAY	30552	0.56401
		 موسوعة الإمام العسكري ( ع ) 	 الشيخ أبو القاسم الخزعلي 	ABLibrary	7852	0.56396
		الصحيح في فضل الزيارة الحسينية	مهدي خداميان آراني	Ghbook	9576	0.56391
		 ألفية السيرة النبوية ( نظم الدّرر السنية في السّير الزكية ) 	 زين الدّين عبد الرّحيم بن الحسين العراقي 	ABLibrary	7421	0.56385
		موطأ عبد الله بن وهب (قطعة من الكتاب)	أبو محمد عبد الله بن وهب بن مسلم المصري القرشي (المتوفى: 197هـ)	ShamAY	12534	0.56379
		معجم البلدان [ج ٥]	شهاب الدين أبي عبدالله ياقوت بن عبدالله الحموي الرومي البغدادي	Rafed	3202	0.56375
		الثامن من فوائد أبي عثمان البحيري	أَبُو عُثْمَانَ سَعِيْدُ بنُ مُحَمَّدِ ابنِ أَبِي الحُسَيْنِ أَحْمَدَ بنِ مُحَمَّدِ بنِ جَعْفَرِ بنِ مُحَمَّدِ بنِ بَحِيْرٍ البَحِيْرِيُّ، النَّيْسَابُوْرِيُّ (المتوفى: 451هـ)	ShamAY	29952	0.56374
		مسند الدارمي المعروف بـ (سنن الدارمي)	أبو محمد عبد الله بن عبد الرحمن بن الفضل بن بَهرام بن عبد الصمد الدارمي، التميمي السمرقندي (المتوفى: 255هـ)	ShamAY	1223	0.56369
		معجم شيوخ الطبري الذين روى عنهم في كتبه المسندة المطبوعة	أكرم بن محمد زيادة الفالوجي الأثري	ShamAY	196	0.56369
		من حديث أبي محمد ابن الأكفاني - مخطوط (ن)	هبة الله بن أحمد بن محمد بن هبة الله، أبو محمد، الأمين، الأنصاري الدمشقيّ، ابن الأكفاني (المتوفى: 524هـ)	ShamAY	21673	0.56366
		ثلاثة مجالس من أمالي أبي عبد الله الروذباري	أبو عبد الله أحمد بن عطاء الروذباري (المتوفى: 396ه)	ShamelaY19	29871	0.5636
		طرق حديث من كذب علي متعمدا للطبراني	سليمان بن أحمد بن أيوب بن مطير اللخمي الشامي، أبو القاسم الطبراني (المتوفى: 360هـ)	ShamAY	13130	0.56359
		منتخب من حديث يونس بن عبيد لأبي نعيم الأصبهاني	أبو نعيم أحمد بن عبد الله بن أحمد بن إسحاق بن موسى بن مهران الأصبهاني (المتوفى: 430ه)	ShamelaY19	30552	0.56352
		صفة الجنة لابن أبي الدنيا - ط أطلس الخضراء = مقابل	أبو بكر عبد الله بن محمد ابن أبي الدنيا	ShamAY	38150	0.56352
		تكميل النفع بما لم يثبت به وقف ولا رفع	محمد عمرو بن عبد اللطيف بن محمد بن عبد القادر بن رضوان بن سليمان بن مفتاح بن شاهين الشنقيطي (المتوفى : 1429هـ)	ShamAY	22853	0.56348
		أدب المفتي والمستفتي	عثمان بن عبد الرحمن، أبو عمرو، تقي الدين المعروف بابن الصلاح (المتوفى: 643هـ)	ShamAY	10720	0.56347
		الشريعة للآجري	أبو بكر محمد بن الحسين بن عبد الله الآجري البغدادي (المتوفى: 360ه)	Sham19Y	13035	0.5633
		تفسير فرات كوفي	ابوالقاسم فرات ابراهيم بن فرات كوفي	Ghbook	2485	0.56324
		 أخبار الدولة العباسية 	 مؤلف مجهول 	ABLibrary	83	0.5632
		من حديث بشرويه - مخطوط	أبو نعيم بشرويه بن محمد المعقلي الاسفراييني	ShamAY	32901	0.56289
		غاية المرام وحجّة الخصام [ج ٢]	السيّد هاشم البحراني الموسوي التوبلي	Rafed	3607	0.56285
		صحيح ابن خزيمة ط 3	أبو بكر محمد بن إسحاق بن خزيمة بن المغيرة بن صالح بن بكر السلمي النيسابوري (المتوفى: 311ه)	ShamelaY19	121382	0.56284
		بهجة النفوس والأسرار في تاريخ دار هجرة النبي المختار  - الجزء1	عبد الله بن عبد الملك المرجاني	Masaha	3955	0.56282
		تحفة الطالب بمعرفة أحاديث مختصر ابن الحاجب	أبو الفداء إسماعيل بن عمر بن كثير القرشي البصري ثم الدمشقي (المتوفى: 774هـ)	ShamAY	9978	0.56273
		هدية العارفين أسماء المؤلفين وآثار المصنفين	إسماعيل بن محمد أمين بن مير سليم الباباني البغدادي (المتوفى: 1399هـ)	ShamAY	3003	0.56267
		من فوائد أبي القاسم ابن عليك - مخطوط (ن)	عَلِيُّ بنُ عَبْدِ الرَّحْمَنِ بنِ الحَسَنِ ابْن عَلِيَّكَ النَّيْسَابُوْرِيُّ (المتوفى: 468هـ)	ShamAY	21678	0.56258
		المنتخب من مسند عبد بن حميد - مكتبة ابن عباس	أبو محمد عبد بن حميد الكسي المعروف بالكشي	ShamAY	33973	0.56257
		ترجمة مجد الدين أبي البركات ابن تيمية - مخطوط	أحمد بن محمد بن أبي القاسم بن بدرن	ShamAY	32771	0.56252
		 إتحاف الورى بأخبار أم القرى 	 عمر بن محمد ابن فهد 	ABLibrary	8942	0.56247
		الجزء الثاني من حديث أبي محمد حاجب بن أحمد الطوسي- مخطوط (ن)	أَبُو مُحَمَّدٍ حَاجِبُ بنُ أَحْمَدَ بنِ يَرْحُمَ بنِ سُفْيَانَ الطُّوْسِيُّ (المتوفى: 336هـ)	ShamAY	10498	0.56229
		ذيل تاريخ مولد العلماء ووفياتهم	عبد العزيز بن أحمد بن محمد بن علي التميمي، أبو محمد الكتاني الدمشقي (المتوفى: 466هـ)	ShamAY	5790	0.56226
		نشر الصحيفة في ذكر الصحيح من أقوال أئمة الجرح والتعديل في أبي حنيفة	أبو عبد الرحمن مقبل بن هادي بن مقبل بن قائدة (اسم رجل) الهمداني الوادعي (المتوفى: 1422ه)	ShamelaY19	96868	0.56224
		إحقاق الحقّ وإزهاق الباطل [ج ٢١]	آية الله السيّد شهاب الدين الحسيني المرعشي النجفي	Rafed	2762	0.56224
		تفسير الموطأ للقنازعي	عبد الرحمن بن مروان بن عبد الرحمن الأنصاري، أبو المطرف القَنَازِعي (المتوفى: 413 هـ)	ShamAY	32439	0.56223
		المستخرجات نشأتها وتطورها د. موفق عبد القادر	موفق بن عبد القادر	ShamAY	37306	0.5622
		التوكل على الله عز وجل لابن أبي الدنيا - ط أطلس الخضراء = مقابل	أبو بكر عبد الله بن محمد ابن أبي الدنيا	ShamAY	38149	0.56213
		نزهة الألباب في قول الترمذي «وفي الباب»	أبو الفضل، حسن بن محمد بن حيدر الوائليّ الصنعانيّ	ShamAY	32272	0.56204
		عون المعبود شرح سنن أبي داود، مع شرح الحافظ ابن قيم الجوزية	ابن قيم الجوزية	ShamAY	33523	0.56202
		ذكر الأقران وروايتهم عن بعضهم بعضا	أبو محمد عبد الله بن محمد بن جعفر بن حيان الأنصاري المعروف بأبي الشيخ الأصبهاني (المتوفى: 369ه)	ShamelaY19	26577	0.56197
		فتح الشكور في معرفة أعيان علماء التكرور	أبو عبد الله الطالب محمد بن أبي بكر الصديق البرتلي الولاتي (المتوفى: 1219هـ)	ShamAY	34641	0.56185
		الشيعة وفنون الإسلام	السيد حسن الصدر	Masaha	635	0.56185
		قصص وأخبار جرت في عمان‏	أبو سليمان محمد بن عامر المعولي الأفوي	Masaha	4432	0.56184
		من حديث أبي بكر عمر بن روح بن علي النهرواني - مخطوط		ShamAY	32806	0.56173
		المنهل الصافي والمستوفى بعد الوافي	يوسف بن تغري بردي بن عبد الله الظاهري الحنفي، أبو المحاسن، جمال الدين (المتوفى: 874ه)	ShamelaY19	23156	0.56171
		جزء من حديث النعالي	محمد بن طلحة بن محمد بن عثمان أبو الحسن النعالي الرافضي (المتوفى: 413هـ)	ShamAY	29746	0.56167
		فضيلة الشكر لله على نعمته	أبو بكر محمد بن جعفر بن محمد بن سهل بن شاكر الخرائطي السامري (المتوفى: 327هـ)	ShamAY	13140	0.56167
		منائح الكرم في أخبار مكة والبيت وولاة الحرم [ج ٢]	علي بن تاج الدين بن تقي الدين السنجاري	Rafed	2690	0.56167
		خصائص الوحى المبين	شمس الدين يحيى بن الحسن الأسدي الربعي الحلّي [ الحافظ ابن البطريق ]	Rafed	1837	0.56158
		الجزء فيه من حديث أبي الطيب الحوراني الدمشقي	أَبُو الطَّيِّبِ مُحَمَّدُ بنُ حُمَيْدِ بنِ مُحَمَّدِ بنِ سُلَيْمَانَ بنِ مُعَاوِيَةَ الكِلاَبِيُّ، الحَوْرَانِيُّ، ثُمَّ السَّامَرِّيُّ (المتوفى: 341هـ)	ShamAY	26559	0.56154
		نفحات الأزهار في خلاصة عبقات الأنوار [ج ١١]	السيّد علي الحسيني الميلاني	Rafed	453	0.56145
		جزء ابن فارس	أبو محمد عبد الله بن جعفر بن أحمد بن فارس الأصبهاني (346 هـ)	ShamAY	35224	0.56142
		حديث ذي النون المصري	ذو النون المصري ثوبان بن إبراهيم وقيل: فيض بن أحمد وقيل: فيض بن إبراهيم النوبي، الإخميمي (المتوفى: 248ه)	ShamelaY19	30738	0.56134
		مجلس من أمالي أبي مسلم الكاتب - مخطوط		ShamAY	32795	0.56134
		ترجمة مسلمة بن مخلد وبيان صحبته للنبي صلى الله عليه وسلم	يوسف بن عبد الرحمن بن يوسف، أبو الحجاج، جمال الدين ابن الزكي أبي محمد القضاعي الكلبي المزي (المتوفى: 742ه)	ShamelaY19	26893	0.56131
		الخامس من الفوائد المنتقاة الحسان	أبو الحسن علي بن عمر بن أحمد بن مهدي بن مسعود بن النعمان بن دينار البغدادي الدارقطني (المتوفى: 385هـ)	ShamAY	30361	0.56125
		شرح صحيح مسلم للقاضى عياض المسمى إكمال المعلم بفوائد مسلم	عياض بن موسى بن عياض بن عمرون اليحصبي السبتي، أبو الفضل (المتوفى: 544ه)	Sham19Y	122406	0.56124
		الكواكب السيّارة في ترتيب الزيارة	شمس الدين أبو عبد الله محمّد بن ناصر الأنصاري [ ابن الزيّات ]	Rafed	2464	0.56123
		 صحيفة الإمام الرضا ( ع ) ( فارسي ) 	 المنسوب لإمام الرضا ( ع ) 	ABLibrary	7896	0.5612
		شرح الأربعين النووية [من بداية شرح الحديث 29 إلى نهاية شرح الحديث 35]	المناوي، عبد الرؤوف	ShamelaY19	133377	0.56118
		الفخري في أنساب الطالبيين‏	السيد عز الدين القاضي المروزي‏	Masaha	2914	0.56102
		الرد على الجهمية لابن منده	أبو عبد الله محمد بن إسحاق بن محمد بن يحيى بن مَنْدَه العبدي (المتوفى: 395هـ)	ShamAY	13022	0.56097
		المجالس العشرة الأمالي للحسن الخلال	أبو محمد الحسن بن محمد بن الحسن بن علي البغدادي الخَلَّال (المتوفى: 439هـ)	ShamAY	9311	0.56092
		العلل المتناهية في الأحاديث الواهية	عبد الرحمن بن علي بن الجوزي	ShamAY	34148	0.56091
		الضعفاء والمتروكين للنسائي - الكتب الثقافية	أبو عبد الرحمن أحمد بن شعيب النسائي	ShamAY	34604	0.56091
		 مسند الإمام الحسين ( ع ) 	 الشيخ عزيز الله عطاردي 	ABLibrary	7703	0.56087
		 حلية الأبرار 	 السيد هاشم البحراني 	ABLibrary	94	0.5608
		تاريخ الإسلام ووفيات المشاهير والأعلام [ج ١]	شمس الدين محمّد بن أحمد بن عثمان الذّهبي	Rafed	3317	0.5608
		تاريخ الكوفه	حسين براقي نجفي	Ghbook	7093	0.56074
		تثبيت الإمامة وترتيب الخلافة لأبي نعيم الأصبهاني	أبو نعيم أحمد بن عبد الله بن أحمد بن إسحاق بن موسى بن مهران الأصبهاني (المتوفى: 430هـ)	ShamAY	8221	0.56067
		 خلاصة عبقات الأنوار 	 السيد حامد النقوي 	ABLibrary	90	0.56067
		مسند الإمام الشهيد أبي عبد الله الحسين بن علي(ع) - الجزء1	عزيز الله عطاردي‏	Masaha	2437	0.56061
		تاريخ الإسلام ووفيات المشاهير والأعلام	شمس الدين أبو عبد الله محمد بن أحمد بن عثمان بن قايماز الذهبي (المتوفى: 748ه)	Sham19Y	12397	0.56057
		المنهل الصافي والمستوفى بعد الوافي	يوسف بن تغري بردي بن عبد الله الظاهري الحنفي، أبو المحاسن، جمال الدين (المتوفى: 874ه)	Sham19Y	23156	0.56056
		سنن الدارمي - ت: دهمان	الدارمي، أبو محمد	ShamAY	33961	0.56054
		المرض والكفارات لابن أبي الدنيا	أبو بكر عبد الله بن محمد بن عبيد بن سفيان بن قيس البغدادي الأموي القرشي المعروف بابن أبي الدنيا (المتوفى: 281هـ)	ShamAY	13064	0.56054
		المجالسة وجواهر العلم	الدينوري، أبو بكر	Sham19Y	9948	0.56054
		الجزء الثاني من الفوائد لابن قدامة المقدسي - مخطوط	موفق الدين أبو محمد عبد الله بن أحمد بن محمد بن قدامة المقدسي	ShamAY	32887	0.56053
		منتقى من أخبار الأصمعي للربعي	عبد الله بن أحمد بن ربيعة بن زبر الربعي، أبو محمد (المتوفى: 329هـ)	ShamAY	26875	0.5605
		شَرْحُ صَحِيح مُسْلِمِ لِلقَاضِى عِيَاض المُسَمَّى إِكمَالُ المُعْلِمِ بفَوَائِدِ مُسْلِم	عياض بن موسى بن عياض بن عمرون اليحصبي السبتي، أبو الفضل (المتوفى: 544هـ)	ShamAY	31714	0.56043
		أخبار الشيوخ وأخلاقهم	أحمد بن محمد بن الحجاج، أبو بكر المروذي (المتوفى: 275ه)	Sham19Y	9356	0.56043
		غاية المرام وحجة الخصام - الجزء2	السيد هاشم البحراني	Masaha	359	0.56035
		تراثنا ـ العدد [ 2 ]	مؤسسة آل البيت عليهم السلام لإحياء التراث ـ قم	Rafed	2433	0.56035
		المطالب العالية بزوائد المسانيد الثمانية	أبو الفضل أحمد بن علي بن محمد بن أحمد بن حجر العسقلاني (المتوفى: 852ه)	Sham19Y	22804	0.56031
		تهذيب الأحكام [ج ٢]	أبي جعفر محمّد بن الحسن بن علي بن الحسن الطّوسي [ شيخ الطائفة ]	Rafed	731	0.5603
		القدر وما ورد في ذلك من الآثار	عبد الله بن وهب بن مسلم القرشي	ShamAY	33860	0.56027
		حديث ذي النون المصري	ذو النون المصري ثوبان بن إبراهيم وقيل: فيض بن أحمد وقيل: فيض بن إبراهيم النوبي، الإخميمي (المتوفى: 248ه)	Sham19Y	30738	0.56022
		الانتهاء لمعرفة الأحاديث التي لم يفت بها الفقهاء، ومناقشها على ضوء الأصلين:	أبو عبد الله عبد السلام بن محمد بن عمر علوش	ShamAY	2049	0.56019
		المطالب العالية بزوائد المسانيد الثمانية	أبو الفضل أحمد بن علي بن محمد بن أحمد بن حجر العسقلاني (المتوفى: 852هـ)	ShamAY	22804	0.56018
		الانتهاء لمعرفة الأحاديث التي لم يفت بها الفقهاء، ومناقشها على ضوء الأصلين:	أبو عبد الله عبد السلام بن محمد بن عمر علوش	Sham19Y	96948	0.56015
		 حلية الأبرار في أحوال محمد وآله الأطهار ( ع ) 	 السيد هاشم البحراني 	ABLibrary	7485	0.56014
		مسند الإمام الشهيد أبي عبدالله الحسين بن علي عليهما السلام [ج ١]	الشيخ عزيز الله العطاردي	Rafed	3222	0.56013
		أمالي أبي الفتح المقدسي - المجلس الحادي والعشرون بعد المائة	نصر بن إبراهيم بن نصر بن إبراهيم ابن داود النابلسي المقدسي، أبو الفتح الشافعي (المتوفى: 490هـ)	ShamAY	29774	0.56012
		جزء ابن غطريف للجرجاني	أبو أحمد محمد بن أحمد بن حسين بن القاسم بن السري بن الغطريف بن الجهم العبدي الغطريفي الجرجاني (المتوفى: 377ه)	Sham19Y	13096	0.56008
		ابو الحسين زيد الشهيد	محسن امين عاملي	Ghbook	14625	0.56
		الشجرة المباركة في أنساب الطالبيّة	محمّد بن عمر بن الحسن بن الحسين التيمي البكري [ فخر الدين الرازي ]	Rafed	1718	0.55997
		مسند الإمام الجواد أبي جعفر محمد بن علي الرضا(ع)	عزيز الله عطاردي‏	Masaha	2476	0.55983
		المعمرون والوصايا	أبو حاتم سهل بن محمد بن عثمان الجشمي السجستاني (المتوفى: 248هـ)	ShamAY	671	0.55982
		ذم المسكر لابن أبي الدنيا - ط أطلس الخضراء = مقابل	أبو بكر عبد الله بن محمد ابن أبي الدنيا	ShamAY	38143	0.55975
		نفحات الأزهار في خلاصة عبقات الأنوار [ج ٦]	السيّد علي الحسيني الميلاني	Rafed	435	0.55969
		الملهوف على قتلى الطّفوف	السيّد رضي الدين أبو القاسم علي بن موسى بن جعفر بن طاووس الحسني الحلّي [ السيّد بن طاووس ]	Rafed	277	0.55962
		القطوف الدانية فيما انفرد به الدارمي عن الثمانية	مرزوق بن هياس الزهراني	ShamelaY19	132387	0.5596
		اليقين لابن أبي الدنيا - ط أطلس الخضراء = مقابل	أبو بكر عبد الله بن محمد ابن أبي الدنيا	ShamAY	38105	0.5596
		الجوع لابن أبي الدنيا - ط أطلس الخضراء = مقابل	أبو بكر عبد الله بن محمد ابن أبي الدنيا	ShamAY	38165	0.55955
		 الكواكب السيارة في ترتيب الزيارة 	 ابن الزيات 	ABLibrary	9169	0.55953
		الثالث من مشيخة ابن حيويه	محمد بن العباس بن محمد بن زكرياء، أبو عمر ابن حيويه الخزاز (المتوفى: 382ه)	ShamelaY19	29954	0.55945
		الممتع في صنعة الشعر	عبد الكريم النهشلي القيرواني	ShamAY	32088	0.55943
		الجزء فيه أحاديث منتخبة من أجزاء الشيخ أبي منصور أحمد بن نصر الخوجاني المذكر المتوفى: 532 هـ	صدر الدين، أبو طاهر السِّلَفي أحمد بن محمد بن أحمد بن محمد بن إبراهيم سِلَفَه الأصبهاني (المتوفى: 576هـ)	ShamAY	1093	0.55941
		تلخيص كتاب الموضوعات لابن الجوزي	شمس الدين أبو عبد الله محمد بن أحمد بن عثمان بن قايماز الذهبي (المتوفى: 748ه)	Sham19Y	6068	0.55941
		الضعفاء والمتروكون للنسائي	أبو عبد الرحمن أحمد بن شعيب بن علي الخراساني، النسائي (المتوفى: 303هـ)	ShamAY	10805	0.55938
		جزء من حديث النعالي	محمد بن طلحة بن محمد بن عثمان أبو الحسن النعالي الرافضي (المتوفى: 413ه)	ShamelaY19	29746	0.55931
		إلقاء المحاجر على أثر صلوا خلف كل بر وفاجر (بحث قيم)	المحضار :: أبو الحارث المحضار	ShamAY	36684	0.55921
		السلوك في طبقات العلماء والملوك	محمد بن يوسف بن يعقوب، أبو عبد الله، بهاء الدين الجُنْدي اليمني (المتوفى: 732هـ)	ShamAY	6668	0.55917
		من قصص أئمة الحديث المتقدمين ونوادرهم في تتبع سنة سيد المرسلين والذب عنها	علي الصياح	ShamAY	37324	0.55916
		من حديث بكر بن أحمد الشيرازي - مخطوط	أبو يحيى بكر بن أحمد بن علي بن مخلد بن مهران الشيرازي	ShamAY	32873	0.55914
		 الغارات ( ط . ق ) 	 إبراهيم بن محمد الثقفي الكوفي 	ABLibrary	7898	0.55913
		 موسوعة الإمام الهادي ( ع ) 	 الشيخ أبو القاسم الخزعلي 	ABLibrary	7845	0.55913
		الفوائد والزهد والرقائق والمراثي	أبو محمد جعفر بن محمد بن نصير بن قاسم البغدادي المعروف بـ الخلدي (المتوفى: 348هـ)	ShamAY	9310	0.5591
		مجموع فيه مصنفات أبي العباس الأصم وإسماعيل الصفار	أبو العباس الأصم محمد بن يعقوب بن يوسف النيسابوري (346 ه)	ShamelaY19	38194	0.559
		من اسمه شعبة للأصبهاني	أبو نعيم أحمد بن عبد الله بن أحمد بن إسحاق بن موسى بن مهران الأصبهاني (المتوفى: 430هـ)	ShamAY	13181	0.55898
		تاريخ الإسلام ووفيات المشاهير والأعلام	شمس الدين أبو عبد الله محمد بن أحمد بن عثمان بن قَايْماز الذهبي (المتوفى: 748هـ)	ShamAY	12397	0.55892
		جزء فيه ذكر حال عكرمة مولى عبد الله بن عباس وما قيل فيه - لقاء العشر الأواخر بالمسجد الحرام (12)	عبد العظيم بن عبد القوي بن عبد الله، أبو محمد، زكي الدين المنذري (المتوفى: 656 ه)	Sham19Y	17794	0.55891
		جزء القاضي أبي القاسم الميانجي	يوسف بن القاسم بن يوسف بن فارس بن سوار، أبو بكر المِيانِجي (المتوفى: 375هـ)	ShamAY	29728	0.55889
		المجالسة وجواهر العلم - ط ابن حزم	أبو بكر أحمد بن مروان بن محمد الدينوري القاضي المالكي	ShamAY	33954	0.55884
		مجيء (أبو) في موضع نصب أو جر على الحكاية	إبراهيم بن عبد الله المديهش	ShamelaY19	145428	0.55883
		جزء فيه قراءات النبي صلى الله عليه وسلم	أبو عمر حفص بن عمر بن عبد العزيز بن صهبان الأزدي الدُّورِي القارئ (المتوفى: 246هـ)	ShamAY	13106	0.55883
		معجم البلدان [ج ٤]	شهاب الدين أبي عبدالله ياقوت بن عبدالله الحموي الرومي البغدادي	Rafed	3199	0.55875
		الوزراء والكتاب	ابن عَبْدوس الجَهْشَيَاري	ShamAY	35858	0.5587
		عمل اليوم والليلة للنسائي	أبو عبد الرحمن أحمد بن شعيب بن علي الخراساني، النسائي (المتوفى: 303هـ)	ShamAY	6772	0.55869
		العوالي لأبي الشيخ	أبو محمد عبد الله بن محمد بن جعفر بن حيان الأنصاري المعروف بأبِي الشيخ الأصبهاني (المتوفى: 369هـ)	ShamAY	26572	0.55867
		المنهل العذب المورود شرح سنن الإمام أبي داود	محمود محمد خطاب السبكي	ShamelaY19	20764	0.55858
		جزء الجركاني	أبو رجاء محمد بن أحمد بن محمد بن عبد الله الجركاني (المتوفى: 514هـ)	ShamAY	9394	0.55855
		أطراف الغرائب والأفراد من حديث رسول الله صلى الله عليه وسلم للإمام الدارقطني	أبو الفضل محمد بن طاهر بن علي بن أحمد المقدسي الشيباني، المعروف بابن القيسراني (المتوفى: 507هـ)	ShamAY	6083	0.55844
		المنهل العذب المورود شرح سنن الإمام أبي داود	محمود محمد خطاب السبكي	ShamAY	38785	0.55837
		 البلدان 	 اليعقوبي 	ABLibrary	8970	0.55828
		الثالث عشر من فوائد ابن المقرئ	أبو بكر محمد بن إبراهيم بن علي بن عاصم بن زاذان الأصبهاني الخازن، المشهور بابن المقرئ (المتوفى: 381ه)	ShamelaY19	29942	0.55825
		القبور لابن أبي الدنيا - ط أطلس الخضراء = مقابل	أبو بكر عبد الله بن محمد ابن أبي الدنيا	ShamAY	38162	0.55821
		جزء ابن الضريس	محمد بن الضريس	ShamAY	35234	0.55819
		الجامع لعلوم الإمام أحمد - علل الحديث	إبراهيم النحاس	Sham19Y	20868	0.55819
		الأعلام للزركلي	خير الدين بن محمود بن محمد بن علي بن فارس، الزركلي الدمشقي (المتوفى: 1396ه)	Sham19Y	12286	0.55815
		 سنن الدارمي 	 عبد الله بن الرحمن الدارمي 	ABLibrary	842	0.55813
		تاريخ الإسلام ووفيات المشاهير والأعلام [ج ١١]	شمس الدين محمّد بن أحمد بن عثمان الذّهبي	Rafed	3365	0.5581
		برنامج المجاري	أبو عبد الله محمد بن محمد بن علي بن عبد الواحد المجاري الأندلسي (المتوفى: 862هـ)	ShamAY	10735	0.55806
		أخبار الحسن البصري لعبد الغني المقدسي	عبد الغني المقدسي (600 هـ)	ShamAY	34627	0.55802
		أحاديث مختارة من موضوعات الجورقاني وابن الجوزي	شمس الدين أبو عبد الله محمد بن أحمد بن عثمان بن قايماز الذهبي (المتوفى: 748ه)	Sham19Y	6071	0.55796
		 طب الأئمة ( ع ) 	 السيد عبد الله شبر 	ABLibrary	7937	0.55791
		كوثَر المَعَاني الدَّرَارِي في كَشْفِ خَبَايا صَحِيحْ البُخَاري	محمَّد الخَضِر بن سيد عبد الله بن أحمد الجكني الشنقيطي (المتوفى: 1354هـ)	ShamAY	31959	0.5579
		تراثنا العدد [ 58 ]	مؤسسة آل البيت عليهم السلام لإحياء التراث ـ قم	Rafed	3242	0.55789
		مسند الدارمي ت الزهراني	أبو محمد عبد الله بن عبد الرحمن الدارمي	ShamelaY19	36114	0.55788
		مجموع فيه مصنفات أبي العباس الأصم وإسماعيل الصفار	أبو العباس الأصم محمد بن يعقوب بن يوسف النيسابوري (346 هـ)	ShamAY	1381	0.55784
		الأئمة الاثني عشر	أبي عبد الله شمس الدين محمّد بن علي بن طولون الدمشقي الصالحي [ ابن طولون ]	Rafed	700	0.55784
		فضائل القرآن للقاسم بن سلام	أبو عُبيد القاسم بن سلاّم بن عبد الله الهروي البغدادي (المتوفى: 224هـ)	ShamAY	12524	0.55782
		المنهل الصافي والمستوفى بعد الوافي	يوسف بن تغري بردي بن عبد الله الظاهري الحنفي، أبو المحاسن، جمال الدين (المتوفى: 874هـ)	ShamAY	23156	0.55779
		 الغارات ( ط . ق ) 	 إبراهيم بن محمد الثقفي الكوفي 	ABLibrary	7897	0.55779
		أخبار وحكايات لمحمد بن عبد الواحد الدارمي - مخطوط	محمد بن عبد الواحد بن محمد بن عمر بن الميمون الدارمي الفقيه	ShamAY	32937	0.55769
		الثالث عشر من فوائد ابن المقرئ	أبو بكر محمد بن إبراهيم بن علي بن عاصم بن زاذان الأصبهاني الخازن، المشهور بابن المقرئ (المتوفى: 381ه)	Sham19Y	29942	0.55764
		الثالث عشر من فوائد ابن المقرئ	أبو بكر محمد بن إبراهيم بن علي بن عاصم بن زاذان الأصبهاني الخازن، المشهور بابن المقرئ (المتوفى: 381هـ)	ShamAY	29942	0.55755
		ألفية السيرة النبوية - نظم الدرر السنية الزكية	أبو الفضل زين الدين عبد الرحيم بن الحسين بن عبد الرحمن بن أبي بكر بن إبراهيم العراقي (المتوفى: 806ه)	ShamelaY19	23660	0.55754
		التصنيف الموضوعي لتاريخ بغداد، للحافظ أبي بكر الخطيب البغدادي	محمد بن عبد الله الهبدان :: محمد الهبدان	ShamAY	35252	0.55748
		تراثنا ـ العدد [ 11 ]	مؤسسة آل البيت عليهم السلام لإحياء التراث ـ قم	Rafed	2721	0.55745
		بحار الأنوار - الجزء39	العلامة المجلسي	Masaha	117	0.55742
		سنن أبى داود - الكتاب العربي	أبو داود سليمان بن الأشعث السجستاني	ShamAY	33960	0.5574
		فضائل الصحابة للنسائي	أبو عبد الرحمن أحمد بن شعيب بن علي الخراساني، النسائي (المتوفى: 303ه)	Sham19Y	6601	0.55734
		الآثار الواردة عن عمر بن عبد العزيز في العقيدة	حياة بن محمد بن جبريل	ShamAY	11723	0.55732
		تلخيص كتاب الموضوعات لابن الجوزي	شمس الدين أبو عبد الله محمد بن أحمد بن عثمان بن قَايْماز الذهبي (المتوفى: 748هـ)	ShamAY	6068	0.55731
		جزء فيه عوالي منتقاة من جزء أبي مسعود أحمد بن الفرات، انتقاء الذهبي	أحمد بن الفرات بن خالد الضبي الرازيّ، أبو مسعود (المتوفى: 258هـ)	ShamAY	1351	0.55725
		الجامع في الخاتم للبيهقي	أحمد بن الحسين بن علي بن موسى الخُسْرَوْجِردي الخراساني، أبو بكر البيهقي (المتوفى: 458هـ)	ShamAY	9300	0.5571
		معجم أعلام الجزائر - من صدر الإسلام حتى العصر الحاضر	عادل نويهض	ShamelaY19	96603	0.55707
		الخامس من مشيخة ابن حيويه	محمد بن العباس بن محمد بن زكرياء، أبو عمر ابن حيويه الخزاز (المتوفى: 382هـ)	ShamAY	29957	0.55707
		 معرفة الإمام 	 السيد محمد حسين الطهراني 	ABLibrary	8895	0.55706
		أخبار الشيوخ وأخلاقهم	أحمد بن محمد بن الحجاج، أبو بكر المَرُّوْذِيُّ (المتوفى: 275هـ)	ShamAY	9356	0.55705
		الأحاديث المائة الشريحية	عبد الرحمن بن أحمد بن محمد، أبو محمد ابن أبي شريح الأنصاري الهروي (المتوفى: 392هـ)	ShamAY	29734	0.55698
		الأحاديث والآثار الواردة في أحكام القرآن للكيا الهراسي، تخريجا ودراسة	صالح البهلال	ShamAY	33082	0.55683
		الجامع لعلوم الإمام أحمد - علل الحديث	إبراهيم النحاس	ShamAY	38860	0.55677
		الرواة المتروكون في مسند الإمام أحمد - جمع ودراسة	عامر بن حسن صبري	ShamAY	35216	0.55676
		معاني الأخبار	أبي جعفر محمّد بن علي بن الحسين بن بابويه القمّي [ الشيخ الصدوق ]	Rafed	1254	0.55676
		الأعلام للزركلي	خير الدين بن محمود بن محمد بن علي بن فارس، الزركلي الدمشقي (المتوفى: 1396هـ)	ShamAY	12286	0.55672
		أحاديث مسندة في أبواب القضاء لأبي نعيم الأصفهاني - مخطوط (ن)	أبو نعيم أحمد بن عبد الله بن أحمد بن إسحاق بن موسى بن مهران الأصبهاني (المتوفى: 430هـ)	ShamAY	9853	0.55671
		 تاريخ گرديزى ( زين الأخبار ) 	 عبد الحي بن الضحاك بن محمود الجرديزي ( گرديزى ) ( تعريب : عفاف السيد زيدان ) 	ABLibrary	8174	0.55671
		تاريخ طبري	طبري ، ابوجعفر محمد بن جرير بن يزيد ( قرن 3و4 ق ) ( صاحب تاريخ طبري معروف - سني مذهب )	Ghbook	9562	0.5567
		 السيرة النبوية وأخبار الخلفاء 	 أبي حاتم التميمي البستي 	ABLibrary	7581	0.55667
		رواة الغدير من الصحابة والتابعين والعلماء	الشيخ عبد الحسين الأميني النجفي	Masaha	286	0.55662
		صحيح وضعيف سنن الترمذي	محمد ناصر الدين الألباني (المتوفى: 1420هـ)	ShamAY	782	0.55657
		العظمة لأبي الشيخ الأصبهاني	أبو محمد عبد الله بن محمد بن جعفر بن حيان الأنصاري المعروف بأبِي الشيخ الأصبهاني (المتوفى: 369هـ)	ShamAY	13043	0.55656
		أحاديث عن النبي صلى الله عليه وسلم لأبي الفرج الحراني - مخطوط	أبو الفرج عبد المنعم بن عبد الوهاب بن سعد بن كليب الحراني	ShamAY	32898	0.55647
		غريب الحديث للخطابي	أبو سليمان حمد بن محمد بن إبراهيم بن الخطاب البستي المعروف بالخطابي (المتوفى: 388 هـ)	ShamAY	32379	0.55647
		الجزء الثاني من الفوائد المنتقاة العوالي لأبي علي ابن شاذان - مخطوط	أبو علي الحسن بن أحمد ابن شاذان	ShamAY	32752	0.55646
		حجة الوداع لابن حزم	أبو محمد علي بن أحمد بن سعيد بن حزم الأندلسي القرطبي الظاهري (المتوفى: 456هـ)	ShamAY	13109	0.55641
		الجزء الرابع من الفوائد المنتقاة العوالي من حديث القطيعي-مخطوط (ن)	أبو بكر أحمد بن جعفر بن حمدان بن مالك بن شبيب البغدادي المعروف بالقطيعي (المتوفى: 368هـ)	ShamAY	10515	0.55629
		أحاديث عفان بن مسلم	عفان بن مسلم بن عبد الله الباهلى، أبو عثمان الصفار البصرى، مولى عزرة بن ثابت الأنصارى (المتوفى: بعد 219ه)	ShamelaY19	30305	0.55625
		 من ذيول العبر 	 الذهبي - الحسيني 	ABLibrary	970	0.55625
		أمالي أبي بكر النجاد	أبو بكر النجاد، أحمد بن سلمان بن الحسن بن إسرائيل بن يونس البغدادي (المتوفى: 348ه)	ShamelaY19	29721	0.55621
		الإستبصار [ج ١]	أبي جعفر محمّد بن الحسن بن علي بن الحسن الطّوسي [ شيخ الطائفة ]	Rafed	1266	0.55616
		عشرون حديثا من صحيح البخاري دراسة اسانيدها وشرح متونها	عبد المحسن بن حمد بن عبد المحسن بن عبد الله بن حمد العباد البدر	ShamAY	3939	0.55605
		الشفاعة	أبو عبد الرحمن مقبل بن هادي بن مقبل بن قائدة (اسم رجل) الهمداني الوادعي (المتوفى: 1422ه)	ShamelaY19	96782	0.55604
		الأحاديث العوالي من جزء ابن عرفة العبدي (150هـ - 257هـ)	تقي الدين أبو العباس أحمد بن عبد الحليم بن عبد السلام بن عبد الله بن أبي القاسم بن محمد ابن تيمية الحراني الحنبلي الدمشقي (المتوفى : 728هـ)	ShamAY	7525	0.556
		معمر بن راشد ومرويات البصريين عنه في الصحيحين	حسن عبة جي	ShamAY	34034	0.55599
		مصافحات وموافقات وأبدال وأحاديث عوال لجهمة بنت المفرج - مخطوط		ShamAY	32797	0.55594
		ألفية السيرة النبوية ـ نظم الدرر السنية الزكية	زين الدين العراقي‏	Masaha	1863	0.5559
		الجزء فيه مسند عابس الغفاري وجماعة من الصحابة رضي الله عنهم	أحمد بن حازم بن محمد بن يونس بن قيس بن أبي غرزة، أبو عمرو الغفاري الكوفي (المتوفى: 276ه)	ShamelaY19	26449	0.55586
		شهداء أحد الذين ذكرهم ابن إسحاق في مغازيه	محمد بن عبد الله بن عبد القادر غبان الصبحي	ShamAY	12264	0.55574
		ثلاثة مجالس من أمالي أبي عبد الله الروذباري	أَبُو عَبْدِ اللهِ أَحْمَدُ بنُ عَطَاءٍ الرُّوْذْبَارِيُّ (المتوفى: 396هـ)	ShamAY	29871	0.55571
		إيضاح المدارك في الإفصاح عن العواتك - سلسلة لقاء العشر الأواخر بالمسجد الحرام (16)	محمد بن محمد بن عبد الرزاق الحسيني، أبو الفيض، الملقب بمرتضى، الزبيدي (المتوفى: 1205 ه)	Sham19Y	13995	0.55566
		فضائل رمضان لابن أبي الدنيا	أبو بكر عبد الله بن محمد بن عبيد بن سفيان بن قيس البغدادي الأموي القرشي المعروف بابن أبي الدنيا (المتوفى: 281ه)	Sham19Y	10799	0.55558
		أحاديث عفان بن مسلم	عفان بن مسلم بن عبد الله الباهلى، أبو عثمان الصفار البصرى، مولى عزرة بن ثابت الأنصارى (المتوفى: بعد 219هـ)	ShamAY	30305	0.55556
		الأئمة الاثنا عشر	شمس الدين محمد بن طولون‏	Masaha	1839	0.55556
		الكافئة في إبطال توبة الخاطئة	الشيخ المفيد	Masaha	4761	0.55555
		مسند ابن أبي أوفى ليحيى بن محمد بن صاعد	أبو محمد يحيى بن محمد بن صاعد بن كاتب الهاشمي البغدادي (المتوفى: 318ه)	Sham19Y	13154	0.55554
		حياة الشيخ محمد بن عبد الوهاب وآثاره العلمية (مطبوع ضمن بحوث ندوة دعوة الشيخ محمد بن عبدالوهاب، الجزء الأول)	إسماعيل بن محمد بن ماحي السعدي الأنصاري (المتوفى: 1417هـ)	ShamAY	11170	0.5554
		الدِّفَاعُ عنْ كتابِ رياضِ الصَّالحينَ	علي بن نايف الشحود	ShamAY	37298	0.55539
		علم الرجال وأهميته	عبد الرحمن بن يحيى المعلمي اليماني (المتوفى : 1386هـ)	ShamAY	35872	0.55538
		الرسائل العشر في الاحاديث الموضوعه في كتب السنه	آيت الله علي حسيني ميلاني	Ghbook	4782	0.55533
		العقوبات لابن أبي الدنيا - ط أطلس الخضراء = مقابل	أبو بكر عبد الله بن محمد ابن أبي الدنيا	ShamAY	38131	0.55531
		 الحلل السندسية في الأخبار والآثار الأندلسية 	 شكيب أرسلان 	ABLibrary	9040	0.55527
		فضائل الصحابة للنسائي	أبو عبد الرحمن أحمد بن شعيب بن علي الخراساني، النسائي (المتوفى: 303هـ)	ShamAY	6601	0.5551
		الفتن لنعيم بن حماد - ط الفكر	نعيم بن حماد المروزي	ShamAY	33953	0.55504
		موسوعة وضوء النبي	علي شهرستاني	Ghbook	16151	0.55504
		تاريخ الكوفة	حسين البراقي	Masaha	3957	0.55498
		خاتمة المستدرك‌ - الجزء1	المحدث الشيخ حسين النوري	Masaha	3526	0.55497
		إقامة الدليل على علو رتبة إرواء الغليل والرد على مستدرك التعليل	أبو عبد الله أحمد بن إبراهيم بن أبي العينين	ShamelaY19	96930	0.55491
		 العوالم ، الإمام جعفر الصادق ( ع ) 	 الشيخ عبد الله البحراني 	ABLibrary	7617	0.5549
		مراقي الجنان بالسخاء وقضاء حوائج الإخوان	الواحدي :: يوسف بن عبد الهادي	ShamAY	33733	0.55487
		الوقوف والترجل من الجامع لمسائل الإمام أحمد بن حنبل	أبو بكر أحمد بن محمد بن هارون بن يزيد الخلال البغدادي الحنبلي (المتوفى: 311ه)	ShamelaY19	26883	0.55484
		الحث على التجارة والصناعة والعمل والإنكار على من يدعي التوكل في ترك العمل والحجة عليهم في ذلك	أبو بكر أحمد بن محمد بن هارون بن يزيد الخَلَّال البغدادي الحنبلي (المتوفى: 311هـ)	ShamAY	8213	0.55478
		السنة لأبي بكر بن الخلال	أبو بكر أحمد بن محمد بن هارون بن يزيد الخَلَّال البغدادي الحنبلي (المتوفى: 311هـ)	ShamAY	1077	0.55476
		العسل المصفي من تهذيب زين الفتي في شرح سورة هل اتي	احمد بن محمد بن علي عاصمي	Ghbook	9637	0.55473
		 منتخب الأثر في أحوال الإمام الثاني عشر ( عج ) 	 الشيخ لطف الله الصافي الگلپايگاني 	ABLibrary	7791	0.55471
		المهذب في اختصار السنن الكبير	الذهبي، شمس الدين	ShamelaY19	146127	0.5547
		نخب الأفكار في تنقيح مباني الأخبار في شرح معاني الآثار	أبو محمد محمود بن أحمد بن موسى بن أحمد بن حسين الغيتابى الحنفى بدر الدين العينى (المتوفى: 855هـ)	ShamAY	32159	0.55465
		الجامع الصحيح مما ليس في الصحيحين	أبو عبد الرحمن مقبل بن هادي الوادعي (المتوفى: 1422 ه)	ShamelaY19	148097	0.55457
		عقيل بن أبي طالب بين الحقيقة والشّبهة	علي صالح رسن المحمداوي	Rafed	1228	0.55453
		الفوائد والأخبار والحكايات عن الشافعي وحاتم الأصم ومعروف الكرخي وغيرهم	الْحَسَن بن الْحُسَيْن بن حمكان أَبُو عَلِيّ الهمذاني (المتوفى: 405هـ)	ShamAY	26505	0.55429
		الزهد لابن أبي الدنيا	أبو بكر عبد الله بن محمد بن عبيد بن سفيان بن قيس البغدادي الأموي القرشي المعروف بابن أبي الدنيا (المتوفى: 281هـ)	ShamAY	8216	0.55415
		كتاب الأربعين في فضل الرحمة والراحمين لابن طولون الصالحي	شمس الدين محمد بن علي بن خمارويه بن طولون الدمشقي الصالحي الحنفي (المتوفى: 953هـ)	ShamAY	9826	0.55412
		إيضاح المدارك في الإفصاح عن العواتك - سلسلة لقاء العشر الأواخر بالمسجد الحرام (16)	محمّد بن محمّد بن عبد الرزّاق الحسيني، أبو الفيض، الملقّب بمرتضى، الزَّبيدي (المتوفى: 1205 هـ)	ShamAY	32473	0.55411
		سمط اللآلي في شرح أمالي القالي [هو كتاب شرح أمالي القالي / لأبي عبيد البكري؛ نسخه وصححه وحقق ما فيه وخرجه وأضاف إليه عبد العزيز الميمني]	أبو عبيد عبد الله بن عبد العزيز بن محمد البكري الأندلسي (المتوفى: 487هـ)	ShamAY	1586	0.55409
		وسائل الشيعة [ج ٥]	محمد بن الحسن الحرّ العاملي [ العلامة الشيخ حرّ العاملي ]	Rafed	293	0.55409
		جزء فيه حديث أبي سعيد الأشج	أبو سعيد الأشج عبد الله بن سعيد بن حصين الكندي، الكوفي (المتوفى: 257ه)	ShamelaY19	26353	0.55406
		الأوائل للعسكري	أبو هلال الحسن بن عبد الله بن سهل بن سعيد بن يحيى بن مهران العسكري (المتوفى: نحو 395هـ)	ShamAY	10529	0.554
		تفسير ابن كثير (قرطبة وأولاد الشيخ)	عماد الدين أبو الفداء إسماعيل بن كثير الدمشقي	ShamAY	34045	0.55395
		المراسيل لأبي داود - ط الصميعي	أبو داود سليمان بن الأشعث السجستاني	ShamAY	33999	0.55391
		جزء أبي عروبة الحراني برواية الأنطاكي	أبو عروبة الحسين بن محمد بن أبي معشر مودود السُّلَمي الجَزَري الحرَّاني (المتوفى: 318هـ)	ShamAY	1288	0.55385
		أخبار الدولة العباسية وفيه أخبار العباس وولده	مؤلف أخبار الدولة العباسية - مجهول (المتوفى: ق 3هـ)	ShamAY	12226	0.55379
		الاستقصا لأخبار دول المغرب الأقصى	شهاب الدين أبو العباس أحمد بن خالد بن محمد الناصري الدرعي الجعفري السلاوي (المتوفى: 1315هـ)	ShamAY	6627	0.55376
		الأوائل للطبراني	سليمان بن أحمد بن أيوب بن مطير اللخمي الشامي، أبو القاسم الطبراني (المتوفى: 360هـ)	ShamAY	13002	0.55369
		مجموعة بحوث ندوة السنة النبوية	مجموعة من المؤلفين	ShamAY	37346	0.55367
		عروس الأجزاء	أبو الفرج مسعود بن الحسن الثقفي الأصبهاني (المتوفى: 562ه)	ShamelaY19	26746	0.55364
		الدعاء للمحاملي	أبو عبد الله البغدادي الحسين بن إسماعيل بن محمد بن إسماعيل بن سعيد بن أبان الضبي المحاملي (المتوفى: 330هـ)	ShamAY	8255	0.55352
		 بحار الأنوار 	 العلامة المجلسي 	ABLibrary	740	0.55346
		الأحاديث القدسية الأربعينية ت الحويني	علي بن (سلطان) محمد، أبو الحسن نور الدين الملا الهروي القاري (المتوفى: 1014ه)	ShamelaY19	19482	0.55338
		تحرير علوم الحديث	عبد الله بن يوسف الجديع	ShamAY	124	0.55338
		الشفاعة	أَبِو عَبد الرَّحمَن مُقْبلُ بنُ هَادِي بنِ مُقْبِلِ بنِ قَائِدَةَ (اسم رجل) الهَمْدَاني الوادعِيُّ (المتوفى: 1422هـ)	ShamAY	1997	0.55337
		النحفه العنبريه في انساب خير البريه	سيدمهدي رجايي	Ghbook	15625	0.55336
		موسوعة فضائل سور وآيات القرآن - القسم الصحيح	محمد بن رزق بن طرهوني	ShamelaY19	144114	0.55331
		الأول والثاني من حديث أبي بكر محمد بن العباس بن نجيح البزاز - مخطوط	أبو بكر محمد بن العباس بن نجيح البزاز	ShamAY	32840	0.5532
		عش مع الخلفاء والملوك (سيرة مختصرة)	الدكتور/ مرزوق بن هياس الزهراني	ShamelaY19	132443	0.55311
		غاية المرام وحجّة الخصام [ج ٤]	السيّد هاشم البحراني الموسوي التوبلي	Rafed	3609	0.55305
		صحيح ابن خزيمة	أبو بكر محمد بن إسحاق بن خزيمة بن المغيرة بن صالح بن بكر السلمي النيسابوري (المتوفى: 311هـ)	ShamAY	1446	0.55298
		وقعة صفين‏	مؤمن بن حسن الشبلنجي‏	Masaha	3026	0.55298
		وسائل الشيعة [ج ٧]	محمد بن الحسن الحرّ العاملي [ العلامة الشيخ حرّ العاملي ]	Rafed	296	0.55281
		من حديث أبي الدحداح وأحمد التميمي وشعيب بن أبي حمزة - مخطوط	الضياء المقدسي	ShamAY	32803	0.5528
		فوائد أبي بكر عبد الله بن محمد بن زياد النيسابوري - مخطوط	أبو بكر عبد الله بن محمد بن زياد النيسابوري	ShamAY	32904	0.55278
		مناقب النساء الصحابيات لعبد الغني المقدسي	عبد الغني بن عبد الواحد بن علي بن سرور المقدسي الجماعيلي الدمشقي الحنبلي، أبو محمد، تقي الدين (المتوفى: 600ه)	ShamelaY19	26710	0.5527
		الجزء الأول من المنتخب من فوائد ابن علويه القطان - مخطوط	أبو محمد الحسن بن علي بن محمد القطان المعروف بابن علويه	ShamAY	32938	0.55266
		مجلسان لأبي بكر العنبري	أبو بكر أحمد بن محمد العنبري الملحمي (المتوفى: 324ه)	Sham19Y	29716	0.55266
		الإمام الكاظم وذراريه	إسماعيل الحاج عبدالرحيم الخفّاف	Rafed	2466	0.55259
		سنن أبي داود	أبو داود سليمان بن الأشعث بن إسحاق بن بشير بن شداد بن عمرو الأزدي السَِّجِسْتاني (المتوفى: 275هـ)	ShamAY	1160	0.55257
		الجهاد لابن المبارك - ط المطبوعات الحديثة	الامام الحافظ المجاهد عبد الله بن المبارك	ShamAY	33534	0.55257
		 مسالك الأبصار في ممالك الأمصار 	 أحمد بن يحيى العمري 	ABLibrary	9199	0.55253
		 منائح الكرم 	 علي بن تاج الدين السنجاري 	ABLibrary	9226	0.55249
		 تسعة كتب في اصول التصوف والزهد 	 السلمي 	ABLibrary	8704	0.55237
		البلدان	أحمد بن أبي يعقوب اسحاق بن جعفر بن وهب بن واضح [ اليعقوبي ]	Rafed	2154	0.55232
		الفوائد الشهير بالغيلانيات لأبي بكر الشافعي	أبو بكر محمد بن عبد الله بن إبراهيم بن عبدوَيْه البغدادي الشافعي البزَّاز (المتوفى: 354هـ)	ShamAY	31639	0.55231
		زيد بن علي عليه السلام	الشيخ محمد رضا كاشف الغطاء	Masaha	4084	0.55231
		احتساب الشيخ محمد بن عبد الوهاب (رحمه الله)	مرفت بنت كامل بن عبد الله أسرة	ShamAY	7487	0.55214
		حسن الظن بالله لابن أبي الدنيا	أبو بكر عبد الله بن محمد بن عبيد بن سفيان بن قيس البغدادي الأموي القرشي المعروف بابن أبي الدنيا (المتوفى: 281هـ)	ShamAY	13113	0.55213
		من حديث أبي علي اللحياني عن شيوخه - مخطوط (ن)	أبو علي الحسين بن محمد بن يوسف اللحياني (المتوفى: ق 4هـ)	ShamAY	21672	0.55211
		مختصر زوائد مسند البزار على الكتب الستة ومسند أحمد	شهاب الدين أبي الفضل بن حجر العسقلاني	ShamAY	33053	0.55207
		مآثر الإنافة في معالم الخلافة	أحمد بن علي بن أحمد الفزاري القلقشندي ثم القاهري (المتوفى: 821هـ)	ShamAY	8460	0.55201
		الفهرست	أبو الفرج محمد بن إسحاق بن محمد الوراق البغدادي المعتزلي الشيعي المعروف بابن النديم (المتوفى: 438هـ)	ShamAY	7642	0.552
		الشاذ والمنكر وزيادة الثقة - موازنة بين المتقدمين والمتأخرين	أبو ذر عبد القادر بن مصطفى بن عبد الرزاق المحمدي	ShamelaY19	36147	0.55197
		أخبار فخ وخبر يحيي بن عبد الله وأخيه إدريس بن عبد الله (انتشار الحركة الزيدية في اليمن والمغرب والديلم)	أحمد بن سهل الرازي (المتوفي في الربع الأول من القرن الرابع)	ShamAY	31664	0.55194
		وفيات جماعة من المحدثين لأبي مسعود الحاجي	عبد الرحيم بن علي بن أحمد الأصبهاني، أبو مسعود الحاجي ابن أبي الوفاء (المتوفى: 566ه)	ShamelaY19	26437	0.55187
		شذرات الذهب في أخبار من ذهب	عبد الحي بن أحمد بن محمد ابن العماد العَكري الحنبلي، أبو الفلاح (المتوفى: 1089هـ)	ShamAY	12398	0.55182
		الانتهاء لمعرفة الأحاديث التي لم يفت بها الفقهاء، ومناقشها على ضوء الأصلين:	أبو عبد الله عبد السلام بن محمد بن عمر علوش	ShamelaY19	96948	0.55178
		حديث أبي بكر بن الأنباري	محمد بن جعفر بن محمد بن الهيثم، أبو بكر الأنباري، البندار (المتوفى: 360ه)	ShamelaY19	29781	0.55176
		 الدرة الثمينة في أخبار المدينة 	 ابن النجار البغدادي 	ABLibrary	9067	0.55176
		طبقات الشافعية لابن قاضى شهبة	أبو بكر بن أحمد بن محمد بن عمر الأسدي الشهبي الدمشقي، تقي الدين ابن قاضي شهبة (المتوفى: 851هـ)	ShamAY	6736	0.55167
		الجزء الخامس من مشيخة أبي غالب ابن البناء المقرئ - مخطوط	أبو غالب أحمد بن الحسن بن أحمد البناء المقرئ	ShamAY	32852	0.55159
		الفوائد المنتخبة من أصول مسموعات المخلدي انتخاب البحيري - مخطوط	أبو محمد الحسن بن أحمد بن محمد بن علي بن مخلد بن شيبان العدل المخلدي	ShamAY	32921	0.55153
		بغية الباحث عن زوائد مسند الحارث - ط الطلائع	الحافظ الجليل نور الدين على بن أبى بكر الهيثمى المتوفى سنة 807 ه	ShamAY	33926	0.55149
		الدّرّة الثّمينة في أخبار المدينة	أبي عبد الله محمّد بن محمود بن النجّار البغدادي	Rafed	2207	0.55148
		من حديث أبي نصر أحمد بن الحسن بن محمد بن الشاه - مخطوط		ShamAY	32814	0.55145
		التعليقة على إختيار معرفة الرّجال [ج ١]	السيّد محمّد باقر الحسيني الاسترآبادي	Rafed	533	0.55135
		مختصر كتاب البسملة لأبي شامة - اختصار الذهبي	شهاب الدين عبد الرحمن بن إسماعيل الشافعي المعروف بأبي شامة المقدسي (665 هـ)	ShamAY	33591	0.5513
		أحاديث أبي عبد الله الرازي	ابن الحطاب أبو عبد الله الرازي، محمد بن أحمد بن إبراهيم (المتوفى: 525ه)	ShamelaY19	29726	0.55123
		ضعيف سنن الترمذي	محمد ناصر الدين الألباني (المتوفى: 1420هـ)	ShamAY	1216	0.55121
		 دلائل النبوة ومعرفة أحوال صاحب الشريعة 	 أحمد بن الحسين البيهقي 	ABLibrary	935	0.55114
		الأحاديث القدسية الأربعينية ت الحويني	علي بن (سلطان) محمد، أبو الحسن نور الدين الملا الهروي القاري (المتوفى: 1014هـ)	ShamAY	1062	0.55113
		وسائل الشيعة [ج ١٧]	محمد بن الحسن الحرّ العاملي [ العلامة الشيخ حرّ العاملي ]	Rafed	311	0.55108
		المنهل الروي في مختصر علوم الحديث النبوي	أبو عبد الله، محمد بن إبراهيم بن سعد الله بن جماعة الكناني الحموي الشافعي، بدر الدين (المتوفى: 733ه)	Sham19Y	5959	0.55098
		 مسند الإمام الصادق ( ع ) 	 الشيخ عزيز الله عطاردي 	ABLibrary	7717	0.55096
		من حديث أبي علي اللحياني عن شيوخه - مخطوط (ن)	أبو علي الحسين بن محمد بن يوسف اللحياني (المتوفى: ق 4ه)	ShamelaY19	21672	0.55093
		غارة الفصل على المعتدين على كتب العلل	أَبِو عَبد الرَّحمَن مُقْبلُ بنُ هَادِي بنِ مُقْبِلِ بنِ قَائِدَةَ (اسم رجل) الهَمْدَاني الوادعِيُّ (المتوفى: 1422هـ)	ShamAY	2001	0.55091
		مسموعات أبي محمد رزق الله التميمي	رزق الله بن عبد الوهاب بن عبد العزيز، أبو محمد التميمي الحنبلي (المتوفى: 488ه)	ShamelaY19	29773	0.55086
		المقتطفات من كتاب فضائل الصحابه	مركز تحقيقات حج	Ghbook	11352	0.55075
		 سنن أبي داود 	 سليمان بن الأشعث السجستاني 	ABLibrary	85	0.55074
		إقَامَةُ الدَّليل عَلى عُلو رتبَة إرْوَاءِ الغَليل وَالرَّد عَلى مُستَدَرك التعليل	أبو عبد الله أحمد بن إبراهيم بن أبي العينين	ShamAY	2045	0.55064
		أسماء البقاع والجبال في القرآن الكريم	جلال الدين عبد الرحمن بن أبي بكر السيوطي	Rafed	2082	0.55064
		الامامه و التبصره من الحيره	محمد بن علي بن بابويه شيخ صدوق	Ghbook	9985	0.55064
		الشاذ والمنكر وزيادة الثقة - موازنة بين المتقدمين والمتأخرين	أبو ذر عبد القادر بن مصطفى بن عبد الرزاق المحمدي	ShamAY	548	0.55062
		المجالسة وجواهر العلم	أبو بكر أحمد بن مروان الدينوري المالكي (المتوفى : 333هـ)	ShamAY	9948	0.55061
		عناية العلماء بالإسناد وعلم الجرح والتعديل وأثر ذلك في حفظ السنة النبوية	صالح بن حامد بن سعيد الرفاعي	ShamAY	11305	0.55058
		الأمصار ذوات الآثار	محمد بن أحمد الذهبي	Masaha	4754	0.55057
		مناقب علي بن أبي طالب(ع) لابن مردويه‏	ابن مردويه الأصفهاني‏	Masaha	3294	0.55052
		تراثنا ـ العدد [ 49 ]	مؤسسة آل البيت عليهم السلام لإحياء التراث ـ قم	Rafed	3187	0.55045
		قرى الضيف لابن أبي الدنيا	أبو بكر عبد الله بن محمد بن عبيد بن سفيان بن قيس البغدادي الأموي القرشي المعروف بابن أبي الدنيا (المتوفى: 281هـ)	ShamAY	11030	0.55042
		مصادر الفكر الإسلامي في اليمن للحبشي	عبد الله محمد الحبشي	ShamAY	34711	0.55041
		 مسند الإمام العسكري ( ع ) 	 الشيخ عزيز الله عطاردي 	ABLibrary	7742	0.55037
		ضعيف سنن الترمذي	محمد ناصر الدين الألباني (المتوفى: 1420ه)	Sham19Y	1216	0.5503
		أمل الآمل - الجزء1	الحر العاملي	Masaha	885	0.55024
		الأولياء لابن أبي الدنيا	أبو بكر عبد الله بن محمد بن عبيد بن سفيان بن قيس البغدادي الأموي القرشي المعروف بابن أبي الدنيا (المتوفى: 281هـ)	ShamAY	13003	0.55016
		جزء فيه منتقى من سيرة ابن هشام (ضمن مجموع مطبوع باسم الفوائد لابن منده!)	محمد بن عبد الله المظفري الشافعيّ (المتوفى: بعد 649هـ)	ShamAY	12855	0.55014
		شرح الحديث المقتفى في مبعث النبي المصطفى	أبو القاسم شهاب الدين عبد الرحمن بن إسماعيل بن إبراهيم المقدسي الدمشقي المعروف بأبي شامة (المتوفى: 665هـ)	ShamAY	7808	0.55003
		الإيماء إلى أطراف أحاديث كتاب الموطأ	أبو العباس أحمد بن طاهر الداني الأندلسي (المتوفى: 532 ه)	ShamelaY19	127660	0.55002
		عوالي مسلم: أربعون حديثا منتقاة من صحيح مسلم	أبو الفضل أحمد بن علي بن محمد بن أحمد بن حجر العسقلاني (المتوفى: 852هـ)	ShamAY	26891	0.54991
		الرسالة المستطرفة محققة ومعها والتعليقات المستظرفة	الكتاني، محمد بن جعفر	ShamAY	37613	0.54972
		الجزء الرابع من فوائد الحاج من حديث أبي عمرو الحيري - مخطوط	أبو عمرو محمد بن أحمد بن حمدان الحيري الضرير	ShamAY	32919	0.54971
		الشاذ والمنكر وزيادة الثقة - موازنة بين المتقدمين والمتأخرين	أبو ذر عبد القادر بن مصطفى بن عبد الرزاق المحمدي	Sham19Y	36147	0.54962
		الثقات لابن حبان - ط العلمية = التراجم	أبو حاتم بن حبان (354هـ)	ShamAY	38017	0.54961
		صفات الشيعة	الشيخ الصدوق	Masaha	2323	0.54958
		كتابة السنة في عهد النبي صلى الله عليه وسلم والصحابة وأثرها في حفظ السنة النبوية	رفعت بن فوزي عبد المطلب	ShamAY	11349	0.54947
		تاريخ أفريقية والمغرب	رقيق القيرواني	Rafed	2215	0.54946
		رسالة المواسعة و المضايقة	السيد علي بن موسى بن طاووس	Masaha	1029	0.54945
		النجاة بحمد الله	يوسف بن حسن بن أحمد بن حسن ابن عبد الهادي الصالحي، جمال الدين، ابن ابن المبرد الحنبلي (المتوفى: 909ه)	ShamelaY19	30291	0.54944
		ذم الغيبة والنميمة لابن أبي الدنيا	أبو بكر عبد الله بن محمد بن عبيد بن سفيان بن قيس البغدادي الأموي القرشي المعروف بابن أبي الدنيا (المتوفى: 281هـ)	ShamAY	8241	0.54944
		مجلسان لأبي بكر العنبري	أبو بكر أحمد بن محمد العنبري الملحمي (المتوفى: 324هـ)	ShamAY	29716	0.54942
		تاريخ واسط	أسلم بن سهل بن أسلم بن حبيب الرزّاز الواسطي، أبو الحسن، بَحْشَل (المتوفى: 292هـ)	ShamAY	11766	0.54941
		منتخب الأثر في الإمام الثاني عشر عليه السلام [ج ٣]	لطف الله الصافي الگلپايگاني	Rafed	2776	0.54936
		مسانيد أبي يحيى فراس بن يحيى الْمُكَتِّبِ الكوفي	أبو نعيم أحمد بن عبد الله بن أحمد بن إسحاق بن موسى بن مهران الأصبهاني (المتوفى : 430هـ)	ShamAY	10659	0.54929
		أسباب النزول للواحدي - مؤسسة الحلبي	الواحدي	ShamAY	36754	0.54926
		ذم الملاهي لابن أبي الدنيا - ط أطلس الخضراء = مقابل	أبو بكر عبد الله بن محمد ابن أبي الدنيا	ShamAY	38091	0.54918
		لماذا أهل البيت وليس غيرهم؟!	حسين المدرسي	Masaha	391	0.54905
		مجلسان من أمالي الخلال	أبو محمد الحسن بن محمد بن الحسن بن علي البغدادي الخَلَّال (المتوفى: 439هـ)	ShamAY	30446	0.54897
		وقعة صفين - ت هارون	نصر بن مزاحم المنقرى (المتوفى: 212هـ)	ShamAY	33834	0.54895
		تبيين العجب بما ورد في فضل رجب	للحافظ ابن حجر العسقلاني.	ShamAY	35247	0.54884
		الإلزامات والتتبع - ط الآثار	أبو الحسن علي بن عمر الدارقطني	ShamAY	38146	0.54883
		الذهب المسبوك في تحقيق روايات غزوة تبوك	أبو محمد عبد القادر بن حبيب الله بن كورو عبد القادر بن حبيب اللَّه بن كورو، بن سجن، بن سبر السندى (المتوفى: 1418 هـ)	ShamAY	32448	0.54883
		 الإشارات إلى معرفة الزيارات 	 علي بن أبي بكر الهروي 	ABLibrary	8954	0.5488
		الجوهر المنضد في طبقات متأخري أصحاب أحمد	يوسف بن حسن بن أحمد بن حسن ابن عبد الهادي الصالحي، جمال الدين، ابن المبرد الحنبلي (المتوفى: 909 ه)	Sham19Y	17657	0.54879
		الصيام للفريابي	أبو بكر جعفر بن محمد بن الحسن بن المُسْتَفاض الفِرْيابِي (المتوفى: 301هـ)	ShamAY	13040	0.54877
		جزء حديثي في أحاديث ذكر الخوارج	عبد الباسط الغريب	ShamAY	33051	0.54877
		الصبر والثواب عليه لابن أبي الدنيا	أبو بكر عبد الله بن محمد بن عبيد بن سفيان بن قيس البغدادي الأموي القرشي المعروف بابن أبي الدنيا (المتوفى: 281هـ)	ShamAY	8259	0.54874
		أحكام النساء للإمام أحمد	أبو عبد الله أحمد بن محمد بن حنبل بن هلال بن أسد الشيباني (المتوفى: 241هـ)	ShamAY	1546	0.54873
		الشافي في شرح مسند الشافعي لابن الأثير	مجد الدين أبو السعادات المبارك بن محمد بن محمد بن محمد ابن عبد الكريم الشيباني الجزري ابن الأثير (المتوفى: 606ه)	Sham19Y	13241	0.54873
		المنهل الروي في مختصر علوم الحديث النبوي	أبو عبد الله، محمد بن إبراهيم بن سعد الله بن جماعة الكناني الحموي الشافعي، بدر الدين (المتوفى: 733هـ)	ShamAY	5959	0.54869
		من حديث محمد بن عثمان بن كرامة وحديث طاهر بن خالد بن نزار الأيلي، رواية محمد بن مخلد العطار عنهما	أبو عبد الله محمد بن مخلد بن حفص العطار الدوري البغدادي (المتوفى: 331ه)	Sham19Y	26359	0.54859
		إحقاق الحقّ وإزهاق الباطل [ج ١٥]	السيّد نور الله الحسيني المرعشي التستري	Rafed	2754	0.5484
		مسند البزار المنشور باسم البحر الزخار	أبو بكر أحمد بن عمرو بن عبد الخالق بن خلاد بن عبيد الله العتكي المعروف بالبزار (المتوفى: 292ه)	Sham19Y	12981	0.54832
		جزء القاسم بن موسى الأشيب	القاسم بن موسى بن الحسن بن موسى الأشيب أبو محمد البغدادي (المتوفى: 302هـ)	ShamAY	29702	0.54821
		مسند البزار المنشور باسم البحر الزخار	أبو بكر أحمد بن عمرو بن عبد الخالق بن خلاد بن عبيد الله العتكي المعروف بالبزار (المتوفى: 292هـ)	ShamAY	12981	0.5482
		الوقوف والترجل من الجامع لمسائل الإمام أحمد بن حنبل	أبو بكر أحمد بن محمد بن هارون بن يزيد الخَلَّال البغدادي الحنبلي (المتوفى: 311هـ)	ShamAY	26883	0.54814
		ألفية السيرة النبوية - نظم الدرر السنية الزكية	أبو الفضل زين الدين عبد الرحيم بن الحسين بن عبد الرحمن بن أبي بكر بن إبراهيم العراقي (المتوفى: 806هـ)	ShamAY	23660	0.54805
		 ذيل طبقات الحفاظ 	 جلال الدين السيوطي 	ABLibrary	831	0.54805
		إحقاق الحقّ وإزهاق الباطل [ج ٢٠]	السيّد نور الله الحسيني المرعشي التستري	Rafed	2761	0.54805
		 مكاتيب الأئمة ( ع ) 	 علي الأحمدي الميانجي 	ABLibrary	7778	0.54794
		الموجز في مراجع التراجم والبلدان والمصنفات وتعريفات العلوم	محمود محمد الطناحي، أبو أروى (المتوفى: 1419هـ)	ShamAY	9847	0.54784
		عثمان بن عفان ذو النورين	محمد رضا (المتوفى: 1369هـ)	ShamAY	552	0.54776
		الإغراب: الجزء الرابع من حديث شعبة بن الحجاج وسفيان بن سعيد الثوري مما أغرب بعضهم على بعض	أبو عبد الرحمن أحمد بن شعيب بن علي الخراساني، النسائي (المتوفى: 303هـ)	ShamAY	1371	0.54775
		المنيحة بسلسلة الأحاديث الصحيحة	أبو إسحاق الحويني الأثري حجازي محمد شريف	Sham19Y	14316	0.54775
		من حديث أبي الحسن ابن المقابري - مخطوط		ShamAY	32800	0.54771
		الشَّافِي فيْ شَرْح مُسْنَد الشَّافِعي لابْنِ الأثِيرْ	مجد الدين أبو السعادات المبارك بن محمد بن محمد بن محمد ابن عبد الكريم الشيباني الجزري ابن الأثير (المتوفى: 606هـ)	ShamAY	31758	0.54758
		تاريخ الإسلام ووفيات المشاهير والأعلام [ج ٢]	شمس الدين محمّد بن أحمد بن عثمان الذّهبي	Rafed	3328	0.54757
		مسند علي بن ابراهيم القمي	احمد عابدي	Ghbook	16091	0.54754
		تخريج الأحاديث والآثار الواقعة في تفسير الكشاف للزمخشري	جمال الدين أبو محمد عبد الله بن يوسف بن محمد الزيلعي (المتوفى: 762ه)	Sham19Y	8636	0.54753
		شرح جامع الترمذي - الراجحي	عبد العزيز بن عبد الله بن عبد الرحمن الراجحي	ShamelaY19	36976	0.54752
		جزء فيه ذكر حال عكرمة مولى عبد الله بن عباس وما قيل فيه - لقاء العشر الأواخر بالمسجد الحرام (12)	عبد العظيم بن عبد القوي بن عبد الله، أبو محمد، زكي الدين المنذري (المتوفى: 656 هـ)	ShamAY	32396	0.54748
		مسند الإمام العسكري أبي محمد الحسن بن علي(ع)	عزيز الله عطاردي‏	Masaha	2478	0.54743
		من الذي قال بالنص علي الامامه	خليفه عبيد كلباني عماني	Ghbook	7714	0.54741
		الفوائد الرجالية (للخواجوئي)	الشيخ الخواجوئي	Masaha	3498	0.54739
		حديث أبي الحسن السكري	علي بن عمر بن محمد بن الحسين ابن شاذان، أبو الحسن السكري الحربي الصيرفي الكيال (المتوفى: 386هـ)	ShamAY	29732	0.54734
		أحاديث أبي الحسين الكلابي	أَبُو الحُسَيْنِ عَبْدُ الوَهَّابِ بنُ الحَسَنِ بنِ الوَلِيْدِ بنِ مُوْسَى الكِلاَبِيُّ الدِّمَشْقِيُّ (المتوفى: 396هـ)	ShamAY	30022	0.54734
		فضل قيام الليل والتهجد للآجري	أبو بكر محمد بن الحسين بن عبد الله الآجُرِّيُّ البغدادي (المتوفى: 360هـ)	ShamAY	1301	0.54734
		 وضوء عبد الله بن عباس ودور السياسة في اختلاف النقل عنه 	 السيد علي الشهرستاني 	ABLibrary	9660	0.54727
		شرح سنن أبي داود لابن رسلان	شهاب الدين أبو العباس أحمد بن حسين بن علي بن رسلان المقدسي الرملي الشافعي (المتوفى: 844 ه)	ShamelaY19	131521	0.54723
		عثمان بن عفان ذو النورين	محمد رضا (المتوفى: 1369ه)	Sham19Y	552	0.54714
		الإمامة والرد على الرافضة	أبو نعيم أحمد بن عبد الله بن أحمد بن إسحاق بن موسى بن مهران الأصبهاني (المتوفى: 430هـ)	ShamAY	6449	0.54706
		كتاب المحاربة من موطأ ابن وهب	أبو محمد عبد الله بن وهب بن مسلم المصري القرشي (المتوفى: 197ه)	ShamelaY19	30173	0.54702
		تخريج الأحاديث والآثار الواقعة في تفسير الكشاف للزمخشري	جمال الدين أبو محمد عبد الله بن يوسف بن محمد الزيلعي (المتوفى: 762هـ)	ShamAY	8636	0.54699
		حديث سفيان بن عيينة رواية الخلعي	علي بن الحسن بن الحسين بن محمد، أبو الحسن الخِلَعي الشافعيّ (المتوفى: 492هـ)	ShamAY	29776	0.54695
		الموسوعة الميسرة في تراجم أئمة التفسير والإقراء والنحو واللغة «من القرن الأول إلى المعاصرين مع دراسة لعقائدهم وشيء من طرائفهم»	مجموعة من المؤلفين	Sham19Y	130964	0.54681
		العفو والاعتذار	أبو الحسن محمد بن عمران العبدي المعروف بالرقام البصري صاحب ابن دريد	ShamAY	33734	0.5468
		رسالة في الجرح والتعديل - ت: الفريوائي	عبد العظيم بن عبد القوي المنذري أبو محمد	ShamAY	34040	0.54676
		منتقى من حديث الجصاص والحنائي لأحمد بن عبد الدائم- مخطوط (ن)	أحمد بن عبد الدائم بن نعمة المقدسي، أبو العباس، زين الدين الحنبلي (المتوفى: 668ه)	Sham19Y	21703	0.54664
		أحاديث منتقاة وحكايات منتخبة لابن نبهان - مخطوط	أبو علي محمد بن سعيد بن إبراهيم بن نبهان	ShamAY	38064	0.54663
		آيات الغدير	آيت الله علي حسيني ميلاني	Ghbook	4813	0.54662
		التعليق الممجد على موطأ محمد (شرح لموطأ مالك برواية محمد بن الحسن)	محمد عبد الحي بن محمد عبد الحليم الأنصاري اللكنوي الهندي، أبو الحسنات (المتوفى: 1304هـ)	ShamAY	9804	0.54659
		السنن الكبرى للنسائي - العلمية	أحمد بن شعيب أبو عبد الرحمن النسائي	ShamAY	33958	0.54653
		أحاديث من المسند الصحيح لأبي حامد ابن الشرقي	أحمد بن محمد بن الحسن النيسابورى، أبو حامد ابن الشرقي (المتوفى: 325ه)	Sham19Y	26567	0.54652
		فضائل أمير المؤمنين معاوية لأبي القاسم السقطي - مخطوط (ن)	أبو القاسم عبيد الله بن محمد بن أحمد بن جعفر البغدادي، السقطي (المتوفى: 406ه)	ShamelaY19	21647	0.54647
		 مسند الإمام الصادق ( ع ) 	 الشيخ عزيز الله عطاردي 	ABLibrary	7723	0.54633
		مختصر البصائر	عزالدين حسن بن سليمان حلي	Ghbook	9478	0.54631
		البيان المغرب في أخبار الأندلس والمغرب	ابن عذاري المراكشي، أبو عبد الله محمد بن محمد (المتوفى: نحو 695هـ)	ShamAY	11782	0.5463
		المسند لعبد الله بن وهب	عبد الله بن وهب	ShamAY	33592	0.54624
		الجوهر المنضد في طبقات متأخري أصحاب أحمد	يوسف بن حسن بن أحمد بن حسن ابن عبد الهادي الصالحي، جمال الدين، ابن المِبْرَد الحنبلي (المتوفى: 909 هـ)	ShamAY	32329	0.5462
		أحاديث مسلسلة رواية أبي العباس أحمد بن يحيى بن ناقة الكوفي الحنفي عن شيوخه	أبو العباس أحمد بن يحيى بن أحمد بن زيد بن ناقة الكوفي الحنفي (559 هـ)	ShamAY	33639	0.54618
		جزء الحلوى للبندنيجي	أبو منصور محمد بن عبد الله بن المبارك البندنيجي المعروف بابن عفيجة	ShamAY	33677	0.54613
		وضوء عبد الله بن عباس و دور السياسة في اختلاف النقل عنه	علي شهرستاني	Ghbook	9590	0.54613
		إبطال الحيل لابن بطة	أبو عبد الله عبيد الله بن محمد بن محمد بن حمدان العُكْبَري المعروف بابن بَطَّة العكبري (المتوفى: 387هـ)	ShamAY	8257	0.54602
		الضعفاء الصغير - ت أبي العينين = التراجم	محمد بن إسماعيل بن إبراهيم بن المغيرة البخاري، أبو عبد الله (المتوفى: 256 هـ)	ShamAY	38182	0.54597
		المنيحة بسلسلة الأحاديث الصحيحة	أبو إسحاق الحويني الأثري حجازي محمد شريف	ShamAY	31990	0.5459
		فوائد منتقاة من رواية الشيخين أبي الحسن أحمد بن محمد بن الصلت وأبي أحمد عبيد الله بن محمد بن أبي مسلم الفرضي	أبو الحسن أحمد بن محمد بن الصلت (405 هـ) - وأبو أحمد عبيد الله بن محمد بن أبي مسلم الفرضي (406 هـ)	ShamAY	27098	0.54583
		أمالي أبي بكر النجاد	أبو بكر النجاد، أحمد بن سلمان بن الحسن بن إسرائيل بن يونس البغدادي (المتوفى: 348ه)	Sham19Y	29721	0.54579
		وفيات جماعة من المحدثين لأبي مسعود الحاجي	عبد الرحيم بن علي بن أحمد الأصبهاني، أبو مسعود الحاجيّ ابن أبي الوفاء (المتوفى: 566هـ)	ShamAY	26437	0.54566
		أمالي أبي الفتح المقدسي - المجلس الحادي والعشرون بعد المائة	نصر بن إبراهيم بن نصر بن إبراهيم ابن داود النابلسي المقدسي، أبو الفتح الشافعي (المتوفى: 490هـ)	ShamAY	30574	0.54561
		أوائل المؤلفين في السيرة النبوية	عبد الشافى محمد عبد اللطيف	ShamAY	22678	0.54556
		الجرح والتعديل لابن أبي حاتم - رقم الرواة	أبو محمد عبد الرحمن بن أبي حاتم محمد بن إدريس الرازي	ShamAY	34649	0.5455
		بحار الأنوار [ج ٤٥]	الشيخ محمّد باقر بن محمّد تقي المجلسي	Rafed	977	0.54547
		عقيدة الحافظ تقي الدين عبد الغني بن عبد الواحد المقدسي	عبد الغني بن عبد الواحد بن علي بن سرور المقدسي الجماعيلي الدمشقي الحنبلي، أبو محمد، تقي الدين (المتوفى: 600هـ)	ShamAY	11279	0.54533
		أسماء البقاع والجبال في القرآن الكريم‏	عبد الرحمن السيوطي	Masaha	3709	0.54533
		صيانة الإنسان عن وسوسة الشيخ دحلان	محمد بشير بن محمد بدر الدين السهسواني الهندي (المتوفى: 1326ه)	Sham19Y	12027	0.54531
		فضائل الصحابة ومناقبهم وقول بعضهم في بعض صلوات الله عليهم	أبو الحسن علي بن عمر بن أحمد بن مهدي بن مسعود بن النعمان بن دينار البغدادي الدارقطني (المتوفى: 385هـ)	ShamAY	8238	0.54518
		الرضا عن الله بقضائه لابن أبي الدنيا - ط أطلس الخضراء = مقابل	أبو بكر عبد الله بن محمد ابن أبي الدنيا	ShamAY	38081	0.54517
		المرشد الوجيز إلى علوم تتعلق بالكتاب العزيز	أبو القاسم شهاب الدين عبد الرحمن بن إسماعيل بن إبراهيم المقدسي الدمشقي المعروف بأبي شامة (المتوفى : 665هـ)	ShamAY	22676	0.54516
		خلافة أمير المؤمنين عبد الله بن الزبير رضي الله عنه	عَلي محمد محمد الصَّلاَّبي	ShamAY	257	0.54516
		الأولياء لابن أبي الدنيا - ط أطلس الخضراء = مقابل	أبو بكر عبد الله بن محمد ابن أبي الدنيا	ShamAY	38128	0.54513
		تهذيب الأحكام [ج ١]	أبي جعفر محمّد بن الحسن بن علي بن الحسن الطّوسي [ شيخ الطائفة ]	Rafed	722	0.54511
		فضائل الرمي لإسحاق القراب	أبو يعقوب إسحاق بن أبي إسحاق إبراهيم بن محمد ابن عبد الرحمن السرخسي الهروي، المعروف بـ القَرَّاب (المتوفى: 429هـ)	ShamAY	10269	0.54508
		جزء ابن غطريف للجرجاني	أبو أحمد محمد بن أحمد بن حسين بن القاسم بن السري بن الغِطْريف بن الجهم العَبْدي الغِطْريفي الجرجاني (المتوفى: 377هـ)	ShamAY	13096	0.54501
		ذم المسكر لابن أبي الدنيا	أبو بكر عبد الله بن محمد بن عبيد بن سفيان بن قيس البغدادي الأموي القرشي المعروف بابن أبي الدنيا (المتوفى: 281ه)	Sham19Y	13117	0.54501
		البيان	محمد حسين حسيني جلالي	Ghbook	12889	0.54501
		زين الأخبار / تعريب	أبو سعيد عبد الحي بن الضحاك بن محمود جرديزي (المتوفى: 443 هـ)	ShamAY	33839	0.5449
		الصفات للدارقطني ت الغنيمان	أبو الحسن علي بن عمر بن أحمد بن مهدي بن مسعود بن النعمان بن دينار البغدادي الدارقطني (المتوفى: 385هـ)	ShamAY	13038	0.54481
		صيانة الإنسان عن وسوسة الشيخ دحلان	محمد بشير بن محمد بدر الدين السهسواني الهندي (المتوفى: 1326هـ)	ShamAY	12027	0.54478
		بصائر الدرجات	محمد بن حسن صفار	Ghbook	2477	0.54478
		أحاديث من المسند الصحيح لأبي حامد ابن الشرقي	أحمد بن محمد بن الحسن النيسابورى، أبو حامد ابن الشرقي (المتوفى: 325ه)	ShamelaY19	26567	0.54476
		تاريخ مدينة دمشق [ج ٣]	أبي القاسم علي بن الحسن ابن هبة الله بن عبد الله الشافعي [ ابن عساكر ]	Rafed	1762	0.54474
		شرح مشكل الآثار	أبو جعفر أحمد بن محمد بن سلامة بن عبد الملك بن سلمة الأزدي الحجري المصري المعروف بالطحاوي (المتوفى: 321ه)	ShamelaY19	22547	0.5447
		تحفة الطلبة في تحقيق مسح الرقبة	الإمام محمد عبد الحي اللكنوي (ت1304هـ)	ShamAY	36015	0.5447
		 دلائل النبوة ومعرفة أحوال صاحب الشريعة 	 أحمد بن الحسين البيهقي 	ABLibrary	934	0.54463
		عوالم العلوم والمعارف والاحوال (الجزء 15) في احوال اميرالمؤمنين عليه السلام	محمد باقر بن مرتضي موحد ابطحي اصفهاني	Ghbook	15275	0.54457
		الغدير - الجزء1	الشيخ عبد الحسين الأميني النجفي	Masaha	263	0.5445
		الدعاء للمحاملي - دار الغرب	أبو عبد الله البغدادي الحسين بن إسماعيل بن محمد بن إسماعيل بن سعيد بن أبان الضبي المحاملي (المتوفى: 330هـ)	ShamAY	33680	0.54444
		نشر الصحيفة في ذكر الصحيح من أقوال أئمة الجرح والتعديل في أبي حنيفة	أَبِو عَبد الرَّحمَن مُقْبلُ بنُ هَادِي بنِ مُقْبِلِ بنِ قَائِدَةَ (اسم رجل) الهَمْدَاني الوادعِيُّ (المتوفى: 1422هـ)	ShamAY	2020	0.54435
		تعظيم قدر الصلاة لمحمد بن نصر المروزي	أبو عبد الله محمد بن نصر بن الحجاج المَرْوَزِي (المتوفى: 294هـ)	ShamAY	13087	0.54434
		البلدان	احمد بن اسحاق يعقوبي	Ghbook	11079	0.54422
		الإستبصار [ج ٢]	أبي جعفر محمّد بن الحسن بن علي بن الحسن الطّوسي [ شيخ الطائفة ]	Rafed	1307	0.5442
		الكشف والبيان [ج ٨]	أبو إسحاق أحمد [ الثّعلبي ]	Rafed	1671	0.54417
		تاريخ أفريقية والمغرب‏	إبراهيم بن قاسم ابن رقيق	Masaha	4657	0.54414
		التعليق على الرحيق المختوم	أبو عبد الرحمن محمود بن محمد الملاح	Sham19Y	14572	0.54409
		تفسير الطبري = جامع البيان ت شاكر	محمد بن جرير بن يزيد بن كثير بن غالب الآملي، أبو جعفر الطبري (المتوفى: 310هـ)	ShamAY	43	0.54392
		الثالث من مشيخة ابن حيويه	محمد بن العباس بن محمد بن زكرياء، أبو عمر ابن حيويه الخزاز (المتوفى: 382ه)	Sham19Y	29954	0.5438
		الحفظ وأثره في قبول الحديث ـ دراسة تأصيلية تطبيقية	أحمد بكري الطاهر	ShamAY	35905	0.54377
		 تاريخ افريقية والمغرب 	 الرقيق القيرواني 	ABLibrary	8983	0.54369
		النفحة النسرينية واللمحة المرينية	إسماعيل بن يوسف بن محمد بن نصر الخزرجي الأنصاري النصري، أبو الوليد، المعروف بابن الأحمر (المتوفى: 807ه)	Sham19Y	401	0.54368
		أحاديث مختارة من موضوعات الجورقاني وابن الجوزي	شمس الدين أبو عبد الله محمد بن أحمد بن عثمان بن قَايْماز الذهبي (المتوفى: 748هـ)	ShamAY	6071	0.54367
		المجرد في أسماء رجال سنن ابن ماجه	الحافظ الذهبي (المتوفى: 748 ه)	ShamelaY19	151009	0.54363
		ما رواه الأكابر عن مالك لمحمد بن مخلد	أبو عبد الله محمد بن مخلد بن حفص العطار الدوري البغدادي (المتوفى: 331هـ)	ShamAY	1249	0.54362
		ذوب النضار في شرح الثار	ابن نما الحلي‏	Masaha	2197	0.54362
		 مصباح الظلام 	 محمد بن موسى المزالي المراكشي 	ABLibrary	8777	0.54355
		من فوائد النصيبي ومن حديثه عن الكديمي - مخطوط	أبو بكر أحمد بن يوسف بن خلاد العطار النصيبي	ShamAY	32824	0.54346
		الجرح والتعديل (ط الهند)	أبو محمد عبد الرحمن بن محمد بن إدريس بن المنذر التميمي، الحنظلي، الرازي ابن أبي حاتم	ShamAY	34666	0.54344
		إحقاق الحقّ وإزهاق الباطل [ج ١٢]	السيّد نور الله الحسيني المرعشي التستري	Rafed	2749	0.54338
		سنن الدارقطني	أبو الحسن علي بن عمر بن أحمد بن مهدي بن مسعود بن النعمان بن دينار البغدادي الدارقطني (المتوفى: 385هـ)	ShamAY	1224	0.54335
		إيضاح الاشتباه‌	العلامة الحلي	Masaha	3516	0.54335
		حديث يحيى بن معين رواية أبي منصور الشيباني	أبو زكريا يحيى بن معين بن عون بن زياد بن بسطام بن عبد الرحمن (المتوفى: 233هـ)	ShamAY	11037	0.54333
		شرح مشكل الآثار	أبو جعفر أحمد بن محمد بن سلامة بن عبد الملك بن سلمة الأزدي الحجري المصري المعروف بالطحاوي (المتوفى: 321هـ)	ShamAY	22547	0.54328
		الجزء الثالث من الحربيات لعلي بن عمر الحربي - مخطوط	أبو الحسن علي بن عمر السكري الحربي	ShamAY	32911	0.54325
		قيد الشريد من أخبار يزيد	الواحدي :: ابن طولون	ShamAY	34312	0.54321
		منتقى من حديث الجصاص والحنائي لأحمد بن عبد الدائم- مخطوط (ن)	أحمد بن عبد الدائم بن نعمة المقدسي، أبو العباس، زين الدين الحنبلي (المتوفى: 668ه)	ShamelaY19	21703	0.54319
		 مسند الإمام الكاظم ( ع ) 	 الشيخ عزيز الله عطاردي 	ABLibrary	7738	0.54317
		فوائد أبي محمد الفاكهي	عبد الله بن محمد بن العباس الفاكهي، أبو محمد المكي (المتوفى: 353هـ)	ShamAY	9323	0.54306
		التعليق على الرحيق المختوم	أبو عبد الرحمن محمود بن محمد الملاح	ShamAY	32016	0.54305
		 إعلام النبلاء بتاريخ حلب الشهباء 	 محمد راغب الطباخ الحلبي 	ABLibrary	8959	0.54304
		القراءة عند القبور لأبي بكر بن الخلال	أبو بكر أحمد بن محمد بن هارون بن يزيد الخَلَّال البغدادي الحنبلي (المتوفى: 311هـ)	ShamAY	8271	0.54302
		المرقبة العليا فيمن يستحق القضاء والفتيا = تاريخ قضاة الأندلس	أبو الحسن علي بن عبد الله بن محمد بن محمد ابن الحسن الجذامي النباهي المالقي الأندلسي (المتوفى: نحو 792هـ)	ShamAY	4363	0.54298
		 الأصول الأصلية والقواعد الشرعية 	 السيد عبد الله شبر 	ABLibrary	9359	0.54296
		اصول المقتل الحسيني	عامر الجابري	Ghbook	15246	0.54295
		الأصول الأصلية و القواعد الشرعية	السيد عبد الله شبر	Masaha	1501	0.54292
		أوائل المؤلفين في السيرة النبوية	عبد الشافى محمد عبد اللطيف	ShamelaY19	22678	0.54291
		ثواب الأعمال وعقاب الأعمال	أبي جعفر محمّد بن علي بن الحسين بن بابويه القمّي [ الشيخ الصدوق ]	Rafed	2032	0.54278
		ذم البغى لابن أبي الدنيا	أبو بكر عبد الله بن محمد بن عبيد بن سفيان بن قيس البغدادي الأموي القرشي المعروف بابن أبي الدنيا (المتوفى: 281هـ)	ShamAY	8228	0.54275
		شرح جامع الترمذي - الراجحي	عبد العزيز بن عبد الله بن عبد الرحمن الراجحي	Sham19Y	36976	0.54271
		 الفوائد الرجالية 	 الخاجوئي 	ABLibrary	9771	0.54271
		شرح جامع الترمذي - الراجحي	عبد العزيز بن عبد الله بن عبد الرحمن الراجحي	ShamAY	100	0.5427
		الأحكام الشرعية الكبرى	عبد الحق بن عبد الرحمن بن عبد الله بن الحسين بن سعيد إبراهيم الأزدي، الأندلسي الأشبيلي، المعروف بابن الخراط (المتوفى : 581هـ)	ShamAY	4289	0.54265
		تراثنا ـ العدد [ 62 ]	مؤسسة آل البيت عليهم السلام لإحياء التراث ـ قم	Rafed	3250	0.54265
		 خزانة التواريخ النجدية 	 عبد الله بن عبد الرحمن آل بسام 	ABLibrary	9048	0.5426
		الروايات التفسيرية في فتح الباري	عبد المجيد الشيخ عبد الباري	ShamAY	7447	0.54255
		كتاب الإلمام بآداب دخول الحمام للحسيني	أبو المحاسن محمد بن علي بن الحسن الحسيني الدمشقي (765 هـ)	ShamAY	33585	0.54248
		نواسخ القرآن = ناسخ القرآن ومنسوخه ت آل زهوي	جمال الدين أبو الفرج عبد الرحمن بن علي بن محمد الجوزي (المتوفى: 597هـ)	ShamAY	1192	0.54245
		الكشف والبيان [ج ٩]	أبو إسحاق أحمد [ الثّعلبي ]	Rafed	1672	0.54241
		الروايات التفسيرية في فتح الباري	عبد المجيد الشيخ عبد الباري	Sham19Y	7447	0.54232
		الإخلاص والنية لابن أبي الدنيا	أبو بكر عبد الله بن محمد بن عبيد بن سفيان بن قيس البغدادي الأموي القرشي المعروف بابن أبي الدنيا (المتوفى: 281هـ)	ShamAY	6225	0.54226
		الجرح والتعديل لابن أبي حاتم	أبو محمد عبد الرحمن بن محمد بن إدريس بن المنذر التميمي، الحنظلي، الرازي ابن أبي حاتم (المتوفى: 327ه)	Sham19Y	2170	0.54224
		 كشف الغمة في معرفة الأئمة ( ط . ق ) 	 علي بن أبي الفتح الإربلي 	ABLibrary	7909	0.54224
		موضوعات المستدرك للذهبي	شمس الدين أبو عبد الله محمد بن أحمد بن عثمان بن قايماز الذهبي (المتوفى: 748ه)	ShamelaY19	30341	0.54222
		حكايات عن أبي الشيخ الأصبهاني	أبو محمد عبد الله بن محمد بن جعفر بن حيان الأنصاري المعروف بأبِي الشيخ الأصبهاني (المتوفى: 369هـ)	ShamAY	29724	0.54213
		اسماء الكتب المتمم لكشف الظنون	عبد اللطيف بن محمد بن مصطفى المتخلص بلطفي، الشهير بـ «رِياض زَادَه» الحنفي (المتوفى: 1078هـ)	ShamAY	10734	0.542
		الميسر في حياة الخلفاء الراشدين	علي بن نايف الشحود	ShamAY	35791	0.54194
		الاستبصار فيما اختلف من الاخبار (الحج)	محمد بن حسن شيخ طوسي ( شيخ الطائفه )	Ghbook	2919	0.5419
		المستملح من كتاب التكملة	شمس الدين أبو عبد الله محمد بن أحمد بن عثمان بن قَايْماز الذهبي (المتوفى: 748هـ)	ShamAY	34658	0.54189
		المدبج ورواية الأقران	د موفق بن عبد الله بن عبد القادر	Sham19Y	8909	0.54189
		تاريخ بيهق / تعريب	أبو الحسن ظهير الدين علي بن زيد بن محمد بن الحسين البيهقي، الشهير بابن فندمه (المتوفى: 565هـ)	ShamAY	11758	0.54187
		من تكلم فيه وهو موثوق أو صالح الحديث	شمس الدين أبو عبد الله محمد بن أحمد بن عثمان بن قَايْماز الذهبي (المتوفى: 748هـ)	ShamAY	12095	0.54186
		أحاديث أحمد بن محمد بن إسماعيل السرجاني - مخطوط	أبو بكر أحمد بن محمد بن إسماعيل بن علي بن عمران بن غريب المؤدب السرجاني	ShamAY	32830	0.54186
		 الكامل في التاريخ 	 ابن الأثير 	ABLibrary	8247	0.54182
		موضوعات المستدرك للذهبي	شمس الدين أبو عبد الله محمد بن أحمد بن عثمان بن قايماز الذهبي (المتوفى: 748ه)	Sham19Y	30341	0.5418
		الأصول الأصلية والقواعد الشرعية	السيد عبد الله شبر	Masaha	2410	0.5418
		مقتضب الاثر في النص علي الائمه الاثني عشر ( عليهم السلام )	احمد بن محمد بن عبدالله بن عياش جوهري	Ghbook	9682	0.54171
		جزء في الذب عن الطبراني للضياء	الضياء المقدسي (643 هـ)	ShamAY	33570	0.54164
		تاريخ أبي بشر هارون بن حاتم التميمي - مخطوط	أبو بشر هارون بن حاتم التميمي البزاز	ShamAY	32915	0.54162
		منتقى من حديث الجصاص والحنائي لأحمد بن عبد الدائم- مخطوط (ن)	أحمد بن عبد الدائم بن نِعْمَة المقدسيّ، أبو العباس، زين الدين الحنبلي (المتوفى: 668هـ)	ShamAY	21703	0.54157
		تذكرة الخواص المعروف بتذكرة خواص الأمة في خصائص الأئمة	سبط ابن الجوزي (654 هـ)	ShamAY	33599	0.54156
		الشجره المباركه في انساب الطالبيه	محمد بن عمر فخر رازي	Ghbook	9451	0.54156
		الأوائل لابن أبي عاصم	أبو بكر بن أبي عاصم وهو أحمد بن عمرو بن الضحاك بن مخلد الشيباني (المتوفى: 287هـ)	ShamAY	13001	0.54153
		معالم التنزيل في تفسير القرآن = تفسير البغوي	محيي السنة، أبو محمد الحسين بن مسعود البغوي (المتوفى: 510هـ)	ShamAY	41	0.54147
		جزء من حديث الذهلي للدارقطني	أبو الحسن علي بن عمر بن أحمد بن مهدي بن مسعود بن النعمان بن دينار البغدادي الدارقطني (المتوفى: 385هـ)	ShamAY	30375	0.54146
		فضائل الأشهر الثلاثة	أبي جعفر محمّد بن علي بن الحسين بن بابويه القمّي [ الشيخ الصدوق ]	Rafed	92	0.54145
		أنصار الحسين	محمّد مهدي شمس الدين	Rafed	1732	0.54129
		رسالة المسلسلات	أبو عبد الله محمد بن أبي الفيض جعفر بن إدريس الحسني الإدريسي الشهير بـ الكتاني (المتوفى: 1345هـ)	ShamAY	11781	0.54128
		وفيات الأعيان وأنباء أبناء الزمان	أبو العباس شمس الدين أحمد بن محمد بن إبراهيم بن أبي بكر ابن خلكان البرمكي الإربلي (المتوفى: 681هـ)	ShamAY	1000	0.5412
		الديات لابن أبي عاصم - الصميعي	أبو بكر أحمد بن عمرو بن أبي عاصم الضحاك بن مخلد الشيباني	ShamAY	34284	0.54118
		ذكر الجهر بالبسملة مختصرا	أبو بكر أحمد بن علي بن ثابت بن أحمد بن مهدي الخطيب البغدادي (المتوفى: 463ه)	ShamelaY19	29892	0.54098
		جزء فيه فضائل سيدة النساء بعد مريم فاطمة بنت رسول الله	أبو حفص عمر بن أحمد بن عثمان بن أيوب بن شاهين	ShamAY	33622	0.54092
		شَمُّ العَوارِضِ في ذمِّ الرُّوَافِضِ	علي بن (سلطان) محمد، أبو الحسن نور الدين الملا الهروي القاري (المتوفى: 1014هـ)	ShamAY	1071	0.54091
		إيضاح طرق الإستقامة في بيان أحكام الولاية والإمامة (مطبوع ضمن مجموع رسائل ابن عبد الهادي)	يوسف بن حسن بن أحمد بن حسن ابن عبد الهادي الصالحي، جمال الدين، ابن المِبْرَد الحنبلي (المتوفى: 909 هـ)	ShamAY	32314	0.54088
		كتاب الغيبه	محمد بن حسن شيخ طوسي ( شيخ الطائفه )	Ghbook	2588	0.54087
		حديث ابن أبي المكارم	ضياء الدين أبو عبد الله محمد بن عبد الواحد المقدسي (المتوفى: 643هـ)	ShamAY	29653	0.54077
		المسترشد في إمامة أمير المؤمنين علي بن أبي طالب عليه السلام	محمّد بن جرير بن رستم الطبري الإمامي	Rafed	3680	0.54067
		الزيادات على كتاب الكبائر للبرديجي للضياء المقدسي	ضياء الدين أبو عبد الله محمد بن عبد الواحد المقدسي (المتوفى: 643هـ)	ShamAY	3128	0.5406
		حديث أبي جعفر الطحاوي	أبو جعفر أحمد بن محمد بن سلامة بن عبد الملك بن سلمة الأزدي الحجري المصري المعروف بالطحاوي (المتوفى: 321ه)	ShamelaY19	30526	0.54056
		المقلق لابن الجوزي	جمال الدين أبو الفرج عبد الرحمن بن علي بن محمد الجوزي (المتوفى: 597ه)	ShamelaY19	26892	0.54049
		قصص الأنبياء(ع)	القطب الراوندي	Masaha	4650	0.54048
		الإغراب: الجزء الرابع من حديث شعبة بن الحجاج وسفيان بن سعيد الثوري مما أغرب بعضهم على بعض	أبو عبد الرحمن أحمد بن شعيب بن علي الخراساني، النسائي (المتوفى: 303ه)	ShamelaY19	26871	0.54044
		السنة لابن أبي عاصم - ط الصميعي	أبو بكر أحمد بن عمرو المعروف بابن أبي عاصم	ShamAY	33984	0.54032
		المدبج ورواية الأقران	د موفق بن عبد الله بن عبد القادر	ShamAY	8909	0.54029
		أربعون حديثا من الجزء الرابع من كتاب الطب	أبو نعيم أحمد بن عبد الله بن أحمد بن إسحاق بن موسى بن مهران الأصبهاني (المتوفى: 430ه)	ShamelaY19	29766	0.54025
		تاريخ واسط	أسلم بن سهل الرزّاز الواسطي	Rafed	2350	0.54025
		نوادر المخطوطات	عبد السلام محمد هارون (المتوفى: 1408ه)	ShamelaY19	21514	0.54002
		أبو تمام الطائي وشعره في الغدير	الشيخ عبد الحسين الأميني النجفي	Masaha	39	0.53998
		 مسند الإمام الصادق ( ع ) 	 الشيخ عزيز الله عطاردي 	ABLibrary	7728	0.53995
		مرآة العقول [ج ٢٢]	الشيخ محمّد باقر بن محمّد تقي المجلسي	Rafed	1075	0.53989
		تدوين السنة النبوية في القرنين الثاني والثالث للهجرة	محمد بن صادق بنكيران	ShamAY	11090	0.53988
		دلائل النبوة و معرفة أحوال صاحب الشريعة - الجزء1	أبو بكر البيهقي	Masaha	2188	0.53985
		علة الحديث المسلسل في يوم العيدين لأبي محمد الجرجاني	أبو محمد عبد الله بن يوسف الجرجاني (المتوفى: 489ه)	ShamelaY19	27094	0.53978
		التعازي [والمراثي والمواعظ والوصايا]	محمد بن يزيد بن عبد الأكبر الثمالى الأزدي، أبو العباس، المعروف بالمبرد (المتوفى: 285ه)	ShamelaY19	21554	0.53973
		عون المعبود شرح سنن أبي داود، ومعه حاشية ابن القيم: تهذيب سنن أبي داود وإيضاح علله ومشكلاته	محمد أشرف بن أمير بن علي بن حيدر، أبو عبد الرحمن، شرف الحق، الصديقي، العظيم آبادي (المتوفى: 1329هـ)	ShamAY	1200	0.53972
		جزء فيه من حديث أبي الحسين عبد الوهاب بن الحسن الكلابي عن شيوخه	أَبُو الحُسَيْنِ عَبْدُ الوَهَّابِ بنُ الحَسَنِ بنِ الوَلِيْدِ بنِ مُوْسَى الكِلاَبِيُّ الدِّمَشْقِيُّ (المتوفى: 396هـ)	ShamAY	26877	0.53969
		الفتن لنعيم بن حماد	أبو عبد الله نعيم بن حماد بن معاوية بن الحارث الخزاعي المروزي (المتوفى: 228ه)	Sham19Y	13047	0.53967
		المقلق لابن الجوزي	جمال الدين أبو الفرج عبد الرحمن بن علي بن محمد الجوزي (المتوفى: 597هـ)	ShamAY	26892	0.53966
		 الرد على الجهمية 	 عثمان بن سعيد الدارمي 	ABLibrary	8427	0.53966
		الفتن لنعيم بن حماد	أبو عبد الله نعيم بن حماد بن معاوية بن الحارث الخزاعي المروزي (المتوفى: 228هـ)	ShamAY	13047	0.53964
		نوادر الأصول في أحاديث الرسول - النسخة المسندة	أبو عبد الله محمد بن علي بن الحسن المعروف بالحكيم الترمذي	ShamAY	38092	0.53959
		السنة لابن أبي عاصم - ط المكتب الإسلامي	عمرو بن أبي عاصم الضحاك الشيباني [ت: 287]	ShamAY	33852	0.53956
		التحقيق في حكم رواية عبد الله بن لهيعة		ShamAY	35796	0.53955
		جزء عبد الله بن عمر بن أبي بكر المقدسي - مخطوط		ShamAY	32774	0.53954
		كتاب المحاربة من موطأ ابن وهب	أبو محمد عبد الله بن وهب بن مسلم المصري القرشي (المتوفى: 197هـ)	ShamAY	30173	0.53954
		الإلحاد الخميني في أرض الحرمين	أبو عبد الرحمن مقبل بن هادي بن مقبل بن قائدة (اسم رجل) الهمداني الوادعي (المتوفى: 1422ه)	ShamelaY19	96926	0.53953
		نواسخ القرآن = ناسخ القرآن ومنسوخه ت المليباري	جمال الدين أبو الفرج عبد الرحمن بن علي بن محمد الجوزي (المتوفى: 597هـ)	ShamAY	1226	0.53952
		سنن أبي بكر الأثرم	أبو بكر أحمد بن محمد بن هانئ الإسكافي الأثرم الطائي وقيل: الكلبي (المتوفى: 273ه)	ShamelaY19	26550	0.53946
		إيضاح طرق الإستقامة في بيان أحكام الولاية والإمامة (مطبوع ضمن مجموع رسائل ابن عبد الهادي)	يوسف بن حسن بن أحمد بن حسن ابن عبد الهادي الصالحي، جمال الدين، ابن المبرد الحنبلي (المتوفى: 909 ه)	Sham19Y	17533	0.53946
		العقود اللؤلؤية في تاريخ الدولة الرسولية	علي بن الحسن بن أبي بكر بن الحسن ابن وهاس الخزرجي الزبيدي، أبو الحسن موفق الدين (المتوفى: 812ه)	Sham19Y	9233	0.53946
		بغية النقاد النقلة فيما أخل به كتاب «البيان» وأغفله أو ألم به فما تممه ولا كمله	أبو عبد الله محمد بن أبي بكر بن خلف بن فرج بن صاف المراكشي المالكي المعروف بابن المواق (المتوفى: 642 ه)	Sham19Y	16636	0.53946
		شم العوارض في ذم الروافض	علي بن (سلطان) محمد، أبو الحسن نور الدين الملا الهروي القاري (المتوفى: 1014ه)	ShamelaY19	37559	0.53943
		دماء على قميص عثمان رضي الله عنه	إبراهيم عبد الفتاح المتناوي	ShamAY	35836	0.53936
		الأمر بالمعروف والنهي عن المنكر لابن أبي الدنيا - ط أطلس الخضراء = مقابل	أبو بكر عبد الله بن محمد ابن أبي الدنيا	ShamAY	38103	0.53931
		الطبقات للنسائي	أبو عبد الرحمن أحمد بن شعيب بن علي الخراساني، النسائي (المتوفى: 303ه)	Sham19Y	5885	0.5393
		النفحة النسرينية واللمحة المرينية	إسماعيل بن يوسف بن محمد بن نصر الخزرجي الأنصاري النصري، أبو الوليد، المعروف بابن الأحمر (المتوفى: 807هـ)	ShamAY	401	0.53914
		 حلية الأبرار في أحوال محمد وآله الأطهار ( ع ) 	 السيد هاشم البحراني 	ABLibrary	7489	0.53913
		القبور لابن أبي الدنيا	أبو بكر عبد الله بن محمد بن عبيد بن سفيان بن قيس البغدادي الأموي القرشي المعروف بابن أبي الدنيا (المتوفى: 281هـ)	ShamAY	10628	0.53912
		الجزء فيه حديث الحافظ ابن ديزيل	إبراهيم بن الحسين بن علي الهمداني الكسائي المعروف بابن ديزيل (281 ه)	ShamelaY19	26740	0.5391
		مقدمة ابن الصلاح ومحاسن الاصطلاح	سراج الدين البلقيني	ShamAY	133	0.53907
		من حديث محمد بن عثمان بن كرامة وحديث طاهر بن خالد بن نزار الأيلي، رواية محمد بن مخلد العطار عنهما	أبو عبد الله محمد بن مخلد بن حفص العطار الدوري البغدادي (المتوفى: 331ه)	ShamelaY19	26359	0.53893
		مأخذ العلم لابن فارس	أحمد بن فارس بن زكرياء القزويني الرازي، أبو الحسين (المتوفى: 395ه)	ShamelaY19	26675	0.53893
		التعازي [والمراثي والمواعظ والوصايا]	محمد بن يزيد بن عبد الأكبر الثمالى الأزدي، أبو العباس، المعروف بالمبرد (المتوفى: 285ه)	Sham19Y	21554	0.53887
		السيرة النبوية وأخبار الخلفاء لابن حبان	محمد بن حبان بن أحمد بن حبان بن معاذ بن مَعْبدَ، التميمي، أبو حاتم، الدارمي، البُستي (المتوفى: 354هـ)	ShamAY	9898	0.53885
		كشف الأستار عن زوائد البزار	نور الدين علي بن أبي بكر بن سليمان الهيثمي (المتوفى: 807هـ)	ShamAY	12862	0.53883
		العقود اللؤلؤية في تاريخ الدولة الرسولية	علي بن الحسن بن أبي بكر بن الحسن ابن وهاس الخزرجي الزبيدي، أبو الحسن موفق الدين (المتوفى: 812هـ)	ShamAY	9233	0.5388
		الاستذكار	أبو عمر يوسف بن عبد الله بن محمد بن عبد البر بن عاصم النمري القرطبي (المتوفى: 463هـ)	ShamAY	1722	0.53878
		الأحاديث التي أعل الإمام البخاري متونها بالتناقض	بسام بن عبد الله بن صالح الغانم العطاوي	ShamAY	32005	0.53873
		طرق حديث النبي حيث كان في الحائط للضياء المقدسي - مخطوط (ن)	ضياء الدين أبو عبد الله محمد بن عبد الواحد المقدسي (المتوفى: 643هـ)	ShamAY	11771	0.53871
		معجم الكتب	يوسف بن حسن بن أحمد بن حسن ابن عبد الهادي الصالحي، جمال الدين، ابن المبرد الحنبلي (المتوفى: 909هـ)	ShamAY	10737	0.5385
		الأصول الأصليّة والقواعد الشرعيّة	السيّد عبد الله شبّر	Rafed	3864	0.53842
		نفحات الأزهار في خلاصة عبقات الأنوار [ج ٤]	السيّد علي الحسيني الميلاني	Rafed	432	0.53841
		بحوث في علم الرجال	الشيخ محمد آصف المحسني	Rafed	2886	0.53836
		اعتقادات فرق المسلمين والمشركين	محمّد بن عمر بن الحسن بن الحسين التيمي البكري [ فخر الدين الرازي ]	Rafed	3306	0.53836
		أحاديث منتخبة من مغازي موسى بن عقبة	موسى بن عقبة بن أبي عياش الأسدي بالولاء، أبو محمد، مولى آل الزبير (المتوفى: 141هـ)	ShamAY	1342	0.53824
		الحافظ ابن حجر ومنهجه في تقريب التهذيب	علي بن نايف الشحود	ShamAY	37296	0.53814
		ذيول العبر - ت: المنجد	محمد بن أحمد بن عثمان بن قايماز الذهبي أبو عبد الله	ShamAY	34590	0.53812
		الإمام الصادق و المذاهب الأربعة - الجزء1	الشيخ أسد حيدر	Masaha	1855	0.53786
		تفسير الثعلبي = الكشف والبيان عن تفسير القرآن ط دار التفسير	أبو إسحاق أحمد بن إبراهيم الثعلبي (المتوفى: 427 ه)	Sham19Y	18686	0.53783
		شفاء السقام في زياره خير الانام	تقي الدين السبكي	Ghbook	5294	0.53762
		موضوعات المستدرك للذهبي	شمس الدين أبو عبد الله محمد بن أحمد بن عثمان بن قَايْماز الذهبي (المتوفى: 748هـ)	ShamAY	30341	0.53756
		خزانة التّواريخ النجديّة [ج ٣]	عبد الله بن عبد الرحمن بن صالح آل بسام	Rafed	2165	0.53755
		نَظْم علوم الحديث المُسماة: «أقصى الأمل والسُّول في علم حديث الرسول صلى الله عليه وسلم»	شهاب الدين محمد بن أحمد الخُوَيِّي الشافعي (المتوفى 693 هـ)	ShamAY	38994	0.53753
		من حديث ابن جوصاء عن شيوخه - مخطوط	أبو الحسن أحمد بن عمير بن يوسف بن جوصاء الدمشقي	ShamAY	32868	0.53752
		إجلاء الحقيقة في سيرة عائشة الصديقة	ياسين الخليفة الطيب المحجوب	ShamelaY19	36047	0.5375
		الجرح والتعديل لابن أبي حاتم	أبو محمد عبد الرحمن بن محمد بن إدريس بن المنذر التميمي، الحنظلي، الرازي ابن أبي حاتم (المتوفى: 327هـ)	ShamAY	2170	0.5375
		مسند ابن أبي أوفى ليحيى بن محمد بن صاعد	أبو محمد يحيى بن محمد بن صاعد بن كاتب الهاشمي البغدادي (المتوفى: 318هـ)	ShamAY	13154	0.53744
		أربعون حديثا من الجزء الرابع من كتاب الطب	أبو نعيم أحمد بن عبد الله بن أحمد بن إسحاق بن موسى بن مهران الأصبهاني (المتوفى: 430ه)	Sham19Y	29766	0.53744
		الجزء الأول والثاني من حديث ابن أبي ثابت - مخطوط	أبو إسحاق إبراهيم بن محمد بن أحمد بن أبي ثابت	ShamAY	32844	0.53743
		 بحار الأنوار 	 العلامة المجلسي 	ABLibrary	741	0.5374
		المهدي المنتظر	عبد الله الادريسي	Masaha	2361	0.53732
		التعازي [والمراثي والمواعظ والوصايا]	محمد بن يزيد بن عبد الأكبر الثمالى الأزدي، أبو العباس، المعروف بالمبرد (المتوفى: 285هـ)	ShamAY	21554	0.53727
		تراثنا ـ العدد [ 68 ]	مؤسسة آل البيت عليهم السلام لإحياء التراث ـ قم	Rafed	3299	0.53727
		بغية النقاد النقلة فيما أخل به كتاب «البيان» وأغفله أو ألم به فما تممه ولا كمله	أبو عبد الله محمد بن أبي بكر بن خلف بن فرج بن صاف المراكشي المالكي المعروف بابن المواق (المتوفى: 642 هـ)	ShamAY	32459	0.53724
		الفهرست - منتجب الدين	منتجب الدين علي بن بابويه رازي	Ghbook	7054	0.53724
		جهود المحدثين في بيان علل الحديث	أبو عمر علي بن عبد الله بن شديد الصياح المطيري	ShamAY	11140	0.53717
		عيون الرسائل والأجوبة على المسائل	عبد اللطيف بن عبد الرحمن بن حسن بن محمد بن عبد الوهاب آل الشيخ (المتوفى: 1293هـ)	ShamAY	12033	0.53717
		مجموع فيه مصنفات أبي جعفر ابن البختري	أبو جعفر محمد بن عمرو بن البختري بن مدرك بن سليمان البغدادي الرزاز (المتوفى: 339هـ)	ShamAY	1405	0.53713
		الإشارات إلى معرفة الزيارات‏	علي بن أبي بكر الهروي	Masaha	4640	0.53713
		تراثنا ـ العددان [ 7 و 8 ]	مؤسسة آل البيت عليهم السلام لإحياء التراث ـ قم	Rafed	2637	0.53713
		جزء من حديث أبي بكر النجاد	أبو بكر النجاد، أحمد بن سلمان بن الحسن بن إسرائيل بن يونس البغدادي (المتوفى: 348ه)	ShamelaY19	29866	0.53711
		الإشارات إلى معرفة الزّيارات	أبي الحسن علي بن أبي بكر الهروي	Rafed	2186	0.53703
		الإرشادات في تقوية الأحاديث بالشواهد والمتابعات	أبو معاذ طارق بن عوض الله بن محمد	ShamAY	9938	0.53696
		الحجة في بيان المحجة وشرح عقيدة أهل السنة	إسماعيل بن محمد بن الفضل بن علي القرشي الطليحي التيمي الأصبهاني، أبو القاسم، الملقب بقوام السنة (المتوفى: 535هـ)	ShamAY	6446	0.53692
		النعت الأكمل لأصحاب الإمام أحمد بن حنبل [من سنة 901 - 1207 ه]	محمد كمال الدين بن محمد الغزي العامري (ت: 1214 ه)	ShamelaY19	147073	0.5369
		الاصول الاصليه و القواعد الشرعيه	عبدالله بن محمدرضا شبر حسيني كاظميني	Ghbook	11912	0.53685
		 الزيارات ( بدمشق ) 	 القاضي محمود الزوكاري 	ABLibrary	9117	0.53674
		معجم المفسرين «من صدر الإسلام وحتى العصر الحاضر»	عادل نويهض	ShamAY	32161	0.53673
		المصون في الأدب	أبو أحمد الحسن بن عبد الله بن سعيد بن إسماعيل العسكري (المتوفى: 382هـ)	ShamAY	5502	0.53662
		مجلس من أمالي أبي الحسن القزويني رواية أبي العز - مخطوط	أبو الحسن القزويني	ShamAY	32792	0.53661
		 سنن أبي داود 	 سليمان بن الأشعث السجستاني 	ABLibrary	86	0.5366
		تاريخ واسط	أسلم بن سهل الرزاز الواسطي	Masaha	3960	0.53659
		الزيارات بدمشق‏	محمود بن محمد عدوي الزوكاري	Masaha	4758	0.53657
		الاعتبار وأعقاب السرور والأحزان لابن أبي الدنيا - ط أطلس الخضراء = مقابل	أبو بكر عبد الله بن محمد ابن أبي الدنيا	ShamAY	38124	0.53656
		الجهاد لعبد الله بن المبارك - ط المطبوعات الحديثة (مقابل)	عبد الله بن المبارك المروزي	ShamAY	33661	0.53653
		الموسوعه الرجاليه ترتيب الاسانيد كتاب الكافي	آيت الله العظمي ميرزا جواد تبريزي	Ghbook	12868	0.53635
		الجزء الثاني من حديث أبي بكر محمد بن عبد الله الدقاق - مخطوط	محمد بن عبد الله الدقاق	ShamAY	32754	0.53631
		الجهاد لابن أبي عاصم	أبو بكر بن أبي عاصم وهو أحمد بن عمرو بن الضحاك بن مخلد الشيباني (المتوفى: 287هـ)	ShamAY	13013	0.53629
		من حديث ابن المقرئ (مطبوع ضمن جمهرة الأجزاء الحديثية)	أبو بكر محمد بن إبراهيم بن علي بن عاصم بن زاذان الأصبهاني الخازن، المشهور بابن المقرئ (المتوفى: 381ه)	ShamelaY19	21482	0.53619
		منائح الكرم في أخبار مكة والبيت وولاة الحرم [ج ١]	علي بن تاج الدين بن تقي الدين السنجاري	Rafed	2689	0.53613
		جزء فيه أحاديث منتقاة من جزء أبي مسعود أحمد بن الفرات، انتقاء العلائي	أحمد بن الفرات بن خالد الضبي الرازيّ، أبو مسعود (المتوفى: 258هـ)	ShamAY	26504	0.53611
		 الديباج على مسلم 	 جلال الدين السيوطي 	ABLibrary	882	0.53611
		وقعة صفّين	نصر بن مزاحم المنقري	Rafed	401	0.53608
		المسند للشاشي	أبو سعيد الهيثم بن كليب بن سريج بن معقل الشاشي البِنْكَثي (المتوفى: 335هـ)	ShamAY	13066	0.53606
		أمالي المحاملي رواية ابن مهدي الفارسي	أبو عبد الله البغدادي الحسين بن إسماعيل بن محمد بن إسماعيل بن سعيد بن أبان الضبي المحاملي (المتوفى: 330ه)	ShamelaY19	26425	0.53604
		ذم الهوى	جمال الدين أبو الفرج عبد الرحمن بن علي بن محمد الجوزي (المتوفى: 597ه)	Sham19Y	6870	0.53592
		الإلزامات والتتبع للدارقطني	أبو الحسن علي بن عمر بن أحمد بن مهدي بن مسعود بن النعمان بن دينار البغدادي الدارقطني (المتوفى: 385ه)	Sham19Y	21474	0.53588
		الإلزامات والتتبع للدارقطني	أبو الحسن علي بن عمر بن أحمد بن مهدي بن مسعود بن النعمان بن دينار البغدادي الدارقطني (المتوفى: 385ه)	ShamelaY19	21474	0.53582
		الجمعة للنسائي	أبو عبد الرحمن أحمد بن شعيب بن علي الخراساني، النسائي (المتوفى: 303ه)	ShamelaY19	21577	0.53578
		جزء فيه حديث أبي سعيد الأشج	أَبُو سَعِيْدٍ الأَشَجُّ عَبْدُ اللهِ بنُ سَعِيْدِ بنِ حُصَيْنٍ الكِنْدِيُّ، الكُوْفِيُّ (المتوفى: 257هـ)	ShamAY	1313	0.53578
		موسوعة طبقات الفقهاء‌  - الجزء1	الشيخ جعفر السبحاني	Masaha	3651	0.53575
		الحيره في عصر الغيبه الكبري	ياسين موسوي	Ghbook	12279	0.53575
		خزانة التّواريخ النجديّة [ج ٦]	عبد الله بن عبد الرحمن بن صالح آل بسام	Rafed	2168	0.53572
		 مسند الإمام الصادق ( ع ) 	 الشيخ عزيز الله عطاردي 	ABLibrary	7724	0.53569
		فوائد أبي بكر النصيبي	أبو بكر أحمد بن يوسف بن خلاد بن منصور النصيبي ثم البغدادي العطار (المتوفى: 359ه)	ShamelaY19	29779	0.53568
		نزهة الناظر والسامع في طرق حديث الصائم المجامع	ابن حجر العسقلاني (852 هـ)	ShamAY	33648	0.53568
		فضيلة العادلين من الولاة لأبي نعيم	أبو نعيم أحمد بن عبد الله بن أحمد بن إسحاق بن موسى بن مهران الأصبهاني (المتوفى: 430ه)	Sham19Y	13141	0.53564
		أدب الطّف أو شعراء الحسين عليه السلام - الجزء1	السيد جواد شبر	Masaha	1650	0.53563
		ترجمه ريحانه رسول الله ( صلي الله عليه و آله ) الامام الحسين ( عليه السلام ) من ...	ابوالقاسم علي بن الحسن بن هبه الله الشافعي ( ابن عساكر )	Ghbook	5948	0.5356
		الجزء فيه من حديث أبي عمرو عثمان بن عمر الدراج	عُثْمَان بْن عُمَر بْن خفيف أَبُو عُمَر المقرئ المعروف بالدراج (المتوفى: 361هـ)	ShamAY	7911	0.53554
		بحوث في تاريخ السنة المشرفة	أكرم بن ضياء العمري	ShamAY	8674	0.53545
		شرح صحيح مسلم للقاضى عياض المسمى إكمال المعلم بفوائد مسلم	عياض بن موسى بن عياض بن عمرون اليحصبي السبتي، أبو الفضل (المتوفى: 544ه)	ShamelaY19	122406	0.53543
		من حديث أبي بكر القطيعي عن شيوخه - مخطوط	أبو بكر أحمد بن جعفر بن حمدان القطيعي	ShamAY	32883	0.53542
		 مناحل الشفا ومناهل الصفا بتحقيق كتاب شرف المصطفى ( ص ) 	 عبد الملك الخركوشي النيسابوري 	ABLibrary	7586	0.5354
		من فوائد أبي علي الحسن بن علي الصفار - مخطوط		ShamAY	32823	0.53532
		مناقب النساء الصحابيات لعبد الغني المقدسي	عبد الغني بن عبد الواحد بن علي بن سرور المقدسي الجماعيلي الدمشقي الحنبلي، أبو محمد، تقي الدين (المتوفى: 600هـ)	ShamAY	1348	0.53529
		 اعتقادات فرق المسلمين والمشركين 	 فخر الدين الرازي 	ABLibrary	8341	0.53529
		صفة النار لابن أبي الدنيا	أبو بكر عبد الله بن محمد بن عبيد بن سفيان بن قيس البغدادي الأموي القرشي المعروف بابن أبي الدنيا (المتوفى: 281ه)	Sham19Y	13128	0.53526
		من حديث محمد بن عثمان بن كرامة وحديث طاهر بن خالد بن نزار الأيلي، رواية محمد بن مخلد العطار عنهما	أبو عبد الله محمد بن مخلد بن حفص العطار الدوري البغدادي (المتوفى: 331هـ)	ShamAY	1314	0.53525
		الجزء الثالث من فوائد أبي علي الصواف - 80 % مخطوط	محمد بن أحمد بن الحسن بن إسحاق ابن الصواف، أبو علي البغدادي (المتوفى: 359هـ)	ShamAY	10492	0.53518
		أحاديث العقيقة من سنن أبي داود تخريج ودراسة	موسى ميغا	ShamAY	36652	0.53517
		فضائل الاشهر الثلاثه ( رجب ، شعبان ، رمضان )	محمد بن علي بن بابويه شيخ صدوق	Ghbook	2593	0.53512
		الجامع لابن وهب ت مصطفى أبو الخير	أبو محمد عبد الله بن وهب بن مسلم المصري القرشي (المتوفى: 197هـ)	ShamAY	1380	0.53504
		رؤية الله تبارك وتعالى لابن النحاس	أبو محمد عبد الرحمن بن عمر بن محمد بن سعيد التجيبي المصري المالكي البزار المعروف بابن النحاس (المتوفى: 416هـ)	ShamAY	8232	0.53497
		السنة للمروزي	أبو عبد الله محمد بن نصر بن الحجاج المَرْوَزِي (المتوفى: 294هـ)	ShamAY	13032	0.53496
		تفسير الثعلبي = الكشف والبيان عن تفسير القرآن ط دار التفسير	أبو إسحاق أحمد بن إبراهيم الثعلبي (المتوفى: 427 ه)	ShamelaY19	18686	0.5349
		جزء أبي العباس العصمي (طبع: ضمن مجموع فيه ثلاثة من الأجزاء الحديثية)	أبو العباس رافع بن عصم بن العباس بن أحمد العصمي (المتوفى: 405ه)	ShamelaY19	26563	0.53484
		رد شبهة تعطيل النص الشرعي لتحقيق المصلحة	جيهان الطاهر	ShamAY	37607	0.53472
		إعلام الموقعين عن رب العالمين	محمد بن أبي بكر بن أيوب بن سعد شمس الدين ابن قيم الجوزية (المتوفى: 751ه)	Sham19Y	11496	0.53465
		تاريخ هاشم بن مرثد الطبراني عن يحيى بن معين - ط الفاروق	الواحدي :: هاشم بن مرثد الطبراني	ShamAY	34155	0.53458
		ذم الهوى	جمال الدين أبو الفرج عبد الرحمن بن علي بن محمد الجوزي (المتوفى: 597هـ)	ShamAY	6870	0.53458
		تهذيب الأحكام [ج ٤]	أبي جعفر محمّد بن الحسن بن علي بن الحسن الطّوسي [ شيخ الطائفة ]	Rafed	735	0.53454
		صحيفة الرضا	منسوب للإمام الرضا(ع)	Masaha	1003	0.53434
		جزء من أحاديث القزاز عن شيوخه (مطبوع ضمن مجموع باسم الفوائد لابن منده!)	محمد بن سنان بن يزيد، أبو الحسن القزاز البصري (المتوفى: 271هـ)	ShamAY	9399	0.53428
		التصديق بالنظر إلى الله تعالى في الآخرة	محمد بن الحسين بن عبد الله الآجري أبو بكر	ShamAY	33848	0.53424
		الأهوال لابن أبي الدنيا - ط أطلس الخضراء = مقابل	أبو بكر عبد الله بن محمد ابن أبي الدنيا	ShamAY	38071	0.53423
		الغرباء للآجري	أبو بكر محمد بن الحسين بن عبد الله الآجُرِّيُّ البغدادي (المتوفى: 360هـ)	ShamAY	13045	0.53422
		الغيبه	محمد رضا جعفري	Ghbook	6611	0.53417
		حُسْنُ السَّمْتِ فِي الصَّمْتِ	عبد الرحمن بن أبي بكر، جلال الدين السيوطي (المتوفى: 911هـ)	ShamAY	362	0.53415
		الطرق الحكمية في السياسة الشرعية ط عالم الفوائد	أبو عبد الله محمد بن أبي بكر بن أيوب ابن قيم الجوزية (691 - 751)	ShamAY	38510	0.53414
		حاشية السندي على سنن ابن ماجه = كفاية الحاجة في شرح سنن ابن ماجه	محمد بن عبد الهادي التتوي، أبو الحسن، نور الدين السندي (المتوفى: 1138هـ)	ShamAY	9810	0.53411
		الكنى والألقاب - الجزء1	الشيخ عباس القمي	Masaha	551	0.53409
		تأريخ بيهق	فريد خراسان علي بن زيد البيهقي	Rafed	2199	0.53405
		جزء أبي الجهم العلاء بن موسى الباهلي	العلاء بن موسى بن عطية البغدادي، أبو الجهم الباهلي (المتوفى: 228هـ)	ShamAY	9088	0.534
		الآيات البينات في ذكر ما في أعضاء رسول الله صلى الله عليه وسلم من المعجزات	أبو الخطاب عمر بن الحسن ابن دحية الكلبي الأندلسي السبتي (633 هـ)	ShamAY	33556	0.53391
		جامع الأصول	مجد الدين أبو السعادات المبارك بن محمد بن محمد بن محمد ابن عبد الكريم الشيباني الجزري ابن الأثير (المتوفى : 606هـ)	ShamAY	25800	0.53389
		مسائل الإمام أحمد وإسحاق بن راهويه	إسحاق بن منصور بن بهرام، أبو يعقوب المروزي، المعروف بالكوسج (المتوفى: 251هـ)	ShamAY	3125	0.53384
		أحاديث من المسند الصحيح لأبي حامد ابن الشرقي	أحمد بن محمد بن الحسن النيسابورىّ، أبو حامد ابن الشَّرْقي (المتوفى: 325هـ)	ShamAY	26567	0.53378
		تفسير القرآن العظيم [ج ٣]	أبي الفداء اسماعيل بن عمر ابن كثير الدمشقي	Rafed	3409	0.53378
		إعلام الموقعين عن رب العالمين	محمد بن أبي بكر بن أيوب بن سعد شمس الدين ابن قيم الجوزية (المتوفى: 751هـ)	ShamAY	11496	0.53374
		الغيبة	الشيخ محمد رضا الجعفري	Masaha	368	0.53366
		مختصر كفاية المهتدي لمعرفة المهدي عليه السلام	مير لوحي سبزواري	Masaha	4067	0.53361
		نوادر المخطوطات	عبد السلام محمد هارون (المتوفى: 1408هـ)	ShamAY	21514	0.53347
		الرخصة في تقبيل اليد لابن المقرئ	أبو بكر محمد بن إبراهيم بن علي بن عاصم بن زاذان الأصبهاني الخازن، المشهور بابن المقرئ (المتوفى: 381هـ)	ShamAY	13021	0.53346
		ما شاع ولم يثبت في السيرة النبوية	د محمد بن عبد الله العوشن	ShamelaY19	97932	0.53339
		 منائح الكرم 	 علي بن تاج الدين السنجاري 	ABLibrary	9225	0.53331
		 مسند الإمام الصادق ( ع ) 	 الشيخ عزيز الله عطاردي 	ABLibrary	7733	0.53328
		المراجعات	السيد عبد الحسين شرف الدين	Masaha	407	0.53327
		التلخيص الحبير في تخريج أحاديث الرافعي الكبير	أبو الفضل أحمد بن علي بن محمد بن أحمد بن حجر العسقلاني (المتوفى: 852ه)	ShamelaY19	21601	0.53316
		 تاريخ بيهق 	 علي بن زيد البيهقي 	ABLibrary	8988	0.53313
		نسخة عبد العزيز بن المختار البصري عن سهيل بن أبي صالح عن أبيه عن أبي هريرة - مخطوط	أبو الحسن علي بن عمر السكري الحربي	ShamAY	38082	0.53305
		جزء من نسخة إبراهيم بن سعد (مطبوع ضمن مجموع باسم الفوائد لابن منده!)	إبراهيم بن سعد بن إبراهيم بن عبد الرحمن بن عوف، أبو إسحاق الزهري (المتوفى: 184هـ)	ShamAY	9412	0.53304
		الحجة على تارك المحجة (وهو شرح عقيدة الإمام الحافظ محمد بن طاهر المقدسي)	الحافظ محمد بن طاهر المقدسي بن القسيراني (507 هـ)	ShamAY	33885	0.53291
		أمالي المحاملي رواية ابن مهدي الفارسي	أبو عبد الله البغدادي الحسين بن إسماعيل بن محمد بن إسماعيل بن سعيد بن أبان الضبي المحاملي (المتوفى: 330هـ)	ShamAY	78	0.53287
		فضائل أمير المؤمنين معاوية لأبي القاسم السقطي - مخطوط (ن)	أَبُو القَاسِمِ عُبَيْدُ اللهِ بنُ مُحَمَّدِ بنِ أَحْمَدَ بنِ جَعْفَرٍ البَغْدَادِيُّ، السَّقَطِيُّ (المتوفى: 406هـ)	ShamAY	21647	0.53287
		عصر الخلافة الراشدة محاولة لنقد الرواية التاريخية وفق منهج المحدثين	أكرم بن ضياء العمري	ShamAY	31726	0.53286
		شمائل النبوة للقفال	أبو بكر محمد بن علي القفال الشاشي	ShamAY	38637	0.53285
		 مكاتيب الأئمة ( ع ) 	 علي الأحمدي الميانجي 	ABLibrary	7780	0.53277
		من حديث أبي سعيد عيسى بن سالم الشاشي	أبو سعيد عيسى بن سالم الشاشي	ShamAY	33604	0.53271
		مئة دليل ودليل على وقوع الطلاق الثلاث ثلاثاً بالدليل	الدكتور صلاح محمد أبو الحاج	ShamAY	36365	0.5326
		قصر الأمل لابن أبي الدنيا	أبو بكر عبد الله بن محمد بن عبيد بن سفيان بن قيس البغدادي الأموي القرشي المعروف بابن أبي الدنيا (المتوفى: 281هـ)	ShamAY	6899	0.53259
		أمالي المحاملي رواية ابن الصلت	أبو عبد الله البغدادي الحسين بن إسماعيل بن محمد بن إسماعيل بن سعيد بن أبان الضبي المحاملي (المتوفى: 330ه)	Sham19Y	26424	0.53258
		الردة مع نبذة من فتوح العراق وذكر المثنى بن حارثة الشيباني	محمد بن عمر بن واقد السهمي الأسلمي بالولاء، المدني، أبو عبد الله، الواقدي (المتوفى: 207ه)	Sham19Y	12222	0.53257
		جزء آدم بن أبي إياس	آدم بن أبى إياس: عبد الرحمن ويقال: ناهية بن محمد بن شعيب الخراسانى المروذى أبو الحسن العسقلانى، مولى بنى تيم أو تميم (المتوفى: 221ه)	ShamelaY19	29703	0.53249
		 تحفة الازهار وزلال الانهار في نسب ابناء الائمة الاطهار ( ع ) 	 ضامن بن شدقم الحسيني المدني 	ABLibrary	7459	0.53245
		دلائل النبوة لإسماعيل لأصبهاني	إسماعيل بن محمد بن الفضل بن علي القرشي الطليحي التيمي الأصبهاني، أبو القاسم، الملقب بقوام السنة (المتوفى: 535هـ)	ShamAY	6569	0.53243
		الصحيح في فضل الزيارة الرضوية	مهدي خداميان آراني	Ghbook	9577	0.53242
		جزء أبي العباس العصمي (طُبع: ضمن مجموع فيه ثلاثة من الأجزاء الحديثية)	أبو العباس رافع بن عُصْم بن العباس بن أحمد العصمي (المتوفى: 405هـ)	ShamAY	26563	0.53239
		الغدير في الكتاب والسنّة والأدب [ج ١١]	الشيخ عبد الحسين أحمد الأميني النجفي	Rafed	2024	0.53239
		فضائل رمضان لابن أبي الدنيا	أبو بكر عبد الله بن محمد بن عبيد بن سفيان بن قيس البغدادي الأموي القرشي المعروف بابن أبي الدنيا (المتوفى: 281هـ)	ShamAY	10799	0.53226
		لماذا سمي الشيعه بالاثني عشريه ؟	خليفه عبيد كلباني عماني	Ghbook	7694	0.53224
		ما شاع ولم يثبت في السيرة النبوية	د محمد بن عبد الله العوشن	ShamAY	31585	0.53213
		تاريخ صنعاء	إسحاق بن يحيى بن جرير الطبري الصنعاني	Rafed	2231	0.5319
		حسن السمت في الصمت	عبد الرحمن بن أبي بكر، جلال الدين السيوطي (المتوفى: 911ه)	ShamelaY19	36951	0.53188
		مسند الإمام الرضا(ع) - الجزء1	عزيز الله عطاردي‏	Masaha	2474	0.53187
		الشجرة المباركة في أنساب الطالبية	الفخر الرازي‏	Masaha	2046	0.53185
		الكشف والبيان [ج ٧]	أبو إسحاق أحمد [ الثّعلبي ]	Rafed	1669	0.53185
		الترجيح لحديث صلاة التسبيح لابن ناصر الدين	ابن ناصر الدين (842 هـ)	ShamAY	33557	0.53182
		معالم المدرستين [ج ٣]	السيد مرتضى العسكري	Rafed	3473	0.53179
		حسن المحاضرة في أخبار مصر والقاهرة  - الجزء1	عبد الرحمن السيوطي	Masaha	4817	0.53168
		موسوعة كلمات الامام المهدي عجل الله تعالي فرجه	موسسه پيام امام هادي عليه السلام	Ghbook	14793	0.53168
		أمالي المحاملي رواية ابن الصلت	أبو عبد الله البغدادي الحسين بن إسماعيل بن محمد بن إسماعيل بن سعيد بن أبان الضبي المحاملي (المتوفى: 330ه)	ShamelaY19	26424	0.53166
		المنامات لابن أبي الدنيا	أبو بكر عبد الله بن محمد بن عبيد بن سفيان بن قيس البغدادي الأموي القرشي المعروف بابن أبي الدنيا (المتوفى: 281هـ)	ShamAY	13070	0.53164
		حديث خالد بن مرداس السراج	خالد بن مرداس أبو الهيثم السراج (المتوفى: 231ه)	ShamelaY19	29705	0.53162
		الأسئلة الحديثية للشيخ العلوان	سليمان بن عبد الله العلوان	ShamAY	37253	0.53154
		معجم مؤرخي الشيعةحتى نهاية القرن السابع الهجري	صائب عبد الـحميد	Masaha	425	0.5314
		فوائد أبي بكر النصيبي	أبو بكر أحمد بن يوسف بن خلاد بن منصور النصيبي ثم البغدادي العطار (المتوفى: 359ه)	Sham19Y	29779	0.53138
		المفهوم الصحيح للتوسل	حماد بن محمد الأنصاري الخزرجي السعدي (المتوفى: 1418هـ)	ShamAY	8946	0.53137
		فتح الودود في شرح سنن أبي داود	السندي، محمد بن عبد الهادي	ShamelaY19	20591	0.53131
		إعلام الورى بأعلام الهدى [ج ٢]	الشيخ أبي علي الفضل بن الحسن الطبرسي	Rafed	543	0.5312
		الردة مع نبذة من فتوح العراق وذكر المثنى بن حارثة الشيباني	محمد بن عمر بن واقد السهمي الأسلمي بالولاء، المدني، أبو عبد الله، الواقدي (المتوفى: 207هـ)	ShamAY	12222	0.53119
		صفة الجنة لأبي نعيم الأصبهاني	أبو نعيم أحمد بن عبد الله بن أحمد بن إسحاق بن موسى بن مهران الأصبهاني (المتوفى: 430هـ)	ShamAY	21602	0.53114
		سؤالات الترمذي للبخاري حول أحاديث في جامع الترمذي	يوسف بن محمد الدّخيل النجدي ثم المدني (المتوفى: 1431هـ)	ShamAY	2754	0.53108
		تراثنا ـ العدد [ 1 ]	مؤسسة آل البيت عليهم السلام لإحياء التراث ـ قم	Rafed	2432	0.53108
		الملهوف على قتلى الطفوف	السيد علي بن موسى بن طاووس	Masaha	430	0.53107
		مختصر الأحكام = مستخرج الطوسي على جامع الترمذي	أَبو عَلِيٍّ الحسنُ بنُ عَليِّ بنِ نَصْرٍ الطُّوْسِيُّ، المُلَقَّبُ: بِكَرْدُوشٍ (المتوفى: 312هـ)	ShamAY	5583	0.53105
		فوائد الفوائد لابن خزيمة	أبو بكر محمد بن إسحاق بن خزيمة بن المغيرة بن صالح بن بكر السلمي النيسابوري (المتوفى: 311هـ)	ShamAY	1339	0.53096
		طبّ الأئمة عليهم السلام	أبي عتاب عبد الله بن سابور الزيات	Rafed	1749	0.53094
		شرح الزرقاني على موطأ الإمام مالك	محمد بن عبد الباقي بن يوسف الزرقاني المصري الأزهري	ShamAY	551	0.53091
		حديث إن لله تسعة وتسعين اسما لأبي نعيم الأصبهاني	أبو نعيم أحمد بن عبد الله بن أحمد بن إسحاق بن موسى بن مهران الأصبهاني (المتوفى: 430ه)	ShamelaY19	21783	0.53088
		محض الصواب في فضائل أمير المؤمنين عمر بن الخطاب	يوسف بن حسن بن أحمد بن حسن ابن عبد الهادي الصالحي، جمال الدين، ابن المبرد الحنبلي (المتوفى: 909هـ)	ShamAY	12062	0.53088
		المذهب الحنبلي «دراسة في تاريخه وسماته وأشهر أعلامه ومؤلفاته»	عبد الله بن عبد المحسن بن عبد الرحمن التركي	Sham19Y	16822	0.53076
		الأوسط في السنن والإجماع والاختلاف	أبو بكر محمد بن إبراهيم بن المنذر النيسابوري (المتوفى: 319هـ)	ShamAY	21113	0.53071
		ذكر من له الآيات ومن تكلم بعد الموت للنجاد - مخطوط (ن)	أبو بكر النجاد، أحمد بن سلمان بن الحسن بن إسرائيل بن يونس البغدادي (المتوفى: 348هـ)	ShamAY	11757	0.53063
		وقعه الطف	لوط بن يحيي بن سعيد بن مخنف بن مسلم ازدي غامدي ابومخنف	Ghbook	5998	0.53062
		السنن الكبرى للنسائي	أبو عبد الرحمن أحمد بن شعيب بن علي الخراساني، النسائي (المتوفى: 303هـ)	ShamAY	1240	0.53055
		مجلسان من أمالي الضبي - مخطوط	أبو عبد الله الحسين بن هارون الضبي	ShamAY	32900	0.53053
		صب الخمول على من وصل أذاه إلى الصالحين من أولياء الله (مطبوع ضمن مجموع رسائل ابن عبد الهادي)	يوسف بن حسن بن أحمد بن حسن ابن عبد الهادي الصالحي، جمال الدين، ابن المِبْرَد الحنبلي (المتوفى: 909 هـ)	ShamAY	32311	0.53043
		الاعتبار وأعقاب السرور لابن أبي الدنيا	أبو بكر عبد الله بن محمد بن عبيد بن سفيان بن قيس البغدادي الأموي القرشي المعروف بابن أبي الدنيا (المتوفى: 281هـ)	ShamAY	12996	0.53038
		النهاية في الفتن والملاحم ـ موافق للمطبوع	الإمام أبو الفداء الحافظ ابن كثير الدمشقي	ShamAY	33758	0.53036
		الأول من الخلعيات	علي بن الحسن بن الحسين بن محمد، أبو الحسن الخلعي الشافعي (المتوفى: 492ه)	ShamelaY19	30592	0.53035
		تحفة الأحباب وبغية الطلاب‏	علي بن أحمد السخاوي	Masaha	4661	0.53034
		جزء فيه مجلسان من إملاء النسائي	أبو عبد الرحمن أحمد بن شعيب بن علي الخراساني، النسائي (المتوفى: 303ه)	Sham19Y	8225	0.53033
		تهذيب الآثار وتفصيل الثابت عن رسول الله من الأخبار	محمد بن جرير بن يزيد بن كثير بن غالب الآملي، أبو جعفر الطبري (المتوفى: 310هـ)	ShamAY	13092	0.53022
		مسند الإمام علي(ع) - الجزء1	السيد حسن القبانچي	Masaha	409	0.53019
		المذهب الحنبلي «دراسة في تاريخه وسماته وأشهر أعلامه ومؤلفاته»	عبد الله بن عبد المحسن بن عبد الرحمن التركي	ShamAY	32454	0.53016
		 بحار الأنوار 	 العلامة المجلسي 	ABLibrary	747	0.53012
		فوائد محمد بن مخلد	أبو عبد الله محمد بن مخلد بن حفص العطار الدوري البغدادي (المتوفى: 331هـ)	ShamAY	1305	0.53011
		مكاتيب الرسول(ص) - الجزء1	الشيخ علي الأحمدي الميانجي	Masaha	3300	0.5301
		الفصول المهمة في أصول الأئمة - الجزء1	الحر العاملي	Masaha	1260	0.53008
		النهاية في اتصال الرواية (مطبوع ضمن مجموع رسائل ابن عبد الهادي)	يوسف بن حسن بن أحمد بن حسن ابن عبد الهادي الصالحي، جمال الدين، ابن المِبْرَد الحنبلي (المتوفى: 909 هـ)	ShamAY	32316	0.53006
		الكرم والجود وسخاء النفوس	أبو جعفر محمد بن الحسين البرجلاني (المتوفى: 238ه)	Sham19Y	7755	0.53006
		الإعلام بمن في تاريخ الهند من الأعلام المسمى بـ (نزهة الخواطر وبهجة المسامع والنواظر)	عبد الحي بن فخر الدين بن عبد العلي الحسني الطالبي (المتوفى: 1341هـ)	ShamAY	1584	0.53005
		الفصول المهمة في معرفة الأئمة(ع) - الجزء1	ابن صباغ المالكي‏	Masaha	2915	0.53004
		صحيفة أبي الزبير عن جابر	صالح بن أحمد رضا	ShamAY	37247	0.52992
		الثالث من مشيخة ابن حيويه	محمد بن العباس بن محمد بن زكرياء، أبو عمر ابن حيويه الخزاز (المتوفى: 382هـ)	ShamAY	29954	0.52989
		التمييز لمسلم - ط الفاروق	الواحدي :: مسلم	ShamAY	34142	0.52988
		اثبات الهداه بالنصوص و المعجزات 	محمد بن حسن حر عاملي	Ghbook	6566	0.52978
		 خزانة التواريخ النجدية 	 عبد الله بن عبد الرحمن آل بسام 	ABLibrary	9045	0.52971
		النجاة بحمد الله	يوسف بن حسن بن أحمد بن حسن ابن عبد الهادي الصالحي، جمال الدين، ابن ابن المبرد الحنبلي (المتوفى: 909ه)	Sham19Y	30291	0.52964
		أمالي ابن المزرع	يموت بن المزرع العبدي، من عبد القيس، البصري، أبو بكر (المتوفى: 304هـ)	ShamAY	651	0.52954
		خاتمه مستدرك الوسائل	ميرزا حسين محدث نوري	Ghbook	9010	0.52954
		حول مشروعيه الجمع في الصلاه و صلاه التراويح	خليفه عبيد كلباني عماني	Ghbook	7640	0.52951
		إحقاق الحقّ وإزهاق الباطل [ج ٢٩]	آية الله السيّد شهاب الدين الحسيني المرعشي النجفي	Rafed	2797	0.52946
		 مجموع بلدان اليمن وقبائلها 	 محمد بن أحمد الحجري اليماني 	ABLibrary	9177	0.52935
		أحاديث وحكايات وأشعار لأبي الفضل ابن الإخوة - مخطوط	أبو الفضل عبد الرحيم بن أحمد بن محمد ابن الأخوة	ShamAY	38109	0.52934
		 الكامل في التاريخ 	 ابن الأثير 	ABLibrary	8248	0.52934
		 خلاصة عبقات الأنوار 	 السيد حامد النقوي 	ABLibrary	88	0.5293
		جزء فيه من روى عن النبي صلى الله عليه وسلم من الصحابة في الكبائر	أبو بكر أحمد بن هارون بن روح البرديجي (المتوفى: 301ه)	ShamelaY19	26595	0.52923
		شرح وتعليق على الباب الثامن من المدخل إلى الصحيح للحاكم أبي عبدالله (ذكر من عيب على مسلم)	ربيع بن هادي المدخلي	ShamAY	37351	0.52921
		الفتوح - الجزء1	ابن الأعثم الكوفي	Masaha	2954	0.52915
		الائمة الاثنا عشر عليهم السلام	آيت الله علي حسيني ميلاني	Ghbook	4791	0.52915
		سلسلة الآثار الصحيحة أو الصحيح المسند من أقوال الصحابة والتابعين	أبو عبد الله الداني بن منير آل زهوي	ShamAY	32422	0.52913
		جزء هلال بن محمد الحفار، المسمى بحديث أبي عبد الله المتوثي القطان عن شيوخه	هلال بن محمد الحفار	ShamAY	33576	0.5291
		500 سؤال وجواب في السير والمغازي	علي العلي الكعبي	ShamAY	37430	0.52909
		 التتمة في تواريخ الأئمة ( ع ) 	 السيد تاج الدين العاملي 	ABLibrary	7455	0.52905
		الأحاديث والآثار التي تكلم عليها الحافظ ابن رجب	ناصر أحمد السوهاجي	ShamAY	33087	0.52903
		النهاية في اتصال الرواية (مطبوع ضمن مجموع رسائل ابن عبد الهادي)	يوسف بن حسن بن أحمد بن حسن ابن عبد الهادي الصالحي، جمال الدين، ابن المبرد الحنبلي (المتوفى: 909 ه)	Sham19Y	17535	0.52889
		وسائل الشيعة [ج ١٦]	محمد بن الحسن الحرّ العاملي [ العلامة الشيخ حرّ العاملي ]	Rafed	310	0.52882
		مستخرج أبي نعيم الأصبهاني على الجامع الصحيح للبخاري - مخطوط	أبو نعيم أحمد بن عبد الله الأصفهاني	ShamAY	38083	0.52881
		نفحات الأزهار في خلاصة عبقات الأنوار [ج ٢٠]	السيّد علي الحسيني الميلاني	Rafed	488	0.52875
		تلبيس إبليس	جمال الدين أبو الفرج عبد الرحمن بن علي بن محمد الجوزي (المتوفى: 597هـ)	ShamAY	11438	0.52872
		 تاريخ المدينة 	 قطب الدين الحنفي 	ABLibrary	8997	0.5287
		التنبيه على الألفاظ التي وقع في نقلها وضبطها تصحيف وخطأ في تفسيرها ومعانيها وتحريف في كتاب الغريبين عن أبي عبيد أحمد بن محمد المؤدب الهروي	محمد بن ناصر بن محمد بن علي، أبو الفضل السلامي (المتوفى: 550ه)	ShamelaY19	38160	0.52869
		 الكامل في التاريخ 	 ابن الأثير 	ABLibrary	8252	0.52868
		البلدان لليعقوبي‏	أحمد بن إسحاق اليعقوبي	Masaha	3714	0.52866
		 في رحاب أهل البيت ( ع ) 	 لجنة بحوث المجمع العالمي لأهل البيت ( ع ) 	ABLibrary	8548	0.52865
		موسوعة الصحيح المسبور من التفسير بالمأثور	أ. د. حكمت بن بشير بن ياسين	ShamAY	22912	0.52864
		الإلزامات والتتبع للدارقطني	أبو الحسن علي بن عمر بن أحمد بن مهدي بن مسعود بن النعمان بن دينار البغدادي الدارقطني (المتوفى: 385هـ)	ShamAY	21474	0.52857
		فضل يوم عرفة لأبي بكر الوراق	أَبُو بَكْرٍ مُحَمَّدُ بنُ إِسْمَاعِيْلَ بنِ العَبَّاسِ البَغْدَادِيُّ المُسْتَمْلِي الوَرَّاقُ (المتوفى: 378هـ)	ShamAY	1376	0.52855
		بدائع البدائه	علي بن ظافر بن حسين الأزدي الخزرجي، أبو الحسن جمال الدين (المتوفى: 613ه)	ShamelaY19	21559	0.52847
		تهذيب الآثار وتفصيل الثابت عن رسول الله من الأخبار	محمد بن جرير بن يزيد بن كثير بن غالب الآملي، أبو جعفر الطبري (المتوفى: 310هـ)	ShamAY	13091	0.52847
		 تاريخ واسط 	 أسلم الرزاز الواسطي ( بحشل ) 	ABLibrary	9012	0.52837
		عروس الأجزاء	أَبُو الفَرَجِ مَسْعُوْدُ بنُ الحَسَنِ الثَّقَفِيُّ الأَصْبَهَانِيُّ (المتوفى: 562هـ)	ShamAY	1361	0.52828
		المختصر من تاريخ هجرة رسول الله صلى الله عليه وسلم والمهاجرين والأنصار وطبقات التابعين بإحسان ومن بعدهم ووفاتهم وبعض نسبهم وكناهم ومن يرغب عن حديثه، المشهور بـ "التاريخ الأوسط"	أبو عبد الله محمد بن إسماعيل البخاري	ShamAY	34629	0.52814
		الإمام المهدي عج عند اهل السنة - الجزء1	السيد مهدي فقيه ايماني	Masaha	4050	0.52798
		الرجال لابن الغضائري	احمد بن حسين بن غضائري	Ghbook	12942	0.52797
		كتاب الأصنام	أبو المنذر هشام بن محمد أبي النضر ابن السائب ابن بشر الكلبي (المتوفى: 204هـ)	ShamAY	6513	0.52795
		من عيب على مسلم إخراج حديثه والإجابة عنه	ربيع بن هادي المدخلي	ShamAY	32999	0.52791
		لاميّة في النحو	زين الدين شعبان بن محمد القرشي الآثاري	Rafed	2601	0.52787
		صفة النار لابن أبي الدنيا	أبو بكر عبد الله بن محمد بن عبيد بن سفيان بن قيس البغدادي الأموي القرشي المعروف بابن أبي الدنيا (المتوفى: 281هـ)	ShamAY	13128	0.52785
		الأحاديث النبوية في فضائل معاوية بن أبي سفيان	محمد الأمين الشنقيطي	ShamAY	35834	0.52782
		وسائل الشيعة [ج ٦]	محمد بن الحسن الحرّ العاملي [ العلامة الشيخ حرّ العاملي ]	Rafed	295	0.52782
		شرح (التبصرة والتذكرة = ألفية العراقي)	أبو الفضل زين الدين عبد الرحيم بن الحسين بن عبد الرحمن بن أبي بكر بن إبراهيم العراقي (المتوفى: 806هـ)	ShamAY	1779	0.52781
		جزء فيه أحاديث منتقاة من جزء أبي مسعود أحمد بن الفرات، انتقاء العلائي	أحمد بن الفرات بن خالد الضبي الرازي، أبو مسعود (المتوفى: 258ه)	ShamelaY19	26504	0.5277
		تاريخ المدينة	قطب الدين الحنفي	Rafed	2192	0.52768
		من حديث أبي عمرو السمرقندي - مخطوط	أبو عمرو عثمان بن محمد السمرقندي	ShamAY	32926	0.52762
		 الديباج على مسلم 	 جلال الدين السيوطي 	ABLibrary	887	0.52762
		القول الجازم في سقوط الحد بنكاح المحارم	الإمام محمد عبد الحي اللكنوي (ت1304هـ)	ShamAY	36009	0.52761
		من عوالي مسند عبد بن حميد - مخطوط (ن)	أبو محمد عبد الحميد بن حميد بن نصر الكَسّي ويقال له: الكَشّي بالفتح والإعجام (المتوفى: 249هـ)	ShamAY	21676	0.5276
		مثير الغرام الساكن إلى أشرف الأماكن ط دار الحديث	جمال الدين أبو الفرج عبد الرحمن بن علي بن محمد الجوزي (المتوفى: 597هـ)	ShamAY	10437	0.52758
		تاريخ وفاة الشيوخ الذين أدركهم البغوي	أبو القاسم عبد الله بن محمد بن عبد العزيز بن المرزبان بن سابور بن شاهنشاه البغوي (المتوفى: 317ه)	ShamelaY19	27106	0.5275
		الشمائل المحمدية للترمذي ط المكتبة التجارية	محمد بن عيسى بن سَوْرة بن موسى بن الضحاك، الترمذي، أبو عيسى (المتوفى: 279هـ)	ShamAY	13037	0.52749
		تهذيب الأحكام [ج ٩]	أبي جعفر محمّد بن الحسن بن علي بن الحسن الطّوسي [ شيخ الطائفة ]	Rafed	747	0.52739
		المحتضرين لابن أبي الدنيا	أبو بكر عبد الله بن محمد بن عبيد بن سفيان بن قيس البغدادي الأموي القرشي المعروف بابن أبي الدنيا (المتوفى: 281ه)	Sham19Y	13058	0.52734
		نشر المحاسن اليمانية في خصائص اليمن ونسب القحطانية	عبد الرحمن بن علي ابن ديبع	Masaha	4524	0.52733
		الحيره في عصر الغيبه الصغري	ياسين موسوي	Ghbook	12280	0.52725
		مختصر سيرة الرسول - دار الفيحاء والسلام	عبد الله بن محمد بن عبد الوهاب بن سليمان التميمي	ShamAY	34441	0.52722
		النهاية في الفتن والملاحم	أبو الفداء إسماعيل بن عمر بن كثير القرشي البصري ثم الدمشقي (المتوفى: 774هـ)	ShamAY	11818	0.52719
		المعجب في تلخيص أخبار المغرب من لدن فتح الأندلس إلى آخر عصر الموحدين	عبد الواحد بن علي التميمي المراكشي، محيي الدين (المتوفى: 647هـ)	ShamAY	8559	0.52713
		القبل والمعانقة والمصافحة لابن الأعرابي	أبو سعيد بن الأعرابي أحمد بن محمد بن زياد بن بشر بن درهم البصري الصوفي (المتوفى: 340ه)	Sham19Y	8269	0.52712
		مرآة العقول [ج ١٦]	الشيخ محمّد باقر بن محمّد تقي المجلسي	Rafed	1055	0.52709
		غزوات النبي صلى الله عليه وآله وسلم	السيد الجميلى	ShamAY	23654	0.52701
		التحجيل في تخريج ما لم يخرج من الأحاديث والآثار في إرواء الغليل	عبد العزيز بن مرزوق الطّريفي	ShamAY	8618	0.527
		المراسيل لأبي داود	أبو داود سليمان بن الأشعث بن إسحاق بن بشير بن شداد بن عمرو الأزدي السَِّجِسْتاني (المتوفى: 275هـ)	ShamAY	13063	0.52699
		التلخيص الحبير في تخريج أحاديث الرافعي الكبير	أبو الفضل أحمد بن علي بن محمد بن أحمد بن حجر العسقلاني (المتوفى: 852ه)	Sham19Y	21601	0.52697
		 دمية القصر وعصرة أهل العصر 	 علي بن الحسن بن علي بن أبي الطيب الباخرزي 	ABLibrary	961	0.5269
		الموسوعة التاريخية - الدرر السنية	مجموعة من المؤلفين	ShamelaY19	95543	0.52689
		الإشارة في معرفة الأصول والوجازة في معنى الدليل	أبو الوليد سليمان بن خلف الباجي الأندلسي (المتوفى: سنة 474 ه)	ShamelaY19	20983	0.52685
		أربعون حديثا من الجزء الرابع من كتاب الطب	أبو نعيم أحمد بن عبد الله بن أحمد بن إسحاق بن موسى بن مهران الأصبهاني (المتوفى: 430هـ)	ShamAY	29766	0.52685
		وسائل الشيعة [ج ١]	محمد بن الحسن الحرّ العاملي [ العلامة الشيخ حرّ العاملي ]	Rafed	280	0.52683
		الامام موسي بن جعفر الكاظم ورواياته الفقهيه	عبد الساده محمد الحداد	Ghbook	12277	0.52683
		تنقيح التحقيق للذهبي	الذهبي، شمس الدين	ShamelaY19	22848	0.5268
		فوائد أبي بكر النصيبي	أَبُو بَكْرٍ أَحْمَدُ بنُ يُوْسُفَ بنِ خَلاَّدِ بنِ مَنْصُوْرٍ النَّصِيْبِيُّ ثُمَّ البَغْدَادِيُّ العَطَّارُ (المتوفى: 359هـ)	ShamAY	29779	0.52673
		التلخيص الحبير في تخريج أحاديث الرافعي الكبير	أبو الفضل أحمد بن علي بن محمد بن أحمد بن حجر العسقلاني (المتوفى: 852هـ)	ShamAY	21601	0.52673
		 تاريخ صنعاء 	 اسحاق بن يحيى الطبري الصنعاني 	ABLibrary	8993	0.5266
		مرآة الجنان وعبرة اليقظان في معرفة حوادث الزمان	اليافعي	ShamAY	33823	0.52659
		فضل أبي بكر الصديق رضي الله عنه	تقي الدين أبو العباس أحمد بن عبد الحليم بن عبد السلام بن عبد الله بن أبي القاسم بن محمد ابن تيمية الحراني الحنبلي الدمشقي (المتوفى: 728ه)	ShamelaY19	22808	0.52658
		إحقاق الحقّ وإزهاق الباطل [ج ٦]	السيّد نور الله الحسيني المرعشي التستري	Rafed	2716	0.52653
		جزء فيه ما انتخبه أبو القاسم سليمان بن أحمد الطبراني، لابنه أبي ذر على أبي محمد عبد الله بن جعفر ابن فارس - مخطوط	أبو محمد عبد الله بن جعفر ابن فارس	ShamAY	38123	0.5265
		أخبار النحويين لأبي طاهر المقرئ	أبو طاهر، عبد الواحد بن عمر بن محمد بن أبى هاشم البزار (المتوفى: 349هـ)	ShamAY	295	0.5265
		مقدمة إملاء الاستذكار للحافظ أبي عمر ابن عبد البر القرطبي - سلسلة لقاء العشر الأواخر بالمسجد الحرام (31)	صدر الدين، أبو طاهر السِّلَفي أحمد بن محمد بن أحمد بن محمد بن إبراهيم سِلَفَه الأصبهاني (المتوفى: 576 هـ)	ShamAY	32529	0.52644
		القول الحسن في عدد زوجات الامام الحسن عليه السلام	وسام البلداوي	Ghbook	12278	0.52641
		اتعاظ الحنفاء بأخبار الأئمة الفاطميين الخلفاء	أحمد بن علي بن عبد القادر، أبو العباس الحسيني العبيدي، تقي الدين المقريزي (المتوفى: 845هـ)	ShamAY	176	0.52637
		نفح الطّيب [ج ٣]	الشيخ أحمد بن محمد المقري التلمساني	Rafed	2799	0.5263
		كتاب الأربعين وهو ثالث الأربعينيات في الحديث الشريف	أبو العباس الحسن بن سفيان بن عامر بن عبد العزيز بن النعمان بن عطاء الشيباني الخراساني النسوي (المتوفى: 303هـ)	ShamAY	8205	0.52625
		الجزء فيه مسند عابس الغفاري وجماعة من الصحابة رضي الله عنهم	أَحْمَدُ بنُ حَازِمِ بنِ مُحَمَّدِ بنِ يُوْنُسَ بنِ قَيْسِ بنِ أَبِي غَرَزَةَ، أَبُو عَمْرٍو الغِفَارِيُّ الكُوْفِيُّ (المتوفى: 276هـ)	ShamAY	1321	0.52624
		تلخيص كتاب التعريف والإعلام بما أبهم من القرآن لبحرق اليمني	بَحرَق اليمني	ShamAY	36835	0.52623
		بدائع البدائه	علي بن ظافر بن حسين الأزدي الخزرجي، أبو الحسن جمال الدين (المتوفى: 613هـ)	ShamAY	21559	0.52621
		تهذيب الأحكام [ج ٥]	أبي جعفر محمّد بن الحسن بن علي بن الحسن الطّوسي [ شيخ الطائفة ]	Rafed	736	0.5262
		غزوات النبي صلى الله عليه وآله وسلم	السيد الجميلى	Sham19Y	23654	0.52618
		تنقيح التحقيق في أحاديث التعليق	شمس الدين محمد بن أحمد بن عبد الهادي الحنبلي (المتوفى: 744 هـ)	ShamAY	32488	0.52617
		 رحلة ابن بطوطة ( تحفة النظار في غرائب الأمصار وعجائب الأسفار ) 	 ابن بطوطة 	ABLibrary	9077	0.52612
		إستقصاء الإعتبار [ج ٢]	الشيخ محمّد بن الحسن بن الشّهيد الثّاني	Rafed	565	0.52609
		فوائد حديثية وفيه فوائد في الكلام على حديث الغمامة وحديث الغزالة والضب وغيره - ط ابن الجوزي	ابن قيم الجوزية (751 هـ)	ShamAY	34405	0.52603
		نظم المتناثر من الحديث المتواتر	أبو عبد الله محمد بن أبي الفيض جعفر بن إدريس الحسني الإدريسي الشهير بـ الكتاني (المتوفى: 1345هـ)	ShamAY	7016	0.52602
		 محاضرة الأبرار ومسامرة الأخيار 	 ابن عربي 	ABLibrary	8746	0.52602
		أمالي ابن منده- رواية ابن حيويه	يحيى بن عبد الوهاب بن محمد ابن إسحاق بن محمد بن يحيى العبدي الأصبهاني، أبو زكريا، ابن منده (المتوفى: 511ه)	ShamelaY19	30027	0.52598
		الجامع لابن وهب ت رفعت فوزي عبد المطلب	أبو محمد عبد الله بن وهب بن مسلم المصري القرشي (المتوفى: 197ه)	ShamelaY19	26865	0.52596
		الصحيح المسبور من التفسير بالمأثور	حكمت بشير ياسين	ShamelaY19	22912	0.52595
		صحيح وضعيف تاريخ الطبري	الإمام أبو جعفر بن جرير الطبري (224 - 310 ه)	ShamelaY19	145435	0.52584
		الخطب والمواعظ لأبي عبيد	أبو عبيد القاسم بن سلام بن عبد الله الهروي البغدادي (المتوفى: 224ه)	Sham19Y	26510	0.52581
		بلاغات ابن شهاب الزهري وإدراجاته في الكتب الستة	عبد الحميد شيخون	Sham19Y	132393	0.52581
		عقيده المسلمين في المهدي ( عجل الله فرجه ) من موسوعه احاديث اميرالمومنين ( عليه ...	بنياد نهج البلاغه	Ghbook	6667	0.52578
		الإبانة لما للصحابة من المنزلة والمكانة	حمد بن عبد الله الحميدي	ShamAY	35658	0.52576
		آداب الصحبة لأبي عبد الرحمن السلمي	محمد بن الحسين بن محمد بن موسى بن خالد بن سالم النيسابوري، أبو عبد الرحمن السلمي (المتوفى: 412ه)	Sham19Y	12982	0.52576
		إعلام السائلين عن كتب سيد المرسلين لابن طولون	شمس الدين محمد بن علي بن خمارويه بن طولون الدمشقي الصالحي الحنفي (المتوفى: 953ه)	Sham19Y	9701	0.52572
		الآثار الواردة عن أهل السنة في الصحابة من خلال كتب الرجال إلى القرن الرابع	د. صالح بن محمد العقيل	ShamAY	35659	0.52569
		أحاديث الشاموخي - ت: الألفي	الشاموخي	ShamAY	33612	0.52564
		الاقتصاد في الاعتقاد للمقدسي	عبد الغني بن عبد الواحد بن علي بن سرور المقدسي الجماعيلي الدمشقي الحنبلي، أبو محمد، تقي الدين (المتوفى: 600هـ)	ShamAY	7546	0.5256
		إحقاق الحقّ وإزهاق الباطل [ج ٨]	السيّد نور الله الحسيني المرعشي التستري	Rafed	2734	0.52549
		الخطب والمواعظ لأبي عبيد	أبو عبيد القاسم بن سلام بن عبد الله الهروي البغدادي (المتوفى: 224ه)	ShamelaY19	26510	0.52532
		الموسوعة التاريخية - الدرر السنية	مجموعة من المؤلفين	ShamAY	1538	0.52513
		أحاديث في فضل الإسكندرية وعسقلان	عثمان بن عبد الرحمن، أبو عمرو، تقي الدين المعروف بابن الصلاح (المتوفى: 643ه)	ShamelaY19	30242	0.5251
		سلسلة القبائل العربية في العراق	علي كوراني	Ghbook	15266	0.52508
		نظم المتناثر من الحديث المتواتر مع الحواشي	الكتاني، محمد بن جعفر	ShamAY	33933	0.52504
		التذكار بشرف أهل الحديث وحفظة الآثار	محمد أحمد شحاته الألفى.	ShamAY	37310	0.52503
		الجامع لابن وهب ت رفعت فوزي عبد المطلب	أبو محمد عبد الله بن وهب بن مسلم المصري القرشي (المتوفى: 197هـ)	ShamAY	26865	0.52499
		المتكلمون في الرجال (مطبوع ضمن مجموعة «أربع رسائل في علوم الحديث» )	شمس الدين أبو الخير محمد بن عبد الرحمن بن محمد بن أبي بكر بن عثمان بن محمد السخاوي (المتوفى: 902ه)	ShamelaY19	26111	0.52492
		وسائل الشيعة [ج ٢٦]	محمد بن الحسن الحرّ العاملي [ العلامة الشيخ حرّ العاملي ]	Rafed	353	0.52488
		طبقات المفسرين للأدنه وي	أحمد بن محمد الأدنه وي من علماء القرن الحادي عشر (المتوفى: ق 11هـ)	ShamAY	6729	0.52485
		المقصد العلي في زوائد أبي يعلى الموصلي	أبو الحسن نور الدين علي بن أبي بكر بن سليمان الهيثمي (المتوفى: 807هـ)	ShamAY	21570	0.52478
		 مسند الإمام الهادي ( ع ) 	 الشيخ عزيز الله عطاردي 	ABLibrary	7741	0.52469
		عين العبرة في غبن العترة / الآيات الواردة في فضائل أهل البيت(ع)	السيد أحمد بن موسى بن طاووس	Masaha	4678	0.52469
		متن كتاب الشرح والإبانة على أصول السنة والديانة لابن بطة العنكبري	أبو عبد الله عبيد الله بن محمد بن محمد بن حمدان العُكْبَري المعروف بابن بَطَّة العكبري (المتوفى : 387هـ)	ShamAY	35405	0.52463
		بشارة الإسلام في علامات المهدي عليه السلام	مصطفى الكاظمي	Masaha	4066	0.52461
		التمييز في تلخيص تخريج أحاديث شرح الوجيز المشهور بـ التلخيص الحبير	أبو الفضل أحمد بن علي بن محمد بن أحمد بن حجر العسقلاني (المتوفى: 852هـ)	ShamAY	31733	0.52459
		معجزات النبي	أبي الفداء اسماعيل بن عمر ابن كثير الدمشقي	Rafed	3489	0.52449
		مناورات الأشقياء لقتل خاتم الأنبياء	أبو يوسف محمد زايد	ShamAY	37410	0.52446
		الدلائل في غريب الحديث	قاسم بن ثابت بن حزم العوفي السرقسطي، أبو محمد (المتوفى: 302ه)	Sham19Y	9654	0.52443
		التصنيف في السنة النبوية وعلومها في القرن الخامس الهجري	د. عبد العزيز بن عبد الله الهليل	Sham19Y	7579	0.52424
		 مناحل الشفا ومناهل الصفا بتحقيق كتاب شرف المصطفى ( ص ) 	 عبد الملك الخركوشي النيسابوري 	ABLibrary	7590	0.52415
		البرهان في تفسير القرآن [ج ١]	السيد هاشم الحسيني البحراني	Rafed	1477	0.52414
		حديث أبي بكر بن الأنباري	محمد بن جعفر بن محمد بن الهيثم، أبو بكر الأنباري، البُنْدار (المتوفى: 360هـ)	ShamAY	29781	0.52409
		الغرر و الدرر فى سيرة خير البشر(ص)‏	عز الدين محمد بن جماعة	Masaha	2066	0.52407
		إحقاق الحقّ وإزهاق الباطل [ج ١٧]	السيّد نور الله الحسيني المرعشي التستري	Rafed	2756	0.52407
		بغية الباحث عن زوائد مسند الحارث - ط الجامعة الإسلامية	نور الدين الهيثمي	ShamAY	33985	0.52406
		جامع أحاديث الشيعة - الجزء22	السيد حسين البروجردي	Masaha	4977	0.52406
		مسند الإمام الهادي أبي الحسن علي بن محمد(ع)	عزيز الله عطاردي‏	Masaha	2477	0.52405
		التصنيف في السنة النبوية وعلومها في القرن الخامس الهجري	د. عبد العزيز بن عبد الله الهليل	ShamAY	7579	0.524
		التنبيه على الألفاظ التي وقع في نقلها وضبطها تصحيف وخطأ في تفسيرها ومعانيها وتحريف في كتاب الغريبين عن أبي عبيد أحمد بن محمد المؤدب الهروي	محمد بن ناصر بن محمد بن علي، أبو الفضل السلامي (المتوفى: 550هـ)	ShamAY	1262	0.5239
		غزوات النبي صلى الله عليه وآله وسلم	السيد الجميلى	ShamelaY19	23654	0.52386
		بحار الأنوار [ج ٢٣]	الشيخ محمّد باقر بن محمّد تقي المجلسي	Rafed	893	0.52385
		تاريخ المدينه	محمد بن احمد نهرواني	Ghbook	11109	0.52384
		معجم البلدان [ج ١]	شهاب الدين أبي عبدالله ياقوت بن عبدالله الحموي الرومي البغدادي	Rafed	2619	0.52382
		جزء أبي محمد عبد القادر بن محمد بن محمد بن نصر الله القرشي - مخطوط		ShamAY	32773	0.52376
		تنقيح التحقيق في أحاديث التعليق	شمس الدين أبو عبد الله محمد بن أحمد بن عثمان بن قَايْماز الذهبي (المتوفى : 748هـ)	ShamAY	22848	0.52375
		العواصم من القواصم في تحقيق مواقف الصحابة بعد وفاة النبي صلى الله عليه وسلم	القاضي محمد بن عبد الله أبو بكر بن العربي المعافري الاشبيلي المالكي (المتوفى: 543ه)	Sham19Y	30897	0.52367
		 مسند الإمام الصادق ( ع ) 	 الشيخ عزيز الله عطاردي 	ABLibrary	7731	0.52366
		تاريخ آل زرارة و شرح رسالة أبي غالب الزّراري	السيّد محمّد علي الموحّد الأبطحي	Rafed	1784	0.52364
		التمييز في تلخيص تخريج أحاديث شرح الوجيز المشهور ب التلخيص الحبير	أبو الفضل أحمد بن علي بن محمد بن أحمد بن حجر العسقلاني (المتوفى: 852ه)	ShamelaY19	123608	0.5236
		الخبر الثابت.	يوسف بن هاشم بن عابد اللحياني.	ShamAY	37261	0.52357
		جزء فيه من روى عن النبي صلى الله عليه وسلم من الصحابة في الكبائر	أبو بكر أحمد بن هارون بن روح البرديجي (المتوفى: 301هـ)	ShamAY	26595	0.5235
		معجم الأدباء = إرشاد الأريب إلى معرفة الأديب	شهاب الدين أبو عبد الله ياقوت بن عبد الله الرومي الحموي (المتوفى: 626هـ)	ShamAY	9788	0.52349
		الأول من الخلعيات	علي بن الحسن بن الحسين بن محمد، أبو الحسن الخِلَعي الشافعيّ (المتوفى: 492هـ)	ShamAY	30592	0.52346
		نشأة الإسناد وشموله	قاسم علي سعد	ShamAY	37357	0.52342
		تهذيب الآثار - الجزء المفقود	محمد بن جرير بن يزيد بن كثير بن غالب الآملي، أبو جعفر الطبري (المتوفى: 310ه)	Sham19Y	5597	0.52335
		أحاديث محمد بن أبي نصر البلخي - مخطوط	محمد بن أبي نصر البلخي	ShamAY	32832	0.52331
		المقصد العلي في زوائد أبي يعلى الموصلي	أبو الحسن نور الدين علي بن أبي بكر بن سليمان الهيثمي (المتوفى: 807ه)	Sham19Y	21570	0.5233
		مرآة العقول [ج ١٩]	الشيخ محمّد باقر بن محمّد تقي المجلسي	Rafed	1072	0.52318
		 سنن الدارمي 	 عبد الله بن الرحمن الدارمي 	ABLibrary	843	0.52306
		 مسند الإمام الصادق ( ع ) 	 الشيخ عزيز الله عطاردي 	ABLibrary	7729	0.523
		الذّريعة إلى تصانيف الشّيعة [ج ١٥]	الشيخ آقا بزرك الطهراني	Rafed	468	0.52298
		الفتن	نعيم بن حماد بن معاويه بن حارث خزاعي مروزي	Ghbook	6614	0.52298
		العواصم من القواصم في تحقيق مواقف الصحابة بعد وفاة النبي صلى الله عليه وسلم	القاضي محمد بن عبد الله أبو بكر بن العربي المعافري الاشبيلي المالكي (المتوفى: 543هـ)	ShamAY	30897	0.52294
		تطهير الفواد من دنس الاعتقاد	محمد بخيت حنفي	Ghbook	7620	0.52291
		الروايات المتعارضة في غزوة بدر جمعاً وتوثيقاً	محمد بن محمد العواجي	ShamAY	37433	0.52283
		مختصر استدراك الحافظ الذهبي على مستدرك أبي عبد الله الحاكم	ابن الملقن سراج الدين أبو حفص عمر بن علي بن أحمد الشافعي المصري (المتوفى: 804ه)	ShamelaY19	96551	0.52275
		تهذيب الآثار - الجزء المفقود	محمد بن جرير بن يزيد بن كثير بن غالب الآملي، أبو جعفر الطبري (المتوفى: 310هـ)	ShamAY	5597	0.52265
		اولاد النبي و هل للنبي بنت غير الزهراء	خليفه عبيد كلباني عماني	Ghbook	7609	0.52264
		مسند الحارث = بغية الباحث عن زوائد مسند الحارث	أبو محمد الحارث بن محمد بن داهر التميمي البغدادي الخصيب المعروف بابن أبي أسامة (المتوفى: 282هـ)	ShamAY	13160	0.52262
		كتاب و عتاب	الشيخ قيس بهجة العطار	Masaha	382	0.52259
		المقصد العلي في زوائد أبي يعلى الموصلي	أبو الحسن نور الدين علي بن أبي بكر بن سليمان الهيثمي (المتوفى: 807ه)	ShamelaY19	21570	0.52258
		الديات لابن أبي عاصم	أبو بكر بن أبي عاصم وهو أحمد بن عمرو بن الضحاك بن مخلد الشيباني (المتوفى: 287هـ)	ShamAY	13018	0.52256
		 مسند الإمام الصادق ( ع ) 	 الشيخ عزيز الله عطاردي 	ABLibrary	7725	0.52249
		شرح صحيح ابن خزيمة - الراجحي	عبد العزيز بن عبد الله بن عبد الرحمن الراجحي	ShamelaY19	37017	0.52247
		من حديث الحافظ أبي طاهر السلفي عن بعض الأبهريين (أو: رحلة الحافظ أبي طاهر السلفي إلى مدينة أبهر)	صدر الدين، أبو طاهر السلفي أحمد بن محمد بن أحمد بن محمد بن إبراهيم سلفه الأصبهاني (المتوفى: 576ه)	Sham19Y	27087	0.52242
		سيرة ابن إسحاق	محمد بن إسحاق بن يسار	Masaha	2221	0.52242
		اللآلئ المنثورة في الأحاديث المشهورة المعروف ب (التذكرة في الأحاديث المشتهرة)	أبو عبد الله بدر الدين محمد بن عبد الله بن بهادر الزركشي الشافعي (المتوفى: 794ه)	Sham19Y	6061	0.52235
		فتح الأبواب	السيّد رضي الدين أبو القاسم علي بن موسى بن جعفر بن طاووس الحسني الحلّي [ السيّد بن طاووس ]	Rafed	513	0.52232
		مجموعة نفيسة في تاريخ الأئمة عليهم السلام‏	جمع من العلماء	Masaha	4676	0.52222
		تاريخ الإسلام ووفيات المشاهير والأعلام [ج ٥١]	شمس الدين محمّد بن أحمد بن عثمان الذّهبي	Rafed	3664	0.52215
		الصحيح في البكاء الحسيني	مهدي خداميان آراني	Ghbook	9575	0.52214
		مرآة العقول [ج ٢٠]	الشيخ محمّد باقر بن محمّد تقي المجلسي	Rafed	1073	0.52209
		الدلائل في غريب الحديث	قاسم بن ثابت بن حزم العوفي السرقسطي، أبو محمد (المتوفى: 302هـ)	ShamAY	9654	0.52207
		العزلة للخطابي	أبو سليمان حمد بن محمد بن إبراهيم بن الخطاب البستي المعروف بالخطابي (المتوفى: 388هـ)	ShamAY	13042	0.52195
		الكلام الجليل فيما يتعلق بالمنديل	الإمام محمد عبد الحي اللكنوي (ت1304هـ)	ShamAY	36011	0.52194
		 مسند الإمام الصادق ( ع ) 	 الشيخ عزيز الله عطاردي 	ABLibrary	7721	0.52192
		مقدمة ابن الصلاح ومحاسن الاصطلاح	البلقيني، سراج الدين	ShamelaY19	29878	0.5219
		رجال الكشي مع تعليقات الميرداماد - الجزء1	أبو عمرو محمد بن عمر بن عبد العزيز الكشي	Masaha	5108	0.52185
		الأربعون حديثاً في الإمام المهدي	الحافظ أبي نعيم الأصبهاني	Masaha	50	0.52173
		صيانة صحيح مسلم من الإخلال والغلط وحمايته من الإسقاط والسقط	عثمان بن عبد الرحمن، أبو عمرو، تقي الدين المعروف بابن الصلاح (المتوفى: 643ه)	Sham19Y	6016	0.5217
		المحتضرين لابن أبي الدنيا	أبو بكر عبد الله بن محمد بن عبيد بن سفيان بن قيس البغدادي الأموي القرشي المعروف بابن أبي الدنيا (المتوفى: 281هـ)	ShamAY	13058	0.52167
		 معجزات النبي ص 	 ابن كثير 	ABLibrary	8619	0.52163
		الآثار المروية في الأطعمة السرية لابن بشكوال	أبو القاسم خلف بن عبد الملك بن مسعود بن بشكوال الخزرجي الأنصاري الأندلسي (المتوفى: 578هـ)	ShamAY	26426	0.52161
		حج الانبياء و الائمه عليهم السلام	معاونية شوون التعليم و البحوث الاسلامية في الحج	Ghbook	3403	0.52156
		مختصر صفة الصفوة لابن الجوزى	معتز أحمد عبد الفتاح	ShamAY	34857	0.52155
		مسموعات أبي محمد رزق الله التميمي	رزق الله بن عبد الوهاب بن عبد العزيز، أبو محمد التَّمِيمي الحنبلي (المتوفى: 488هـ)	ShamAY	29773	0.52147
		أخلاق العلماء للآجري	أبو بكر محمد بن الحسين بن عبد الله الآجُرِّيُّ البغدادي (المتوفى: 360هـ)	ShamAY	1311	0.52146
		إجازة الشيخ العلامة عبد اللطيف بن عبد الرحمن آل الشيخ لـ «الشيخ أحمد بن عيسى النجدي، والشيخ راشد بن عيسى المالكي البحريني» - سلسلة لقاء العشر الأواخر بالمسجد الحرام (27)	عبد اللطيف بن عبد الرحمن بن حسن بن محمد بن عبد الوهاب آل الشيخ (المتوفى: 1293 هـ)	ShamAY	32498	0.52146
		نسخة طالوت وهي في أحاديث طالوت بن عباد البصري الصيرفي المتوفى: 238ه	أبو القاسم عبد الله بن محمد بن عبد العزيز بن المرزبان بن سابور بن شاهنشاه البغوي (المتوفى: 317ه)	ShamelaY19	26341	0.52143
		أمالي الزجاجي	عبد الرحمن بن إسحاق البغدادي النهاوندي الزجاجي، أبو القاسم (المتوفى: 337هـ)	ShamAY	1336	0.5214
		كتابة الحديث في عهد النبي صلى الله عليه وسلم بين النهي والإذن	ناصر بن إبراهيم العبودي	ShamAY	11346	0.52134
		تاريخ الفقه الاسلامي و ادواره	آيت الله العظمي جعفر سبحاني	Ghbook	8999	0.52134
		السنا والسنوت في معرفة ما يتعلق بالقنوت من الأحاديث النبوية والأحكام الفقهية	شمس الدين محمد بن رسول الحسيني الشافعي البرزنجي ثم المدني (1103هـ)	ShamAY	34293	0.52133
		تلبيس إبليس - الكتاب العربي	عبد الرحمن بن علي بن محمد أبو الفرج ابن الجوزي	ShamAY	33755	0.52132
		الأوسط في السنن والإجماع والاختلاف	أبو بكر محمد بن إبراهيم بن المنذر النيسابوري (المتوفى: 319ه)	ShamelaY19	21113	0.52129
		خصائص أمير المؤمنين علي بن أبي طالب	أبو عبد الرحمن أحمد بن شعيب بن علي الخراساني، النسائي (المتوفى: 303هـ)	ShamAY	5645	0.52126
		صريح السنة للطبري	محمد بن جرير بن يزيد بن كثير بن غالب الآملي، أبو جعفر الطبري (المتوفى: 310ه)	Sham19Y	13127	0.52126
		صفة الجنة لأبي نعيم الأصبهاني	أبو نعيم أحمد بن عبد الله بن أحمد بن إسحاق بن موسى بن مهران الأصبهاني (المتوفى: 430ه)	ShamelaY19	21602	0.52124
		فضيلة العادلين من الولاة لأبي نعيم	أبو نعيم أحمد بن عبد الله بن أحمد بن إسحاق بن موسى بن مهران الأصبهاني (المتوفى: 430هـ)	ShamAY	13141	0.52123
		حول التوسل	خليفه عبيد كلباني عماني	Ghbook	7635	0.52118
		إعلام الموقعين عن رب العالمين	محمد بن أبي بكر أيوب الزرعي أبو عبد الله	ShamAY	34410	0.52116
		مسند الحارث = بغية الباحث عن زوائد مسند الحارث	أبو محمد الحارث بن محمد بن داهر التميمي البغدادي الخصيب المعروف بابن أبي أسامة (المتوفى: 282ه)	Sham19Y	13160	0.52116
		الكرم والجود وسخاء النفوس	أبو جعفر محمد بن الحسين البُرْجُلاني (المتوفى: 238هـ)	ShamAY	7755	0.52113
		من قتله الحسين شيعة الكوفة	آيت الله علي حسيني ميلاني	Ghbook	9557	0.52112
		صفة النار لابن أبي الدنيا - ط أطلس الخضراء = مقابل	أبو بكر عبد الله بن محمد ابن أبي الدنيا	ShamAY	38137	0.52107
		الكشف والبيان [ج ١٠]	أبو إسحاق أحمد [ الثّعلبي ]	Rafed	1673	0.52104
		مورد اللطافة في من ولي السلطنة والخلافة	يوسف بن تغري بردي بن عبد الله الظاهري الحنفي، أبو المحاسن، جمال الدين (المتوفى: 874هـ)	ShamAY	6669	0.52101
		السنن المأثورة للشافعي	إسماعيل بن يحيى بن إسماعيل، أبو إبراهيم المزني (المتوفى: 264هـ)	ShamAY	13033	0.52098
		تاريخ المدينة لقطب الدين الحنفي	قطب الدين النهرواني	ShamAY	38409	0.52097
		عجالة الإملاء المتيسرة من التذنيب	إبراهيم بن محمد بن محمود بن بدر، برهان الدين، أبو إسحاق الحلبي القبيباتي الشافعي الناجي (المتوفى: 900ه)	ShamelaY19	97928	0.52091
		بحار الأنوار [ج ٤٧]	الشيخ محمّد باقر بن محمّد تقي المجلسي	Rafed	984	0.52089
		الجزء التاسع من أخبار أبي علي الكوكبي - مخطوط	أبو علي الحسين بن القاسم بن جعفر الكوكبي	ShamAY	32845	0.52082
		الإحاطة في أخبار غرناطة [ج ٣]	أبي عبد الله محمّد بن عبد الله بن سعيد بن أحمد السلماني [ لسان الدين بن الخطيب ]	Rafed	2349	0.52076
		بستان العارفين للنووي	أبو زكريا محيي الدين يحيى بن شرف النووي (المتوفى: 676هـ)	ShamAY	12719	0.52074
		صحيح وضعيف سنن ابن ماجة	محمد ناصر الدين الألباني (المتوفى: 1420هـ)	ShamAY	810	0.52072
		الاشارات الى معرفة الزيارات	علي بن أبي بكر بن علي الهروي، أبو الحسن (المتوفى: 611هـ)	ShamAY	10797	0.52061
		مكارم الأخلاق للطبراني (مطبوع مع مكارم الأخلاق لابن أبي الدنيا)	سليمان بن أحمد بن أيوب بن مطير اللخمي الشامي، أبو القاسم الطبراني (المتوفى: 360ه)	Sham19Y	9324	0.52059
		القبس في شرح موطأ مالك بن أنس	القاضي محمد بن عبد الله أبو بكر بن العربي المعافري الاشبيلي المالكي (المتوفى: 543هـ)	ShamAY	31712	0.52053
		الرسالة القشيرية	عبد الكريم بن هوازن بن عبد الملك القشيري (المتوفى: 465هـ)	ShamAY	9953	0.5205
		أمالي الباغندي	الباغندي الكبير محمد بن سليمان بن الحارث الواسطي، أبو بكر الباغَندي، والد الحافظ محمد بن محمد الباغَندي (المتوفى: 283هـ)	ShamAY	1272	0.52045
		معجم الأدباء أو إرشاد الأريب إلى معرفة الأديب	أبو عبد الله ياقوت بن عبد الله الرومي الحموي	ShamAY	34599	0.52044
		 تاريخ اليمن ( تاريخ طبق الحلوى وصحاف المن والسلوى ) 	 عبد الله بن علي الوزير 	ABLibrary	9014	0.52033
		آيه الولايه	آيت الله علي حسيني ميلاني	Ghbook	7510	0.52031
		وسائل الشيعة [ج ٢]	محمد بن الحسن الحرّ العاملي [ العلامة الشيخ حرّ العاملي ]	Rafed	283	0.52019
		أثر روايات القصاص والإخباريين في تأليف كتاب السير والمغازي لمحمد بن إسحاق المتوفى سنة (151هـ/ 768م)	فلاح فقه يوسف الميراني	ShamAY	37462	0.52018
		النقد الصحيح لما اعترض من أحاديث المصابيح	صلاح الدين أبو سعيد خليل بن كيكلدي بن عبد الله الدمشقي العلائي (المتوفى: 761هـ)	ShamAY	8602	0.52012
		اللآلئ المنثورة في الأحاديث المشهورة المعروف بـ (التذكرة في الأحاديث المشتهرة)	أبو عبد الله بدر الدين محمد بن عبد الله بن بهادر الزركشي الشافعي (المتوفى: 794هـ)	ShamAY	1413	0.5201
		من حديث أبي عبد الله الحسين بن محمد ابن العسكري عن شيوخه (مطبوع مع كتاب الكرم والجود للمؤلف)	أبو جعفر محمد بن الحسين البرجلاني (المتوفى: 238ه)	Sham19Y	7819	0.5201
		الاستيعاب في بيان الأسباب «أول موسوعة علمية حديثية محققة في أسباب نزول آي القرآن الكريم»	سليم بن عيد الهلالي (و) محمد بن موسى آل نصر	Sham19Y	14582	0.52009
		التمييز لمسلم	مسلم بن الحجاج أبو الحسن القشيري النيسابوري (المتوفى: 261هـ)	ShamAY	6048	0.52008
		السنن الواردة في الفتن وغوائلها والساعة وأشراطها	عثمان بن سعيد بن عثمان بن عمر أبو عمرو الداني (المتوفى: 444هـ)	ShamAY	13034	0.52008
		الفوائد الحسان الغرائب وفيه حديث الرقيم لابن الجندي - مخطوط		ShamAY	32763	0.52002
		ذم البغي لابن أبي الدنيا - ط أطلس الخضراء = مقابل	أبو بكر عبد الله بن محمد ابن أبي الدنيا	ShamAY	38097	0.51998
		تراثنا ـ العدد [ 26 ]	مؤسسة آل البيت عليهم السلام لإحياء التراث ـ قم	Rafed	2764	0.51994
		عمدة الرعاية بتحشية شرح الوقاية	الإمام محمد عبد الحي اللكنوي (ت1304هـ)	ShamAY	33182	0.51982
		الأوائل لأبي عروبة الحراني	أبو عروبة الحسين بن محمد بن أبي معشر مودود السلمي الجزري الحراني (المتوفى: 318ه)	Sham19Y	5744	0.51975
		وسائل الشيعة [ج ١٥]	محمد بن الحسن الحرّ العاملي [ العلامة الشيخ حرّ العاملي ]	Rafed	307	0.51974
		المراجعات	عبدالحسين شرف الدين	Ghbook	2	0.51972
		التاريخ الأوسط - ط الرشد	أبو عبد الله محمد بن إسماعيل البخاري	ShamAY	34588	0.51966
		الجمعة للنسائي	أبو عبد الرحمن أحمد بن شعيب بن علي الخراساني، النسائي (المتوفى: 303هـ)	ShamAY	21577	0.51965
		 حج الأنبياء والأئمة ( ع ) 	 معاونية شؤون التعليم والبحوث الإسلامية في الحج 	ABLibrary	9769	0.51963
		الف حديث في مومن	هادي نجفي	Ghbook	12933	0.51958
		اغتيال الخليفه ابي بكر و عائشه 	نجاح الطائي	Ghbook	7520	0.51957
		قتلى القرآن للثعلبي	أبو إسحاق الثعلبي (427 هـ)	ShamAY	33631	0.51943
		 تخريج الدلالات السمعية 	 علي بن محمد ابن سعود الخزاعي 	ABLibrary	7465	0.51931
		جزء محمد بن يحيى الذهلي	محمد بن يحيى بن عبد الله الذهلي، مولاهم، النيسابورى، أبو عبد الله (المتوفى: 258ه)	ShamelaY19	30368	0.51928
		إرواء الغليل في تخريج أحاديث منار السبيل	ناصر الدين الألباني	ShamelaY19	22592	0.51925
		 أعيان الشيعة 	 السيد محسن الأمين 	ABLibrary	74	0.51921
		إعلام السائلين عن كتب سيد المرسلين لابن طولون	شمس الدين محمد بن علي بن خمارويه بن طولون الدمشقي الصالحي الحنفي (المتوفى: 953هـ)	ShamAY	9701	0.51917
		ذم المسكر لابن أبي الدنيا	أبو بكر عبد الله بن محمد بن عبيد بن سفيان بن قيس البغدادي الأموي القرشي المعروف بابن أبي الدنيا (المتوفى: 281هـ)	ShamAY	13117	0.51916
		مجلس الجهر للجوهري - اختصار الذهبي	أبو محمد الحسن بن علي بن محمد بن الحسن الجوهري (454 هـ)	ShamAY	33587	0.51915
		الكامل في اللغة والأدب	محمد بن يزيد المبرد، أبو العباس (المتوفى: 285ه)	Sham19Y	8505	0.51915
		الإرشاد في معرفة حجج الله على العباد [ج ٢]	محمّد بن محمّد النعمان العكبري [ الشيخ المفيد ]	Rafed	429	0.51914
		شرح صحيح ابن خزيمة - الراجحي	عبد العزيز بن عبد الله بن عبد الرحمن الراجحي	ShamAY	108	0.5191
		صيانة صحيح مسلم من الإخلال والغلط وحمايته من الإسقاط والسقط	عثمان بن عبد الرحمن، أبو عمرو، تقي الدين المعروف بابن الصلاح (المتوفى: 643هـ)	ShamAY	6016	0.51909
		اليقين في اختصاص مولانا علي(ع) بإمرة المؤمنين‏	السيد علي بن موسى بن طاووس	Masaha	2866	0.51909
		جامع الصحيحين بحذف المعاد والطرق	أبو نعيم الحداد عبيد الله بن الحسن بن أحمد الأصبهاني (517 هـ)	ShamAY	34005	0.51908
		وسائل الشيعة [ج ١٢]	محمد بن الحسن الحرّ العاملي [ العلامة الشيخ حرّ العاملي ]	Rafed	304	0.51908
		جامع احاديث الشيعة	آيت الله العظمي سيد حسين طباطبايي بروجردي	Ghbook	10135	0.51907
		الكامل في اللغة والأدب	محمد بن يزيد المبرد، أبو العباس (المتوفى: 285هـ)	ShamAY	8505	0.51906
		ذم اللواط للهيثم بن خلف الدوري	أبو محمد الهيثم بن خلف الدوري	ShamAY	35245	0.51902
		من حديث الحافظ أبي طاهر السلفي عن بعض الأبهريين (أو: رحلة الحافظ أبي طاهر السلفي إلى مدينة أبهر)	صدر الدين، أبو طاهر السلفي أحمد بن محمد بن أحمد بن محمد بن إبراهيم سلفه الأصبهاني (المتوفى: 576ه)	ShamelaY19	27087	0.51901
		الفخري في انساب الطالبيين	عز الدين قاضي مروزي ازوارقاني	Ghbook	9986	0.51887
		إحقاق الحقّ وإزهاق الباطل [ج ٢٢]	آية الله السيّد شهاب الدين الحسيني المرعشي النجفي	Rafed	2763	0.51882
		فهرسة اللبلي	شهاب الدين أحْمَد بن يُوسُف بن على بن يُوسُف اللَّبْلِيُّ أَبُو جَعْفَر الفهرى المقرى اللغوى المالكى (المتوفى: 691هـ)	ShamAY	10731	0.5188
		الطهور للقاسم بن سلام	أبو عبيد القاسم بن سلام بن عبد الله الهروي البغدادي (المتوفى: 224ه)	Sham19Y	262	0.51878
		فِقْهُ أَهْلِ العِرَاقِ وحَدِيثُهُم	محمد زاهد الكوثري	ShamAY	37573	0.51877
		السنن الواردة في الفتن وغوائلها والساعة وأشراطها	عثمان بن سعيد بن عثمان بن عمر أبو عمرو الداني (المتوفى: 444ه)	Sham19Y	13034	0.51877
		 سلسلة المسائل الفقهية 	 الشيخ السبحاني 	ABLibrary	9570	0.51872
		حديث أبي بكر بن خلاد النصيبي	أبو بكر أحمد بن يوسف بن خلاد بن منصور النصيبي ثم البغدادي العطار (المتوفى: 359ه)	ShamelaY19	29897	0.51869
		حول المسح علي الرجلين و السجود علي الارض	خليفه عبيد كلباني عماني	Ghbook	7637	0.51869
		الجزء الأول والثاني من مسند أنس بن مالك للحنيني	أبو جعفر محمد بن الحسين بن موسى الحنيني	ShamAY	33698	0.51852
		جزء ابن ثرثال (ضمن مجموع مطبوع باسم الفوائد لابن منده!)	أَبُو الحَسَنِ أَحْمَدُ بنُ عَبْدِ العَزِيْزِ بنِ أَحْمَدَ بنِ حَامِدِ بنِ مَحْمُوْدِ بنِ ثَرْثَالٍ التَّيْمِيُّ (المتوفى: 408هـ)	ShamAY	12852	0.51835
		معجم البلدان	شهاب الدين أبو عبد الله ياقوت بن عبد الله الرومي الحموي (المتوفى: 626ه)	Sham19Y	23735	0.51831
		خلق أفعال العباد للبخاري	محمد بن إسماعيل بن إبراهيم بن المغيرة البخاري، أبو عبد الله (المتوفى: 256هـ)	ShamAY	9697	0.51825
		عَرْف الطيب من أخبار مكة ومدينة الحبيب	ابن العاقولي	ShamAY	38418	0.51814
		الزهور المقتطفة من تاريخ مكة المشرفة	محمد بن أحمد الفاسي	Masaha	4654	0.5181
		تراثنا ـ العدد [ 24 ]	مؤسسة آل البيت عليهم السلام لإحياء التراث ـ قم	Rafed	2744	0.5181
		رفْعُ الالْتِبَاس عَنْ تَنَازُعِ الوَصِي وَالْعَبَّاس	الواحدي :: الصنعاني	ShamAY	33200	0.51795
		تخريج الدلالات السمعية على ما كان في عهد رسول الله من الحرف والصنائع والعمالات الشرعية	علي بن محمد بن أحمد بن موسى ابن مسعود، أبو الحسن ابن ذي الوزارتين، الخزاعي (المتوفى: 789هـ)	ShamAY	9790	0.51792
		الاستيعاب في بيان الأسباب «أول موسوعة علمية حديثية محققة في أسباب نزول آي القرآن الكريم»	سليم بن عيد الهلالي (و) محمد بن موسى آل نصر	ShamAY	32141	0.51791
		التوكل	القاضي أبو يعلى، محمد بن الحسين بن محمد بن خلف المعروف بـ ابن الفراء (المتوفى: 458 هـ)	ShamAY	32487	0.51784
		وسائل الشيعة [ج ١٩]	محمد بن الحسن الحرّ العاملي [ العلامة الشيخ حرّ العاملي ]	Rafed	320	0.51776
		تراثنا ـ العدد [ 20 ]	مؤسسة آل البيت عليهم السلام لإحياء التراث ـ قم	Rafed	2740	0.51774
		جزء فيه أحاديث أبي عبد الله بن محمد بن جعفر بن حيان المعروف بأبي الشيخ الأصبهاني	أَبُو بَكْرٍ أَحْمَدُ بنُ مُحَمَّدِ ابنِ الحَافِظ الكَبِيْر أَبِي بَكْرٍ أَحْمَدَ بنِ مُوْسَى بن مَرْدَوَيْه بن فُورَك بن مُوْسَى الأَصْبَهَانِيّ (المتوفى: 498هـ)	ShamAY	33701	0.51773
		جزء فيه أحاديث الحسن بن موسى الأشيب	أبو علي الحسن بن موسى الأَشيَب البغدادي، القاضي (المتوفى: 209هـ)	ShamAY	25783	0.51771
		سيرة الصحابي الجليل مصعب بن عمير - رضي الله عنه -	عدنان بن سليمان بن مسعد الجابري	Sham19Y	13553	0.5177
		تهذيب الأحكام [ج ٣]	أبي جعفر محمّد بن الحسن بن علي بن الحسن الطّوسي [ شيخ الطائفة ]	Rafed	734	0.51765
		الإقناع في القراءات السبع	أحمد بن علي بن أحمد بن خلف الأنصاري الغرناطي، أبو جعفر، المعروف بابن البَاذِش (المتوفى: 540هـ)	ShamAY	10017	0.51758
		إرواء الغليل في تخريج أحاديث منار السبيل	محمد ناصر الدين الألباني (المتوفى : 1420هـ)	ShamAY	22592	0.51756
		إعلام الموقعين عن رب العالمين - ت: طه عبد الرؤوف	محمد بن أبي بكر بن أيوب بن سعد شمس الدين ابن قيم الجوزية (المتوفى : 751هـ)	ShamAY	34411	0.51753
		البسط المبثوث بخبر البرغوث	الواحدي :: ابن حجر العسقلاني	ShamAY	34290	0.51747
		أمالي ابن منده- رواية ابن حيويه	يحيى بن عبد الوهاب بن محمد ابن إسحاق بن محمد بن يحيى العبدي الأصبهاني، أبو زكريا، ابن منده (المتوفى: 511هـ)	ShamAY	30027	0.51739
		من فوائد أبي عبد الله محمد بن يعقوب الديباجي - مخطوط		ShamAY	32822	0.51739
		تراثنا ـ العدد [ 12 ]	مؤسسة آل البيت عليهم السلام لإحياء التراث ـ قم	Rafed	2722	0.51737
		الإعجاز والإيجاز	عبد الملك بن محمد بن إسماعيل أبو منصور الثعالبي (المتوفى: 429ه)	ShamelaY19	23741	0.51734
		السادس من مشيخة ابن حيويه	محمد بن العباس بن محمد بن زكرياء، أبو عمر ابن حيويه الخزاز (المتوفى: 382ه)	ShamelaY19	29958	0.5173
		الحديث المقلوب تعريفه، وفوائده، وحكمه، والمصنفات فيه	د. محمد بن عمر بن سالم بازمول	ShamAY	37301	0.51724
		مجموعة رسائل بان أبي الدنيا كتاب التوكل على الله	أبو بكر عبد الله بن محمد بن عبيد بن سفيان بن قيس البغدادي الأموي القرشي المعروف بابن أبي الدنيا (المتوفى: 281ه)	Sham19Y	8254	0.51722
		 دراسة حول نهج البلاغة 	 محمد حسين الحسيني الجلالي 	ABLibrary	981	0.51715
		مستدرك الوسائل و مستنبط المسائل - الجزء1	المحدث الشيخ حسين النوري	Masaha	1604	0.51711
		الأربعون حديثا عن سبعة أشياخ لابن صرما - مخطوط	أبو العباس أحمد بن يوسف بن محمد بن أحمد بن إبراهيم بن صرما الدقاق الحنبلي	ShamAY	32837	0.51696
		كتاب "بداية المجتهد وكفاية المقتصد" لابن رشد ودوره في تربية ملكة الاجتهادـ)	محمد بولوز	ShamAY	34805	0.51694
		الطبقات السنية في تراجم الحنفية	تقي الدين بن عبد القادر التميمي الداري الغزي (المتوفى: 1010هـ)	ShamAY	322	0.51688
		التشريف بالمنن في التعريف بالفتن‏	السيد علي بن موسى بن طاووس	Masaha	1922	0.51687
		حديث بشر بن مطر	بشر بن مطر بن ثابت أبو أحمد الدقاق الواسطي (المتوفى: 262ه)	ShamelaY19	29709	0.51679
		الإمام أحمد بن حنبل الشيباني ومسنده	أحمد بن عبدالرحمن بن سليمان الصويان	ShamAY	37336	0.51671
		فتح القدير [ج ٦]	محمد بن علي بن محمد الشوكاني	Rafed	3968	0.51669
		الإعجاز والإيجاز	عبد الملك بن محمد بن إسماعيل أبو منصور الثعالبي (المتوفى: 429ه)	Sham19Y	23741	0.51664
		الأحاديث الضعيفة والموضوعة التي حكم عليها الحافظ ابن كثير في تفسيره	أبو عبد الرحمن محمود بن محمد الملاح	ShamAY	32009	0.51635
		معجم البلدان	شهاب الدين أبو عبد الله ياقوت بن عبد الله الرومي الحموي (المتوفى: 626هـ)	ShamAY	23735	0.51634
		تراثنا ـ العددان [ 66 و 67 ]	مؤسسة آل البيت عليهم السلام لإحياء التراث ـ قم	Rafed	3298	0.51633
		الإلحاد الخميني في أرض الحرمين	أَبِو عَبد الرَّحمَن مُقْبلُ بنُ هَادِي بنِ مُقْبِلِ بنِ قَائِدَةَ (اسم رجل) الهَمْدَاني الوادعِيُّ (المتوفى: 1422هـ)	ShamAY	2042	0.51625
		أمثال الحديث لأبي الشيخ الأصبهاني	أبو محمد عبد الله بن محمد بن جعفر بن حيان الأنصاري المعروف بأبِي الشيخ الأصبهاني (المتوفى: 369هـ)	ShamAY	13082	0.51613
		إحقاق الحقّ وإزهاق الباطل [ج ٣]	السيّد نور الله الحسيني المرعشي التستري	Rafed	2707	0.51612
		جزء في ذم المكس	السيوطي	ShamAY	35239	0.5161
		شبهات و ردود	سامي بدري	Ghbook	6664	0.51594
		المنتقى من السنن المسندة عن رسول الله صلى الله عليه وسلم	أبو محمد عبد الله بن علي بن الجارود النيسابوري	ShamAY	33903	0.51589
		 حسن المحاضرة في أخبار مصر والقاهرة 	 جلال الدين السيوطي 	ABLibrary	9035	0.51588
		جزء فيه أحاديث أبي عبد الله بن محمد بن جعفر بن حيان المعروف بأبي الشيخ الأصبهاني	أَبُو بَكْرٍ أَحْمَدُ بنُ مُحَمَّدِ ابنِ الحَافِظ الكَبِيْر أَبِي بَكْرٍ أَحْمَدَ بنِ مُوْسَى بن مَرْدَوَيْه بن فُورَك بن مُوْسَى الأَصْبَهَانِيّ (المتوفى: 498هـ)	ShamAY	13105	0.51587
		سيرة الصحابي الجليل مصعب بن عمير - رضي الله عنه -	عدنان بن سليمان بن مسعد الجابري	ShamAY	31923	0.51579
		الإستبصار [ج ٤]	أبي جعفر محمّد بن الحسن بن علي بن الحسن الطّوسي [ شيخ الطائفة ]	Rafed	1321	0.51579
		اللفظ المكرم بفضل عاشوراء المحرم	ابن ناصر الدين الدمشقي	ShamAY	35238	0.51573
		حديث الثقلين تواتره ـ فقهه	السيّد علي الحسيني الميلاني	Rafed	193	0.51572
		مأخذ العلم لابن فارس	أحمد بن فارس بن زكرياء القزويني الرازي، أبو الحسين (المتوفى: 395هـ)	ShamAY	26675	0.51571
		فضل ثغر الإسكندرية للسيوطي - مخطوط (ن)	عبد الرحمن بن أبي بكر، جلال الدين السيوطي (المتوفى: 911ه)	Sham19Y	11797	0.51564
		من حديث أبي ذوالة وغيره للحسين بن إدريس الأنصاري - مخطوط	أبو علي الحسين بن إدريس الأنصاري	ShamAY	32810	0.51559
		معجم البلدان [ج ٣]	شهاب الدين أبي عبدالله ياقوت بن عبدالله الحموي الرومي البغدادي	Rafed	3110	0.51557
		المجتبى (المعروف بالسنن الصغرى) للنسائي - ط التأصيل	أبو عبد الرحمن أحمد بن شعيب النسائي	ShamAY	33998	0.51554
		بحار الأنوار [ج ٤٦]	الشيخ محمّد باقر بن محمّد تقي المجلسي	Rafed	979	0.51552
		سنن النسائي بشرح السيوطي وحاشية السندي	أبو عبد الرحمن أحمد بن شعيب النسائي	ShamAY	33910	0.51547
		الآثار المروية في الأطعمة السرية لابن بشكوال	أبو القاسم خلف بن عبد الملك بن مسعود بن بشكوال الخزرجي الأنصاري الأندلسي (المتوفى: 578ه)	ShamelaY19	26426	0.51545
		معجم البلدان - الجزء1	ياقوت الحموي	Masaha	2942	0.51544
		رحلة ابن بطوطة [ج ٥]	شمس الدين أبي عبد الله محمد بن عبد الله اللواتي الطنجي	Rafed	2362	0.51533
		الزهد لابن أبي عاصم - ط السلفية (مقابل)	أبو بكر أحمد بن عمرو بن أبي عاصم الضحاك بن مخلد الشيباني	ShamAY	33762	0.51531
		التحقيق العجيب في التثويب	الإمام محمد عبد الحي اللكنوي (ت1304هـ)	ShamAY	36005	0.51524
		جزء من حديث الأوزاعي لابن حذلم	الإمام الحافظ أبو الحسن أحمد بن سليمان بن أيوب بن عبد الله بن حذلم (المتوفى: 347 هـ)	ShamAY	12515	0.51517
		عجالة الإملاء المتيسرة من التذنيب	إبراهيم بن محمد بن محمود بن بدر، برهان الدين، أبو إسحاق الحلبي القبيباتي الشافعي الناجي (المتوفى: 900ه)	Sham19Y	97928	0.51511
		آداب الصحبة لأبي عبد الرحمن السلمي	محمد بن الحسين بن محمد بن موسى بن خالد بن سالم النيسابوري، أبو عبد الرحمن السلمي (المتوفى: 412هـ)	ShamAY	12982	0.51492
		صحيح وضعيف سنن أبي داود	محمد ناصر الدين الألباني (المتوفى: 1420هـ)	ShamAY	1755	0.51491
		تفسير الصراط المستقيم	آيت الله العظمي سيد حسين طباطبايي بروجردي	Ghbook	10769	0.51482
		الشمائل المحمدية للترمذي - ط الصديق	أبو عيسى محمد بن عيسى بن سورة الترمذي	ShamAY	38142	0.51478
		معجم البلدان	شهاب الدين أبو عبد الله ياقوت بن عبد الله الرومي الحموي (المتوفى: 626ه)	ShamelaY19	23735	0.51471
		حديث أبي جعفر الطحاوي	أبو جعفر أحمد بن محمد بن سلامة بن عبد الملك بن سلمة الأزدي الحجري المصري المعروف بالطحاوي (المتوفى: 321ه)	Sham19Y	30526	0.51467
		كتاب الصلاة لابن حبان	أبو حاتم محمد بن حبان البستي	ShamAY	38116	0.51462
		إيضاح المكنون في الذيل على كشف الظنون	إسماعيل بن محمد أمين بن مير سليم الباباني البغدادي (المتوفى: 1399هـ)	ShamAY	851	0.51459
		الحجة الغراء على شهادة الزهراء(ع)	الشيخ جعفر السبحاني	Masaha	228	0.51459
		وضوء عبد الله بن عباس	السيد علي الشهرستاني	Rafed	1355	0.51456
		الخطب والمواعظ لأبي عبيد	أبو عُبيد القاسم بن سلاّم بن عبد الله الهروي البغدادي (المتوفى: 224هـ)	ShamAY	1328	0.51454
		نفح العبير	أبو محمد عبد الله بن مانع بن غلاب الغبيوي الروقي العتيبي	ShamAY	32117	0.51451
		تفسير القرآن العظيم [ج ٤]	عبد الرحمن بن محمّد ابن إدريس الرازي ابن أبي حاتم	Rafed	1829	0.51448
		وضوء النبي [ج ٢]	السيد علي الشهرستاني	Rafed	1871	0.51442
		نظرة في كتاب البداية والنهاية	العلامة الأميني	Rafed	3617	0.51438
		الأحكام والْمَسائل الْمُتعلقة بِالْجُمعة	يحي الحجوري	ShamAY	36479	0.51437
		وسائل الشيعة [ج ١٠]	محمد بن الحسن الحرّ العاملي [ العلامة الشيخ حرّ العاملي ]	Rafed	302	0.51431
		 مسند الإمام الصادق ( ع ) 	 الشيخ عزيز الله عطاردي 	ABLibrary	7727	0.51426
		كتاب فيه أربعون حديثا من مسند بريد بن عبد الله بن أبي بردة عن جده عن أبي موسى الأشعري رضي الله عنه	أبو الحسن علي بن عمر بن أحمد بن مهدي بن مسعود بن النعمان بن دينار البغدادي الدارقطني (المتوفى: 385ه)	Sham19Y	26441	0.51424
		المؤلفات الفقهية في نجد .. قبل نهاية القرن الثاني عشر الهجري	منصور بن عبد العزيز الرشيد	ShamAY	37615	0.51404
		 العوالم ، الإمام محمد الباقر ( ع ) 	 الشيخ عبد الله البحراني 	ABLibrary	7616	0.51399
		طبقات الشافعية للإسنوي	عبد الرحيم بن الحسن بن علي الإسنوي الشافعيّ، أبو محمد، جمال الدين (المتوفى: 772هـ)	ShamAY	34637	0.51397
		سنن الدارمي - ت زمرلي والعلمي	عبد الله بن عبد الرحمن أبو محمد الدارمي	ShamAY	33928	0.51391
		فضل أبي بكر الصديق رضي الله عنه	تقي الدين أبو العَباس أحمد بن عبد الحليم بن عبد السلام بن عبد الله بن أبي القاسم بن محمد ابن تيمية الحراني الحنبلي الدمشقي (المتوفى: 728هـ)	ShamAY	22808	0.51391
		الأصول من الكافي - الجزء1	ثقة الإسلام أبي جعفر الكليني	Masaha	1	0.51389
		عجَالة الإملاءِ المتَيسرةِ من التذنيب	إبراهيم بن محمد بن محمود بن بدر، برهان الدين، أبو إسحاق الحلبي القبيباتي الشافعيّ الناجي (المتوفى: 900هـ)	ShamAY	31584	0.51388
		إحقاق الحقّ وإزهاق الباطل [ج ٧]	السيّد نور الله الحسيني المرعشي التستري	Rafed	2724	0.51384
		معجزات النبي - صلى الله عليه وسلم - (من كتاب البداية والنهاية لابن كثير)	أبو الفداء إسماعيل بن عمر بن كثير القرشي البصري ثم الدمشقي (المتوفى: 774هـ)	ShamAY	23678	0.51382
		وسائل الشّيعة [ج ٢٤]	محمد بن الحسن الحرّ العاملي [ العلامة الشيخ حرّ العاملي ]	Rafed	341	0.51382
		تفسير القرآن العظيم لابن أبي حاتم	أبو محمد عبد الرحمن بن محمد بن إدريس بن المنذر التميمي، الحنظلي، الرازي ابن أبي حاتم (المتوفى: 327هـ)	ShamAY	8658	0.51381
		الفوائد المجموعة في الأحاديث الموضوعة	محمد بن علي بن محمد الشوكاني (المتوفى: 1250هـ)	ShamAY	2671	0.5138
		اختيارمعرفة الرجال - الجزء1	الشيخ الطوسي	Masaha	524	0.5138
		مثير العزم الساكن إلى أشرف الأماكن ط الراية	جمال الدين أبو الفرج عبد الرحمن بن علي بن محمد الجوزي (المتوفى: 597هـ)	ShamAY	26674	0.51374
		 بحار الأنوار 	 العلامة المجلسي 	ABLibrary	745	0.5137
		أحاديث أبي عبد الله الرازي	ابن الحطاب أبو عبد الله الرازي، محمد بن أحمد بن إبراهيم (المتوفى: 525هـ)	ShamAY	29726	0.51369
		المجتبى من السنن = السنن الصغرى للنسائي	أبو عبد الرحمن أحمد بن شعيب بن علي الخراساني، النسائي (المتوفى: 303هـ)	ShamAY	829	0.51359
		فضائل شهر رجب	الحاكم الحسكاني	Masaha	1036	0.51356
		الجامع لعلوم الإمام أحمد - الأدب والزهد	خالد الرباط، سيد عزت عيد [بمشاركة الباحثين بدار الفلاح]	ShamAY	38869	0.51355
		الاختصاص	الشيخ المفيد	Masaha	537	0.51353
		الأربعون في دلائل التوحيد	أبو إسماعيل عبد الله بن محمد الأنصاري الهروي (المتوفى: 481هـ)	ShamAY	6410	0.51351
		معجزات النبي - صلى الله عليه وسلم - (من كتاب البداية والنهاية لابن كثير)	أبو الفداء إسماعيل بن عمر بن كثير القرشي البصري ثم الدمشقي (المتوفى: 774ه)	ShamelaY19	23678	0.51346
		الأوائل لأبي عروبة الحراني	أبو عروبة الحسين بن محمد بن أبي معشر مودود السُّلَمي الجَزَري الحرَّاني (المتوفى: 318هـ)	ShamAY	5744	0.51346
		معجزات النبي - صلى الله عليه وسلم - (من كتاب البداية والنهاية لابن كثير)	أبو الفداء إسماعيل بن عمر بن كثير القرشي البصري ثم الدمشقي (المتوفى: 774ه)	Sham19Y	23678	0.51346
		فضائل اهل البيت عليهم السلام بين تحريف المدونين وتناقض مناهج المحدثين	وسام البلداوي	Ghbook	12286	0.51345
		ضوابط الجرح والتعديل مع دراسة تحليلية لترجمة إسرائيل بن يونس	عبد العزيز بن محمد آل عبد اللطيف	ShamAY	37316	0.5134
		مثير الأحزان‏	ابن نما الحلي‏	Masaha	2853	0.51338
		مطالع الأنوار على صحاح الآثار	إبراهيم بن يوسف بن أدهم الوهراني الحمزي، أبو إسحاق ابن قرقول (المتوفى: 569هـ)	ShamAY	31713	0.51336
		موسوعة الإمام الجواد(ع) - الجزء1	الشيخ أبو القاسم الخزعلي‏	Masaha	3286	0.51336
		القمقام الزخار والصمصام البتار	فرهاد ميرزا قاجار	Ghbook	12701	0.51329
		تفسير القرآن العظيم [ج ١]	أبي الفداء اسماعيل بن عمر ابن كثير الدمشقي	Rafed	3407	0.51327
		 مسند الإمام الصادق ( ع ) 	 الشيخ عزيز الله عطاردي 	ABLibrary	7718	0.51321
		 موسوعة كربلاء 	 لبيب بيضون 	ABLibrary	7864	0.5132
		الإعجاز والإيجاز	عبد الملك بن محمد بن إسماعيل أبو منصور الثعالبي (المتوفى: 429هـ)	ShamAY	23741	0.5131
		الإكتفا [ج ١]	أبي الربيع سليمان بن موسى بن سالم الحميري الكلاعي الأندلسي	Rafed	2513	0.51309
		مسند أبي يعلى الموصلي	أبو يعلى أحمد بن علي بن المثُنى بن يحيى بن عيسى بن هلال التميمي، الموصلي (المتوفى: 307هـ)	ShamAY	31634	0.51307
		مجلس آخر من المجموع، ومن حديث أويس القرني، وحديث هامة بن الهيم بن لاقيس- مخطوط	المقدسي، أحمد بن عبد الواحد	ShamAY	32791	0.51299
		العناية بالقرآن الكريم وعلومه من بداية القرن الرابع الهجري إلى عصرنا الحاضر	د. نبيل بن محمد آل إسماعيل	ShamAY	8517	0.51297
		 موسوعة التاريخ الإسلامي 	 الشيخ محمد هادي اليوسفي الغروي 	ABLibrary	7854	0.51296
		الفوائد المجموعة في الأحاديث الموضوعة	محمد بن علي بن محمد الشوكاني (المتوفى: 1250ه)	Sham19Y	2671	0.51294
		أمالي أبي بكر النجاد	أبو بكر النجاد، أحمد بن سلمان بن الحسن بن إسرائيل بن يونس البغدادي (المتوفى: 348هـ)	ShamAY	29721	0.51292
		الوجيز المفيد في تبيان أسباب ونتائج قتل عثمان بن عفان	مصطفى يونس الراقي الفاخري	ShamAY	2034	0.51278
		إعلام النبلاء بتاريخ حلب الشهباء [ج ١]	محمد راغب بن محمود بن هاشم الطبّاخ الحلبي	Rafed	2341	0.51277
		حديث أبي عبد الله الأنصاري	أبو عبد الله محمد بن زيد الأنصاري (المتوفى: 377ه)	ShamelaY19	29714	0.51272
		بناء المقالة الفاطميّة في نقض الرّسالة العثمانيّة	السيد جمال الدين أحمد بن موسى بن طاووس	Rafed	556	0.51254
		مرآة العقول [ج ٢١]	الشيخ محمّد باقر بن محمّد تقي المجلسي	Rafed	1074	0.51253
		جزء فيه حكايات عن الشافعي وغيره للآجري	الواحدي :: الآجري	ShamAY	33643	0.51251
		ما وضح واستبان في فضائل شهر شعبان	أبو الخطاب عمر بن حسن الأندلسي الشهير بابن دحية الكلبي (المتوفى: 633هـ)	ShamAY	9593	0.51243
		معجم المطبوعات العربية والمعربة	يوسف بن إليان بن موسى سركيس (المتوفى: 1351هـ)	ShamAY	1242	0.51241
		كتاب فيه أربعون حديثا من مسند بريد بن عبد الله بن أبي بردة عن جده عن أبي موسى الأشعري رضي الله عنه	أبو الحسن علي بن عمر بن أحمد بن مهدي بن مسعود بن النعمان بن دينار البغدادي الدارقطني (المتوفى: 385ه)	ShamelaY19	26441	0.51238
		 مسند الإمام الصادق ( ع ) 	 الشيخ عزيز الله عطاردي 	ABLibrary	7730	0.51237
		الحجة على أهل المدينة	أبو عبد الله محمد بن الحسن بن فرقد الشيباني (المتوفى: 189هـ)	ShamAY	6161	0.51234
		الطهور للقاسم بن سلام	أبو عُبيد القاسم بن سلاّم بن عبد الله الهروي البغدادي (المتوفى: 224هـ)	ShamAY	262	0.51232
		تاريخ الأندلس من الفتح حتّى السقوط	إسماعيل بن إبراهيم بن أمير المؤمنين	Rafed	2220	0.51232
		الآداب والأحكام المتعلقة بدخول الحمام	أبو الفداء إسماعيل بن عمر بن كثير القرشي البصري ثم الدمشقي (المتوفى: 774هـ)	ShamAY	6244	0.51225
		المحرّر الوجيز في تفسير الكتاب العزيز [ج ٦]	أبي محمّد عبدالحقّ بن غالب بن عطيّة الأندلسي	Rafed	3303	0.51224
		الفروق على مذهب الإمام أحمد بن حنبل	معظم الدين أبو عبد الله السامري (535 - 616 ه)	ShamelaY19	18562	0.51221
		الأول والثاني من الفوائد المنتقاة من حديث الإخميمي انتقاء عبد الغني بن سعيد الأزدي - مخطوط	أبو الحسن محمد بن أحمد بن العباس الإخميمي	ShamAY	32839	0.51219
		أخبار أبي حنيفة وأصحابه	الحسين بن علي بن محمد بن جعفر، أبو عبد الله الصَّيْمَري الحنفي (المتوفى: 436هـ)	ShamAY	6651	0.51219
		مسند أبي يعلى الموصلي	أبو يعلى أحمد بن علي بن المثنى بن يحيى بن عيسى بن هلال التميمي، الموصلي (المتوفى: 307ه)	Sham19Y	12520	0.51214
		أحاديث القراءة الواردة في صلاتي الظهر والعصر	إبراهيم بن علي بن عبيد العبيد	ShamAY	12171	0.51209
		تفسير القرآن العظيم (ابن كثير)	أبو الفداء إسماعيل بن عمر بن كثير القرشي البصري ثم الدمشقي (المتوفى: 774ه)	ShamelaY19	23604	0.51208
		الغدير في الكتاب والسنّة والأدب [ج ٢]	الشيخ عبد الحسين أحمد الأميني النجفي	Rafed	2000	0.51205
		وقعه صفين	نصر بن مزاحم منقري	Ghbook	2623	0.51196
		مباني الخلافة والسياسة الدينية وغاياتها	الشيخ المقري محمد طيب بن الحافظ محمد أحمد القاسمي الديوبندي النانتوي الصديقي (المتوفى: 1403هـ)	ShamAY	34343	0.51194
		الرسول القائد	محمود شيت خطاب (المتوفى: 1419هـ)	ShamAY	9824	0.51185
		شذرات من كتب مفقودة في التاريخ	استخرجها وحققها الدكتور إحسان عباس (المتوفى: 1424هـ)	ShamAY	1023	0.51185
		الأربعون الودعانية لابن ودعان - مخطوط (ن)	محمد بن علي بن عبيد الله بن أحمد بن صالح بن سليمان بن ودعان الموصلي، أبو نصر (المتوفى: 494هـ)	ShamAY	12882	0.51184
		منهج الإمام البخاري	أبو بكر كافي	Sham19Y	16232	0.51173
		فضائل القرآن للبجيري، وهو: جزء من مستخرجه على صحيح الإمام البخاري	أبو حفص عمر بن محمد بن بجير البجيري (311 هـ)	ShamAY	33630	0.51168
		أحاديث يحتج بها الشيعة	عبد الرحمن محمد سعيد دمشقية	ShamAY	35281	0.51166
		إحقاق الحقّ وإزهاق الباطل [ج ٣١]	آية الله السيّد شهاب الدين الحسيني المرعشي النجفي	Rafed	2812	0.51166
		وسائل الشيعة [ج ٢٥]	محمد بن الحسن الحرّ العاملي [ العلامة الشيخ حرّ العاملي ]	Rafed	342	0.51163
		مسند الشافعي	الشافعي أبو عبد الله محمد بن إدريس بن العباس بن عثمان بن شافع بن عبد المطلب بن عبد مناف المطلبي القرشي المكي (المتوفى: 204هـ)	ShamAY	2075	0.51161
		التتمة في تواريخ الأئمة(ع)	السيد تاج الدين الحسيني العاملي‏	Masaha	1921	0.51161
		شرح طيبة النشر في القراءات العشر	محمد بن محمد بن محمد، أبو القاسم، محب الدين النُّوَيْري (المتوفى: 857هـ)	ShamAY	1527	0.51158
		منهج الإمام البخاري في تصحيح الأحاديث وتعليلها ( من خلال الجامع الصحيح )	أبو بكر كافي	ShamAY	16232	0.51157
		أمالي المحاملي رواية ابن الصلت	أبو عبد الله البغدادي الحسين بن إسماعيل بن محمد بن إسماعيل بن سعيد بن أبان الضبي المحاملي (المتوفى: 330هـ)	ShamAY	77	0.5115
		الأوسط من السنن والإجماع والاختلاف	أبو بكر محمد بن إبراهيم بن المنذر النيسابوري (المتوفى: 319هـ)	ShamAY	34282	0.51145
		فضل ثغر الإسكندرية للسيوطي - مخطوط (ن)	عبد الرحمن بن أبي بكر، جلال الدين السيوطي (المتوفى: 911هـ)	ShamAY	11797	0.51142
		تفسير القرآن العظيم [ج ١]	عبد الرحمن بن محمّد ابن إدريس الرازي ابن أبي حاتم	Rafed	1817	0.51142
		وصايا الملوك وأبناء الملوك من ولد قحطان بن هود	دعبل بن علي الخزاعي الشاعر المشهور (المتوفى: 246هـ)	ShamAY	741	0.51137
		إمداد السقاة بدلو الرواة = إخبار المنتوى بحقيقة من روى	عمر الحدوشي	ShamAY	35213	0.51133
		تراثنا ـ العدد [ 17 ]	مؤسسة آل البيت عليهم السلام لإحياء التراث ـ قم	Rafed	2737	0.51132
		فضائل بيت المقدس لابن المرجى المقدسي	أبو المعالي المشرف بن المرجى بن إبراهيم المقدسي (492 هـ)	ShamAY	33632	0.51122
		اليقين لابن أبي الدنيا	أبو بكر عبد الله بن محمد بن عبيد بن سفيان بن قيس البغدادي الأموي القرشي المعروف بابن أبي الدنيا (المتوفى: 281هـ)	ShamAY	8220	0.51121
		حقبة من التاريخ	عثمان بن محمد الخميس	ShamAY	33826	0.51121
		الفوائد الذهبية من سير أعلام النبلاء جـ 2	فهد بن عبد الرحمن العثمان	ShamAY	32109	0.51119
		أدوار الفقه الإمامي‌	الشيخ جعفر السبحاني	Masaha	3486	0.51118
		تفسير القرآن من الجامع لابن وهب	أبو محمد عبد الله بن وهب بن مسلم المصري القرشي (المتوفى: 197ه)	ShamelaY19	37361	0.51112
		مائة حديث ساقطة من سنن النسائي الكبرى المطبوع	أبو عبد الرحمن أحمد بن شعيب بن علي الخراساني، النسائي (المتوفى: 303هـ)	ShamAY	8623	0.51111
		مسند بلال - ط ابن حزم	ابن الصباح الزعفراني	ShamAY	33912	0.5111
		سير السلف الصالحين لإسماعيل بن محمد الأصبهاني	إسماعيل بن محمد بن الفضل بن علي القرشي الطليحي التيمي الأصبهاني، أبو القاسم، الملقب بقوام السنة (المتوفى: 535ه)	ShamelaY19	21493	0.51109
		إجلاء الحقيقة في سيرة عائشة الصديقة	ياسين الخليفة الطيب المحجوب	Sham19Y	36047	0.51108
		 خلاصة عبقات الأنوار 	 السيد حامد النقوي 	ABLibrary	92	0.51107
		تفسير القرآن العظيم [ج ٢]	عبد الرحمن بن محمّد ابن إدريس الرازي ابن أبي حاتم	Rafed	1827	0.51099
		تفسير القرآن من الجامع لابن وهب	أبو محمد عبد الله بن وهب بن مسلم المصري القرشي (المتوفى: 197هـ)	ShamAY	1471	0.51098
		تربية ملكة الاجتهاد من خلال بداية المجتهد لابن رشد	محمد بولوز	ShamAY	37559	0.51093
		المنتخب من غرائب أحاديث مالك بن أنس	أبو بكر محمد بن إبراهيم بن علي بن عاصم بن زاذان الأصبهاني الخازن، المشهور بابن المقرئ (المتوفى: 381ه)	ShamelaY19	26500	0.51092
		 مسند الإمام الصادق ( ع ) 	 الشيخ عزيز الله عطاردي 	ABLibrary	7719	0.51092
		مجلسان من أمالي أبي الحسن القزويني رواية أبي العز - مخطوط	أبو الحسن علي بن عمر القزويني	ShamAY	32862	0.51087
		إجلاء الحقيقة في سيرة عائشة الصِّدِّيقة	ياسين الخليفة الطيب المحجوب	ShamAY	518	0.51087
		تفسير القرآن العظيم (ابن كثير)	أبو الفداء إسماعيل بن عمر بن كثير القرشي البصري ثم الدمشقي (المتوفى: 774هـ)	ShamAY	23604	0.51084
		من عاش بعد الموت لابن أبي الدنيا - ط أطلس الخضراء = مقابل	أبو بكر عبد الله بن محمد ابن أبي الدنيا	ShamAY	38047	0.51084
		المقاصد الحسنة في بيان كثير من الأحاديث المشتهرة على الألسنة	شمس الدين أبو الخير محمد بن عبد الرحمن بن محمد السخاوي (المتوفى: 902ه)	ShamelaY19	23177	0.51081
		تاريخ التراث العربي (علوم القرآن والحديث - التدوين التاريخي - الفقه - العقائد)	الدكتور فؤاد سزكين	ShamelaY19	143160	0.5108
		حديث أبي بكر بن خلاد النصيبي	أَبُو بَكْرٍ أَحْمَدُ بنُ يُوْسُفَ بنِ خَلاَّدِ بنِ مَنْصُوْرٍ النَّصِيْبِيُّ ثُمَّ البَغْدَادِيُّ العَطَّارُ (المتوفى: 359هـ)	ShamAY	29897	0.51079
		قانون التأويل	القاضي محمد بن عبد الله أبو بكر بن العربي المعافري الاشبيلي المالكي (المتوفى: 543ه)	ShamelaY19	97927	0.51075
		نتاج الفكر في أحكام الذكر	أبو محمد عبد الله بن مانع بن غلاب الغبيوي الروقي العتيبي	ShamAY	32012	0.51071
		مثير العزم الساكن إلى أشرف الأماكن ط الراية	جمال الدين أبو الفرج عبد الرحمن بن علي بن محمد الجوزي (المتوفى: 597ه)	ShamelaY19	26674	0.51068
		تفسير القرآن العظيم [ج ٤]	أبي الفداء اسماعيل بن عمر ابن كثير الدمشقي	Rafed	3410	0.51059
		مرآة العقول [ج ٢٣]	الشيخ محمّد باقر بن محمّد تقي المجلسي	Rafed	1076	0.51058
		قلائد الجمان في فرائد شعراء هذا الزمان، المشهور ب «عقود الجمان في شعراء هذا الزمان»	كمال الدين أبو البركات المبارك بن الشعار الموصلي (المتوفى: 654 ه)	ShamelaY19	20990	0.51047
		المهيأ في كشف أسرار الموطأ	عثمان بن سعيد الكماخي (المتوفى: 1171 ه)	ShamelaY19	127713	0.51045
		فضائل أمير المؤمنين علي(ع)	د. جواد كاظم منشد النصر الله	Masaha	501	0.51044
		الجزء الموجود من كتاب السنة للطبراني	الطبراني	ShamAY	35253	0.51034
		موقف الإمامين البخاري ومسلم من اشتراط اللقيا والسماع في السند المعنعن بين المتعاصرين	خالد بن منصور بن عبد الله الدريس	ShamAY	9836	0.51033
		فضائل فاطمة بنت رسول الله صلى الله عليه وسلم	أبو حفص عمر بن أحمد بن عثمان بن أحمد بن محمد بن أيوب بن أزداذ البغدادي المعروف بـ ابن شاهين (المتوفى: 385هـ)	ShamAY	9434	0.51024
		فضائل القرآن للنسائي	أبو عبد الرحمن أحمد بن شعيب بن علي الخراساني، النسائي (المتوفى: 303هـ)	ShamAY	5507	0.5101
		الأمالي، فيها مراث و أشعار أخرى وأخبار ولغة وغيرها	أبو عبد الله محمد بن العباس بن محمد بن أبي محمد بن المبارك اليزيدى (المتوفى: 310هـ)	ShamAY	8196	0.51001
		تهذيب الأحكام [ج ٨]	أبي جعفر محمّد بن الحسن بن علي بن الحسن الطّوسي [ شيخ الطائفة ]	Rafed	745	0.50988
		أحاديث في فضل الإسكندرية وعسقلان	عثمان بن عبد الرحمن، أبو عمرو، تقي الدين المعروف بابن الصلاح (المتوفى: 643هـ)	ShamAY	30242	0.50982
		حديث عباس الترقفي	أبو محمد عباس بن عبد الله بن أبي عيسى الباكسائي، الترقفي (المتوفى: 267ه)	ShamelaY19	30432	0.50981
		 جواهر العقدين في فضل الشرفين 	 علي بن عبد الله السمهودي 	ABLibrary	7482	0.50978
		الغدير في الكتاب والسنّة والأدب [ج ١٠]	الشيخ عبد الحسين أحمد الأميني النجفي	Rafed	2021	0.50978
		تنبيهات على كتب تخريج كتاب التوحيد	ناصر الفهد	ShamAY	33079	0.50965
		مستدرك الوسائل [ج ١]	الشيخ حسين النوري الطبرسي [ المحدّث النوري ]	Rafed	1141	0.50965
		نفحات الأزهار في خلاصة عبقات الأنوار [ج ٣]	السيّد علي الحسيني الميلاني	Rafed	428	0.50965
		وسائل الشيعة [ج ٣]	محمد بن الحسن الحرّ العاملي [ العلامة الشيخ حرّ العاملي ]	Rafed	291	0.50962
		أئمة أهل البيت في كتب أهل السنة	الشيخ حكمت الرحمة	Masaha	35	0.50961
		وسائل الشيعة [ج ٢٠]	محمد بن الحسن الحرّ العاملي [ العلامة الشيخ حرّ العاملي ]	Rafed	337	0.50957
		أحكام القرآن للطحاوي	أبو جعفر أحمد بن محمد بن سلامة بن عبد الملك بن سلمة الأزدي الحجري المصري المعروف بالطحاوي (المتوفى : 321هـ)	ShamAY	10765	0.50947
		الذهب المسبوك في وعظ الملوك	أبو عبد الله محمد بن أبي نصر الحميدي (488 هـ)	ShamAY	33560	0.50945
		رسالة في حديث الاقتداء بالشيخين	السيّد علي الحسيني الميلاني	Rafed	216	0.50945
		الفوائد المنتقاة من أمالي النجاد رواية ابن دوست - مخطوط	أبو بكر أحمد بن سلمان بن الحسن النجاد	ShamAY	32890	0.50933
		الناسخ والمنسوخ في القرآن العزيز وما فيه من الفرائض والسنن	أبو عبيد القاسم بن سلام بن عبد الله الهروي البغدادي (المتوفى: 224ه)	ShamelaY19	37834	0.50926
		 أعيان الشيعة 	 السيد محسن الأمين 	ABLibrary	82	0.50925
		الجزء الثالث من الأخبار والحكايات لمحمد بن القاسم بن معروف - مخطوط	أبو علي محمد بن القاسم بن معروف بن حبيب	ShamAY	32894	0.50922
		الجزء الأول من أمالي أبي إسحاق	إبراهيم بن عبد الصمد بن موسى بن محمد بن إبراهيم بن محمد بن علي بن عبد الله بن العباس بن عبد المطلب القرشي الهاشمي، أبو إسحاق البغدادي (المتوفى: 325هـ)	ShamAY	9305	0.50918
		التلخيص الحبير في تخريج أحاديث الرافعي الكبير	أبو الفضل أحمد بن علي بن محمد بن أحمد بن حجر العسقلاني (المتوفى: 852هـ)	ShamAY	1581	0.50917
		الطبقات للنسائي	أبو عبد الرحمن أحمد بن شعيب بن علي الخراساني، النسائي (المتوفى: 303هـ)	ShamAY	5885	0.50912
		فضل الجهاد لأحمد بن عبدالواحد المقدسي	أبو العباس أحمد بن عبد الواحد بن أحمد المقدسي، الحنبلي، الملقب بالبخاري (المتوفى: 623ه)	ShamelaY19	27096	0.50909
		الطرائف في معرفة مذاهب الطوائف‏ - الجزء1	السيد علي بن موسى بن طاووس	Masaha	2052	0.50901
		وسائل معالجة الفقر في العهد النبوي (أهل الصفة أنموذجا)	ماجد بن صالح بن مشعان الموقد	ShamAY	32508	0.509
		مكارم الأخلاق للطبراني (مطبوع مع مكارم الأخلاق لابن أبي الدنيا)	سليمان بن أحمد بن أيوب بن مطير اللخمي الشامي، أبو القاسم الطبراني (المتوفى: 360هـ)	ShamAY	9324	0.50886
		الجزء الخامس من مسند حديث مالك بن أنس	القاضي أبو إسحاق إسماعيل بن إسحاق بن إسماعيل بن حماد بن زيد الأزدي البصري ثم البغدادي المالكي الجهضمي (المتوفى: 282ه)	ShamelaY19	26440	0.5088
		البعث لابن أبي داود - ت الحويني - ط الكتاب العربي	أبو بكر بن أبي داود، عبد الله بن سليمان بن الأشعث الأزدي السجستاني (المتوفى: 316هـ)	ShamAY	33692	0.50875
		سيرة ابن إسحاق (المبتدأ والمبعث والمغازي)	محمد بن إسحاق بن يسار [85هـ - 151هـ]	ShamAY	34444	0.50873
		أحاديث مسلسلات	أبو بكر أحمد بن علي بن الحسين بن زكريا الطريثيثي، ثم البغدادي، الصوفي، المعروف: بابن زهراء (المتوفى: 497ه)	ShamelaY19	29777	0.50872
		علة الحديث المسلسل في يوم العيدين لأبي محمد الجرجاني	أَبُو مُحَمَّدٍ عَبْدُ اللهِ بنُ يُوْسُفَ الجُرْجَانِيُّ (المتوفى: 489هـ)	ShamAY	27094	0.50869
		العقوبات لابن أبي الدنيا	أبو بكر عبد الله بن محمد بن عبيد بن سفيان بن قيس البغدادي الأموي القرشي المعروف بابن أبي الدنيا (المتوفى: 281هـ)	ShamAY	8266	0.50866
		تفسير القرآن العظيم [ج ٢]	أبي الفداء اسماعيل بن عمر ابن كثير الدمشقي	Rafed	3408	0.50862
		سلسلة الأحاديث الواهية و صحح حديثك	الشيخ علي حشيش	ShamAY	33091	0.50853
		كتاب الناسخ والمنسوخ في القرآن الكريم	أبي جعفر أحمد بن محمّد بن إسماعيل النحّاس [ ابن النحّاس ]	Rafed	1283	0.50837
		 تاريخ الأندلس من الفتح حتى السقوط 	 اسماعيل بن ابراهيم 	ABLibrary	8985	0.50835
		جامع المسانيد لابن الجوزي	ابن الجوزي، عبد الرحمن بن علي (المتوفى: 597 ه)	Sham19Y	148271	0.50831
		يتيم عاشوراء من انصار كربلاء	ميثاق عباس الخفاجي الحلي	Ghbook	12293	0.50822
		 الموسوعة الكبرى عن فاطمة الزهراء ( س ) 	 اسماعيل الأنصاري الزنجاني الخوئيني 	ABLibrary	7818	0.50806
		شرح سنن ابن ماجة - الراجحي	عبد العزيز بن عبد الله بن عبد الرحمن الراجحي	ShamelaY19	36998	0.50804
		اجتماع الجيوش الإسلامية على حرب المعطلة والجهمية	أبو عبد الله محمد بن أبي بكر بن أيوب ابن قيم الجوزية (691 - 751)	Sham19Y	18632	0.50791
		وسائل الشيعة [ج ٤]	محمد بن الحسن الحرّ العاملي [ العلامة الشيخ حرّ العاملي ]	Rafed	292	0.50789
		اختيار معرفه الرجال المعروف به رجال الكشي	محمد بن عمر كشي	Ghbook	12196	0.50786
		مجمع البحرين في زوائد المعجمين (الأوسط والصغير للطبراني) للهيثمي - ط الرشد	نور الدين الهيثمي	ShamAY	38036	0.50785
		المنتقى من حديث النجاد عن شيوخه - مخطوط	أبو بكر أحمد بن سليمان بن الحسن النجاد	ShamAY	32891	0.50783
		 أدوار الفقه الإمامي 	 الشيخ السبحاني 	ABLibrary	9774	0.50774
		الأربعين المسلسلة المتباينة الأسانيد ليوسف بن عبد الهادي-مخطوط (ن)	يوسف بن حسن بن أحمد بن حسن ابن عبد الهادي الصالحي، جمال الدين، ابن ابن المِبْرَد الحنبلي (المتوفى: 909هـ)	ShamAY	10469	0.50768
		شرح شواهد المغني	جلال الدين عبد الرحمن بن أبي بكر السيوطي	Rafed	2896	0.50763
		حسن المحاضرة في أخبار مصر والقاهرة [ج ١]	جلال الدين عبد الرحمن بن أبي بكر السيوطي	Rafed	2158	0.50761
		حديث البدر بن الهيثم القاضي	بَدْرُ بنُ الهَيْثَمِ بنِ خَلَفٍ أَبُو القَاسِمِ اللَّخْمِيُّ، الكُوْفِيُّ (المتوفى: 317هـ)	ShamAY	21484	0.50759
		ذكر الجهر بالبسملة مختصرا	أبو بكر أحمد بن علي بن ثابت بن أحمد بن مهدي الخطيب البغدادي (المتوفى: 463هـ)	ShamAY	29892	0.50758
		أسانيد التفسير للشيخ الطريفي	عبد العزيز الطريفي	ShamAY	36806	0.50756
		لوائح الأنوار السنية ولواقح الأفكار السنية «شرح قصيدة ابن أبي داود الحائية في عقيدة أهل الآثار السلفية»	محمد بن أحمد بن سالم السفاريني الحنبلي	ShamAY	38505	0.50752
		طوق الحمامة في التداوي بالحجامة	الواحدي :: أحمد شحاتة السكندري	ShamAY	36590	0.50738
		جزء فيه مجلس من إملاء أبي الفرج محمد بن أحمد المعروف بابن الغوري	محمد بن أحمد أبو الفرج ابن الغوري (ت: 239)	ShamAY	33638	0.50738
		تخريج الدلالات السمعية	علي بن محمد الخزاعي‏	Masaha	1953	0.50725
		الجامع الصحيح فِيمَا كَانَ عَلى شَرطِ الشَيْخَيْنِ أو أحَدِهِمَا وَلم يُخَرِّجَاهُ	أبو عبد الرحمن، يوسف بن جودة يس يوسف الداودي	ShamAY	32001	0.50722
		أحاديث ابن الضريس وأبي بكر الأيامي لأبي سهل الجواليقي - مخطوط	أبو سهل أحمد بن محمد بن جمان الجواليقي	ShamAY	32957	0.50718
		حديث خالد بن مرداس السراج	خَالِد بْن مرداس أَبُو الهيثم السراج (المتوفى: 231هـ)	ShamAY	29705	0.50713
		سير السلف الصالحين لإسماعيل بن محمد الأصبهاني	إسماعيل بن محمد بن الفضل بن علي القرشي الطليحي التيمي الأصبهاني، أبو القاسم، الملقب بقوام السنة (المتوفى: 535هـ)	ShamAY	21493	0.5071
		طعنة في قلب علي رضي الله عنه	إبراهيم عبد الفتاح المتناوي	ShamAY	35837	0.50704
		الاكتفاء بما تضمنه من مغازي رسول الله - صلى الله عليه وسلم - والثلاثة الخلفاء	سليمان بن موسى بن سالم بن حسان الكلاعي الحميري، أبو الربيع (المتوفى: 634هـ)	ShamAY	9770	0.50702
		ربع قرن مع العلامه الاميني	حسين الشاكري	Ghbook	7081	0.50693
		مسند بلال بن رباح المؤذن	أبو علي الحسن بن محمد بن الصباح البزار الزعفراني البغدادي (المتوفى: 260هـ)	ShamAY	13165	0.50692
		الجامع الصحيح فيما كان على شرط الشيخين أو أحدهما ولم يخرجاه	أبو عبد الرحمن، يوسف بن جودة يس يوسف الداودي	Sham19Y	13280	0.50692
		جمال القراء وكمال الإقراء ت عبد الحق	علي بن محمد بن عبد الصمد الهمداني المصري الشافعي، أبو الحسن، علم الدين السخاوي (المتوفى: 643ه)	ShamelaY19	37653	0.5069
		إعلام النبلاء بتاريخ حلب الشهباء  - الجزء1	محمد راغب الطباخ	Masaha	4237	0.5069
		مدينة معاجز الأئمة الإثني عشر و دلائل الحجج على البشر - الجزء1	السيد هاشم البحراني‏	Masaha	2480	0.50689
		أبو بكر الصديق أول الخلفاء الراشدين ط إحياء الكتب العربية	محمد رضا (المتوفى: 1369ه)	ShamelaY19	21515	0.50686
		ترجمه الامام الحسن عليه السلام	محمد بن سعد كاتب واقدي ( ابن سعد )	Ghbook	6071	0.50686
		 الذريعة 	 آقا بزرگ الطهراني 	ABLibrary	850	0.50684
		 بحار الأنوار 	 العلامة المجلسي 	ABLibrary	746	0.50681
		 خلاصة عبقات الأنوار 	 السيد حامد النقوي 	ABLibrary	93	0.5068
		تفسير القرآن العظيم [ج ٨]	عبد الرحمن بن محمّد ابن إدريس الرازي ابن أبي حاتم	Rafed	1835	0.50679
		المختصر الكبير في سيرة الرسول صلى الله عليه وسلم	عبد العزيز بن محمد بن إبراهيم، ابن جماعة الكناني، الحموي الأصل، الدمشقيّ المولد، ثم المصري، عز الدين (المتوفى: 767هـ)	ShamAY	6593	0.50676
		فضل الصلاة على النبي صلى الله عليه وسلم	القاضي أبو إسحاق إسماعيل بن إسحاق بن إسماعيل بن حماد بن زيد الأزدي البصري ثم البغدادي المالكي الجهضمي (المتوفى: 282هـ)	ShamAY	1462	0.50672
		جزء فيه مجلسان من إملاء النسائي	أبو عبد الرحمن أحمد بن شعيب بن علي الخراساني، النسائي (المتوفى: 303هـ)	ShamAY	8225	0.50668
		حديث أبي محمد إسماعيل بن علي بن إسماعيل الخُطَبي - مخطوط	أبو محمد إسماعيل بن علي بن إسماعيل الخُطَبي	ShamAY	32932	0.50665
		رسوم التحديث في علوم الحديث	برهان الدين أبو إسحاق إبراهيم بن عمر بن إبراهيم بن خليل الجعبري (المتوفى: 732ه)	Sham19Y	5992	0.50648
		مراه المراد في تحقيق مشتبهات رجال الاسناد	احمدبن مصطفي بن احمد الخمسئي السلطاني القزويني الخوئيني	Ghbook	15651	0.50641
		شرح شواهد المغني	عبد الرحمن بن أبي بكر، جلال الدين السيوطي (المتوفى: 911 هـ)	ShamAY	32346	0.50635
		زيد بن علي(ع)	محمود جابر	Masaha	495	0.50635
		الجليس الصالح الكافي والأنيس الناصح الشافي	أبو الفرج المعافى بن زكريا بن يحيى الجريرى النهرواني (المتوفى: 390هـ)	ShamAY	7301	0.50634
		أخبار النعمان بن بشير الأنصاري - رضي الله عنه - من روايات أبي الفرج الأصفهاني [في ميزان النقد العلمي]	محمد علي كاتبي	ShamAY	35852	0.50632
		رسالة الإمام أبي بكر البيهقي إلى الإمام أبي محمد الجويني	أحمد بن الحسين بن علي بن موسى الخسروجردي الخراساني، أبو بكر البيهقي (المتوفى: 458ه)	ShamelaY19	27089	0.50621
		حول المتعه	خليفه عبيد كلباني عماني	Ghbook	7636	0.5062
		رؤوس الفتنة في الثورة على الخليفة الشهيد عثمان بن عفان	خالد كبير علال	ShamAY	37129	0.50617
		 الأمصار ذوات الآثار 	 الذهبي 	ABLibrary	8938	0.50614
		مجلة جامعة أم القرى 19 - 24	مجموعة من المؤلفين	ShamAY	1190	0.50613
		قراءة الإمام نافع عند المغاربة		ShamAY	36962	0.50613
		 المواعظ والإعتبار في ذكر الخطط والآثار ( ط لندن ) 	 المقريزي 	ABLibrary	9238	0.50613
		الاذان تشريعا و فصولا علي ضوء الكتاب و السنه	آيت الله العظمي جعفر سبحاني	Ghbook	5031	0.50611
		الإحاطة في أخبار غرناطة  - الجزء1	ابن الخطيب محمد بن عبد الله	Masaha	4735	0.5061
		المختار في أصول السنة - ت البدر	أبو علي الحسن بن أحمد بن عبد الله ابن البنا الحنبلي البغدادي (471 هـ)	ShamAY	33873	0.50607
		نظره في كتاب البدايه و النهايه	عبدالحسين اميني ( علامه اميني )	Ghbook	7726	0.50605
		دلائل النبوة ومعرفة أحوال صاحب الشريعة	أحمد بن الحسين بن علي بن موسى الخُسْرَوْجِردي الخراساني، أبو بكر البيهقي (المتوفى: 458هـ)	ShamAY	7478	0.50599
		الإستبصار [ج ٣]	أبي جعفر محمّد بن الحسن بن علي بن الحسن الطّوسي [ شيخ الطائفة ]	Rafed	1320	0.50599
		نهاية الأرب في معرفة أنساب العرب	أبو العباس أحمد بن علي القلقشندي (المتوفى: 821هـ)	ShamAY	31382	0.50593
		الجزء من فوائد حديث: أبي ذر عبد بن أحمد الهروي	أبو ذر عبيد بن أحمد بن محمد بن عبد الله بن غفير بن محمد الأنصاري الخراساني الهروي (المتوفى: 434هـ)	ShamAY	13143	0.50592
		البعث لابن أبي داود	أبو بكر بن أبي داود، عبد الله بن سليمان بن الأشعث الأزدي السجستاني (المتوفى: 316هـ)	ShamAY	8251	0.50591
		الادباء من آل ابي طالب عليه السلام	سيدمهدي رجايي	Ghbook	15557	0.5059
		رسالة مختصرة في النصوص الصحيحة على امامة الأئمة الإثنى عشر	الميرزا جواد التبريزي	Masaha	285	0.50589
		المسائل العشر في الغيبة	الشيخ المفيد	Masaha	419	0.50587
		دلائل النبوة ومعرفة أحوال صاحب الشريعة	أحمد بن الحسين بن علي بن موسى الخسروجردي الخراساني، أبو بكر البيهقي (المتوفى: 458ه)	Sham19Y	7478	0.50585
		حياه حبيب بن مظاهر الاسدي	علي القصير	Ghbook	12287	0.50582
		حديث أبي عبد الله الأنصاري	أبو عبد الله محمد بن زيد الأنصاري (المتوفى: 377ه)	Sham19Y	29714	0.50581
		قلائد الجمان في فرائد شعراء هذا الزمان، المشهور بـ «عقود الجمان في شعراء هذا الزمان»	كمال الدين أبو البركات المبارك بن الشعار الموصلي (المتوفى: 654 هـ)	ShamAY	38967	0.5058
		من حديث الحافظ أبي طاهر السلفي عن بعض الأبهريين (أو: رحلة الحافظ أبي طاهر السلفي إلى مدينة أبهر)	صدر الدين، أبو طاهر السِّلَفي أحمد بن محمد بن أحمد بن محمد بن إبراهيم سِلَفَه الأصبهاني (المتوفى: 576هـ)	ShamAY	27087	0.50569
		الناسخ والمنسوخ للنحاس	أبو جعفر النَّحَّاس أحمد بن محمد بن إسماعيل بن يونس المرادي النحوي (المتوفى: 338هـ)	ShamAY	13073	0.50568
		مسند ابن زيدان	أَبُو مُحَمَّدٍ عَبْدُ اللهِ بنُ زَيْدَانَ بنِ بُرَيْدِ بنِ رَزِيْنِ بنِ رَبِيْعِ بنِ قطنٍ البَجَلِيُّ، الكُوْفِيُّ (المتوفى: 313هـ)	ShamAY	21488	0.50566
		الإحاطة في أخبار غرناطة	محمد بن عبد الله بن سعيد السلماني اللوشي الأصل، الغرناطي الأندلسي، أبو عبد الله، الشهير بلسان الدين ابن الخطيب (المتوفى: 776ه)	Sham19Y	11682	0.50553
		التخريج عند المحدثين معانيه ومصادره ووظائفه	دخيل بن صالح اللحيدان	ShamAY	34023	0.50552
		 العوالم ، الإمام الرضا ( ع ) 	 الشيخ عبد الله البحراني 	ABLibrary	7620	0.5055
		مجلة جامعة أم القرى 19 - 24	مجموعة من المؤلفين	Sham19Y	1190	0.50544
		الصحيح المسند من أسباب النزول	مُقْبلُ بنُ هَادِي بنِ مُقْبِلِ بنِ قَائِدَةَ الهَمْدَاني الوادعِيُّ (المتوفى: 1422هـ)	ShamAY	11547	0.50541
		الحديقة الهلالية شرح دعاء الهلال من الصحيفة السجّاديّة	محمّد بن الحسين العاملي	Rafed	285	0.5054
		المنثور من الحكايات والسؤالات لابن طاهر المقدسي	أبو الفضل محمد بن طاهر بن علي بن أحمد المقدسي الشيباني، المعروف بابن القيسراني (المتوفى: 507ه)	ShamelaY19	26876	0.50536
		الشيع و النص	جاسم  هاتو الموسوي	Ghbook	10553	0.50535
		فضائل رمضان لابن أبي الدنيا - ط أطلس الخضراء = مقابل	أبو بكر عبد الله بن محمد ابن أبي الدنيا	ShamAY	38089	0.50534
		الجزء الخامس من حديث زيد بن أبي أنيسة - مخطوط	أبو عمر هلال بن العلاء بن هلال الباهلي القتبي الرقي	ShamAY	32851	0.50527
		الاستبصار - الجزء1	الشيخ الطوسي	Masaha	29	0.50523
		الأمر بالمعروف والنهي عن المنكر لابن أبي الدنيا	أبو بكر عبد الله بن محمد بن عبيد بن سفيان بن قيس البغدادي الأموي القرشي المعروف بابن أبي الدنيا (المتوفى: 281هـ)	ShamAY	8207	0.50522
		الفوائد الرجاليه	محمد باقر بن محمداكمل ( وحيد بهبهاني )	Ghbook	7065	0.50507
		فرائد فوائد الفكر في الإمام المهدي المنتظر (عج)	سامي الغريري	Masaha	2370	0.50501
		الإحسان في تقريب صحيح ابن حبان	محمد بن حبان بن أحمد بن حبان بن معاذ بن مَعْبدَ، التميمي، أبو حاتم، الدارمي، البُستي (المتوفى: 354هـ)	ShamAY	1729	0.505
		سنن أبي بكر الأثرم	أَبُو بَكْرٍ أَحْمَدُ بنُ مُحَمَّدِ بنِ هَانِئ الإِسْكَافيُّ الأَثْرَم الطَّائِيُّ وَقِيْلَ: الكَلْبِيّ (المتوفى: 273هـ)	ShamAY	26550	0.50497
		من وافق اسمه كنية أبيه للأزدي	أبو الفتح محمد بن الحسين بن أحمد بن عبد الله بن بريدة الموصلي الأزدي (المتوفى: 374ه)	ShamelaY19	26920	0.50488
		أعلام الحنابلة في أصول الفقه	الدكتور إبراهيم عبد اللَّه آل إبراهيم	ShamAY	34185	0.50488
		تراثنا ـ العدد [ 65 ]	مؤسسة آل البيت عليهم السلام لإحياء التراث ـ قم	Rafed	3279	0.50482
		تأخير الظلامة إلى يوم القيامة	عبد الرحمن بن أبي بكر، جلال الدين السيوطي (المتوفى: 911هـ)	ShamAY	2011	0.50478
		اجتماع الجيوش الإسلامية على حرب المعطلة والجهمية	أبو عبد الله محمد بن أبي بكر بن أيوب ابن قيم الجوزية (691 - 751)	ShamAY	38641	0.50456
		البيتوتة لمحمد بن إسحاق الخراساني	محمد بن إسحاق بن إبراهيم بن مهران الخراساني، أبو العباس السراج، الثقفي مولاهم (المتوفى: 313ه)	Sham19Y	8252	0.50454
		 أهوال القبور وأحوال أهلها إلى النشور 	 عبد الرحمن بن أحمد الحنبلي البغدادي الدمشقي 	ABLibrary	8352	0.50448
		معالم السنن، وهو شرح سنن أبي داود	أبو سليمان حمد بن محمد بن إبراهيم بن الخطاب البستي المعروف بالخطابي (المتوفى: 388هـ)	ShamAY	1442	0.50438
		جزء آدم بن أبي إياس	آدم بن أبى إياس: عبد الرحمن ويقال: ناهية بن محمد بن شعيب الخراسانى المروذى أبو الحسن العسقلانى، مولى بنى تيم أو تميم (المتوفى: 221هـ)	ShamAY	29703	0.50437
		مسند الرضا عليه السلام	داود بن سليمان بن يوسف الغازي	Rafed	1751	0.5043
		الائمه من قريش من بني هاشم	خليفه عبيد كلباني عماني	Ghbook	7521	0.50427
		الأمالي والقراءة	أبو محمد الحسن بن علي بن عفان الكوفي العامري (المتوفى: 270ه)	Sham19Y	12998	0.50404
		أمالي المحاملي - رواية ابن يحيى البيع	أبو عبد الله البغدادي الحسين بن إسماعيل بن محمد بن إسماعيل بن سعيد بن أبان الضبي المحاملي (المتوفى: 330هـ)	ShamAY	31636	0.50399
		حديث مدينة العلم	الشيخ عبد الحسين الأميني النجفي	Masaha	233	0.50397
		بلوغ الأرب بتقريب كتاب الشعب	محمد خلف سلامة	ShamAY	34809	0.50393
		شرح سنن ابن ماجة - الراجحي	عبد العزيز بن عبد الله بن عبد الرحمن الراجحي	ShamAY	103	0.5039
		تذكرة الأعيان‌	الشيخ جعفر السبحاني	Masaha	3519	0.50387
		تشييد المراجعات [ج ١]	السيّد علي الحسيني الميلاني	Rafed	189	0.50385
		المقاصد الحسنة في بيان كثير من الأحاديث المشتهرة على الألسنة	شمس الدين أبو الخير محمد بن عبد الرحمن بن محمد السخاوي (المتوفى: 902هـ)	ShamAY	23177	0.50375
		مرآة العقول [ج ١٨]	الشيخ محمّد باقر بن محمّد تقي المجلسي	Rafed	1067	0.50374
		تراثنا ـ العدد [ 57 ]	مؤسسة آل البيت عليهم السلام لإحياء التراث ـ قم	Rafed	3241	0.50374
		تراثنا ـ العددان [ 59 و 60 ]	مؤسسة آل البيت عليهم السلام لإحياء التراث ـ قم	Rafed	3248	0.50367
		عمدة القاري شرح صحيح البخاري	أبو محمد محمود بن أحمد بن موسى بن أحمد بن حسين الغيتابى الحنفى بدر الدين العينى (المتوفى: 855هـ)	ShamAY	5756	0.50366
		التوحيد لابن خزيمة - ت: الزهيري	أبو بكر محمد بن إسحاق بن خزيمة	ShamAY	33974	0.50364
		كشف النقاب عن مؤلفات الأصحاب	سليمان بن عبد الرحمن بن حمدان (1322 - 1397 ه)	ShamelaY19	147066	0.50363
		إحقاق الحقّ وإزهاق الباطل [ج ١٨]	السيّد نور الله الحسيني المرعشي التستري	Rafed	2757	0.50363
		 منتخب الأثر في أحوال الإمام الثاني عشر ( عج ) 	 الشيخ لطف الله الصافي الگلپايگاني 	ABLibrary	7790	0.5036
		كلام الليالي والأيام لابن أبي الدنيا	أبو بكر عبد الله بن محمد بن عبيد بن سفيان بن قيس البغدادي الأموي القرشي المعروف بابن أبي الدنيا (المتوفى: 281هـ)	ShamAY	8242	0.50357
		الصحيح من سيرة النبي الأعظم صلّى الله عليه وآله [ج ٣٥]	السيد جعفر مرتضى العاملي	Rafed	2650	0.50351
		الإحاطة في أخبار غرناطة	محمد بن عبد الله بن سعيد السلماني اللوشي الأصل، الغرناطي الأندلسي، أبو عبد الله، الشهير بلسان الدين ابن الخطيب (المتوفى: 776هـ)	ShamAY	11682	0.5035
		أمالي المحاملي - رواية ابن يحيى البيع	أبو عبد الله البغدادي الحسين بن إسماعيل بن محمد بن إسماعيل بن سعيد بن أبان الضبي المحاملي (المتوفى: 330ه)	Sham19Y	13081	0.5035
		إحقاق الحقّ وإزهاق الباطل [ج ١١]	السيّد نور الله الحسيني المرعشي التستري	Rafed	2748	0.50347
		 الأدب المفرد 	 البخاري 	ABLibrary	98	0.5034
		 خلاصة عبقات الأنوار 	 السيد حامد النقوي 	ABLibrary	89	0.5034
		مجموع بلدان اليمن وقبائلها [ج ٢]	محمّد بن أحمد الحجري اليماني	Rafed	2491	0.50337
		إِحْكَامُ النَّظَرِ فِي أَحْكَامِ النَّظَرِ بِحَاسَّةِ البَصَرِ	علي بن محمد بن عبد الملك الكتامي الحميري الفاسي، أبو الحسن ابن القطان (المتوفى: 628 هـ)	ShamAY	32285	0.50336
		الكتاب: من الفوائد الغرائب الحسان	محمد بن عبد الله بن محمد بن صالح، أبو بكر التميمي الأبهري المالكي (المتوفى: 375ه)	ShamelaY19	22381	0.50335
		تهذيب الاحكام - الجزء1	الشيخ الطوسي	Masaha	526	0.50333
		تنبيه القارئ لتقوية ما ضعفه الألباني (ويليه: تنبيه القاريء لتضعيف ما قواه الألباني)	عبد الله بن محمد بن أحمد الدويش (المتوفى: 1409هـ)	ShamAY	10618	0.5033
		العباس ابن اميرالمؤمنين حامل لواء الحسين عليهم السلام	سيد علي جمال أشرف	Ghbook	16570	0.50327
		نهاية الأرب في معرفة أنساب العرب	أبو العباس أحمد بن علي القلقشندي (المتوفى: 821ه)	ShamelaY19	31382	0.50323
		عمدة القاري شرح صحيح البخاري	أبو محمد محمود بن أحمد بن موسى بن أحمد بن حسين الغيتابى الحنفى بدر الدين العينى (المتوفى: 855ه)	Sham19Y	5756	0.50318
		 مجموع بلدان اليمن وقبائلها 	 محمد بن أحمد الحجري اليماني 	ABLibrary	9178	0.50317
		أسماء خيل العرب وأنسابها وذكر فرسانها	الحسن بن أحمد بن محمد الأعرابي، أبو محمد الأسود الغندجاني (المتوفى: نحو 430ه)	ShamelaY19	120141	0.50316
		النجاة بحمد الله	يوسف بن حسن بن أحمد بن حسن ابن عبد الهادي الصالحي، جمال الدين، ابن ابن المِبْرَد الحنبلي (المتوفى: 909هـ)	ShamAY	30291	0.50316
		تاريخ وفاة الشيوخ الذين أدركهم البغوي	أبو القاسم عبد الله بن محمد بن عبد العزيز بن المَرْزُبان بن سابور بن شاهنشاه البغوي (المتوفى: 317هـ)	ShamAY	27106	0.50312
		الجزء الخامس من مسند حديث مالك بن أنس	القاضي أبو إسحاق إسماعيل بن إسحاق بن إسماعيل بن حماد بن زيد الأزدي البصري ثم البغدادي المالكي الجهضمي (المتوفى: 282هـ)	ShamAY	26440	0.50308
		الكاشف في معرفة من له رواية في الكتب الستة	شمس الدين أبو عبد الله محمد بن أحمد بن عثمان بن قَايْماز الذهبي (المتوفى: 748هـ)	ShamAY	2171	0.50307
		المسالك في شرح موطأ مالك	القاضي محمد بن عبد الله أبو بكر بن العربي المعافري الاشبيلي المالكي (المتوفى: 543ه)	ShamelaY19	123665	0.50306
		مفهوم الحديث المنكر في سنن الإمام أبي داود السجستاني	عبد العزيز الهليل	ShamAY	34035	0.50291
		اهل البيت عليهم السلام في القرآن الكريم الفاتحه و البقره	علي جلاييان اكبرنيا	Ghbook	15535	0.50291
		 الموسوعة الكبرى عن فاطمة الزهراء ( س ) 	 اسماعيل الأنصاري الزنجاني الخوئيني 	ABLibrary	7820	0.50289
		أهوال القبور وأحوال أهلها إلى النشور ط العصرية	زين الدين عبد الرحمن بن أحمد بن رجب الحنبلي (المتوفى: 795هـ)	ShamAY	33761	0.50288
		أبو بكر الصديق أول الخلفاء الراشدين ط إحياء الكتب العربية	محمد رضا (المتوفى: 1369هـ)	ShamAY	21515	0.50285
		موسوعة توقيعات الإمام المهدي عليه السلام	محمد تقي اكبر نجاد	Masaha	4065	0.50284
		المنتخب من غرائب أحاديث مالك بن أنس	أبو بكر محمد بن إبراهيم بن علي بن عاصم بن زاذان الأصبهاني الخازن، المشهور بابن المقرئ (المتوفى: 381هـ)	ShamAY	26500	0.50277
		عوالم العلوم والمعارف والاحوال (الجزء 25) في احوال الامام الحسن بن علي العسكري ع...	محمد باقر بن مرتضي موحد ابطحي اصفهاني	Ghbook	15395	0.50269
		عمر بن عبد العزيز معالم التجديد والإصلاح الراشدي على منهاج النبوة	عَلي محمد محمد الصَّلاَّبي	ShamAY	299	0.50264
		ملاذ الأخيار في فهم تهذيب الأخبار - الجزء1	العلامة المجلسي	Masaha	1299	0.50259
		تأخير الظلامة إلى يوم القيامة	عبد الرحمن بن أبي بكر، جلال الدين السيوطي (المتوفى: 911ه)	ShamelaY19	96851	0.50258
		موسوعة الامام المهدي عليه السلام المصلح	نجاح الطائي	Ghbook	16039	0.50252
		من حديث أبي عبد الله الحسين بن محمد ابن العسكري عن شيوخه (مطبوع مع كتاب الكرم والجود للمؤلف)	أبو جعفر محمد بن الحسين البُرْجُلاني (المتوفى: 238هـ)	ShamAY	7819	0.5025
		 مسند الإمام الباقر ( ع ) 	 الشيخ عزيز الله عطاردي 	ABLibrary	7713	0.50249
		الفوائد الرجاليه	محمد اسماعيل بن الحسين بن محمدرضا مازندراني خواجوئي	Ghbook	9012	0.50244
		نظرات في حديث أصحابي كالنجوم	صالح بن سعيد بن هلابي	ShamAY	4365	0.50243
		سيرة ابن إسحاق (كتاب السير والمغازي)	محمد بن إسحاق بن يسار المطلبي بالولاء، المدني (المتوفى: 151هـ)	ShamAY	9862	0.50237
		جزء أحمد بن عصام (مطبوع مع جزء محمد بن عاصم)	أبو يحيى أحمد بن عصام بن عبد المجيد بن كثير بن أبي عمرة الأنصاري الأصبهاني (المتوفى: 272هـ)	ShamAY	9051	0.50236
		جزء فيه مجلسان من إملاء النسائي	أبو عبد الرحمن أحمد بن شعيب بن علي الخراساني، النسائي (المتوفى: 303هـ)	ShamAY	5705	0.50234
		تاريخ الإسلام ووفيات المشاهير والأعلام [ج ٥٠]	شمس الدين محمّد بن أحمد بن عثمان الذّهبي	Rafed	3663	0.50231
		 طب الإمام الصادق ( ع ) 	 السيد محمد كاظم القزويني 	ABLibrary	9989	0.50221
		من نسب لأمه من الشعراء لابن حبيب	محمد بن حبيب البغدادي	ShamAY	35784	0.50215
		الخطيب الخوارزمي وشعره في الغدير	الشيخ عبد الحسين الأميني النجفي	Masaha	247	0.50211
		التنبيهات المجملة على المواضع المشكلة	صلاح الدين أبو سعيد خليل بن كيكلدي بن عبد الله الدمشقي العلائي (المتوفى: 761هـ)	ShamAY	10322	0.50201
		المحنة وأثرها في منهج الإمام أحمد النقدي	عبد الله بن فوزان بن صالح الفوزان	ShamAY	32095	0.50198
		المحاسن - الجزء1	ابو جعفر أحمد بن محمد البرقي	Masaha	703	0.50197
		التقريب والتيسير لمعرفة سنن البشير النذير في أصول الحديث	أبو زكريا محيي الدين يحيى بن شرف النووي (المتوفى: 676هـ)	ShamAY	5586	0.50191
		جزء فيه شروط أمير المؤمنين عمر بن الخطاب رضي الله عنه على النصارى، وفيه حديث واصل الدمشقي ومناظرته لهم رضي الله عنه - سلسلة لقاء العشر الأواخر بالمسجد الحرام (23)	عثمان بن أحمد بن عبيد الله بن يزيد، أبو عمرو الدقاق، ابن السماك (المتوفى: 344 ه)	ShamelaY19	27092	0.50189
		ذيل لب اللباب في تحرير الأنساب	أحمد بن أحمد بن محمد بن أحمد ابن إبراهيم العجمي الشافعي الوفائي المصري الأزهري، شهاب الدين (المتوفى: 1086ه)	ShamelaY19	96236	0.50186
		الكاشف في معرفة من له رواية في الكتب الستة	شمس الدين أبو عبد الله محمد بن أحمد بن عثمان بن قَايْماز الذهبي (المتوفى: 748هـ)	ShamAY	38033	0.50184
		الأخبار الموفقيات للزبير بن بكار	الزبير بن بكار بن عبد الله القرشي الأسدي المكي (المتوفى: 256ه)	ShamelaY19	28453	0.50182
		الأربعون المختارة من حديث الإمام أبي حنيفة	يوسف بن حسن بن أحمد بن حسن ابن عبد الهادي الصالحي، جمال الدين، ابن ابن المِبْرَد الحنبلي (المتوفى: 909هـ)	ShamAY	1416	0.50171
		مرشد الزوار الى قبور الابرار	موفق الدين أبو محمد بن عبد الرحمن، ابن الشيخ أبي الحرم مكي بن عثمان الشارعي الشافعي (المتوفى: 615ه)	Sham19Y	11789	0.5017
		طرق التخريج بحسب الراوي الأعلى	دخيل بن صالح اللحيدان	ShamAY	4067	0.50167
		البيان والإعراب عما بأرض مصر من الأعراب	أحمد بن علي بن عبد القادر، أبو العباس الحسيني العبيدي، تقي الدين المقريزي (المتوفى: 845هـ)	ShamAY	9226	0.50155
		رسالة في حديث عليكم بسنّتي وسنّة الخلفاء الراشدين	السيّد علي الحسيني الميلاني	Rafed	217	0.50154
		 مجموع رسائل الإمام المنصور بالله عبدالله بن حمزة 	 المنصور بالله عبد الله بن حمزة بن سليمان 	ABLibrary	8588	0.50149
		نفحات الأزهار في خلاصة عبقات الأنوار [ج ١]	السيّد علي الحسيني الميلاني	Rafed	426	0.50147
		نيل الابتهاج بتطريز الديباج	أحمد بابا بن أحمد بن الفقيه الحاج أحمد بن عمر بن محمد التكروري التنبكتي السوداني، أبو العباس (المتوفى: 1036 هـ)	ShamAY	32462	0.50142
		تراثنا ـ العدد [ 15 ]	مؤسسة آل البيت عليهم السلام لإحياء التراث ـ قم	Rafed	2729	0.50131
		التوابين لابن قدامة	أبو محمد موفق الدين عبد الله بن أحمد بن محمد بن قدامة الجماعيلي المقدسي ثم الدمشقي الحنبلي، الشهير بابن قدامة المقدسي (المتوفى: 620هـ)	ShamAY	11317	0.50111
		نهاية الأرب في معرفة أنساب العرب	أبو العباس أحمد بن علي القلقشندي (المتوفى: 821ه)	Sham19Y	31382	0.50105
		من حديث أبي عبيدة مجاعة بن الزبير العتكي البصري	مجاعة بن الزبير البصري (المتوفى: 146ه)	ShamelaY19	26745	0.50102
		نوادر المعجزات في مناقب الأئمّة الهداة عليهم السلام	أبي جعفر محمد بن جرير بن رستم الطبري الإمامي الصغير	Rafed	3476	0.50088
		طبقات المحدثين بأصبهان والواردين عليها [ج ١]	أبي محمّد عبدالله بن محمّد بن جعفر بن حيّان [ أبي الشيخ الأنصاري ]	Rafed	2428	0.50088
		الأمصار ذوات الآثار	شمس الدين محمّد بن أحمد بن عثمان الذّهبي	Rafed	2180	0.50083
		 سرور أهل الإيمان في علامات ظهور صاحب الزمان ( عج ) 	 السيد بهاء الدين علي النيلي النجفي 	ABLibrary	7545	0.50079
		بحث في الصلاة من خلال كتب الحديث التسعة	مختار الجزائري	Masaha	216	0.50078
		 مجموعة آثار السلمي 	 السلمي 	ABLibrary	8707	0.50069
		البدرُ التمام شرح بلوغ المرام	الحسين بن محمد بن سعيد اللاعيّ، المعروف بالمَغرِبي (المتوفى: 1119 هـ)	ShamAY	32509	0.50063
		آداب اميرالمومنين (ع): المشهور بحديث الاربعمائة	مهدي خداميان آراني	Ghbook	9574	0.50049
		أخبار أبي تمام	أبو بكر محمد بن يحيى بن عبد الله الصولي (المتوفى: 335هـ)	ShamAY	515	0.50048
		مرشد الزوار الى قبور الابرار	موفق الدين أبو محمد بن عبد الرحمن، ابن الشيخ أبي الحرم مكّي بن عثمان الشارعي الشافعي (المتوفى: 615هـ)	ShamAY	11789	0.50045
		التفسير بالبيان المتصل في القرآن الكريم	بسمة بنت عبد الله الكنهل	ShamelaY19	148082	0.50042
		حديث إن لله تسعة وتسعين اسما لأبي نعيم الأصبهاني	أبو نعيم أحمد بن عبد الله بن أحمد بن إسحاق بن موسى بن مهران الأصبهاني (المتوفى: 430هـ)	ShamAY	21783	0.50037
		 الفرقة الناجية 	 الشيخ ابراهيم القطيفي 	ABLibrary	8524	0.50034
		الاستذكار الجامع لمذاهب فقهاء الأمصار وعلماء الأقطار فيما تضمنه الموطأ من معاني الرأي والآثار وشرح ذلك كله بالإيجاز والإختصار.	أبو عمر يوسف بن عبد الله بن عبد البر النمري القرطبي 368هـ - 463هـ	ShamAY	33530	0.50033
		 بحار الأنوار 	 العلامة المجلسي 	ABLibrary	761	0.50021
		الصحيح من مقتل سيدالشهداء و اصحابه عليهم  السلام	محمد محمدي ري شهري	Ghbook	15987	0.50014
		مهج الزيارات (منتخب الزيارات)	موسسه پيام امام هادي عليه السلام	Ghbook	14753	0.50006
		 تحفة الأحباب وبغية الطلاب 	 علي بن أحمد السخاوي 	ABLibrary	9021	0.49998
		الشيعه و الصحابه	خليفه عبيد كلباني عماني	Ghbook	7568	0.49997
		الأذان بين الأصالة والتحريف	السيد علي الشهرستاني	Masaha	79	0.49996
		نوادر المعجزات في مناقب الأئمة الهداة(ع)	محمد بن جرير الطبري‏ الصغير	Masaha	3034	0.49995
		أصول السنة، ومعه رياض الجنة بتخريج أصول السنة	أبو عبد الله محمد بن عبد الله بن عيسى بن محمد المري، الإلبيري المعروف بابن أبي زَمَنِين المالكي (المتوفى: 399هـ)	ShamAY	9698	0.49991
		حديث مصعب بن عبد الله الزبيري	أبو القاسم عبد الله بن محمد بن عبد العزيز بن المَرْزُبان بن سابور بن شاهنشاه البغوي (المتوفى: 317هـ)	ShamAY	5733	0.4999
		العلل المتناهية في الأحاديث الواهية	جمال الدين أبو الفرج عبد الرحمن بن علي بن محمد الجوزي (المتوفى: 597هـ)	ShamAY	7351	0.49989
		ذيل لب اللباب في تحرير الأنساب	أحمد بن أحمد بن محمد بن أحمد ابن إبراهيم العجمي الشافعيّ الوفائي المصري الأزهري، شهاب الدين (المتوفى: 1086هـ)	ShamAY	1734	0.4998
		 إعلام النبلاء بتاريخ حلب الشهباء 	 محمد راغب الطباخ الحلبي 	ABLibrary	8955	0.49979
		عبرة الخلف في دموع السلف	أبو إسلام أحمد بن علي	ShamAY	35207	0.49977
		البلدان لليعقوبي	أحمد بن إسحاق (أبي يعقوب) بن جعفر بن وهب بن واضح اليعقوبي (المتوفى: بعد 292هـ)	ShamAY	10808	0.49975
		جزء ابن طبرزد	عمر بن محمد بن معمر بن يحيى ابن أحمد بن حسان، أبو حفص، ابن طبرزد، الدارقزي، البغدادي (المتوفى: 607ه)	ShamelaY19	30037	0.49969
		كتاب سليم بن قيس الهلالي	سليم بن قيس الهلالي	Masaha	381	0.49966
		رسوم التحديث في علوم الحديث	برهان الدين أبو إسحاق إبراهيم بن عمر بن إبراهيم بن خليل الجعبريّ (المتوفى: 732هـ)	ShamAY	5992	0.49958
		موسوعه توقيعات الامام المهدي ( عجل الله تعالي فرجه الشريف )	محمد تقي اكبر نژاد	Ghbook	885	0.49953
		كتاب فيه أربعون حديثا من مسند بريد بن عبد الله بن أبي بردة عن جده عن أبي موسى الأشعري رضي الله عنه	أبو الحسن علي بن عمر بن أحمد بن مهدي بن مسعود بن النعمان بن دينار البغدادي الدارقطني (المتوفى: 385هـ)	ShamAY	26441	0.49951
		الطبقات للنسائي - دار الوعي	أحمد بن شعيب أبو عبدالرحمن النسائي	ShamAY	34618	0.49951
		عدد المخرجين لحرب الامام الحسين عليه السلام	حسن صدر	Ghbook	15405	0.49948
		 دراسات فقهية في مسائل خلافية 	 الشيخ نجم الدين الطبسي 	ABLibrary	982	0.49941
		مكائد الشيطان - مجمع - ط القرآن ت إبراهيم	أبو بكر عبد الله بن محمد ابن أبي الدنيا	ShamAY	38058	0.49932
		سؤالات أبي داود السجستاني للإمام أحمد بن حنبل في جرح الرواة وتعديلهم	أبو داود سليمان بن الأشعث السجستاني	ShamAY	34159	0.49929
		 بغية الحائر في أولاد الإمام الباقر ( ع ) 	 السيد حسين الزرباطي 	ABLibrary	820	0.49928
		المحلى ت: أحمد شاكر	الواحدي :: ابن حزم	ShamAY	34276	0.49926
		أبو داوود حياته وسننه	محمد بن لطفي الصباغ	ShamAY	37358	0.49926
		السُّنَنُ وَالأحْكَامُ عَن المُصْطَفَى عَلَيهِ أَفْضَل الصَّلاَة والسَّلاَم	ضياء الدين أبو عبد الله محمد بن عبد الواحد المقدسي (المتوفى: 643هـ)	ShamAY	31613	0.49912
		القرط على الكامل، وهي الطرر والحواشي علي الكامل للمبرد	أبو الحسن علي بن إبراهيم بن محمد بن عيسي بن سعد الخير الأنصاري (المتوفى: 571هـ)	ShamAY	670	0.49908
		بهجة النفوس والأسرار [ج ١]	الشيخ أبي محمّد عفيف الدين عبد الله بن عبد الملك المرجاني	Rafed	2177	0.49907
		مختصر التحفة الاثني عشرية	الألوسي، محمود شكري	ShamAY	529	0.49901
		مشيخة يعقوب بن سفيان الفسوي	يعقوب بن سفيان بن جوان الفارسي الفسوي، أبو يوسف (المتوفى: 277ه)	Sham19Y	21670	0.49897
		الرقة والبكاء لابن أبي الدنيا	أبو بكر عبد الله بن محمد بن عبيد بن سفيان بن قيس البغدادي الأموي القرشي المعروف بابن أبي الدنيا (المتوفى: 281هـ)	ShamAY	8256	0.49893
		من حديث البغوي وابن صاعد والهاشمي لابن زنبور الوراق (مطبوع ضمن جمهرة الأجزاء الحديثية)	محمد بن عمر بن خلف بن زنبور البغدادي الوراق (المتوفى: 396ه)	ShamelaY19	21483	0.49885
		الثمر المستطاب في فقه السنة والكتاب	أبو عبد الرحمن محمد ناصر الدين، بن الحاج نوح بن نجاتي بن آدم، الأشقودري الألباني (المتوفى: 1420هـ)	ShamAY	306	0.49885
		الموسوعة القرآنية	إبراهيم بن إسماعيل الأبياري (المتوفى: 1414ه)	ShamelaY19	23610	0.49884
		إتحاف المطالع بوفيات أعلام القرن الثالث عشر والرابع	عبد السلام بن عبد القادر بن محمد بن عبد القادر بن الطالب بن محمد -فتحا- ابن سودة (المتوفى: 1400ه)	ShamelaY19	120139	0.49884
		خصائص الأئمة(ع)	الشريف الرضي	Masaha	4685	0.49884
		الكوثر في أحوال فاطمة بنت النبي الأعظم(ع) - الجزء2	السيد محمد باقر الموسوي‏	Masaha	2917	0.49879
		من حديث أبي عبيدة مجاعة بن الزبير العتكي البصري	مُجَّاعَةُ بنُ الزُّبَيْرِ البَصْرِيُّ (المتوفى: 146هـ)	ShamAY	1359	0.49875
		 كتاب الإعلام بأعلام بيت الله الحرام 	 محمد بن أحمد النهرواني 	ABLibrary	9161	0.49875
		 العوالم ، الإمام الجواد ( ع ) 	 الشيخ عبد الله البحراني 	ABLibrary	7621	0.49872
		مناهج الأخيار في شرح الاستبصار - الجزء1	السيد احمد العلوي العاملي	Masaha	1315	0.49853
		الوفيات (معجم زمني للصحابة وأعلام المحدثين والفقهاء والمؤلفين)	أبو العباس أحمد بن حسن بن الخطيب الشهير بابن قنفذ القسنطيني (المتوفى: 810هـ)	ShamAY	10921	0.49852
		تذكرة الراشد برد تبصرة الناقد	الإمام محمد عبد الحي اللكنوي (ت1304هـ)	ShamAY	36018	0.49852
		 موسوعة الإمام الجواد ( ع ) 	 الشيخ أبو القاسم الخزعلي 	ABLibrary	7841	0.49849
		منة المنان فى إبطال ترفض القرآن	مؤدب	ShamAY	35691	0.49844
		الحسين في طريقه إلى الشهادة	علي بن الحسين الهاشمي	Rafed	1915	0.49838
		 المنية والأمل 	 القاضي عبد الجبار الهمذاني 	ABLibrary	8652	0.49833
		كتاب الأعلام بأعلام بيت الله الحرام	محمّد بن أحمد بن محمّد النهرواني	Rafed	2400	0.49833
		خلاصة الأثر في أعيان القرن الحادي عشر	محمد أمين بن فضل الله بن محب الدين بن محمد المحبي الحموي الأصل، الدمشقي (المتوفى: 1111ه)	Sham19Y	6678	0.49831
		حديث السراج	أبو العباس محمد بن إسحاق بن إبراهيم بن مهران الخراساني النيسابوري المعروف بالسَّرَّاج (المتوفى: 313هـ)	ShamAY	26668	0.49819
		 موسوعة الإمام الجواد ( ع ) 	 الشيخ أبو القاسم الخزعلي 	ABLibrary	7842	0.49811
		تنبيه اللاهي على تحريم الملاهي	الأنصاري، إسماعيل	ShamAY	36241	0.49809
		للحقيقة اقول	عبدالله الناصر	Ghbook	10519	0.49806
		الفرقة الناجية	الشيخ ابراهيم القطيفي	Rafed	3490	0.49801
		الموسوعة القرآنيّة [ج ١]	ابراهيم الأبياري	Rafed	3764	0.498
		 بهجة المحافل وبغية الأماثل 	 عماد الدين يحيى بن أبي بكر العامري 	ABLibrary	7442	0.49798
		تاريخ أهل البيت عليهم السلام	رواية كبار المحدّثين والمؤرّخين	Rafed	75	0.49797
		 الموسوعة الكبرى عن فاطمة الزهراء ( س ) 	 اسماعيل الأنصاري الزنجاني الخوئيني 	ABLibrary	7839	0.49793
		خلاصة الأثر في أعيان القرن الحادي عشر	محمد أمين بن فضل الله بن محب الدين بن محمد المحبي الحموي الأصل، الدمشقي (المتوفى: 1111هـ)	ShamAY	6678	0.4979
		إعتاب الكتاب	ابن الأبار، محمد بن عبد الله بن أبي بكر القضاعي البلنسي (المتوفى: 658هـ)	ShamAY	8190	0.49788
		الزهد لابن أبي عاصم	أبو بكر بن أبي عاصم وهو أحمد بن عمرو بن الضحاك بن مخلد الشيباني (المتوفى: 287هـ)	ShamAY	13026	0.49785
		روايات الجامع الصحيح ونسخه «دراسة نظرية تطبيقية»	دكتور جمعة فتحي عبد الحليم	ShamAY	32213	0.49785
		 المختصر الكبير في سيرة النبي محمد ( ص ) 	 ابن جماعة 	ABLibrary	7699	0.49785
		دراسة حول نهج البلاغة	السيد محمد حسين الجلالي	Masaha	4053	0.49785
		المنمق في أخبار قريش	محمد بن حبيب بن أمية بن عمرو الهاشمي، بالولاء، أبو جعفر البغدادي (المتوفى: 245هـ)	ShamAY	12212	0.49784
		الرقة والبكاء لابن أبي الدنيا - ط أطلس الخضراء = مقابل	أبو بكر عبد الله بن محمد ابن أبي الدنيا	ShamAY	38171	0.49775
		الأخبار الموفقيات للزبير بن بكار	الزبير بن بكار بن عبد الله القرشي الأسدي المكي (المتوفى: 256ه)	Sham19Y	28453	0.49771
		أهوال القبور وأحوال أهلها إلى النشور	زين الدين عبد الرحمن بن أحمد بن رجب بن الحسن، السَلامي، البغدادي، ثم الدمشقي، الحنبلي (المتوفى: 795هـ)	ShamAY	10900	0.49765
		تحفة الطالب بمعرفة من ينتسب إلي عبدالله و أبي طالب	سيدمهدي رجايي	Ghbook	15617	0.4976
		حديث الثقلين	آيت الله علي حسيني ميلاني	Ghbook	7626	0.49759
		السنن (المعروف بالسنن الكبرى) للنسائي - ط التأصيل	أبو عبد الرحمن أحمد بن شعيب النسائي	ShamAY	33997	0.49755
		الإحاطة في أخبار غرناطة [ج ٢]	أبي عبد الله محمّد بن عبد الله بن سعيد بن أحمد السلماني [ لسان الدين بن الخطيب ]	Rafed	2348	0.49751
		إحقاق الحقّ وإزهاق الباطل [ج ٩]	السيّد نور الله الحسيني المرعشي التستري	Rafed	2735	0.4975
		الخلفاء الإثنا عشر	د. الشيخ جعفر الباقري	Masaha	249	0.49749
		الأربعون حديثا لعبد الله بن المبارك	الواحدي :: ابن المبارك	ShamAY	33652	0.49744
		الأمراض أو الطب النبوي للضياء المقدسي	ضياء الدين أبو عبد الله محمد بن عبد الواحد المقدسي (المتوفى: 643هـ)	ShamAY	1424	0.49732
		عصر الشيعة	علي كوراني	Ghbook	15117	0.4973
		مشيخة يعقوب بن سفيان الفسوي	يعقوب بن سفيان بن جوان الفارسي الفسوي، أبو يوسف (المتوفى: 277هـ)	ShamAY	21670	0.49721
		مشيخة يعقوب بن سفيان الفسوي	يعقوب بن سفيان بن جوان الفارسي الفسوي، أبو يوسف (المتوفى: 277ه)	ShamelaY19	21670	0.49717
		عذب الكلام فيما يجب على الأنام من حقوق النبي عليه الصلاة والسلام	أبو يوسف محمد زايد	ShamAY	35075	0.49712
		من حديث ابن حذلم	أبو الحسن القاضي أحمد بن سليمان بن أيوب بن داود بن عبد الله بن حذلم الأسدي الدمشقي الأوزاعي (المتوفى: 347ه)	ShamelaY19	29651	0.49709
		 بهجة النفوس والأسرار في تاريخ دار هجرة النبي المختار 	 عبد الله المرجاني 	ABLibrary	8972	0.49707
		تاريخ الشحر وأخبار القرن العاشر	محمد بن عمر طيب بافقية	Masaha	4137	0.49705
		الزهد لوكيع	أبو سفيان وكيع بن الجراح بن مليح بن عدي بن فرس بن سفيان بن الحارث بن عمرو ابن عبيد بن رؤاس الرؤاسي (المتوفى: 197ه)	ShamelaY19	21545	0.49702
		إحقاق الحقّ وإزهاق الباطل [ج ٣٢]	آية الله السيّد شهاب الدين الحسيني المرعشي النجفي	Rafed	2813	0.49699
		مسند الشافعي - ترتيب السندي	الشافعي أبو عبد الله محمد بن إدريس بن العباس بن عثمان بن شافع بن عبد المطلب بن عبد مناف المطلبي القرشي المكي (المتوفى: 204ه)	ShamelaY19	21495	0.49695
		غيبه الامام المهدي عند الامام الصادق عليه السلام	د. السيد ثامر العميدي	Masaha	4069	0.49688
		مجموع رسائل الإمام المنصور بالله عبدالله بن حمزه [ج ١]	المنصور بالله عبدالله بن حمزة	Rafed	3419	0.49687
		السادس من مشيخة ابن حيويه	محمد بن العباس بن محمد بن زكرياء، أبو عمر ابن حيويه الخزاز (المتوفى: 382ه)	Sham19Y	29958	0.49682
		جزء فيه ذكر اعتقاد السلف في الحروف والأصوات	أبو زكريا محيي الدين يحيى بن شرف النووي (المتوفى: 676هـ)	ShamAY	11137	0.49681
		ابهي الدرر في اخبار الامام المنتظر	مركز الدراسات التخصصية في الامام المهدي (ع)	Masaha	4068	0.49675
		مستخرج البجيري على الجامع الصحيح للبخاري - مخطوط	أبو حفص عمر بن محمد بن بجير البجيري	ShamAY	38638	0.49671
		ما رواه الأساطين في عدم المجيء إلى السلاطين	عبد الرحمن بن أبي بكر، جلال الدين السيوطي (المتوفى: 911هـ)	ShamAY	191	0.49669
		الأخبار الموفقيات للزبير بن بكار	الزبير بن بكار بن عبد الله القرشي الأسدي المكي (المتوفى: 256هـ)	ShamAY	28453	0.49666
		أحكام أهل الملل والردة من الجامع لمسائل الإمام أحمد بن حنبل	أبو بكر أحمد بن محمد بن هارون بن يزيد الخَلَّال البغدادي الحنبلي (المتوفى: 311هـ)	ShamAY	9428	0.49665
		موسوعه احاديث اهل البيت عليهم السلام 	هادي نجفي	Ghbook	12134	0.49646
		وسائل الشيعة [ج ٩]	محمد بن الحسن الحرّ العاملي [ العلامة الشيخ حرّ العاملي ]	Rafed	301	0.49639
		الفردوس بمأثور الخطاب	شيرويه بن شهردار بن شيرو يه بن فناخسرو، أبو شجاع الديلميّ الهمذاني (المتوفى: 509هـ)	ShamAY	6072	0.49636
		تراثنا ـ العددان [ 69 و 70 ]	مؤسسة آل البيت عليهم السلام لإحياء التراث ـ قم	Rafed	3300	0.49627
		كتاب الكنى لمن لا يعرف له اسم من أصحاب النبي صلى الله عليه وسلم	أبو الفتح محمد بن الحسين بن أحمد بن عبد الله بن بريدة الموصلي الأزدي (المتوفى: 374ه)	ShamelaY19	26895	0.49625
		مكائد الشيطان	أبو بكر عبد الله بن محمد بن عبيد بن سفيان بن قيس البغدادي الأموي القرشي المعروف بابن أبي الدنيا (المتوفى: 281هـ)	ShamAY	8061	0.49615
		جزء محمد بن يحيى الذهلي	محمد بن يحيى بن عبد الله الذُّهْلي، مولاهم، النيسابورىّ، أبو عبد الله (المتوفى: 258هـ)	ShamAY	30368	0.49607
		الثامن من أجزاء أبي علي بن شاذان	الحسن بن خلف بن شاذان بن زياد الواسطى، أبو على البزاز (المتوفى: 246هـ)	ShamAY	29707	0.49605
		 الكوثر في أحوال فاطمة بنت النبي الأعظم ( ع ) 	 السيد محمد باقر الموسوي 	ABLibrary	7685	0.49605
		روضة الزاهدين	عبد الملك علي الكليب	ShamAY	31688	0.49598
		نسخة عبد الله بن صالح كاتب الليث (مطبوع ضمن مجموع باسم الفوائد لابن منده!)	أَبُو صَالِحٍ، عَبْدُ اللهِ بنُ صَالِحِ بنِ مُحَمَّدِ بنِ مُسْلِمٍ الجُهَنِيُّ مَوْلاَهُمُ، المِصْرِيُّ، كَاتِبُ اللَّيْثِ بنِ سَعْدٍ (المتوفى: 223هـ)	ShamAY	9633	0.49595
		مسند أبي عوانة - ط المعرفة	أبو عوانة يعقوب بن إسحاق الإسفرائيني	ShamAY	33939	0.49593
		القول الجلي في حل لبس النساء الحلي	الشوكاني	ShamAY	34336	0.49592
		سؤالات أبي داود للإمام أحمد بن حنبل في جرح الرواة وتعديلهم	أبو عبد الله أحمد بن محمد بن حنبل بن هلال بن أسد الشيباني (المتوفى: 241هـ)	ShamAY	5945	0.49591
		إتحاف المطالع بوفيات أعلام القرن الثالث عشر والرابع	عبد السلام بن عبد القادر بن محمد بن عبد القادر بن الطالب بن محمد -فتحا- ابن سودة (المتوفى: 1400ه)	Sham19Y	120139	0.49589
		نفحات الأزهار في خلاصة عبقات الأنوار [ج ٨]	السيّد علي الحسيني الميلاني	Rafed	437	0.49589
		 مسند الإمام الصادق ( ع ) 	 الشيخ عزيز الله عطاردي 	ABLibrary	7732	0.49588
		جزء من حديث أبي بكر النجاد	أبو بكر النجاد، أحمد بن سلمان بن الحسن بن إسرائيل بن يونس البغدادي (المتوفى: 348هـ)	ShamAY	29866	0.49586
		التعازي لأبي الحسن المدائني	علي بن محمد بن عبد الله بن أبي سيف أبو الحسن المعروف بالمدائني (المتوفى: 224ه)	Sham19Y	26863	0.49582
		تراثنا ـ العددان [ 43 و 44 ]	مؤسسة آل البيت عليهم السلام لإحياء التراث ـ قم	Rafed	2816	0.49581
		بحار الأنوار [ج ٥٢]	الشيخ محمّد باقر بن محمّد تقي المجلسي	Rafed	1009	0.49574
		السيوف البواتر لمن يقدم صلاة الصبح على الفجر الآخر	عبد الله بن عمر بن أبي بكر بن يحيى العلوي الحضرمي الشافعي (المتوفى: 1265ه)	ShamelaY19	38162	0.49534
		تاريخ عمان	سرحان بن سعيد الأزكوي العماني	Rafed	2178	0.49533
		المبعث والمغازي	إسماعيل بن محمد بن الفضل أبو القاسم التيمي قِوام السُّنة (535 هـ)	ShamAY	34434	0.49526
		موسوعة الإمام الهادي(ع) - الجزء1	يوسف بن إسماعيل النبهاني‏	Masaha	3121	0.49523
		الجزء 9 من حديث محمد بن منده لإسماعيل بن محمد الصفار- مخطوط	ابن مندة ابن أبي الهيثم	ShamAY	32747	0.49517
		صلح الحديبيه وبيعه الرضوان: قراءه جديده في الاهداف وسير الاحداث ومصادر الروايه	سامي بدري	Ghbook	15073	0.49513
		من عجائب الدعاء - الجزء الثاني (قصص لقوم دعوا الله فاستجاب لهم من المتقدمين والمعاصرين)	خالد بن سليمان بن علي الربعي	ShamelaY19	26531	0.49509
		الثاني من أجزاء ابن الصواف	محمد بن أحمد بن الحسن بن إسحاق ابن الصواف، أبو علي البغدادي (المتوفى: 359ه)	ShamelaY19	29780	0.49506
		 موسوعة طب الأئمة ( ع ) 	 باسم الأنصاري 	ABLibrary	9999	0.49503
		الموسوعة القرآنية	إبراهيم بن إسماعيل الأبياري (المتوفى: 1414هـ)	ShamAY	23610	0.49498
		تراثنا ـ العددان [ 50 و 51 ]	مؤسسة آل البيت عليهم السلام لإحياء التراث ـ قم	Rafed	3188	0.49493
		إستقصاء الإعتبار [ج ١]	الشيخ محمّد بن الحسن بن الشّهيد الثّاني	Rafed	549	0.49486
		 المسائل والرسائل المروية عن الإمام أحمد بن حنبل في العقيدة 	 عبد الإله بن سلمان بن سالم الأحمدي 	ABLibrary	8599	0.49479
		حديث أبي عبد الله الأنصاري	أبو عبد الله محمد بن زيد الأنصاري (المتوفى: 377هـ)	ShamAY	29714	0.49478
		زهر الأداب وثمر الألباب - العلمية	أبو إسحاق إبراهيم بن علي الحصري القيرواني	ShamAY	33784	0.49477
		فضائل القرآن وما أنزل من القرآن بمكة وما أنزل بالمدينة	أبو عبد الله محمد بن أيوب بن يحيى بن الضريس بن يسار الضريس البجلي الرازي (المتوفى: 294ه)	Sham19Y	9317	0.49475
		تراثنا ـ العدد [ 14 ]	مؤسسة آل البيت عليهم السلام لإحياء التراث ـ قم	Rafed	2728	0.4947
		الثامن من أجزاء أبي علي بن شاذان	الحسن بن خلف بن شاذان بن زياد الواسطى، أبو على البزاز (المتوفى: 246ه)	ShamelaY19	29707	0.49466
		الأدب المفرد - ط الخانجي	محمد بن إسماعيل أبو عبد الله البخاري الجعفي	ShamAY	33935	0.49466
		خلق أفعال العباد والرد على الجهمية وأصحاب التعطيل - ت الفهيد	محمد بن إسماعيل البخاري	ShamAY	33864	0.49458
		مرآة العقول [ج ١٥]	الشيخ محمّد باقر بن محمّد تقي المجلسي	Rafed	1037	0.49458
		المنية والأمل	القاضى عبد الجبار بن أحمد بن عبد الجبار الهمذاني المعتزلي (المتوفى: 415 هـ)	ShamAY	37746	0.49457
		الدرجات الرفيعه في طبقات الشيعه	سيد عليخان بن احمد مدني شيرازي حسيني	Ghbook	7062	0.49445
		مناقب الإمام أمير المؤمنين علي بن أبي طالب(ع) للكوفي‏ - الجزء1	محمد بن سليمان الكوفي‏	Masaha	3296	0.49444
		الغدير في الكتاب والسنّة والأدب [ج ١]	الشيخ عبد الحسين أحمد الأميني النجفي	Rafed	350	0.4944
		بهجة المحافل و بغية الأماثل - الجزء1	عماد الدين يحيى بن أبي بكر العامري‏	Masaha	1946	0.49433
		قوت المغتذين بفتح المقتدين	الإمام محمد عبد الحي اللكنوي (ت1304هـ)	ShamAY	36023	0.49431
		رجال خاقاني	علي خاقاني	Ghbook	7068	0.49431
		من عاش بعد الموت لابن أبي الدنيا	أبو بكر عبد الله بن محمد بن عبيد بن سفيان بن قيس البغدادي الأموي القرشي المعروف بابن أبي الدنيا (المتوفى: 281هـ)	ShamAY	13183	0.4942
		فوائد أبي علي أحمد بن علي بن شعيب المدائني	أبو علي أحمد بن علي بن شعيب المدائني (المتوفى: بعد 310ه)	ShamelaY19	29713	0.49419
		المسائل والرسائل المرويّة عن الإمام أحمد بن حنبل في العقيدة [ج ١]	الناشر: دار طيبة للنشر والتوزيع	Rafed	3696	0.49416
		تفسير ابن كثير / دار الفكر	أبو الفداء إسماعيل بن عمر بن كثير القرشي الدمشقي (المتوفى: 774 هـ)	ShamAY	34063	0.49388
		 القلائد الجوهرية في تاريخ الصالحية 	 محمد بن طولون الصالحي 	ABLibrary	9159	0.49386
		المقالات والفرق	سعد بن عبدالله أبي خلف الأشعري القمي	Rafed	3816	0.49386
		الشيعة والتشيع - فرق وتاريخ	إحسان إلهي ظهير الباكستاني (المتوفى: 1407هـ)	ShamAY	686	0.49385
		أبو بكر الصديق أول الخلفاء الراشدين ت شيحا	محمد رضا (المتوفى: 1369هـ)	ShamAY	7472	0.49381
		سبب وضع علم العربية	عبد الرحمن بن أبي بكر، جلال الدين السيوطي (المتوفى: 911هـ)	ShamAY	6993	0.49379
		ثلاث تراجم نفيسة للأئمة الأعلام ابن تيمية والحافظ علم الدين البزرالي والحافظ جمال الدين المزي	شمس الدين أبو عبد الله محمد بن أحمد بن عثمان بن قايماز الذهبي (المتوفى: 748ه)	Sham19Y	6653	0.49375
		الإمام الشعبي وعنايته بالسنة	سليمان الجار الله	ShamAY	34021	0.49374
		من حديث أبي الطاهر محمد بن أحمد بن عبد الله الذهلي	أبو الحسن علي بن عمر بن أحمد بن مهدي بن مسعود بن النعمان بن دينار البغدادي الدارقطني (المتوفى: 385هـ)	ShamAY	13097	0.49373
		التعازي لأبي الحسن المدائني	علي بن محمد بن عبد الله بن أبي سيف أبو الحسن المعروف بالمدائني (المتوفى: 224ه)	ShamelaY19	26863	0.49364
		كتاب التوحيد وإثبات صفات الرب عز وجل	أبو بكر محمد بن إسحاق بن خزيمة بن المغيرة بن صالح بن بكر السلمي النيسابوري (المتوفى: 311هـ)	ShamAY	13011	0.49352
		تراثنا ـ العددان [ 91 و 92 ]	مؤسسة آل البيت عليهم السلام لإحياء التراث ـ قم	Rafed	3883	0.49351
		حديث ابن ملاعب	أحمد بن ملاعب أبو الفضل البغدادي المخرمي (المتوفى: 275ه)	ShamelaY19	30528	0.49349
		جزء ابن فيل	أبو طاهر الحسن بن أحمد بن إبراهيم بن فيل البالسي (المتوفى: 311ه)	ShamelaY19	26741	0.49348
		مسند أبي بكر الصديق لأحمد بن علي المروزي	أبو بكر أحمد بن علي بن سعيد بن إبراهيم الأموي المروزي (المتوفى: 292هـ)	ShamAY	13156	0.4934
		شرح سنن أبي داود - الراجحي	عبد العزيز بن عبد الله بن عبد الرحمن الراجحي	ShamelaY19	37015	0.49336
		التوضيح الأبهر لتذكرة ابن الملقن في علم الأثر	شمس الدين أبو الخير محمد بن عبد الرحمن بن محمد بن أبي بكر بن عثمان بن محمد السخاوي (المتوفى: 902هـ)	ShamAY	8663	0.49334
		إثبات حديث النزول بالنظرية النسبية لألبرت أينتشاين	إيهاب أبو المجد	ShamAY	35987	0.49327
		الشجرة المباركة في الأنساب الطالبية	الرازي، فخر الدين	ShamAY	37025	0.49324
		تهذيب الآثار وتفصيل الثابت عن رسول الله من الأخبار	محمد بن جرير بن يزيد بن كثير بن غالب الآملي، أبو جعفر الطبري (المتوفى: 310هـ)	ShamAY	13090	0.49321
		نشوة الطرب في تاريخ جاهلية العرب	ابن سعيد الأندلسي	ShamelaY19	28174	0.49308
		البيان والتبيين - ط صعب	أبو عثمان عمرو بن بحر الجاحظ	ShamAY	33779	0.49296
		البلغة في تراجم أئمة النحو واللغة	مجد الدين أبو طاهر محمد بن يعقوب الفيروزآبادى (المتوفى: 817هـ)	ShamAY	9984	0.49284
		مسند ابن الجعد	علي بن الجَعْد بن عبيد الجَوْهَري البغدادي (المتوفى: 230هـ)	ShamAY	4407	0.49283
		الحياة السياسية للامام الرضا عليه السلام	عصري الباني	Ghbook	14946	0.4928
		ذلك يوم الخروج دراسه حول ظهور الامام المهدي ( عليه السلام )	حسين مدرسي	Ghbook	6657	0.49274
		من حديث جمح بن القاسم والحسن بن منير للزنباعي - مخطوط	أبو عبد الله محمد بن عبد السلام الجذامي الزنباعي	ShamAY	32817	0.49273
		الكتاب: من الفوائد الغرائب الحسان	محمد بن عبد الله بن محمد بن صالح، أَبو بكر التميمي الأبهري المالكي (المتوفى: 375هـ)	ShamAY	22381	0.49271
		شرح الزرقاني على الموطأ - العلمية	محمد بن عبد الباقي بن يوسف الزرقاني ـ سنة الوفاة 1122	ShamAY	33529	0.49266
		تفسير القرآن العظيم [ج ٦]	عبد الرحمن بن محمّد ابن إدريس الرازي ابن أبي حاتم	Rafed	1831	0.49265
		البلغة في تراجم أئمة النحو واللغة	مجد الدين أبو طاهر محمد بن يعقوب الفيروزآبادى (المتوفى: 817ه)	Sham19Y	9984	0.49263
		الإعلام بتخيير المصلي بمكان وضع اليدين بعد تكبيرة الإحرام	خالد الشايع	ShamAY	36185	0.49262
		حديث عباس الترقفي	أَبُو مُحَمَّدٍ عَبَّاسُ بنُ عَبْدِ اللهِ بنِ أَبِي عِيْسَى البَاكُسَائِيُّ، التَّرْقُفِيُّ (المتوفى: 267هـ)	ShamAY	30432	0.4926
		بهجة المحافل وبغية الأماثل في تلخيص المعجزات والسير والشمائل	يحيى بن أبى بكر بن محمد بن يحيى العامري الحرضي (المتوفى: 893هـ)	ShamAY	9780	0.49257
		بهجة المحافل وبغية الأماثل في تلخيص المعجزات والسير والشمائل	يحيى بن أبى بكر بن محمد بن يحيى العامري الحرضي (المتوفى: 893ه)	Sham19Y	9780	0.49255
		 مناحل الشفا ومناهل الصفا بتحقيق كتاب شرف المصطفى ( ص ) 	 عبد الملك الخركوشي النيسابوري 	ABLibrary	7589	0.49241
		رحلة العلماء في طلب العلم	ماجد البنكاني	ShamAY	35103	0.49237
		الجامع المسند الصحيح المختصر من أمور رسول الله صلى الله عليه وسلم وسننه وأيامه = صحيح البخاري	محمد بن إسماعيل أبو عبدالله البخاري الجعفي	ShamAY	32027	0.49235
		 تاريخ النجف ( اليتيمة الغروية والتحفة النجفية ) 	 السيد حسين البراقي النجفي 	ABLibrary	9011	0.49235
		كتاب الغيبه في الامام الثاني عشر القائم الحجه (سلام الله عليه)	محمد باقربن محمدنقي شفتي بيدآبادي	Ghbook	13085	0.49232
		 معرفة الإمام 	 السيد محمد حسين الطهراني 	ABLibrary	8889	0.49231
		بلاغات النساء	أحمد بن أبي طاهر	Masaha	4699	0.49231
		حول علم الائمه بالغيب	خليفه عبيد كلباني عماني	Ghbook	7639	0.4923
		فضائل شهر رجب	أبو القاسم عبيد الله بن عبد الله بن أحمد بن محمد بن حسكان القرشي النيسابوري المعروف بابن الحذاء وبالحاكم الحسكاني (المتوفى: 471: 480 هـ)	ShamAY	33646	0.49228
		المقنع في علوم الحديث	ابن الملقن سراج الدين أبو حفص عمر بن علي بن أحمد الشافعي المصري (المتوفى: 804هـ)	ShamAY	5976	0.49224
		البيان والتبيين - ط الخانجي	أبو عثمان عمرو بن بحر الجاحظ	ShamAY	33801	0.49218
		المسائل والرسائل المروية عن الإمام أحمد بن حنبل في العقيدة	عبد الله بن سلمان الأحمدي	ShamAY	33898	0.49211
		نشأة الشيعة الامامية	نبيلة عبد المنعم داوود	Masaha	1752	0.49207
		المقنع في علوم الحديث	ابن الملقن سراج الدين أبو حفص عمر بن علي بن أحمد الشافعي المصري (المتوفى: 804ه)	Sham19Y	5976	0.49196
		أهوال القبور وأحوال أهلها إلى النشور	الواحدي :: ابن رجب الحنبلي	ShamAY	33754	0.49191
		 كتاب المقالات والفرق 	 أبي خلف سعد الأشعري القمي 	ABLibrary	8639	0.49191
		جزء حنبل (التاسع من فؤائد ابن السماك)	أبو علي حنبل بن إسحاق بن حنبل بن هلال بن أسد الشيباني (المتوفى: 273ه)	Sham19Y	13104	0.49188
		بحار الأنوار [ج ٢٤]	الشيخ محمّد باقر بن محمّد تقي المجلسي	Rafed	895	0.49186
		 معرفة الإمام 	 السيد محمد حسين الطهراني 	ABLibrary	8890	0.49182
		 العوالم ، الإمام علي بن الحسين ( ع ) 	 الشيخ عبد الله البحراني 	ABLibrary	7615	0.49181
		المغرب في حلى المغرب	أبو الحسن على بن موسى بن سعيد المغربي الأندلسي (المتوفى: 685هـ)	ShamAY	6633	0.4917
		الزهر النضر في حال الخضر	أبو الفضل أحمد بن علي بن محمد بن أحمد بن حجر العسقلاني (المتوفى: 852هـ)	ShamAY	5738	0.49163
		اعتقاد الأئمة الأربعة	محمد بن عبد الرحمن الخميس	ShamelaY19	22273	0.49158
		اللوامع النورانية في اسماء علي و اهل بيتة القرآنية	هاشم البحراني	Ghbook	16295	0.49158
		حديث السراج	أبو العباس محمد بن إسحاق بن إبراهيم بن مهران الخراساني النيسابوري المعروف بالسراج (المتوفى: 313ه)	ShamelaY19	26668	0.49157
		منتخب الأثر في الإمام الثاني عشر عليه السلام [ج ٢]	لطف الله الصافي الگلپايگاني	Rafed	2775	0.49148
		الشيعة والتشيع - فرق وتاريخ	إحسان إلهي ظهير الباكستاني (المتوفى: 1407ه)	ShamelaY19	37478	0.49147
		ديوان جرير بشرح محمد بن حبيب	جرير	ShamelaY19	133412	0.49137
		الرواشح السماوية في شرح الأحاديث الإمامية	السيد محمد باقر الميرداماد	Masaha	4682	0.49118
		مشيخة أبي المواهب الحنبلي	محمد بن عبد الباقي الحنبلي البعلي الدمشقي (المتوفى: 1126هـ)	ShamAY	202	0.49117
		 العوالم ، الإمام الكاظم ( ع ) 	 الشيخ عبد الله البحراني 	ABLibrary	7619	0.49115
		التنبيه على أوهام أبي علي في أماليه	أبو عبيد عبد الله بن عبد العزيز بن محمد البكري الأندلسي (المتوفى: 487 هـ)	ShamAY	6752	0.49114
		العواصم من القواصم في تحقيق مواقف الصحابة بعد وفاة النبي صلى الله عليه وسلم	القاضي محمد بن عبد الله أبو بكر بن العربي المعافري الاشبيلي المالكي (المتوفى: 543ه)	ShamelaY19	30897	0.49109
		الزهد للمعافى بن عمران الموصلي	أبو مسعود المعافى بن عمران بن نفيل بن جابر الأزدي الموصلي (المتوفى: 185ه)	ShamelaY19	29289	0.49103
		تاريخ عمان المقتبس من كتاب كشف الغمة الجامع لأخبار الأمة	سرحان بن سعيد الأزكوي	Masaha	4139	0.49099
		موسوعة الإمام العسكري(ع) - الجزء1	الشيخ أبو القاسم الخزعلي‏	Masaha	3125	0.49098
		أهل البيت عليهم السلام في المكتبة العربية	السيد عبد العزيز الطباطبائي	Masaha	1942	0.49087
		إتحاف المطالع بوفيات أعلام القرن الثالث عشر والرابع	عبد السلام بن عبد القادر بن محمد بن عبد القادر بن الطالب بن محمد -فتحا- ابن سودة (المتوفى: 1400هـ)	ShamAY	31703	0.49086
		الأحاديث التي ظاهرها التعارض في فتح الباري من بداية كتاب المناقب إلى كتاب التفسير باب {ربنا اكشف عنا العذاب إنا مؤمنون} (حم الدخان)	أحمد سالم عبد العزيز	ShamAY	38639	0.49081
		نفح الطّيب [ج ٤]	الشيخ أحمد بن محمد المقري التلمساني	Rafed	2800	0.49076
		البلغة في تراجم أئمة النحو واللغة = التراجم	مجد الدين أبو طاهر محمد بن يعقوب الفيروزآبادى (المتوفى: 817 هـ)	ShamAY	38208	0.49063
		حديث أبي القاسم الحلبي	إسماعيل بن القاسم بن إسماعيل الإمام أبو القاسم الحلبي الخياط المؤدب (المتوفى: بعد 370ه)	ShamelaY19	29725	0.4906
		الشواهد الشعرية في مؤلّفات المحقّق الكركي	الشيخ محمد الحسون	Masaha	322	0.4906
		الحديث الحسن بين الحد والحجية	محمد أحمد جلمد	ShamAY	37341	0.49056
		تعريب‏ تاريخ سجستان	مجهول	Masaha	4659	0.49055
		حديث شعبة لمحمد بن العباس بن نجيح البغدادي - مخطوط (ن)	محمد بن العباس بن نجيح، أبو بكر البزاز (المتوفى: 345ه)	ShamelaY19	21638	0.49049
		دراسات فقهية في مسائل خلافية	الشيخ نجم الدين الطبسي	Masaha	5102	0.49049
		منتخب الانوار في تاريخ الائمه الاطهار ( عليهم السلام )	ابوعلي محمد بن همام اسكافي	Ghbook	8388	0.49048
		الجزء الثاني من حديث عبد الله بن مسعود لابن صاعد - مخطوط	أبو محمد يحيى بن محمد بن صاعد	ShamAY	32850	0.49045
		 تحصيل المرام في أخبار البيت الحرام 	 محمد بن أحمد المالكي ( الصباغ ) 	ABLibrary	9020	0.49043
		القبل والمعانقة والمصافحة لابن الأعرابي	أبو سعيد بن الأعرابي أحمد بن محمد بن زياد بن بشر بن درهم البصري الصوفي (المتوفى: 340هـ)	ShamAY	8269	0.49038
		مِنْ عَجَائِبِ الدُّعاء - الجزء الثاني (قصَصٌ لِقَوْم دعوا اللهَ فَاسْتَجاب لَهُمْ مِن المُتقدِّمينَ والمُعاصِرين)	خالد بن سليمان بن علي الربعي	ShamAY	505	0.49033
		مسند الشافعي - ترتيب السندي	الشافعي أبو عبد الله محمد بن إدريس بن العباس بن عثمان بن شافع بن عبد المطلب بن عبد مناف المطلبي القرشي المكي (المتوفى: 204هـ)	ShamAY	21495	0.49031
		طبقات المعتزلة	أحمد بن يحيى بن مرتضى	Rafed	3802	0.49031
		الممنتقي من موسوعة ( وضوء النبي ) صلي الله عليه و آله	علي شهرستاني	Ghbook	16152	0.49028
		غاية المقصد فى زوائد المسند	أبو الحسن نور الدين علي بن أبي بكر بن سليمان الهيثمي (المتوفى: 807ه)	Sham19Y	9567	0.49023
		عقيلة قريش آمنة بنت الحسين عليهما السلام	السيد محمد علي الحلو	Rafed	1364	0.49021
		زيادات واستدراكات ألحقها محققا النعت الأكمل بالكتاب من وفاة المؤلف حتى نهاية القرن الرابع عشر الهجري	محمد مطيع الحافظ	Sham19Y	147072	0.49017
		مختصر [قيام الليل وقيام رمضان وكتاب الوتر]	أبو عبد الله محمد بن نصر بن الحجاج المَرْوَزِي (المتوفى: 294هـ)	ShamAY	31635	0.49009
		إثبات الشفاعة للذهبي	شمس الدين أبو عبد الله محمد بن أحمد بن عثمان بن قايماز الذهبي (المتوفى: 748ه)	Sham19Y	26890	0.49003
		ناسخ الحديث ومنسوخه للأثرم	أبو بكر أحمد بن محمد بن هانئ الإسكافي الأثرم الطائي وقيل: الكلبي (المتوفى: 273ه)	ShamelaY19	26664	0.49002
		مسند ابن الجعد - ط الفلاح ت عبد الهادي	ابن الجعد	ShamAY	38024	0.49001
		الجزء الأول من حديث الحربي عن الصوفي عن ابن معين - مخطوط	أبو الحسن علي بن عمر السكري الحربي	ShamAY	32748	0.48991
		تراثنا ـ العدد [ 28 ]	مؤسسة آل البيت عليهم السلام لإحياء التراث ـ قم	Rafed	2768	0.4899
		كتابة الحديث في عهد النبي صلى الله عليه وسلم وصحابته وأثرها في حفظ السنة النبوية	أحمد بن معبد بن عبد الكريم بن سليمان بن حسن كُلَيْبَاتِى	ShamAY	11347	0.48984
		الأدب المفرد - ط الصديق	أبو عبد الله محمد بن إسماعيل البخاري	ShamAY	38159	0.48978
		مسند أحمد - عالم الكتب	أبو عبد الله أحمد بن محمد بن حنبل بن هلال بن أسد الشيباني	ShamAY	33963	0.48965
		مسائل الإمام أحمد بن حنبل رواية أبي القاسم البغوي - ط الفاروق	أبو القاسم عبد الله بن محمد البغوي	ShamAY	34168	0.48959
		المصاحف لابن أبي داود	أبو بكر بن أبي داود، عبد الله بن سليمان بن الأشعث الأزدي السجستاني (المتوفى: 316هـ)	ShamAY	13067	0.48958
		فضل الجهاد لأحمد بن عبدالواحد المقدسي	أَبُو العَبَّاسِ أَحْمَدُ بنُ عَبْدِ الوَاحِدِ بنِ أَحْمَدَ المَقْدِسِيُّ، الحَنْبَلِيُّ، المُلَقَّبُ بِالبُخَارِيِّ (المتوفى: 623هـ)	ShamAY	27096	0.48951
		رسالة الإمام أبي بكر البيهقي إلى الإمام أبي محمد الجويني	أحمد بن الحسين بن علي بن موسى الخسروجردي الخراساني، أبو بكر البيهقي (المتوفى: 458ه)	Sham19Y	27089	0.48943
		سلم الوصول إلى طبقات الفحول	مصطفى بن عبد الله القسطنطيني العثماني المعروف ب «كاتب جلبي» وب «حاجي خليفة» (المتوفى 1067 ه)	ShamelaY19	19199	0.48934
		السنة لابن أبي عاصم	أبو بكر بن أبي عاصم وهو أحمد بن عمرو بن الضحاك بن مخلد الشيباني (المتوفى: 287هـ)	ShamAY	5930	0.48931
		فرسان الهيجاء [ج ١]	الشيخ ذبيح الله المحلاتي	Rafed	1541	0.48931
		نشوة الطرب في تاريخ جاهلية العرب	ابن سعيد الأندلسي	ShamAY	28174	0.48929
		صريح السنة للطبري	محمد بن جرير بن يزيد بن كثير بن غالب الآملي، أبو جعفر الطبري (المتوفى: 310هـ)	ShamAY	13127	0.48924
		عشرة النساء للإمام للنسائي - الطبعة الثالثة	النسائي	ShamAY	35249	0.4892
		 مسند الإمام الباقر ( ع ) 	 الشيخ عزيز الله عطاردي 	ABLibrary	7711	0.48909
		غاية المقصد فى زوائد المسند	أبو الحسن نور الدين علي بن أبي بكر بن سليمان الهيثمي (المتوفى: 807هـ)	ShamAY	9567	0.48904
		حديث بشر بن مطر	بشر بن مطر بن ثابت أبو أحمد الدقاق الواسطي (المتوفى: 262ه)	Sham19Y	29709	0.489
		الفرقان في تفسير القرآن بالقرآن والسنّة [ج ٩]	الشيخ محمد الصادقي	Rafed	3020	0.48899
		الوضاعون وأحاديثهم الموضوعة من كتاب الغدير للشيخ الأميني	السيد رامي يوزبكي	Masaha	483	0.48897
		جزء ابن فيل	أَبُو طَاهِرٍ الحَسَنُ بنُ أَحْمَدَ بنِ إِبْرَاهِيْمَ بنِ فِيْلٍ البَالِسِيُّ (المتوفى: 311هـ)	ShamAY	26741	0.48895
		الأربعون حديثا للآجري	أبو بكر محمد بن الحسين بن عبد الله الآجُرِّيُّ البغدادي (المتوفى: 360هـ)	ShamAY	8204	0.48889
		التوضيح لشرح الجامع الصحيح	ابن الملقن سراج الدين أبو حفص عمر بن علي بن أحمد الشافعي المصري (المتوفى: 804ه)	Sham19Y	13252	0.48887
		الفوائد والأخبار لابن دريد	أبو بكر محمد بن الحسن بن دريد الأزدي (المتوفى: 321ه)	ShamelaY19	26986	0.48885
		 تاريخ عمان ( مقتبس من كتاب كشف الغمة الجامع لأخبار الأمة ) 	 سرحان بن سعيد الأزكوي العماني 	ABLibrary	8995	0.48885
		فضائل القرآن وتلاوته للرازي	أبو الفضل عبد الرحمن بن أحمد بن الحسن الرازي المقرىء (المتوفى: 454هـ)	ShamAY	34108	0.48878
		امالي الصدوق	محمد بن علي بن بابويه شيخ صدوق	Ghbook	2382	0.48875
		المذكر والتذكير والذكر لابن أبي عاصم - ط الصحابة (مقابل)	أبو بكر أحمد بن عمرو بن أبي عاصم الضحاك بن مخلد الشيباني	ShamAY	33656	0.48874
		العواصم من القواصم في تحقيق مواقف الصحابة بعد وفاة النبي صلى الله عليه وسلم	القاضي محمد بن عبد الله أبو بكر بن العربي المعافري الإشبيلي المالكي (المتوفى: 543هـ)	ShamAY	8314	0.48867
		شرح سنن أبي داود - الراجحي	عبد العزيز بن عبد الله بن عبد الرحمن الراجحي	ShamAY	105	0.4886
		المنثور من الحكايات والسؤالات لابن طاهر المقدسي	أبو الفضل محمد بن طاهر بن علي بن أحمد المقدسي الشيباني، المعروف بابن القيسراني (المتوفى: 507هـ)	ShamAY	26876	0.4885
		المنتقى من مسند المقلين لدعلج السجزي	أبو محمد دَعْلَج بن أحمد بن دَعْلَج بن عبد الرحمن السجستاني (المتوفى: 351هـ)	ShamAY	13072	0.48847
		الحديقه الهلاليه شرح دعاء الهلال من صحيفه السجاديه	بهاءالدين محمد بن حسين شيخ بهائي	Ghbook	14627	0.48845
		جمع النقول عن كتاب "غرائب مالك" للدارقطني	هيثم حمدان	ShamAY	35244	0.48834
		مُعجَمُ أعلام الجزائِر - مِن صَدر الإسلام حَتّى العَصر الحَاضِر	عادل نويهض	ShamAY	1943	0.48825
		ختم جامع الترمذي	المحدث العلامة الشيخ عبد الله بن سالم البصري (1134 هـ)	ShamAY	33645	0.48821
		منازل الأئمة الأربعة أبي حنيفة ومالك والشافعي وأحمد	أبو زكريا يحيى بن إبراهيم بن أحمد بن محمد أبو بكر بن أبي طاهر الأزدي السلماسي (المتوفى: 550هـ)	ShamAY	12089	0.48819
		عقيدة محمد بن عبد الوهاب السلفية وأثرها في العالم الإسلامي	صالح بن عبد الله العبود	ShamAY	12039	0.48816
		رسالة في القرآن وكلام الله	أبو محمد موفق الدين عبد الله بن أحمد بن محمد بن قدامة الجماعيلي المقدسي ثم الدمشقي الحنبلي، الشهير بابن قدامة المقدسي (المتوفى: 620هـ)	ShamAY	11218	0.48815
		فوائد ابن ماسي	أبو محمد عبد الله بن إبراهيم بن أيوب بن ماسي البغدادي (المتوفى: 369ه)	Sham19Y	13142	0.48811
		نزول القرآن على سبعة أحرف	مناع بن خليل القطان (المتوفى: 1420هـ)	ShamAY	1206	0.48809
		مسند الإمام أحمد بن حنبل	أبو عبد الله أحمد بن محمد بن حنبل بن هلال بن أسد الشيباني (المتوفى: 241هـ)	ShamAY	13157	0.48801
		المسالِك في شرح مُوَطَّأ مالك	القاضي محمد بن عبد الله أبو بكر بن العربي المعافري الاشبيلي المالكي (المتوفى: 543هـ)	ShamAY	31743	0.48792
		بلاغات النساء	أبي الفضل أحمد بن أبي طاهر [ ابن طيفور ]	Rafed	1748	0.48792
		 إنارة الدجى في مغازي خير الورى ( ص ) 	 القاضي حسن بن محمد المشاط 	ABLibrary	7428	0.48778
		الإبانة عن معاني القراءات	أبو محمد مكي بن أبي طالب حَمّوش بن محمد بن مختار القيسي القيرواني ثم الأندلسي القرطبي المالكي (المتوفى: 437هـ)	ShamAY	8676	0.48777
		مدرسة الكذابين في رواية التاريخ الإسلامي و تدوينه	خالد كبير علال	ShamAY	37321	0.48774
		تفسير القرآن العظيم [ج ٨]	أبي الفداء اسماعيل بن عمر ابن كثير الدمشقي	Rafed	3414	0.48773
		الغدير	عبدالحسين اميني ( علامه اميني )	Ghbook	9638	0.48773
		كتاب الكنى لمن لا يعرف له اسم من أصحاب النبي صلى الله عليه وسلم	أبو الفتح محمد بن الحسين بن أحمد بن عبد الله بن بريدة الموصلي الأزدي (المتوفى: 374هـ)	ShamAY	38205	0.48766
		التوضيح لشرح الجامع الصحيح	ابن الملقن سراج الدين أبو حفص عمر بن علي بن أحمد الشافعي المصري (المتوفى: 804هـ)	ShamAY	31764	0.48766
		مجموعة رسائل بان أبي الدنيا كتاب التوكل على الله	أبو بكر عبد الله بن محمد بن عبيد بن سفيان بن قيس البغدادي الأموي القرشي المعروف بابن أبي الدنيا (المتوفى: 281هـ)	ShamAY	8254	0.48764
		الإعلام بالكتب المصنفة في احاديث الأاحكام	أبو يعلى البيضاوي	ShamAY	37334	0.48756
		المنتقى من السنن المسندة - ت الحويني - ط العلمية	أبو محمد عبد الله بن علي بن الجارود	ShamAY	33947	0.48752
		الجزء العاشر من مسند عمر بن الخطاب ليعقوب بن شيبة	يعقوب بن شيبة السدوسي	ShamAY	33697	0.48748
		منظومة مصباح الراوي في علم الحديث	عبد الله بن فودي	ShamAY	37293	0.48745
		خصائص الائمه عليهم السلام : خصائص اميرالمومنين عليه السلام 	محمد بن الحسين شريف رضي ( سيد رضي )	Ghbook	2497	0.48742
		مرآة العقول [ج ٦]	الشيخ محمّد باقر بن محمّد تقي المجلسي	Rafed	1020	0.48737
		مطلع الأنوار ونزهة البصائر والأبصار	أبو بكر محمد بن محمد بن علي بن خميس المالقي (المتوفى: بعد 639هـ)	ShamAY	9271	0.48731
		مرشد الزوّار إلى قبور الأبرار [ج ١]	موفق الدين بن عثمان	Rafed	2657	0.48727
		الملاحم و الفتن في ظهور الغائب المنتظر عجل الله فرجه	السيد علي بن موسى بن طاووس	Masaha	2335	0.48723
		جواب أبي مسعود إبراهيم بن محمد بن عبيد الدمشقي لأبي الحسن الدارقطني عما بين غلط أبي الحسين مسلم بن الحجاج القشيري	أبو مسعود إبراهيم بن محمد بن عبيد الدمشقي	ShamAY	34176	0.4872
		بلاغات النساء	أبو الفضل أحمد بن أبي طاهر ابن طيفور (المتوفى: 280هـ)	ShamAY	12848	0.48717
		المتعة (للشيخ المفيد)	الشيخ المفيد	Masaha	983	0.48716
		عقائد الإماميّة الإثنى عشريّة [ج ٣]	السيد إبراهيم الموسوي الزنجاني	Rafed	3539	0.48713
		فتح الابواب ، بين ذوي الالباب و بين رب الارباب ، في الاستخارة و ما فيها من وجوه ...	سيد رضي الدين علي بن موسي بن طاووس ابن طاووس	Ghbook	2583	0.48707
		تسمية ما انتهى إلينا من الرواة لأبي نعيم الأصبهاني	أبو نعيم أحمد بن عبد الله بن أحمد بن إسحاق بن موسى بن مهران الأصبهاني (المتوفى: 430هـ)	ShamAY	9312	0.48703
		سرور أهل الإيمان	السيد بهاء الدين علي بن عبد الكريم النيلي النجفي	Rafed	739	0.48699
		إحقاق الحقّ وإزهاق الباطل [ج ٢٥]	آية الله السيّد شهاب الدين الحسيني المرعشي النجفي	Rafed	2793	0.48695
		حديث أبي علي الحسن بن علي الشعراني - مخطوط		ShamAY	32776	0.48692
		الطّرائف في معرفة مذاهب الطوائف	السيّد رضي الدين أبو القاسم علي بن موسى بن جعفر بن طاووس الحسني الحلّي [ السيّد بن طاووس ]	Rafed	3590	0.48687
		وسائل الشيعة [ج ١١]	محمد بن الحسن الحرّ العاملي [ العلامة الشيخ حرّ العاملي ]	Rafed	303	0.48681
		إحقاق الحقّ وإزهاق الباطل [ج ٢٣]	آية الله السيّد شهاب الدين الحسيني المرعشي النجفي	Rafed	2791	0.48679
		تراثنا ـ العدد [ 23 ]	مؤسسة آل البيت عليهم السلام لإحياء التراث ـ قم	Rafed	2743	0.48679
		قَلائِدِ المُرْجَان فِي تَخْرِيج حَدِيث إذا اجْتَمَعَ عِيدَان	فوزي الأثري	ShamAY	33070	0.48678
		الرد على أصحاب العدد ـ جوابات أهل الموصل	الشيخ المفيد	Masaha	980	0.48675
		الرسائل الثلاث: المستطابه في نسب سادات طابه 	سيدمهدي رجايي	Ghbook	15605	0.48672
		الحور العين	نشوان بن سعيد الحميرى اليمني (المتوفى: 573 ه)	ShamelaY19	22885	0.48665
		اعتقاد الأئمة الأربعة	محمد بن عبد الرحمن الخميس	Sham19Y	22273	0.48665
		امل الآمل في احوال علماء جبل عامل	محمد بن حسن حر عاملي	Ghbook	7175	0.48664
		الزهد لوكيع	أبو سفيان وكيع بن الجراح بن مليح بن عدي بن فرس بن سفيان بن الحارث بن عمرو ابن عبيد بن رؤاس الرؤاسي (المتوفى: 197هـ)	ShamAY	21545	0.4866
		تحفة الأحباب وبغية الطّلاب	نور الدين علي بن أحمد بن عمر بن خلف بن محمود السخاوي الحنفي	Rafed	2179	0.4866
		نوادر الأصول في معرفة أحاديث الرسول صلى الله عليه وسلم - النسخة المسندة	الحكيم الترمذي (285 هـ)	ShamAY	34123	0.48657
		التفسير النبوي مُقَدِّمَةٌ تَأْصِيْلِيَّةٌ مَعَ دِرَاسَةٍ حَدِيثِيَّةٍ لِأَحَادِيْثِ التَّفْسِيْرِ النَّبَوِيِّ الصَّريح	خالد بن عبد العزيز الباتلي	ShamAY	32142	0.48654
		 موسوعة الإمام العسكري ( ع ) 	 الشيخ أبو القاسم الخزعلي 	ABLibrary	7848	0.48642
		بيوت الصحابة حول المسجد النبوي	محمد إلياس عبد الغني	ShamAY	38407	0.48641
		تراثنا ـ العدد [ 61 ]	مؤسسة آل البيت عليهم السلام لإحياء التراث ـ قم	Rafed	3249	0.48637
		صحيح البخاري ـ حسب ترقيم فتح الباري - ط دار الشعب	محمد بن إسماعيل بن إبراهيم بن المغيرة البخاري، أبو عبد الله (المتوفى : 256هـ)	ShamAY	38030	0.48625
		تفسير الطبري = جامع البيان عن تأويل آي القرآن	محمد بن جرير بن يزيد بن كثير بن غالب الآملي، أبو جعفر الطبري (المتوفى: 310هـ)	ShamAY	7798	0.48623
		جزء فيه شروط أمير المؤمنين عمر بن الخطاب رضي الله عنه على النصارى، وفيه حديث واصل الدمشقي ومناظرته لهم رضي الله عنه - سلسلة لقاء العشر الأواخر بالمسجد الحرام (23)	عثمان بن أحمد بن عبيد الله بن يزيد، أبو عمرو الدقاق، ابن السَّمَّاك (المتوفى: 344 هـ)	ShamAY	32481	0.48622
		مسند الإمام الشافعي (ترتيب سنجر)	الشافعي أبو عبد الله محمد بن إدريس بن العباس بن عثمان بن شافع بن عبد المطلب بن عبد مناف المطلبي القرشي المكي (المتوفى: 204هـ)	ShamAY	9615	0.48619
		 مستعذب الإخبار بأطيب الأخبار 	 أبي مدين بن أحمد بن محمد الفاسي 	ABLibrary	7701	0.48617
		معارج الوصول إلى معرفة آل الرسول و البتول‏	جمال الدين محمد بن يوسف الزرندي الحنفي‏	Masaha	2855	0.48615
		الثاني من أمالي ابن السماك	عثمان بن أحمد بن عبيد الله بن يزيد، أبو عمرو الدقاق، ابن السماك (المتوفى: 344ه)	ShamelaY19	29863	0.48612
		عوالم العلوم والمعارف والاحوال (الجزء 23) في احوال الامام محمد بن علي الجواد علي...	محمد باقر بن مرتضي موحد ابطحي اصفهاني	Ghbook	15999	0.48605
		ترتيب المدارك وتقريب المسالك	أبو الفضل القاضي عياض بن موسى اليحصبي (المتوفى: 544هـ)	ShamAY	31215	0.486
		رسالة في حديث خطبة علي بنت ابي جهل	السيّد علي الحسيني الميلاني	Rafed	220	0.48596
		الأنوار ومحاسن الأشعار	أبو الحسن علي بن محمد بن المطهر العدوي المعروف بالشمشاطي (المتوفى: 377هـ)	ShamAY	601	0.48593
		الجامع لعلوم الإمام أحمد - الأدب والزهد	خالد الرباط، سيد عزت عيد [بمشاركة الباحثين بدار الفلاح]	ShamelaY19	20882	0.48591
		الجزء الثاني من حديث يحيى بن معين الفوائد رواية أبي بكر المروزي	أبو زكريا يحيى بن معين بن عون بن زياد بن بسطام بن عبد الرحمن (المتوفى: 233هـ)	ShamAY	9294	0.48589
		مختصر الانتخاب من كتاب من صبر ظفر لأبي بكر المطوعي - مخطوط	أبو بكر محمد بن علي بن محمد بن عمر المطوعي الغازي النيسابوري	ShamAY	32949	0.48589
		صفحات مشرقة من حياة السلف، سفيان بن سعيد الثوري	أبو ياسر محمد بن مطر بن عثمان آل مطر الزهراني (المتوفى: 1427هـ)	ShamAY	31643	0.48584
		غاية المقال فيما يتعلق بالنعال	الإمام محمد عبد الحي اللكنوي (ت1304هـ)	ShamAY	36022	0.48577
		حديث شعبة بن الحجاج	محمد بن المظفر بن موسى بن عيسى، أبو الحسين البزاز البغدادي (المتوفى: 379هـ)	ShamAY	5732	0.48572
		 البيان والتبيين 	 الجاحظ 	ABLibrary	824	0.48571
		تفسير القرآن العظيم [ج ٣]	عبد الرحمن بن محمّد ابن إدريس الرازي ابن أبي حاتم	Rafed	1828	0.4857
		وسائل الشيعة [ج ٢٩]	محمد بن الحسن الحرّ العاملي [ العلامة الشيخ حرّ العاملي ]	Rafed	364	0.48569
		نسخة طالوت وهي في أحاديث طالوت بن عباد البصري الصيرفي المتوفى: 238هـ	أبو القاسم عبد الله بن محمد بن عبد العزيز بن المَرْزُبان بن سابور بن شاهنشاه البغوي (المتوفى: 317هـ)	ShamAY	26341	0.48566
		الفتنة ووقعة الجمل	سيف بن عمر الأسدي التَّمِيمي (المتوفى: 200هـ)	ShamAY	7536	0.48556
		فلان وفلانه: كتاب يكشف التزييف والتضليل السياسي في اكثر من مئه روايه من روايات ا...	عبدالرحمن العقيلي	Ghbook	12314	0.48535
		البرهان في تفسير القرآن - الجزء1	السيد هاشم البحراني	Masaha	3228	0.4853
		القلائد الجوهريّة في تاريخ الصالحيّة	أبي عبد الله شمس الدين محمّد بن علي بن طولون الدمشقي الصالحي [ ابن طولون ]	Rafed	2313	0.48527
		قرة العينين برفع اليدين في الصلاة	محمد بن إسماعيل بن إبراهيم بن المغيرة البخاري، أبو عبد الله (المتوفى: 256هـ)	ShamAY	1613	0.48525
		الجامع لعلوم الإمام أحمد - أصول الفقه	خالد الرباط، سيد عزت عيد [بمشاركة الباحثين بدار الفلاح]	ShamAY	38853	0.48515
		اعتقاد الأئمة الأربعة	محمد بن عبد الرحمن الخميس	ShamAY	2	0.48511
		الأدب المفرد مخرجا	محمد بن إسماعيل بن إبراهيم بن المغيرة البخاري، أبو عبد الله (المتوفى: 256هـ)	ShamAY	12991	0.48496
		مستدرك الوسائل [ج ٥]	الشيخ حسين النوري الطبرسي [ المحدّث النوري ]	Rafed	1138	0.48493
		من تكلم فيه الدارقطني في كتاب السنن من الضعفاء والمتروكين والمجهولين (فيه أكثر من مائتي ترجمة ليست في سنن الدارقطني المطبوع)	محمد بن عبد الرحمن بن محمد بن أحمد بن التقي سليمان بن حمزة المقدسي ثم الصالحي ناصر الدين المعروف بابن زريق (المتوفى: 803ه)	Sham19Y	13244	0.48487
		شرح صحيح ابن حبان - الراجحي	عبد العزيز بن عبد الله بن عبد الرحمن الراجحي	ShamelaY19	37009	0.48476
		ما صح من آثار الصحابة في الفقه	زكريا بن غلام قادر الباكستاني	ShamAY	37984	0.48476
		تأويل مختلف الحديث	أبو محمد عبد الله بن مسلم بن قتيبة الدينوري (المتوفى: 276هـ)	ShamAY	7292	0.48473
		عمر بن الخطاب	عبد الرحمن أحمد البكري	ShamAY	34630	0.48471
		عيون الأخبار	أبو محمد عبد الله بن مسلم بن قتيبة الدينوري (المتوفى: 276ه)	ShamelaY19	23790	0.48466
		إنباء الأمراء بأنباء الوزراء	شمس الدين محمد بن علي بن خمارويه بن طولون الدمشقي الصالحي الحنفي (المتوفى: 953ه)	Sham19Y	120145	0.48464
		الحور العين	نشوان بن سعيد الحميرى اليمني (المتوفى: 573 هـ)	ShamAY	22885	0.4846
		جزء فيه تحرير الجواب عن ضرب الدواب	محمد بن عبد الرحمن بن محمد السخاوي (831 - 902)	ShamAY	36522	0.48457
		حديث أبي نعيم عن أبي علي الصواف لأبي نعيم الأصبهاني	أبو نعيم أحمد بن عبد الله بن أحمد بن إسحاق بن موسى بن مهران الأصبهاني (المتوفى: 430ه) عن شيخه أبي علي الصواف	Sham19Y	9416	0.48455
		عيون الأخبار	أبو محمد عبد الله بن مسلم بن قتيبة الدينوري (المتوفى: 276هـ)	ShamAY	23790	0.48442
		زيادات واستدراكات ألحقها محققا النعت الأكمل بالكتاب من وفاة المؤلف حتى نهاية القرن الرابع عشر الهجري	محمد مطيع الحافظ	ShamelaY19	147072	0.48441
		حديث أبي القاسم عافية وغيره لأبي بكر بن المهندس - مخطوط (ن)	أَبُو بَكْرٍ أَحْمَدُ بنُ مُحَمَّدِ بنِ إِسْمَاعِيْلَ البنَّاءُ ابْنُ المُهَنْدِسِ (المتوفى: 385هـ)	ShamAY	11433	0.4844
		الإمام عليّ الهادي عليه السلام سيرة وتاريخ	علي موسى الكعبي	Rafed	616	0.48434
		الامام الكاظم عليه السلام سيد بغداد و حاميها وشفيعها	علي كوراني	Ghbook	12354	0.48434
		الفروع من الكافي - الجزء3	ثقة الإسلام أبي جعفر الكليني	Masaha	3	0.4843
		القول الصراح في البخاري وصحيحه الجامع	شيخ الشريعة الإصبهاني	Rafed	3573	0.48428
		الأدب المفرد مخرجا	محمد بن إسماعيل بن إبراهيم بن المغيرة البخاري، أبو عبد الله (المتوفى: 256ه)	Sham19Y	12991	0.48425
		 الذريعة 	 آقا بزرگ الطهراني 	ABLibrary	860	0.484
		فضائل المدينة للجندي	أبو سعيد المفضل بن محمد بن إبراهيم بن مفضل بن سعيد بن عامر بن شراحيل الشعبي الكوفي ثم الجندي المقرئ (المتوفى: 308هـ)	ShamAY	13137	0.48391
		إنارة الدجى في مغازي خير الورى صلى الله عليه وآله وسلم	حسن بن محمد المشاط المالكي (المتوفى: 1399هـ)	ShamAY	9772	0.48391
		جزء فيه المنظوم والمنثور من الحديث النبوي	أبو الحسين عفيف بن محمد الخطيب البوشنجي (المتوفى: ق 5ه)	Sham19Y	26886	0.48386
		العسل المصفى من تهذيب زين الفتى في شرح سورة هل أتى‏ - الجزء1	أحمد بن محمد بن علي العاصمي	Masaha	2064	0.4838
		الإجابة لإيراد ما استدركته عائشة على الصحابة ط الخانجي	أبو عبد الله بدر الدين محمد بن عبد الله بن بهادر الزركشي الشافعي (المتوفى: 794هـ)	ShamAY	8490	0.48377
		الرد على الجهمية للدارمي	أبو سعيد عثمان بن سعيد بن خالد بن سعيد الدارمي السجستاني (المتوفى: 280هـ)	ShamAY	13023	0.48372
		تاريخ أهل البيت‏	ابن أبي الثلج‏	Masaha	1950	0.48371
		رسالة في الذب عن أبي الحسن الأشعري وكتابه الإبانة عن أصول الديانة	إبراهيم بن درباس	ShamAY	35651	0.48369
		المنتقى من السنن المسندة ـ مشكول ط العلمية	عبد الله بن علي بن الجارود، أبو محمد النيسابوري (ت: 307)	ShamAY	33925	0.48365
		مجالس العلماء للزجاجي	عبد الرحمن بن إسحاق البغدادي النهاوندي الزجاجي، أبو القاسم (المتوفى: 337هـ)	ShamAY	26676	0.48363
		تهذيب الأحكام [ج ٧]	أبي جعفر محمّد بن الحسن بن علي بن الحسن الطّوسي [ شيخ الطائفة ]	Rafed	741	0.4836
		المنتقى من السنن المسندة	أبو محمد عبد الله بن علي بن الجارود النيسابوري المجاور بمكة (المتوفى: 307هـ)	ShamAY	13071	0.48359
		الامام الكاظم عليه السلام سيّد بغداد	الشيخ علي الكوراني العاملي	Rafed	3081	0.48353
		التاريخ وأسماء المحدثين وكناهم	محمد بن أحمد المقدمي البصري (المتوفى: 301هـ)	ShamAY	34659	0.48342
		العَرْفُ الوَرْدِي في أخبار المَهْدِي	السيوطي	ShamAY	36053	0.48341
		أكثر مدة الحمل د سعد الخثلان	سعد الخثلان	ShamAY	36698	0.48337
		السِّيرةُ النَّبَويَّةُ الصَّحيْحَةُ مُحَاوَلَةٌ لِتَطبِيْقِ قَوَاعِدِ المُحَدِّثيْنَ فِيْ نَقْدِ روَايَاتِ السِّيْرَةِ النَّبَويَّةِ	د. أكرم ضياء العمري	ShamAY	31719	0.48332
		مقدمات في علم القراءات	محمد أحمد مفلح القضاة، أحمد خالد شكرى، محمد خالد منصور (معاصر)	ShamelaY19	38076	0.48327
		قيس بن سعد بن عبادة الأنصاري وشعره في الغدير	الشيخ عبد الحسين الأميني النجفي	Masaha	380	0.48303
		الصراع بين الأمويين ومبادئ الاسلام	الدكتور نوري جعفر	Rafed	79	0.48301
		تفسير القرآن العظيم [ج ٥]	عبد الرحمن بن محمّد ابن إدريس الرازي ابن أبي حاتم	Rafed	1830	0.48294
		سلسلة الأحاديث الصحيحة وشيء من فقهها وفوائدها	أبو عبد الرحمن محمد ناصر الدين، بن الحاج نوح بن نجاتي بن آدم، الأشقودري الألباني (المتوفى: 1420ه)	Sham19Y	9442	0.48292
		إثبات الشفاعة للذهبي	شمس الدين أبو عبد الله محمد بن أحمد بن عثمان بن قايماز الذهبي (المتوفى: 748ه)	ShamelaY19	26890	0.48287
		سلسلة الأحاديث الصحيحة وشيء من فقهها وفوائدها	أبو عبد الرحمن محمد ناصر الدين، بن الحاج نوح بن نجاتي بن آدم، الأشقودري الألباني (المتوفى: 1420هـ)	ShamAY	9442	0.48284
		تراثنا ـ العددان [ 38 و 39 ]	مؤسسة آل البيت عليهم السلام لإحياء التراث ـ قم	Rafed	2798	0.48282
		مختصر التبيين لهجاء التنزيل	أبو داود، سليمان بن نجاح بن أبي القاسم الأموي بالولاء، الأندلسي (المتوفى: 496ه)	ShamelaY19	29988	0.48281
		 مسند الإمام الباقر ( ع ) 	 الشيخ عزيز الله عطاردي 	ABLibrary	7712	0.4828
		تاريخ اهل البيت : نقلا عن الائمه الباقر و الصادق و الرضا و العسكري عن آبائهم علي...	محمد رضا حسيني جلالي	Ghbook	9218	0.48279
		بحوث وتحقيقات (عبد العزيز الميمني)	عبد العزيز الميمني	ShamelaY19	19234	0.48278
		عيون اخبار الرضا ( عليه السلام )	محمد بن علي بن بابويه شيخ صدوق	Ghbook	2645	0.48277
		موطأ مالك رواية يحي الليثي - ط الغرب الإسلامي	مالك بْنِ أَنَسٍ الأَصْبَحِيِّ	ShamAY	33934	0.48275
		السرايا والبعوث النبوية حول المدينة ومكة	بريك بن محمد بريك أبو مايلة العمري	ShamAY	7641	0.4827
		جزء في مسح الوجه بعد الدعاء	بكر بن عبد الله أبو زيد	ShamAY	34323	0.48261
		نظرة في كتاب البداية والنهاية	الشيخ عبد الحسين الأميني النجفي	Masaha	469	0.48261
		السنن الواردة في الفتن وغوائلها والساعة وأشراطها	أبو عمرو عثمان بن سعيد المقرئ الداني	ShamAY	33853	0.48255
		نفحات الأزهار في خلاصة عبقات الأنوار [ج ٩]	السيّد علي الحسيني الميلاني	Rafed	439	0.48255
		الجزء الخامس من فوائد أبي عمران موسى بن هارون بن عبد الله البزاز	أبو عمران موسى بن هارون بن عبد الله البزاز الحمال	ShamAY	33671	0.48247
		الزهد للمعافى بن عمران الموصلي	أبو مسعود المعافى بن عمران بن نفيل بن جابر الأزدي الموصلي (المتوفى: 185هـ)	ShamAY	29289	0.48239
		صفة المفتي والمستفتي ت أبي جنة	نجم الدين أحمد بن حمدان بن شبيب بن حمدان الحراني الحنبلي (603 ه - 695 ه)	ShamelaY19	132972	0.48231
		الثاني من أمالي ابن السماك	عثمان بن أحمد بن عبيد الله بن يزيد، أبو عمرو الدقاق، ابن السَّمَّاك (المتوفى: 344هـ)	ShamAY	29863	0.48226
		الأدب لابن أبي شيبة	أبو بكر بن أبي شيبة، عبد الله بن محمد بن إبراهيم بن عثمان بن خواستي العبسي (المتوفى: 235هـ)	ShamAY	638	0.48217
		مستعذب الإخبار بأطيب الأخبار	أبو مدين بن أحمد بن محمد بن عبد القادر بن علي الفاسي (المتوفى: بعد 1132هـ)	ShamAY	23675	0.48216
		 موسوعة الإمام الهادي ( ع ) 	 الشيخ أبو القاسم الخزعلي 	ABLibrary	7844	0.48215
		اعتقاد أئمة السلف أهل الحديث	محمد بن عبد الرحمن الخميس	ShamAY	7506	0.4821
		نسخة عبد الله بن عون الخراز عن شيوخه	عبد الله بن عون الخراز	ShamAY	33610	0.48209
		موسوعة مواقف السلف في العقيدة والمنهج والتربية (أكثر من 9000 موقف لأكثر من 1000 عالم على مدى 15 قرنا)	أبو سهل محمد بن عبد الرحمن المغراوي	ShamelaY19	37325	0.48197
		عوالي مالك رواية هشام بن عمار	هشام بن عمار بن نصير بن ميسرة بن أبان السُّلمي، ويقال: الظفري، أبو الوليد الدمشقي المقرئ (المتوفى: 245هـ)	ShamAY	1363	0.48194
		طلوع سعد السعود - الجزء1	إسماعيل بن عودة المزاري	Masaha	4204	0.48194
		فوائد أبي علي أحمد بن علي بن شعيب المدائني	أبو علي أحمد بن علي بن شعيب المدائني (المتوفى: بعد 310هـ)	ShamAY	29713	0.48192
		دلائل الصدق لنهج الحق [ج ١]	الشيخ محمد حسن المظفر	Rafed	243	0.48187
		كتاب الحج من كتب عبد العزيز بن عبد الله بن أبي سلمة الماجشون	أبو عبد الله، وأبو الأصبغ الماجشون عبد العزيز بن عبد الله التيمي ابن أبي سلمة ميمون - وقيل: دينار - التيمي مولاهم، المدني (المتوفى: 164ه)	ShamelaY19	26922	0.48184
		مكانة أهل الحديث ومآثرهم وآثارهم الحميدة في الدين	ربيع بن هادي المدخلي	ShamAY	33005	0.48178
		تفسير الحبري‏	حسين بن حكم الكوفي الحبري‏	Masaha	1957	0.48172
		اعتقاد أئمة السلف أهل الحديث	محمد بن عبد الرحمن الخميس	Sham19Y	7506	0.48169
		 أعيان الشيعة 	 السيد محسن الأمين 	ABLibrary	80	0.48169
		البحث المسفر عن تحريم كل مسكر ومفتر	محمد بن علي بن محمد بن عبد الله الشوكاني اليمني (المتوفى: 1250هـ)	ShamAY	7566	0.48166
		التوابين - ط العلمية	عبد الله بن أحمد بن محمد بن قدامة المقدسي أبو محمد موفق الدين	ShamAY	33750	0.48163
		إنباء الأمراء بأنباء الوزراء	شمس الدين محمد بن علي بن خمارويه بن طولون الدمشقي الصالحي الحنفي (المتوفى: 953هـ)	ShamAY	31706	0.48163
		الجزء فيه حديث الحافظ ابن ديزيل	إبراهيم بن الحسين بن علي الهمداني الكسائي المعروف بابن ديزيل (281 هـ)	ShamAY	1356	0.48158
		مختصر التبيين لهجاء التنزيل	أبو داود، سليمان بن نجاح بن أبي القاسم الأموي بالولاء، الأندلسي (المتوفى: 496هـ)	ShamAY	1465	0.48151
		آكام النفائش بأداء الأذكار بلسان فارس	الإمام محمد عبد الحي اللكنوي (ت1304هـ)	ShamAY	36002	0.48142
		نكت النهاية - الجزء1	المحقق الحلي	Masaha	1046	0.48134
		دلائل الصدق لنهج الحق - الجزء1	الشيخ محمد حسن المظفر	Masaha	274	0.48129
		أخلاق النبي لأبي الشيخ الأصبهاني	أبو محمد عبد الله بن محمد بن جعفر بن حيان الأنصاري المعروف بأبِي الشيخ الأصبهاني (المتوفى: 369هـ)	ShamAY	12980	0.48128
		وسائل الشيعة [ج ٨]	محمد بن الحسن الحرّ العاملي [ العلامة الشيخ حرّ العاملي ]	Rafed	297	0.48118
		الصراع بين الأمويين ومبادئ الاسلام	د. نوري جعفر	Masaha	1724	0.48117
		سرور أهل الإيمان في علامات ظهور صاحب الزمان (عج)	علي بن عبد الكريم النيلي	Masaha	2219	0.48109
		حديث شعبة لمحمد بن العباس بن نجيح البغدادي - مخطوط (ن)	محمّد بن العبّاس بن نجيح، أَبُو بَكْر البزاز (المتوفى: 345هـ)	ShamAY	21638	0.48103
		جزء فيه المنظوم والمنثور من الحديث النبوي	أبو الحسين عفيف بن محمد الخطيب البوشنجي (المتوفى: ق 5هـ)	ShamAY	26886	0.48091
		مناظرة ابن شاقلا الحنبلي المتوفى سنة 369 هـ لأبي سليمان الدمشقي المتكلم في الصفات الخبرية	ابن شاقلا الحنبلي	ShamAY	35745	0.48088
		الزهور المقتطفة من تاريخ مكّة المشرّفة	تقي الدين محمّد بن أحمد الحسني الفاسي المكّي	Rafed	2374	0.48082
		من حديث ابن حذلم	أبو الحسن القاضي أحمد بن سليمان بن أيوب بن داود بن عبد الله بن حذلم الأسدي الدمشقي الأوزاعي (المتوفى: 347ه)	Sham19Y	29651	0.4808
		ملاذ الاخيار في فهم تهذيب الاخبار	محمد بن حسن شيخ طوسي ( شيخ الطائفه )	Ghbook	10766	0.48078
		ذم اللواط للآجري	أبو بكر محمد بن الحسين بن عبد الله الآجُرِّيُّ البغدادي (المتوفى: 360هـ)	ShamAY	9512	0.48075
		المجالس الوعظية في شرح أحاديث خير البرية صلى الله عليه وسلم من صحيح الإمام البخاري	شمس الدين محمد بن عمر بن أحمد السفيري الشافعي (المتوفى: 956ه)	Sham19Y	9823	0.48069
		 نفس المهموم في مصيبة سيدنا الحسين المظلوم ( يليه نفثة المصدور فيما يتجدد به حزن العاشور ) 	 الشيخ عباس القمي 	ABLibrary	7873	0.48067
		تاريخ ابن الوردي	عمر بن مظفر بن عمر بن محمد ابن أبي الفوارس، أبو حفص، زين الدين ابن الوردي المعري الكندي (المتوفى: 749هـ)	ShamAY	6624	0.48066
		تاريخ ابن الوردي	عمر بن مظفر بن عمر بن محمد ابن أبي الفوارس، أبو حفص، زين الدين ابن الوردي المعري الكندي (المتوفى: 749ه)	Sham19Y	6624	0.48065
		ذم الرياء في الأعمال والشهرة في اللباس والأحوال وكراهية الصفق والزفن عند سماع الذكر	أبو محمد الحسن بن إسماعيل بن محمد الضراب (392 هـ)	ShamAY	33642	0.48062
		آيات الأنوار	آية الله الميرزا محمود اليوسفي الغروي	Rafed	3255	0.48062
		إعلام النبلاء بتاريخ حلب الشهباء [ج ٧]	محمد راغب بن محمود بن هاشم الطبّاخ الحلبي	Rafed	2397	0.48062
		موسوعة عبد الله بن عبّاس [ج ٤]	السيد محمد مهدي السيد حسن الموسوي الخرسان	Rafed	1172	0.48061
		تذكره الاعيان	آيت الله العظمي جعفر سبحاني	Ghbook	9008	0.48055
		شرح علل الترمذي	زين الدين عبد الرحمن بن أحمد بن رجب بن الحسن، السَلامي، البغدادي، ثم الدمشقي، الحنبلي (المتوفى: 795هـ)	ShamAY	9552	0.48054
		اللّباب في علوم الكتاب [ج ١]	أبي حفص عمر بن علي بن عادل الدمشقي الحنبلي	Rafed	3089	0.48053
		مصادر الحافظ ابن الفرضي في كتابه" تاريخ العلماء والرواة "	د. حمد بن صالح السحيباني	ShamAY	35881	0.48051
		السادس من مشيخة ابن حيويه	محمد بن العباس بن محمد بن زكرياء، أبو عمر ابن حيويه الخزاز (المتوفى: 382هـ)	ShamAY	29958	0.4805
		أحاديث الاستفتاح رواية ودراية	عبد الرحمن بن عبد الكريم الزيد	ShamAY	36461	0.48049
		مختصر التبيين لهجاء التنزيل	أبو داود، سليمان بن نجاح بن أبي القاسم الأموي بالولاء، الأندلسي (المتوفى: 496ه)	Sham19Y	29988	0.48048
		زهير بن القين	شعبه التحقيق في قسم الشوون الفكريه والثقافيه في العتبه الحسينيه المقدسه	Ghbook	12294	0.48046
		 الإكليل من أخبار اليمن وأنساب حمير 	 الحسن الهمداني ( ابن الحائك ) 	ABLibrary	8963	0.48043
		 بحار الأنوار 	 العلامة المجلسي 	ABLibrary	743	0.48029
		أبراج الزجاج في سيرة الحجاج	عبد الرحمن بن سعيد بن علي بن وهف القحطاني (المتوفى: 1422ه)	ShamelaY19	96451	0.48024
		الثاني من حديث سفيان بن عيينة للطائي	على بن حرب بن محمد بن على الطائى، أبو الحسن الموصلى (المتوفى: 265ه)	ShamelaY19	29708	0.48021
		منهج المتقدمين في التدليس	ناصر الفهد	ShamAY	37353	0.4802
		جزء فيه المنظوم والمنثور من الحديث النبوي	أبو الحسين عفيف بن محمد الخطيب البوشنجي (المتوفى: ق 5ه)	ShamelaY19	26886	0.48017
		تفسير القرآن العظيم [ج ٩]	عبد الرحمن بن محمّد ابن إدريس الرازي ابن أبي حاتم	Rafed	1836	0.48017
		تهذيب الأحكام [ج ١٠]	أبي جعفر محمّد بن الحسن بن علي بن الحسن الطّوسي [ شيخ الطائفة ]	Rafed	752	0.48015
		الإرشاد في معرفة حجج الله على العباد - الجزء1	الشيخ المفيد	Masaha	1842	0.48012
		عون المعبود شرح سنن أبي داود (ط. المكبتة السلفية)	أبو الطيب محمد شمس الحق العظيم آبادي	ShamAY	33531	0.4801
		الزّهد	الحسين بن سعيد الكوفي الأهوازي	Rafed	679	0.4801
		قَانون التَّأويْل	القاضي محمد بن عبد الله أبو بكر بن العربي المعافري الاشبيلي المالكي (المتوفى: 543هـ)	ShamAY	2076	0.48008
		 منتخب الأنوار في تاريخ الأئمة الأطهار ( ع ) 	 محمد بن همام الإسكافي 	ABLibrary	7792	0.48002
		الشهيد بن الصديق عبد الله بن أبي بكر رضي الله عنه	نضال دويكات	ShamAY	35885	0.48001
		دحض شبهات على التوحيد من سوء الفهم لثلاثة أحاديث	عبد الله بن عبد الرحمن بن عبد العزيز بن عبد الرحمن بن عبد الله بن سلطان بن خميس الملقب بـ"أبابطين" (المتوفى: 1282هـ)	ShamAY	11181	0.47994
		الذّريعة إلى تصانيف الشّيعة [ج ١]	الشيخ آقا بزرك الطهراني	Rafed	431	0.47988
		حديث الاقتداء بالشيخين ( ابي بكر و عمر )	آيت الله علي حسيني ميلاني	Ghbook	4795	0.47987
		شرح صحيح ابن حبان - الراجحي	عبد العزيز بن عبد الله بن عبد الرحمن الراجحي	ShamAY	104	0.4798
		جزء في مسائل عن أبي عبد الله أحمد بن حنبل	أبو القاسم عبد الله بن محمد بن عبد العزيز بن المَرْزُبان بن سابور بن شاهنشاه البغوي (المتوفى: 317هـ)	ShamAY	12853	0.47978
		الثاني من أجزاء أبي علي بن شاذان	الحسن بن خلف بن شاذان بن زياد الواسطى، أبو على البزاز (المتوفى: 246هـ)	ShamAY	29847	0.47977
		فضائل القرآن وتلاوته للرازي	أبو الفضل عبد الرحمن بن أحمد بن الحسن الرازي المقرىء (المتوفى: 454هـ)	ShamAY	1600	0.47977
		المجالس الوعظية في شرح أحاديث خير البرية صلى الله عليه وسلم من صحيح الإمام البخاري	شمس الدين محمد بن عمر بن أحمد السفيري الشافعي (المتوفى: 956هـ)	ShamAY	9823	0.47969
		انصار الحسين عليه السلام: الثوره والثوار	محمد علي الحلو	Ghbook	12285	0.47965
		وسائل الشيعة [ج ٢١]	محمد بن الحسن الحرّ العاملي [ العلامة الشيخ حرّ العاملي ]	Rafed	338	0.47956
		الاحاديث المقلوبه في مناقب الصحابه	آيت الله علي حسيني ميلاني	Ghbook	7522	0.47947
		الأربعون حديثا في المهدي	أبو نعيم الأصبهاني	ShamAY	35231	0.47942
		الإمام علي الهادي عليه السلام سيرة وتاريخ	مركز الرسالة	Masaha	1667	0.47932
		فلسفة الميثاق والولاية	السيد عبد الحسين شرف الدين	Masaha	345	0.47928
		التعازي لأبي الحسن المدائني	علي بْن مُحَمَّد بْن عَبْد اللَّه بْن أَبِي سيف أَبُو الحسن المعروف بالمدائني (المتوفى: 224هـ)	ShamAY	26863	0.47925
		جهود العلماء في تصنيف السيرة النبوية في القرنين الثامن والتاسع الهجريين	عبد الحميد بن علي فقيهي	ShamAY	11139	0.47915
		شرح معاني الآثار	أبو جعفر أحمد بن محمد بن سلامة بن عبد الملك بن سلمة الأزدي الحجري المصري المعروف بالطحاوي (المتوفى: 321هـ)	ShamAY	21108	0.47906
		مسألة الطائفين	أبو بكر محمد بن الحسين بن عبد الله الآجُرِّيُّ البغدادي (المتوفى: 360هـ)	ShamAY	6233	0.47906
		أخبار الشيعة وأحوال رواتها	الألوسي، محمود شكري	ShamAY	35891	0.47898
		أحاديث مسلسلات	أَبُو بَكْرٍ أَحْمَدُ بنُ عَلِيِّ بنِ الحُسَيْنِ بنِ زَكَرِيَّا الطُّرَيْثِيْثِيّ، ثُمَّ البَغْدَادِيّ، الصُّوْفِيّ، المَعْرُوف: بِابْنِ زَهْرَاءَ (المتوفى: 497هـ)	ShamAY	29777	0.47897
		الإحاطة في أخبار غرناطة [ج ١]	أبي عبد الله محمّد بن عبد الله بن سعيد بن أحمد السلماني [ لسان الدين بن الخطيب ]	Rafed	2344	0.47896
		الأربعون المستخرجة من الصحاح من روايات المحمدين	عبد الرزاق بن محمد بن أبي نصر أحمد بن محمد بن عيسى بن عمار أبو المحاسن الطبسي (المتوفى: 537ه)	ShamelaY19	29772	0.47893
		موطأ مالك برواية محمد بن الحسن الشيباني	مالك بن أنس بن مالك بن عامر الأصبحي المدني (المتوفى: 179هـ)	ShamAY	16050	0.47891
		أحكام المحبوسين في الفقه الجعفري	الشيخ محمد باقر الخالصي	Masaha	4899	0.47876
		تاج العروس [ج ٨]	محبّ الدين أبي فيض السيد محمّد مرتضى الحسيني الواسطي الزبيدي الحنفي	Rafed	1500	0.47876
		جزء فيه شروط النصارى وبذيله أحاديث لأبي محمد عبد الوهاب بن أحمد الكلابي	عبد الله بن أحمد بن ربيعة بن زبر الربعي، أبو محمد (المتوفى: 329ه)	Sham19Y	27091	0.47862
		تقسيم الحديث إلى صحيح، وحسن، وضعيف بين واقع المحدثين ومغالطات المتعصبين "رد على أبي غدة، ومحمد عوامة"	ربيع بن هادي المدخلي	ShamAY	37315	0.47855
		المسلسلات لتاج الدين أبي محمد عبد الله الجويني - مخطوط		ShamAY	32769	0.47845
		نور اليقين في سيرة سيد المرسلين	محمد بن عفيفي الباجوري، المعروف بالشيخ الخضري (المتوفى: 1345ه)	Sham19Y	23692	0.47844
		جواهر المطالب في مناقب الامام علي بن ابي طالب عليه السلام	شمس الدين ابوالبركات محمد بن احمد دمشقي باعوني شافعي	Ghbook	9273	0.47844
		جزء فيه حديث المصيصي لوين	أبو جعفر محمد بن سليمان بن حبيب بن جبير الأسدي المصيصي المعروف بـ لوين (المتوفى: 245هـ)	ShamAY	1459	0.47843
		تقسيم الحديث إلى صحيح، وحسن، وضعيف بين واقع المحدثين ومغالطات المتعصبين	ربيع بن هادي المدخلي	ShamAY	33034	0.4783
		حديثان أحدهما في فضل رجب لأبي معشر الطبري	عبد الكريم بن عبد الصمد بن محمد بن علي بن محمد القطان أبو معشر الطبري (المتوفى: 478هـ)	ShamAY	11454	0.47828
		رسائل الشهيد الأول	الشهيد الأول	Masaha	1106	0.47827
		تفسير القرآن العظيم [ج ٦]	أبي الفداء اسماعيل بن عمر ابن كثير الدمشقي	Rafed	3412	0.47825
		تراثنا ـ العدد [ 3 ]	مؤسسة آل البيت عليهم السلام لإحياء التراث ـ قم	Rafed	2507	0.47825
		 مكاتيب الأئمة ( ع ) 	 علي الأحمدي الميانجي 	ABLibrary	7779	0.47817
		رسائل الشهيد الأوّل	الشيخ شمس الدين محمد بن مكّي [ الشهيد الأوّل ]	Rafed	1251	0.47814
		شرح معاني الآثار	أبو جعفر أحمد بن محمد بن سلامة بن عبد الملك بن سلمة الأزدي الحجري المصري المعروف بالطحاوي (المتوفى: 321ه)	ShamelaY19	21108	0.47808
		مستخرج أبي عوانة	أبو عوانة يعقوب بن إسحاق بن إبراهيم النيسابوري الإسفراييني (المتوفى: 316هـ)	ShamAY	21618	0.47804
		 الزهور المقتطفة من تاريخ مكة المشرفة 	 محمد بن أحمد الفاسي 	ABLibrary	9116	0.47803
		ثمرات الأعواد [ج ٢]	علي بن الحسين الهاشمي الخطيب	Rafed	1621	0.47799
		إثبات الشفاعة للذهبي	شمس الدين أبو عبد الله محمد بن أحمد بن عثمان بن قَايْماز الذهبي (المتوفى: 748هـ)	ShamAY	26890	0.47796
		جواب الحافظ أبى محمد عبد العظيم المنذري المصري عن أسئلة فى الجرح والتعديل	عبد العظيم بن عبد القوي بن عبد الله، أبو محمد، زكي الدين المنذري (المتوفى: 656هـ)	ShamAY	9863	0.47787
		نور اليقين في سيرة سيد المرسلين	محمد بن عفيفي الباجوري، المعروف بالشيخ الخضري (المتوفى: 1345هـ)	ShamAY	23692	0.47783
		تدوين السنة ومنزلتها	عبد المنعم السيد نجم	ShamAY	10057	0.47781
		شرح علل الترمذي لابن رجب - ط الرشد	ابن رجب الحنبلي	ShamAY	34011	0.47777
		جزء حنبل (التاسع من فؤائد ابن السماك)	أبو علي حنبل بن إسحاق بن حنبل بن هلال بن أسد الشيباني (المتوفى: 273هـ)	ShamAY	13104	0.47776
		الايقاظ من الهجعة بالبرهان على الرجعة	الشيخ الحر العاملي	Masaha	669	0.47776
		الذّريعة إلى تصانيف الشّيعة - الجزء1	الشيخ آقا بزرك الطهراني	Masaha	1670	0.47766
		من وافق اسمه كنية أبيه للأزدي	أبو الفتح محمد بن الحسين بن أحمد بن عبد الله بن بريدة الموصلي الأزدي (المتوفى: 374هـ)	ShamAY	26920	0.47761
		تحية المسجد	محمد ضياء الرحمن الأعظمي	ShamAY	10052	0.47758
		فضائل القرآن وما أنزل من القرآن بمكة وما أنزل بالمدينة	أبو عبد الله محمد بن أيوب بن يحيى بن الضريس بن يسار الضريس البجلي الرازي (المتوفى: 294هـ)	ShamAY	9317	0.4775
		الامام الحسن العسكري عليه السلام والدالامام المهدي الموعود عجل الله تعالي فرجه ا...	علي كوراني	Ghbook	15138	0.47748
		الأول من حديث ابن حذلم	أبو الحسن القاضي أحمد بن سليمان بن أيوب بن داود بن عبد الله بن حذلم الأسدي الدمشقي الأوزاعي (المتوفى: 347ه)	ShamelaY19	29720	0.47742
		الفوائد للفريابي	أبو بكر جعفر بن محمد بن الحسن بن المُسْتَفاض الفِرْيابِي (المتوفى: 301هـ)	ShamAY	13050	0.47731
		مسند أحمد ط المكنز	أحمد بن حنبل أبو عبدالله الشيباني. (164، 241).	ShamAY	33936	0.47731
		هدايه المحدثين الي طريقه المحمدين	محمدامين بن محمدعلي كاظمي	Ghbook	15649	0.47726
		جامع الأصول	ابن الأثير، أبو السعادات	ShamelaY19	25800	0.47721
		الأصول الستّة عشر	الناشر: منشورات دار الشبستري للمطبوعات	Rafed	552	0.4772
		الحسن والحسين	الواحدي :: محمد رضا	ShamAY	35873	0.47693
		جزء فيه شروط النصارى وبذيله أحاديث لأبي محمد عبد الوهاب بن أحمد الكلابي	عبد الله بن أحمد بن ربيعة بن زبر الربعي، أبو محمد (المتوفى: 329ه)	ShamelaY19	27091	0.47685
		عبقرية الإمام مسلم في ترتيب أحاديث مسنده الصحيح	حمزة عبد الله المليباري	ShamAY	37279	0.47676
		الإمام علي الهادي عليه السلام	الشيخ علي الكوراني العاملي	Rafed	1232	0.47672
		حسرة العالم بوفاة سيد العالم	الإمام محمد عبد الحي اللكنوي (ت1304هـ)	ShamAY	35783	0.47667
		الإمام الحسن العسكري عليه السلام سيرة وتاريخ	علي موسى الكعبي	Rafed	263	0.47663
		 مسند الإمام الصادق ( ع ) 	 الشيخ عزيز الله عطاردي 	ABLibrary	7726	0.47653
		نفس المهموم في مصيبة سيدنا الحسين المظلوم و يليه نفثة المصدور فيما يتجدد به حزن العاشور	الشيخ عباس القمي	Masaha	3103	0.47652
		جزء الألف دينار وهو الخامس من الفوائد المنتقاة والأفراد الغرائب الحسان	أبو بكر أحمد بن جعفر بن حمدان بن مالك بن شبيب البغدادي المعروف بالقطيعي (المتوفى: 368هـ)	ShamAY	13099	0.47643
		الخلفاء الإثنا عشر	الدكتور الشيخ جعفر الباقري [ سامي صبيح علي ]	Rafed	1322	0.47637
		 موسوعة الإمام الهادي ( ع ) 	 الشيخ أبو القاسم الخزعلي 	ABLibrary	7843	0.47636
		بحار الأنوار [ج ٢٧]	الشيخ محمّد باقر بن محمّد تقي المجلسي	Rafed	902	0.47633
		ناسخ الحديث ومنسوخه للأثرم	أَبُو بَكْرٍ أَحْمَدُ بنُ مُحَمَّدِ بنِ هَانِئ الإِسْكَافيُّ الأَثْرَم الطَّائِيُّ وَقِيْلَ: الكَلْبِيّ (المتوفى: 273هـ)	ShamAY	1337	0.47619
		تفسير ابن أبي حاتم، الأصيل - مخرجا	أبو محمد عبد الرحمن بن محمد بن إدريس بن المنذر التميمي، الحنظلي، الرازي ابن أبي حاتم (المتوفى: 327هـ)	ShamAY	9699	0.47617
		الجمعة وفضلها لأحمد بن علي المروزي	أبو بكر أحمد بن علي بن سعيد بن إبراهيم الأموي المروزي (المتوفى: 292هـ)	ShamAY	8212	0.47602
		استقصاء الاعتبار في شرح الاستبصار - الجزء1	الشيخ البهائي	Masaha	1130	0.47602
		الزيادات على كتاب المزني	أبو بكر، عبد الله بن محمد بن زياد النيسابوري (المتوفى: 324هـ)	ShamAY	12844	0.47595
		السبعة الذين يظلهم الله يوم القيامة يوم لا ظل إلا ظله	الزرقاني، محمد بن عبد الباقي	ShamAY	35907	0.47593
		الأمثال والحكم	أبو الحسن علي بن محمد بن محمد بن حبيب البصري البغدادي، الشهير بالماوردي (المتوفى: 450 هـ)	ShamAY	32482	0.47592
		إبطال التأويلات	أبو يعلى ابن الفراء	ShamelaY19	22921	0.47588
		جزء من أحاديث أبي عمر السلمي عن شيوخه شيوخه (ضمن مجموع مطبوع باسم الفوائد لابن منده!)	أبو عمر عبد الله بن محمد بن أحمد بن عبد الوهاب السلمي (المتوفى: 330هـ)	ShamAY	9396	0.47587
		مسند ابن أبي شيبة	أبو بكر بن أبي شيبة، عبد الله بن محمد بن إبراهيم بن عثمان بن خواستي العبسي (المتوفى: 235هـ)	ShamAY	13155	0.47586
		البداية والنهاية ط هجر	أبو الفداء إسماعيل بن عمر بن كثير القرشي البصري ثم الدمشقي (المتوفى: 774هـ)	ShamAY	4445	0.47584
		اللباب في تسلية المصاب	أبو الحسن علاء الدين علي بن أيوب بن منصور المقدسي (ت 746هـ)	ShamAY	35003	0.47575
		الدارس في تاريخ المدارس‏  - الجزء1	عبد القادر بن محمد النعيمي الدمشقي	Masaha	4642	0.47568
		كتاب الكنى لمن لا يعرف له اسم من أصحاب النبي صلى الله عليه وسلم	أبو الفتح محمد بن الحسين بن أحمد بن عبد الله بن بريدة الموصلي الأزدي (المتوفى: 374هـ)	ShamAY	26895	0.47566
		رسالة الإمام أبي بكر البيهقي إلى الإمام أبي محمد الجويني	أحمد بن الحسين بن علي بن موسى الخُسْرَوْجِردي الخراساني، أبو بكر البيهقي (المتوفى: 458هـ)	ShamAY	27089	0.47564
		حلية الأبرار في أحوال محمد و آله الأطهار(ع) - الجزء1	السيد هاشم البحراني	Masaha	1990	0.47559
		العلاقة الحميمة بين الصحابة وآل البيت (رضي الله عنهم أجمعين)	الواحدي :: سليمان الخراشي	ShamAY	36683	0.47555
		تراثنا ـ العددان [ 55 و 56 ]	مؤسسة آل البيت عليهم السلام لإحياء التراث ـ قم	Rafed	3240	0.47545
		بحوث وتحقيقات (عبد العزيز الميمني)	عبد العزيز الميمني	ShamAY	37999	0.47544
				ShamAY	37993	0.47544
		الاكتفاء بما تضمنه من مغازي رسول الله(ص) و الثلاثة الخلفاء - الجزء1	أبو الربيع الحميري الكلاعي‏	Masaha	1852	0.47543
		إحقاق الحقّ وإزهاق الباطل [ج ٢٤]	آية الله السيّد شهاب الدين الحسيني المرعشي النجفي	Rafed	2792	0.4754
		تراثنا ـ العددان [ 53 و 54 ]	مؤسسة آل البيت عليهم السلام لإحياء التراث ـ قم	Rafed	3238	0.47528
		رسالة الصفات للخطيب البغدادي	الخطيب البغدادي	ShamAY	35236	0.47527
		الكلام على حديث الإستلقاء لأبي موسى المديني - مخطوط (ن)	محمد بن عمر بن أحمد بن عمر بن محمد الأصبهاني المديني، أبو موسى (المتوفى: 581ه)	ShamelaY19	21633	0.47524
		نواسخ القرآن = ناسخ القرآن ومنسوخه ت آل زهوي	جمال الدين أبو الفرج عبد الرحمن بن علي بن محمد الجوزي (المتوفى: 597ه)	ShamelaY19	38121	0.47523
		وسائل الشيعة [ج ٢٣]	محمد بن الحسن الحرّ العاملي [ العلامة الشيخ حرّ العاملي ]	Rafed	340	0.47523
		كشف الظنون عن أسامي الكتب والفنون	مصطفى بن عبد الله كاتب جلبي القسطنطيني المشهور باسم حاجي خليفة أو الحاج خليفة (المتوفى: 1067ه)	Sham19Y	2118	0.47521
		 الذريعة 	 آقا بزرگ الطهراني 	ABLibrary	844	0.47511
		مستخرج أبي عوانة	أبو عوانة يعقوب بن إسحاق بن إبراهيم النيسابوري الإسفراييني (المتوفى: 316ه)	ShamelaY19	21618	0.4751
		مستخرج أبي عوانة	أبو عوانة يعقوب بن إسحاق بن إبراهيم النيسابوري الإسفراييني (المتوفى: 316ه)	Sham19Y	21618	0.47505
		عبد الله بن سبأ اليهودي اليماني بين الحقيقة والخيال	د. سامي عطا حسن	ShamAY	35684	0.47498
		سلسلة الأحاديث الضعيفة والموضوعة وأثرها السيئ في الأمة	أبو عبد الرحمن محمد ناصر الدين، بن الحاج نوح بن نجاتي بن آدم، الأشقودري الألباني (المتوفى: 1420ه)	Sham19Y	12762	0.47498
		كتاب بغداد	أبو الفضل أحمد بن أبي طاهر ابن طيفور (المتوفى: 280هـ)	ShamAY	5880	0.47494
		بحار الأنوار [ج ٥١]	الشيخ محمّد باقر بن محمّد تقي المجلسي	Rafed	1007	0.47484
		نزول سوره هل اتي	آيت الله علي حسيني ميلاني	Ghbook	4798	0.47483
		الاشتقاق	أبو بكر محمد بن الحسن بن دريد الأزدي (المتوفى: 321هـ)	ShamAY	9211	0.47475
		الفوائد والأخبار لابن دريد	أبو بكر محمد بن الحسن بن دريد الأزدي (المتوفى: 321هـ)	ShamAY	26986	0.47465
		من حديث القاضي أبي بكر الأزدي الموصلي - مخطوط		ShamAY	32815	0.47464
		العرش وما روي فيه - مخرجا	أبو جعفر محمد بن عثمان بن أبي شيبة العبسي (المتوفى : 297هـ)	ShamAY	12443	0.47451
		كتاب المزار	السيد مهدي القزويني	Rafed	2257	0.47451
		تحذير الخواص من أكاذيب القصاص	عبد الرحمن بن أبي بكر، جلال الدين السيوطي (المتوفى: 911هـ)	ShamAY	6073	0.47441
		تحفة الأزهار و زلال الأنهار في نسب أبناء الأئمة الأطهار‏ - الجزء1	ضامن بن شدقم الحسيني المدني‏	Masaha	1987	0.4744
		أنيس الفضلاء من سير أعلام النبلاء فوائد - وطرائف - ونُكت - وأخبار	محمد المنصور بن إبراهيم	ShamAY	35866	0.47438
		 بحار الأنوار 	 العلامة المجلسي 	ABLibrary	742	0.47438
		الكشف والبيان [ج ٤]	أبي محمّد بن عاشور	Rafed	1661	0.47433
		ولاية أهل البيت عليهم السلام في القرآن والسنّة	حسينة حسن الدّريب	Rafed	1226	0.47431
		إيقاظ همم أولي الأبصار للاقتداء بسيد المهاجرين والأنصار	صالح بن محمد بن نوح بن عبد الله العَمْري المعروف بالفُلَّاني المالكي (المتوفى: 1218هـ)	ShamAY	6856	0.47428
		التَّفْسِيرُ البَسِيْط	أبو الحسن علي بن أحمد بن محمد بن علي الواحدي، النيسابوري، الشافعي (المتوفى: 468هـ)	ShamAY	31808	0.47427
		تاريخ الشّحر وأخبار القرن العاشر	محمّد بن عمر الطيّب بافقيه	Rafed	2219	0.47424
		سلسلة الأحاديث الضعيفة والموضوعة وأثرها السيئ في الأمة	أبو عبد الرحمن محمد ناصر الدين، بن الحاج نوح بن نجاتي بن آدم، الأشقودري الألباني (المتوفى: 1420هـ)	ShamAY	12762	0.47411
		 الكامل في التاريخ 	 ابن الأثير 	ABLibrary	8253	0.47411
		أبراج الزجاج في سيرة الحجاج	عبد الرحمن بن سعيد بن علي بن وهف القحطاني (المتوفى: 1422ه)	Sham19Y	96451	0.47404
		حديث الغدير و شبهه شكوي جيش اليمن	محمد حسيني قزويني	Ghbook	11221	0.47402
		خاتمة مستدرك الوسائل [ج ٦]	الشيخ حسين النوري الطبرسي [ المحدّث النوري ]	Rafed	1469	0.47396
		الثاني من أجزاء أبي علي بن شاذان	الحسن بن خلف بن شاذان بن زياد الواسطى، أبو على البزاز (المتوفى: 246ه)	ShamelaY19	29847	0.47391
		ترتيب المدارك وتقريب المسالك	أبو الفضل القاضي عياض بن موسى اليحصبي (المتوفى: 544ه)	ShamelaY19	31215	0.47389
		الزيادات على كتاب المزني	أبو بكر، عبد الله بن محمد بن زياد النيسابوري (المتوفى: 324ه)	Sham19Y	12844	0.47381
		أهل البيت عليهم السلام في المكتبة العربية	السيّد عبد العزيز الطباطبائي	Rafed	702	0.47373
		الذّريعة إلى تصانيف الشّيعة [ج ٢٤]	الشيخ آقا بزرك الطهراني	Rafed	503	0.4737
		زهر الآداب وثمر الألباب	إبراهيم بن علي بن تميم الأنصاري، أبو إسحاق الحصري القيرواني (المتوفى: 453ه)	Sham19Y	10768	0.47367
		من حديث ابن المقرئ (مطبوع ضمن جمهرة الأجزاء الحديثية)	أبو بكر محمد بن إبراهيم بن علي بن عاصم بن زاذان الأصبهاني الخازن، المشهور بابن المقرئ (المتوفى: 381هـ)	ShamAY	21482	0.47361
		الأربعون المستخرجة من الصحاح من روايات المحمدين	عبد الرزاق بن محمد بن أبي نصر أحمد بن محمد بن عيسى بن عمار أبو المحاسن الطبسي (المتوفى: 537ه)	Sham19Y	29772	0.47357
		 الذريعة 	 آقا بزرگ الطهراني 	ABLibrary	845	0.47344
		أعلام المغرب والأندلس في القرن الثامن	إسماعيل بن يوسف بن محمد بن نصر الخزرجي الأنصاري النصري، أبو الوليد، المعروف بابن الأحمر (المتوفى: 807هـ)	ShamAY	31705	0.47337
		أعلام المغرب والأندلس في القرن الثامن	إسماعيل بن يوسف بن محمد بن نصر الخزرجي الأنصاري النصري، أبو الوليد، المعروف بابن الأحمر (المتوفى: 807ه)	ShamelaY19	120143	0.47333
		المباحث العقدية في كتاب بصائر ذوي التمييز في لطائف الكتاب العزيز للفيروزآبادي	جاسم السامرائي	ShamAY	35771	0.47332
		الفصول في السيرة	أبو الفداء إسماعيل بن عمر بن كثير القرشي البصري ثم الدمشقي (المتوفى: 774ه)	Sham19Y	9241	0.47331
		السر المكتوم في الفرق بين المالين المحمود والمذموم ويليه جواب في الجمع بين حديثين، هما: دعاؤه صلى الله عليه وسلم لأنس بن مالك بكثرة المال والولد، وحديث دعائه بذلك على من لم يؤمن به ويصدقه	شمس الدين أبو الخير محمد بن عبد الرحمن بن محمد بن أبي بكر بن عثمان بن محمد السخاوي (المتوفى: 902هـ)	ShamAY	1500	0.47325
		بحار الأنوار [ج ٤٠]	الشيخ محمّد باقر بن محمّد تقي المجلسي	Rafed	964	0.4732
		مسائل حرب الكرماني كتاب الطهارة والصلاة - ت السريع	أبو محمد حرب بن إسماعيل بن خلف الكرماني (المتوفى: 280 هـ)	ShamAY	32500	0.47317
		إزالة الشبهة عن حديث التربة	عبد القادر بن حبيب الله السندي	ShamelaY19	22821	0.47316
		شرح جزء من كتاب الطهارة من سنن النسائي للشيخ العباد	عبد المحسن العباد	ShamAY	35964	0.47314
		البراهين المعتبرة في هدم قواعد المبتدعة	عبد العزيز بن محمد المديهش (المتوفى: 1350 ه)	ShamelaY19	145434	0.47309
		رسالة في الاحاديث المقلوبة في مناقب الصحابة	السيّد علي الحسيني الميلاني	Rafed	221	0.47307
		تاريخ النجف الأشرف - الجزء1	عبد الزراق حرز الدين	Masaha	3386	0.47306
		حديث أبي جعفر الطحاوي	أبو جعفر أحمد بن محمد بن سلامة بن عبد الملك بن سلمة الأزدي الحجري المصري المعروف بالطحاوي (المتوفى: 321هـ)	ShamAY	30526	0.47298
		أبراج الزجاج في سيرة الحجاج	عبد الرحمن بن سعيد بن علي بن وهف القحطاني (المتوفى: 1422هـ)	ShamAY	1798	0.47293
		مسلسلات التيمي قوام السنة - مخطوط (ن)	إسماعيل بن محمد بن الفضل بن علي القرشي الطليحي التيمي الأصبهاني، أبو القاسم، الملقب بقوام السنة (المتوفى: 535ه)	ShamelaY19	21680	0.47278
		مسائل حرب الكرماني للإمامين: أحمد بن حنبل وإسحاق بن راهويه، من قوله: (باب الماء الذي لا ينجسه شيء) إلى آخر كتاب الطهارة دراسةً وتحقيقًا	أبو محمد حرب بن إسماعيل بن خلف الكرماني (المتوفى: 280 هـ)	ShamAY	32506	0.47276
		التقييد والإيضاح شرح مقدمة ابن الصلاح	أبو الفضل زين الدين عبد الرحيم بن الحسين بن عبد الرحمن بن أبي بكر بن إبراهيم العراقي (المتوفى: 806هـ)	ShamAY	7581	0.47273
		مشارع الأشواق إلى مصارع العشاق ومثير الغرام إلى دار السلام	أحمد بن أبراهيم ابن النحاس :: ابن النحاس الدمشقي الدمياطي	ShamAY	36364	0.47273
		أصول الإيمان لمحمد بن عبد الوهاب - ت الجوابرة	محمد بن عبد الوهاب بن سليمان التميمي النجدي (المتوفى: 1206هـ)	ShamAY	1395	0.47271
		قوة الحجاج في عموم المغفرة للحجاج	ابن حجر العسقلاني (852 هـ)	ShamAY	34311	0.4727
		الإمام الحسن العسكري عليه السلام سيرة وتاريخ	علي موسى الكعبي	Masaha	1664	0.4727
		أحاديث أبي عروبة الحراني برواية أبي أحمد الحاكم	أبو عروبة الحسين بن محمد بن أبي معشر مودود السُّلَمي الجَزَري الحرَّاني (المتوفى: 318هـ)	ShamAY	13098	0.47266
		العرش وما روي فيه - محققا	أبو جعفر محمد بن عثمان بن أبي شيبة العبسي (المتوفى : 297هـ)	ShamAY	12444	0.47259
		القول الوافر في صلاة المسافر	قاسم ضاهر	ShamAY	36672	0.47255
		تراثنا ـ العددان [ 87 و 88 ]	مؤسسة آل البيت عليهم السلام لإحياء التراث ـ قم	Rafed	3638	0.47251
		مقدمات في علم القراءات	محمد أحمد مفلح القضاة، أحمد خالد شكرى، محمد خالد منصور (معاصر)	ShamAY	1230	0.47247
		التعليقات الحسان على صحيح ابن حبان وتمييز سقيمه من صحيحه، وشاذه من محفوظه	ناصر الدين الألباني	ShamAY	118	0.47246
		تنقيح المناظرة في تصحيح المخابرة	أبو عبد الله، محمد بن إبراهيم بن سعد الله بن جماعة الكناني الحموي الشافعي، بدر الدين (المتوفى: 733هـ)	ShamAY	10103	0.47246
		زهر الآداب وثمر الألباب	إبراهيم بن علي بن تميم الأنصاري، أبو إسحاق الحُصري القيرواني (المتوفى: 453هـ)	ShamAY	10768	0.47237
		إبطال التأويلات	أبو يعلى ابن الفراء	Sham19Y	22921	0.47232
		التحبير لإيضاح معاني التيسير	محمد بن إسماعيل بن صلاح بن محمد الحسني، الكحلاني ثم الصنعاني، أبو إبراهيم، عز الدين، المعروف كأسلافه بالأمير (المتوفى: 1182ه)	Sham19Y	14309	0.47231
		القصيدة الوضاحية في مدح السيدة عائشة أم المؤمنين رضي الله عنها - سلسلة لقاء العشر الأواخر بالمسجد الحرام (33)	أبو عمران الفليشي موسى بن محمد بن عبد الله الكفيف المريي الأندلسي المعروف بابن بهيج (المتوفى: بعد 496 ه)	Sham19Y	17861	0.47228
		الغصن الداني في ترجمة وحياة الشيخ عبد الرحمن التنلاني	أبو عبد الله محمد عبد القادر بن محمد بن المختار بن أحمد العالم القبلوي الجزائري المالكي الشهير بالشيخ باي بلعالم (المتوفى: 1430ه)	ShamelaY19	96179	0.4722
		أحاديث أبي الحسن الجوبري	أبو الحسن عبد الرحمن بن ياسر الجوبري (المتوفى: 425ه)	ShamelaY19	29814	0.47209
		القصيدة الوضاحية في مدح السيدة عائشة أم المؤمنين رضي الله عنها - سلسلة لقاء العشر الأواخر بالمسجد الحرام (33)	أبو عمران الفليشيّ موسى بن محمد بن عبد الله الكفيف المَرِيِّي الأندلسي المعروف بابن بهيج (المتوفى: بعد 496 هـ)	ShamAY	32549	0.47205
		اتمام النعمه بتصحيح حديث (علي باب دار الحكمه)	حسن حسيني آل مجدد شيرازي	Ghbook	7514	0.47204
		القول الصّراح في البخاري وصحيحه الجامع	الميرزا فتح الله بن محمّد جواد الإصبهاني	Rafed	571	0.47201
		الفصول في السيرة	أبو الفداء إسماعيل بن عمر بن كثير القرشي البصري ثم الدمشقي (المتوفى: 774هـ)	ShamAY	9241	0.47197
		 طبقات المعتزلة 	 الإمام أحمد المرتضى 	ABLibrary	8488	0.47197
		أحكام القرآن للجهضمي	القاضي أبو إسحاق إسماعيل بن إسحاق بن إسماعيل بن حماد بن زيد الأزدي البصري ثم البغدادي المالكي الجهضمي (المتوفى: 282هـ)	ShamAY	6206	0.47196
		مسائل حرب الكرماني للإمامين: أحمد بن حنبل وإسحاق بن راهويه، من قوله: (باب الماء الذي لا ينجسه شيء) إلى آخر كتاب الطهارة دراسة وتحقيقا	أبو محمد حرب بن إسماعيل بن خلف الكرماني (المتوفى: 280 ه)	Sham19Y	13977	0.47196
		 حياة الإمام محمد الباقر ( ع ) 	 الشيخ باقر شريف القرشي 	ABLibrary	7504	0.47195
		من هو الافضل بعد الرسول ( صلي الله عليه و آله و سلم ) ؟	خليفه عبيد كلباني عماني	Ghbook	7719	0.47195
		الفتح الرباني لترتيب مسند الإمام أحمد بن حنبل الشيباني ومعه بلوغ الأماني من أسرار الفتح الرباني	أحمد بن عبد الرحمن بن محمد البنا الساعاتي (المتوفى: 1378 هـ)	ShamAY	32579	0.47194
		شرح سنن أبي داود للعباد	عبد المحسن بن حمد بن عبد المحسن بن عبد الله بن حمد العباد البدر	ShamelaY19	37052	0.47193
		 الروح 	 ابن قيم الجوزية 	ABLibrary	8444	0.47182
		إنارة الدجى في مغازي خير الورى(ص)	القاضي حسن بن محمد المشاط	Masaha	1879	0.47179
		المحلى بالآثار	أبو محمد علي بن أحمد بن سعيد بن حزم الأندلسي القرطبي الظاهري (المتوفى: 456ه)	Sham19Y	767	0.47178
		بحار الأنوار [ج ٥٠]	الشيخ محمّد باقر بن محمّد تقي المجلسي	Rafed	1005	0.47149
		المقتطفات	عيدروس بن احمد السقاف ابن رويش اندونيسي	Ghbook	8356	0.47148
		التحصين لأسرار ما زاد من كتاب اليقين‏	السيد علي بن موسى بن طاووس	Masaha	4805	0.47146
		نسخة أبي مسهر وغيره	أبو مسهر عبد الأعلى بن مسهر بن عبد الأعلى بن أبي ذرمة الغساني الدمشقي (المتوفى: 218هـ) ، ونُسخ أخرى لغيره من أهل العلم	ShamAY	13185	0.47142
		العبارة المختصرة في علة حديث إن هذه الحشوش محتضرة (أصله محاضرة ألقيت على طلبة الدراسات العليا)	أبو ذر عبد القادر بن مصطفى بن عبد الرزاق المحمدي	ShamAY	31660	0.47137
		الرسول القائد	محمود شيت خطاب	Ghbook	12005	0.47125
		آلاف الروايات في غلو الشيعة في الأئمة		ShamAY	35643	0.47109
		الثغر البسام في ذكر من ولى قضاة الشام	الواحدي :: ابن طولون	ShamAY	35856	0.47108
		الموجز في المتعة	علي بن الحسين‏ المحقق الكركي	Masaha	1148	0.47106
		تحبير الوريقات بشرح الثلاثيات	أبو وداعة وليد بن صبحى الصعيدى	ShamelaY19	36582	0.47101
		 تحفة الازهار وزلال الانهار في نسب ابناء الائمة الاطهار ( ع ) 	 ضامن بن شدقم الحسيني المدني 	ABLibrary	7460	0.47101
		غريب الحديث لإبراهيم الحربي	إبراهيم بن إسحاق الحربي أبو إسحاق [198 - 285]	ShamAY	13133	0.47097
		مسند محمّد بن قيس البجلي حول قضايا أمير المؤمنين وغيرها	الناشر: المركز العالمي للدّراسات الإسلامية	Rafed	1757	0.4709
		وقعة النهروان أو الخوارج	علي بن الحسين الهاشمي	Rafed	212	0.47089
		مسند أبي داود الطيالسي بالحواشي (نسخة مقابلة)	سليمان بن داود بن الجارود أبو داود الطيالسي	ShamAY	33971	0.4708
		الفوائد المنتقاة العوالي الحسان للسمرقندي	عثمان بن محمد بن أحمد بن محمد بن هارون بن وردان السمرقندي، أبو عمرو المصري، الحذاء (المتوفى: 345هـ)	ShamAY	8267	0.47071
		أشراط الساعة وذهاب الأخيار وبقاء الأشرار لعبد الملك بن حبيب	عبد الملك بن حبيب بن حبيب بن سليمان بن هارون السلمي الإلبيري القرطبي، أبو مروان (المتوفى: 238ه)	ShamelaY19	26569	0.4707
		البدر الطالع بمحاسن من بعد القرن السابع	محمد بن علي بن محمد بن عبد الله الشوكاني اليمني (المتوفى: 1250هـ)	ShamAY	6671	0.47066
		سيرة الإمام أحمد بن حنبل	صالح بن الإمام أحمد بن محمد بن حنبل الشيبانيّ البغدادي، أبو الفضل (المتوفى: 265هـ)	ShamAY	6655	0.47062
		الصّلاة خير من النوم شرعة أم بدعة	السيد علي الشهرستاني	Rafed	3846	0.47062
		مجلس إملاء الشيخ أبي الحسن علي بن عمر القزويني - مخطوط	أبو الحسن علي بن عمر القزويني	ShamAY	32861	0.47059
		 مجموع بلدان اليمن وقبائلها 	 محمد بن أحمد الحجري اليماني 	ABLibrary	9179	0.47054
		الإنباء في تاريخ الخلفاء	محمد بن علي بن محمد المعروف بابن العمراني (المتوفى: 580هـ)	ShamAY	12289	0.47043
		من هو الصدّيق ؟ ومن هي الصدّيقة ؟	السيد علي الشهرستاني	Rafed	1369	0.47042
		حديث التسبيح وفوائده النفيسة وعد التسبيح بالمسبحة للشيخ فريح	فريح بن صالح البهلال	ShamAY	33213	0.47038
		الامام علي الهادي عليه السلام	علي كوراني	Ghbook	15137	0.4703
		نسخة أبي حفص عمر بن زرارة الحدثي - مخطوط	أبو حفص عمر بن زرارة الحدثي الطرسوسي	ShamAY	32875	0.47029
		ثلاث تراجم نفيسة للأئمة الأعلام ابن تيمية والحافظ علم الدين البزرالي والحافظ جمال الدين المزي	شمس الدين أبو عبد الله محمد بن أحمد بن عثمان بن قَايْماز الذهبي (المتوفى: 748هـ)	ShamAY	6653	0.47024
		إستقصاء الإعتبار [ج ٧]	الشيخ محمّد بن الحسن بن الشّهيد الثّاني	Rafed	576	0.47021
		التَّحبير لإيضَاح مَعَاني التَّيسير	محمد بن إسماعيل بن صلاح بن محمد الحسني، الكحلاني ثم الصنعاني، أبو إبراهيم، عز الدين، المعروف كأسلافه بالأمير (المتوفى: 1182هـ)	ShamAY	32163	0.47019
		إبطال التأويلات لأخبار الصفات	القاضي أبو يعلى ، محمد بن الحسين بن محمد بن خلف ابن الفراء (المتوفى : 458هـ)	ShamAY	22921	0.47018
		نحن والأولاد في مآثر أهل بيت النبوّة عليهم السلام [ج ١]	حمزه عندليب	Rafed	1508	0.47018
		تاريخ الخلفاء	عبد الرحمن بن أبي بكر، جلال الدين السيوطي (المتوفى: 911هـ)	ShamAY	11997	0.47017
		 الذريعة 	 آقا بزرگ الطهراني 	ABLibrary	865	0.47016
		كشف الظنون عن أسامي الكتب والفنون	مصطفى بن عبد الله كاتب جلبي القسطنطيني المشهور باسم حاجي خليفة أو الحاج خليفة (المتوفى: 1067هـ)	ShamAY	38843	0.47011
		المكتبة الإسلامية	عماد علي جمعة	ShamAY	8564	0.47008
		موسوعة مواقف السلف في العقيدة والمنهج والتربية (أكثر من 9000 موقف لأكثر من 1000 عالم على مدى 15 قرنًا)	أبو سهل محمد بن عبد الرحمن المغراوي	ShamAY	456	0.47007
		من هم اهل البيت ؟	خليفه عبيد كلباني عماني	Ghbook	7718	0.46999
		الشيعه و القرآن	خليفه عبيد كلباني عماني	Ghbook	7569	0.46999
		بناء المقالة الفاطمية في نقض الرسالة العثمانية	السيد علي بن موسى بن طاووس	Masaha	509	0.46994
		مصطلحات المذاهب الفقهية وأسرار الفقه المرموز	مريم محمد صالح الظفيري	ShamAY	31807	0.46993
		الجامع الصحيح المختصر	محمد بن إسماعيل أبو عبدالله البخاري الجعفي	ShamAY	33957	0.46991
		نواسخ القرآن (العلمية)	عبد الرحمن بن علي بن محمد بن الجوزي أبو الفرج	ShamAY	34097	0.46978
		مجالس العلماء للزجاجي	عبد الرحمن بن إسحاق البغدادي النهاوندي الزجاجي، أبو القاسم (المتوفى: 337ه)	ShamelaY19	26676	0.46972
		تحبير الوريقات بشرح الثلاثيات	أبو وداعة وليد بن صبحى الصعيدى	ShamAY	606	0.46963
		 الرسالة القشيرية 	 ابو القاسم عبد الكريم القشيري 	ABLibrary	8711	0.4696
		شرح الأخبار في فضائل الأئمة الأطهار [ج ٣]	القاضي النعمان بن محمّد التميميّ المغربي	Rafed	790	0.46957
		تدوين السنة النبوية نشأته وتطوره من القرن الأول إلى نهاية القرن التاسع الهجري	أبو ياسر محمد بن مطر بن عثمان آل مطر الزهراني (المتوفى: 1427هـ)	ShamAY	11091	0.46955
		فلاح السائل و نجاح المسائل	السيد علي بن موسى بن طاووس	Masaha	1037	0.46953
		جزئيه « حي علي خير العمل » في الاذان	المجمع العالمي لاهل البيت عليهم السلام	Ghbook	7624	0.46953
		الوجيز في شرح قراءات القرأة الثمانية أئمة الأمصار الخمسة	أبو علي الحسن بن علي بن إبراهيم بن يزداد الأَهْوَازي (المتوفى: 446هـ)	ShamAY	1113	0.46941
		ترتيب خلاصه الاقوال في معرفه الرجال	حسن بن يوسف بن مطهر علامه حلي	Ghbook	13986	0.46935
		آل البيت لعثمان الخميس	محمد بن عبد الرحمن الخميس	ShamAY	35670	0.46929
		جزء ابن طبرزد	عمر بن محمد بن معمر بن يحيى ابن أحمد بن حسان، أبو حفص، ابن طبرزد، الدارقزي، البغدادي (المتوفى: 607هـ)	ShamAY	30037	0.46927
		البداية والنهاية ط الفكر	أبو الفداء إسماعيل بن عمر بن كثير القرشي البصري ثم الدمشقي (المتوفى: 774ه)	ShamelaY19	23708	0.46925
		البدع والنهي عنها	أبو عبد الله محمد بن وضاح بن بزيع المرواني القرطبي (المتوفى: 286ه)	Sham19Y	8208	0.46925
		نشأة الشيعة الامامية	نبيلة عبد المنعم داود	Rafed	164	0.46918
		المحلى بالآثار	أبو محمد علي بن أحمد بن سعيد بن حزم الأندلسي القرطبي الظاهري (المتوفى: 456هـ)	ShamAY	767	0.46917
		الخلاصة في حياة الخلفاء الراشدين	علي بن نايف الشحود	ShamAY	35788	0.46908
		عمدة الأحكام الكبرى	عبد الغني بن عبد الواحد بن علي بن سرور المقدسي الجماعيلي الدمشقي الحنبلي، أبو محمد، تقي الدين (المتوفى: 600 ه)	Sham19Y	11194	0.46908
		 معجم ما كتب عن الرسول ( ص ) وأهل بيته ( ع ) 	 عبد الجبار الرفاعي 	ABLibrary	7765	0.46905
		فصل المقال في شرح كتاب الأمثال	أبو عبيد عبد الله بن عبد العزيز بن محمد البكري الأندلسي (المتوفى: 487هـ)	ShamAY	1025	0.46901
		حياه الامام علي الهادي ( عليه السلام ) - دراسه و تحليل	باقر شريف قرشي	Ghbook	4040	0.46897
		المصطفى من أذكار المصطفى صلى الله عليه وسلم	خالد بن محمد الدبيخي	ShamAY	35004	0.46894
		الكلام على حديث امرأتي لا ترد يد لامس لابن حجر - مخطوط (ن)	أبو الفضل أحمد بن علي بن محمد بن أحمد بن حجر العسقلاني (المتوفى: 852هـ)	ShamAY	11057	0.46893
		الذريعه الي تصانيف الشيعه 	آقا بزرگ تهراني	Ghbook	7179	0.46882
		 نظرة في كتاب منهاج السنة النبوية ( من فيض الغدير ) 	 الشيخ الأميني 	ABLibrary	8666	0.46874
		أخلاق النبي - ت الصبابطي ط المصرية اللبنانية	أبو محمد عبد الله بن محمد بن جعفر بن الأصبهاني (ت:369 هـ).	ShamAY	34449	0.46868
		موسوعة كربلاء [ج ٢]	الدكتور لبيب بيضون	Rafed	3230	0.46862
		الامام الصادق ( عليه السلام ) علم و عقيده	رمضان لاوند	Ghbook	7121	0.46859
		 المزار 	 السيد مهدي القزويني 	ABLibrary	9186	0.46858
		نفحات الازهار في خلاصه عبقات الانوار	آيت الله علي حسيني ميلاني	Ghbook	4758	0.46855
		شرح سنن أبي داود للعباد	عبد المحسن بن حمد بن عبد المحسن بن عبد الله بن حمد العباد البدر	ShamAY	113	0.46848
		الغدير في الكتاب والسنّة والأدب [ج ٥]	الشيخ عبد الحسين أحمد الأميني النجفي	Rafed	2008	0.46842
		العين حق	محمد بن عبد المعطي	ShamelaY19	29566	0.4684
		الاختيار في بيع العقار	يوسف بن عبد الهادي (909 هـ)	ShamAY	34285	0.46838
		عمدة الأحكام الكبرى	عبد الغني بن عبد الواحد بن علي بن سرور المقدسي الجماعيلي الدمشقي الحنبلي، أبو محمد، تقي الدين (المتوفى: 600 هـ)	ShamAY	32373	0.46834
		جزء فيه مجلس من فوائد الليث بن سعد	أبو الحارث الليث بن سعد بن عبد الرحمن الفهمي المصري (المتوفى: 175هـ)	ShamAY	9812	0.46832
		التكميل لما فات تخريجه من إرواء الغليل	صالح بن عبد العزيز بن محمد بن إبراهيم آل الشيخ	Sham19Y	9105	0.46826
		البداية والنهاية ط الفكر	أبو الفداء إسماعيل بن عمر بن كثير القرشي البصري ثم الدمشقي (المتوفى: 774هـ)	ShamAY	23708	0.46825
		 كنوز الذهب في تاريخ حلب 	 أبي ذر سبط ابن العجمي 	ABLibrary	9168	0.46821
		البداية والنهاية ط إحياء التراث	أبو الفداء إسماعيل بن عمر بن كثير القرشي البصري ثم الدمشقي (المتوفى: 774هـ)	ShamAY	8376	0.46815
		المقدمات الأساسية في علوم القرآن	عبد الله بن يوسف بن عيسى بن يعقوب اليعقوب الجديع العنزي	ShamAY	1157	0.46812
		موسوعة طبقات الفقهاء	آيت الله العظمي جعفر سبحاني	Ghbook	9007	0.46811
		الغصن الداني في ترجمة وحياة الشيخ عبد الرحمن التنلاني	أبو عبد الله محمد عبد القادر بن محمد بن المختار بن أحمد العالم القبلوي الجزائري المالكي الشهير بالشيخ باي بلعالم (المتوفى: 1430هـ)	ShamAY	1690	0.46805
		نحن والأولاد في مآثر أهل بيت النبوّة عليهم السلام [ج ٢]	حمزه عندليب	Rafed	1511	0.46793
		أخبار الوافدين من الرجال من أهل البصرة والكوفة على معاوية بن أبي سفيان	العباس بن بكار (أو ابن الوليد بن بكار) الضبي (المتوفى: 222هـ)	ShamAY	6718	0.46791
		الحوض والكوثر لبقي بن مخلد	أبو عبد الرحمن بقي بن مخلد بن يزيد الأندلسي القرطبي (المتوفى: 276هـ)	ShamAY	13015	0.46782
		أحاديث أبي محمد عبد الله بن جعفر بن إسحاق الجابري - مخطوط		ShamAY	32772	0.46777
		موطأ مالك ت عبد الباقي	مالك بن أنس بن مالك بن عامر الأصبحي المدني (المتوفى: 179هـ)	ShamAY	1221	0.46772
		الغدير في الكتاب والسنّة والأدب [ج ٩]	الشيخ عبد الحسين أحمد الأميني النجفي	Rafed	2018	0.46767
		موطأ مالك رواية أبي مصعب الزهري	مالك بن أنس بن مالك بن عامر الأصبحي المدني (المتوفى: 179هـ)	ShamAY	8140	0.46759
		الإماء الشواعر	علي بن الحسين بن محمد بن أحمد بن الهيثم المرواني الأموي القرشي، أبو الفرج الأصبهاني (المتوفى: 356هـ)	ShamAY	9221	0.46748
		أعلام المهندسين فى الإسلام	أحمد بن إسماعيل بن محمد تيمور (المتوفى: 1348هـ)	ShamAY	34656	0.46747
		الدولَة الأمويَّة عَواملُ الازدهارِ وَتَداعيات الانهيار	عَلي محمد محمد الصَّلاَّبي	ShamAY	942	0.46739
		تربه الحسين عليه السلام	علي شهرستاني	Ghbook	13179	0.46735
		حسن المحاضرة في تاريخ مصر والقاهرة	عبد الرحمن بن أبي بكر، جلال الدين السيوطي (المتوفى : 911هـ)	ShamAY	3283	0.4673
		أبو هريرة راوية الإسلام	الدكتور محمد عجاج خطيب	ShamAY	208	0.46727
		مصر و اهل البيت (عليهم السلام)	علي كوراني	Ghbook	15120	0.46724
		التذكير ببعض أحكام العمامة	خالد الغرباني	ShamAY	36669	0.4672
		الذّريعة إلى تصانيف الشّيعة [ج ٥]	الشيخ آقا بزرك الطهراني	Rafed	444	0.46719
		محرمات العلاقة الزوجية في القرآن الكريم	فهد الحبيشي	ShamAY	36360	0.46715
		مسائل أجاب عنها الحافظ ابن حجر العسقلاني	أبو الفضل أحمد بن علي بن محمد بن أحمد بن حجر العسقلاني (المتوفى: 852ه)	ShamelaY19	96277	0.46694
		الرجال لابن داود	الحسن بن علي بن داود الحلي	Masaha	4647	0.46689
		حياة الإمام محمّد الباقر عليه السلام دراسة وتحليل [ج ٢]	باقر شريف القرشي	Rafed	615	0.46686
		إزالة الشبهة عن حديث التربة	عبد القادر بن حبيب الله السندي	ShamAY	22821	0.46675
		وسائل الشيعة [ج ١٨]	محمد بن الحسن الحرّ العاملي [ العلامة الشيخ حرّ العاملي ]	Rafed	319	0.46663
		 الدارس في تاريخ المدارس 	 عبد القادر بن محمد النعيمي الدمشقي 	ABLibrary	9062	0.4666
		تحفة الطالب بمعرفة أحاديث مختصر ابن الحاجب - دار حراء	أبو الفداء إسماعيل بن عمر بن كثير القرشي الدمشقي (المتوفى: 774هـ)	ShamAY	34127	0.46656
		فوائد حسان ومقتل عثمان لأحمد بن كامل بن خلف - مخطوط		ShamAY	32785	0.46649
		قصص الأنبياء	قطب الدين سعيد بن هبة الله الراوندي [ قطب الدين الراوندي ]	Rafed	152	0.46649
		مسألة في قص الشارب	أبو الفضل زين الدين العراقي (806 هـ)	ShamAY	34317	0.46646
		مشيخة ابن طهمان	أبو سعيد إبراهيم بن طهمان بن شعبة الخراسانى الهروي (المتوفى: 168ه)	ShamelaY19	24831	0.46641
		القول الأقوم في معجزات النبي الأكرم وما أظهره الله على يديه من الآيات وشرفه به من الخصائص والكرامات	أبو يوسف محمد زايد	ShamAY	37435	0.46641
		الدّارس في تاريخ المدارس [ج ٢]	عبد القادر بن محمّد النعيمي الدمشقي	Rafed	3342	0.46639
		نظرة في كتاب منهاج السنّة النبويّة لابن تيميّة الحرّاني	العلامة الأميني	Rafed	3418	0.46638
		الرياض النضرة في مناقب العشرة - الجزء1	محب الدين الطبري‏	Masaha	2036	0.46632
		إعلام الخلف [ج ٣]	صادق العلائي	Rafed	3060	0.4663
		منتقى من حديث هشام بن عمار الدمشقي، عن سعيد بن يحيى اللخمي - مخطوط	أبو الحسين محمد بن المظفر بن موسى البزاز	ShamAY	32955	0.46628
		موطأ الإمام مالك بن أنس رواية ابن القاسم	الإمام مالك بن أنس (179 هـ)	ShamAY	33921	0.46627
		الجواب الجليل عن حكم بلد الخليل	ابن حجر العسقلاني (852 هـ)	ShamAY	34291	0.46625
		 بحوث في الملل والنحل 	 الشيخ السبحاني 	ABLibrary	8362	0.46625
		الْإِجَابَةُ لِإِيْرَادِ مَا اسْتَدْرَكَتْهُ عَائِشَةُ عَلَى الصَّحَابَةِ	أبو عبد الله بدر الدين محمد بن عبد الله بن بهادر الزركشي الشافعي (المتوفى: 794هـ)	ShamAY	12703	0.46623
		الأوراق قسم أخبار الشعراء	أبو بكر محمد بن يحيى بن عبد الله الصولي (المتوفى: 335هـ)	ShamAY	10532	0.46623
		 بحار الأنوار 	 العلامة المجلسي 	ABLibrary	793	0.46623
		الصحوة (رحلتي الى الثقلين)	صباح علي البياتي	Masaha	327	0.46623
		بحوث في الملل والنّحل [ج ٨]	الشيخ جعفر السبحاني	Rafed	205	0.46622
		كنوز الذّهب في تاريخ حلب [ج ٢]	سبط ابن العجمي الحلبي	Rafed	2375	0.46621
		تراثنا ـ العددان [ 89 و 90 ]	مؤسسة آل البيت عليهم السلام لإحياء التراث ـ قم	Rafed	3681	0.46621
		تحفة النبلاء في جماعة النساء	الإمام محمد عبد الحي اللكنوي (ت1304هـ)	ShamAY	36016	0.46612
		تحصيل المرام في أخبار البيت الحرام والمشاعر العظام ومكة والحرم وولاتها الفخام‏  - الجزء1	محمد بن أحمد المالكي المكي	Masaha	4442	0.46608
		الامام الحسن العسكري ( عليه السلام ) من المهد الي اللحد	محمد كاظم قزويني	Ghbook	6220	0.46606
		مناقب آل أبي طالب - الجزء1	ابن شهر آشوب المازندراني	Masaha	3007	0.46602
		منهج الرواية وميزان الدراية في الحديث الشريف لمعرفة الصحيح والحسن والضعيف	أ . توفيق عمر سيّدي	ShamAY	37329	0.46588
		مسائل حرب بن إسماعيل الكرماني (الطهارة والصلاة)	حرب بن إسماعيل الكرماني	ShamAY	34256	0.4658
		 الذريعة 	 آقا بزرگ الطهراني 	ABLibrary	861	0.46577
		الانتصار لسماع الحجار لابن ناصر الدين	ابن ناصر الدين (842 هـ)	ShamAY	33553	0.46573
		النكت في المسائل المختلف فيها بين الشافعي وأبي حنيفة للشيرازي (التطوع - الاعتكاف)	الشيرازي، أبو إسحاق	ShamAY	36430	0.46568
		ابوبكر بن ابي قحافه	علي خليلي	Ghbook	7095	0.46561
		إنباء الأمراء بأنباء الوزراء	شمس الدين محمد بن علي بن خمارويه بن طولون الدمشقي الصالحي الحنفي (المتوفى: 953ه)	ShamelaY19	120145	0.46559
		الحلقة (1) الحديث الصحيح لذاته	أ. توفيق عمر سيّدي	ShamAY	37342	0.46557
		ائمه اهل البيت عليهم السلام	علي آل محسن	Ghbook	2602	0.46551
		لطائف الذخيرة وطرائف الجزيرة (مستخلص من كتاب الذخيرة لابن بسام)	أسعد (أبو المكارم) بن مهذب (الملقب بالخطير أبي سعيد) بن مينا بن زكريا، ابن مماتي (المتوفى: 606هـ)	ShamAY	5392	0.46541
		الفصول العشره في الغيبه	محمد بن  محمد بن نعمان شيخ مفيد	Ghbook	6616	0.46534
		العقائد الاسلامية [ج ٤]	مركز المصطفى للدراسات الإسلامية	Rafed	88	0.46512
		شفاء الغرام بأخبار البلد الحرام	محمد بن أحمد بن علي، تقي الدين، أبو الطيب المكي الحسني الفاسي (المتوفى: 832هـ)	ShamAY	8362	0.4651
		حكم بناء الكنائس والمعابد الشركية في بلاد المسلمين	إسماعيل بن محمد بن ماحي السعدي الأنصاري (المتوفى: 1417ه)	ShamelaY19	30828	0.46509
		إحقاق الحقّ وإزهاق الباطل [ج ٣٣]	آية الله السيّد شهاب الدين الحسيني المرعشي النجفي	Rafed	2814	0.46503
		أحوال الإمام الزاهد أبي عمر محمد بن أحمد بن محمد بن قدامة بن نصر المقدسي رحمه الله تعالى	الضياء المقدسي (643 هـ)	ShamAY	34572	0.46493
		بحار الأنوار [ج ٣٨]	الشيخ محمّد باقر بن محمّد تقي المجلسي	Rafed	960	0.46493
		الناسخ والمنسوخ في القرآن العزيز وما فيه من الفرائض والسنن	أبو عُبيد القاسم بن سلاّم بن عبد الله الهروي البغدادي (المتوفى: 224هـ)	ShamAY	1158	0.4648
		المذاكرة في ألقاب الشعراء	أبو المجد اسعد بن إبراهيم الشيباني الإربلي المعروف بمجد الدين النشابي الكاتب (المتوفى: 657هـ)	ShamAY	746	0.46478
		إعلام النبلاء بتاريخ حلب الشهباء [ج ٦]	محمد راغب بن محمود بن هاشم الطبّاخ الحلبي	Rafed	2381	0.46475
		موسوعة عبد الله بن عبّاس [ج ٦]	السيد محمد مهدي السيد حسن الموسوي الخرسان	Rafed	1179	0.46473
		النص علي امير المومنين عليه السلام	سيد علي عاشور	Ghbook	7128	0.46473
		شرح فروع الكافي - الجزء1	الشيخ محمد هادي المازندراني	Masaha	1423	0.46472
		 الإمام الجنيد سيد الطائفتين 	 الشيخ أحمد فريد المزيدي 	ABLibrary	8690	0.46465
		البداية و النهاية - الجزء1	ابن كثير الدمشقي‏	Masaha	1924	0.46463
		وسائل الشيعة [ج ١٤]	محمد بن الحسن الحرّ العاملي [ العلامة الشيخ حرّ العاملي ]	Rafed	306	0.46461
		حق الجار	شمس الدين أبو عبد الله محمد بن أحمد بن عثمان بن قَايْماز الذهبي (المتوفى: 748هـ)	ShamAY	11064	0.4646
		أخبار المدينة	ابن زبالة	ShamAY	38434	0.46457
		العصيريه في احكام الخمر و سائر المسكرات و العصر العنبي و النمري و الزبيبي	محمد باقربن محمدنقي شفتي بيدآبادي	Ghbook	13080	0.46455
		المرشد الوجيز إلى علوم تتعلق بالكتاب العزيز	المقدسي، أبو شامة	ShamelaY19	22676	0.46454
		الجزء الثالث من أحاديث محمد بن أيوب الرازي ويوسف بن عاصم الرازي وغيرهما - مخطوط	أبو القاسم زاهر بن طاهر الشحامي	ShamAY	32847	0.46444
		السِّيُوفُ البَواتِرُ لِمَنْ يُقَدِّمُ صَلَاةَ الصُّبْحِ عَلَى الفَجْرِ الآخِرِ	عبد الله بن عمر بن أبي بكر بن يحيى العلوي الحضرمي الشافعي (المتوفى: 1265هـ)	ShamAY	1269	0.46443
		تراجم الرجال - الجزء1	السيد أحمد الحسيني	Masaha	549	0.46442
		المقداد ابن الأسود الكندي أوّل فارس في الإسلام	الشيخ محمد جواد الفقيه	Rafed	44	0.46441
		 موسوعة الإمام العسكري ( ع ) 	 الشيخ أبو القاسم الخزعلي 	ABLibrary	7847	0.4644
		غزوة مؤتة والسرايا والبعوث النبوية الشمالية	بريك بن محمد بريك أبو مايلة العمري	Sham19Y	11323	0.46436
		بحار الأنوار [ج ٦٨]	الشيخ محمّد باقر بن محمّد تقي المجلسي	Rafed	1078	0.46424
		سفينه البحار و مدينه الحكم و الاثار مع تطبيق النصوص الوارده فيها علي بحار الانوا...	عباس قمي	Ghbook	12046	0.46424
		رجال السنة في الميزان	الشيخ محمد حسن المظفر	Masaha	634	0.46422
		محمد صلى اللّه عليه وسلم	محمد رضا (المتوفى: 1369هـ)	ShamAY	12935	0.46413
		إيضاح الدلالة في تخريج وتحقيق حديث: ((لا اعتكاف إلا في المساجد الثلاثة))	محمد بن عبد الوهاب الوصابي	ShamAY	33090	0.46406
		 مسالك الأبصار في ممالك الأمصار 	 أحمد بن يحيى العمري 	ABLibrary	9189	0.46404
		الداء والدواء = الجواب الكافي ط عالم الفوائد	أبو عبدالله محمد بن أبي بكر بن أيوب ابن قيم الجوزية (691 - 751)	ShamAY	38516	0.46401
		حجة الوداع	آيت الله العظمي جعفر سبحاني	Ghbook	11230	0.46399
		الروح ط دار الفكر العربي	محمد بن أبي بكر بن أيوب بن سعد شمس الدين ابن قيم الجوزية (المتوفى: 751هـ)	ShamAY	34432	0.46398
		نواهد الأبكار وشوارد الأفكار = حاشية السيوطي على تفسير البيضاوي	عبد الرحمن بن أبي بكر، جلال الدين السيوطي (المتوفى: 911هـ)	ShamAY	21	0.46395
		وطء المرأة في الموضع المحرم	طارق الطواري	ShamAY	36249	0.46393
		طبقات المعتزلة	أحمد بن يحيى بن المرتضى المهدي لدين اللّه (المتوفى: 840 هـ)	ShamAY	34646	0.4639
		العين حق	محمد بن عبد المعطي	ShamAY	38904	0.46388
		 المواعظ والإعتبار في ذكر الخطط والآثار ( ط بيروت ) 	 المقريزي 	ABLibrary	9236	0.46385
		 مع الركب الحسيني 	 مجموعة مؤلفين 	ABLibrary	7746	0.46378
		 عبقات الأنوار في إمامة الأئمة الأطهار ( فارسي ) 	 السيد حامد النقوي 	ABLibrary	8499	0.46377
		التنكيت على الموطأ (العبادات)	أبو محمد عبد الله بن مانع بن غلاب الغبيوي الروقي العتيبي	ShamAY	32125	0.46372
		غزوة فتح مكة في ضوء السنة المطهرة	عبد الرحمن بن سعيد بن علي بن وهف القحطاني (المتوفى: 1422ه)	ShamelaY19	96511	0.46371
		جزءٌ فيه شروط النصارى وبذيله أحاديث لأبي محمد عبد الوهاب بن أحمد الكلابي	عبد الله بن أحمد بن ربيعة بن زبر الربعي، أبو محمد (المتوفى: 329هـ)	ShamAY	27091	0.4636
		غزوة مؤتة والسرايا والبعوث النبوية الشمالية	بريك بن محمد بريك أبو مايلة العمري	ShamAY	11323	0.46356
		الشذا الفياح من علوم ابن الصلاح رحمه الله تعالى	إبراهيم بن موسى بن أيوب، برهان الدين أبو إسحاق الأبناسي، ثم القاهري، الشافعي (المتوفى: 802هـ)	ShamAY	7349	0.46352
		تفسير القرآن العظيم [ج ٥]	أبي الفداء اسماعيل بن عمر ابن كثير الدمشقي	Rafed	3411	0.46348
		الأثر المشهور عن الإمام مالك رحمه الله في صفة الاستواء دراسة تحليلية	عبد الرزاق بن عبد المحسن البدر	ShamAY	8712	0.46345
		أحاديث حياة البرزخ في الكتب التسعة .. جمعاً وتخريجاً ودراسة	محمد بن حيدر بن مهدي بن حسن	ShamAY	35024	0.46333
		تاريخ الأندلس من الفتح حتى السقوط من خلال مخطوط (تاريخ الأندلس)	إسماعيل بن إبراهيم	ShamAY	37137	0.46333
		المقداد ابن الأسود الكندي أوّل فارس في الإسلام	الشيخ محمد جواد آل الفقيه	Masaha	1732	0.4633
		مرآة العقول [ج ٤]	الشيخ محمّد باقر بن محمّد تقي المجلسي	Rafed	1013	0.46321
		 مآثر الكبراء تاريخ سامراء 	 الشيخ ذبيح الله المحلاتي 	ABLibrary	9175	0.4632
		 خطط الكوفة وشرح خريطتها 	 لويس ماسينيون 	ABLibrary	9060	0.46314
		ذم القضاء وتقلد الأحكام	عبد الرحمن بن أبي بكر، جلال الدين السيوطي (المتوفى: 911ه)	ShamelaY19	36040	0.46313
		تذكرة المحتاج إلى أحاديث المنهاج (تخريج منهاج الأصول للبيضاوي)	ابن الملقن سراج الدين أبو حفص عمر بن علي بن أحمد الشافعي المصري (المتوفى: 804ه)	Sham19Y	9569	0.46299
		الوجيز في حكم تجويد الكتاب العزيز	د. محمد بن سيدي محمد محمد الأمين	ShamelaY19	21557	0.46298
		إحقاق الحقّ وإزهاق الباطل [ج ٣٠]	آية الله السيّد شهاب الدين الحسيني المرعشي النجفي	Rafed	2806	0.46294
		اللمعة ببيان أن صلاة العيد لا تجزئ عن صلاة الجمعة	أبو محمد أحمد محمد شحاته الألفى السكندرى	ShamelaY19	96734	0.46284
		أحاديث أبي الحسن الجوبري	أبو الحسن عبد الرحمن بن ياسر الجوبري (المتوفى: 425هـ)	ShamAY	29814	0.46283
		إستقصاء الإعتبار [ج ٣]	الشيخ محمّد بن الحسن بن الشّهيد الثّاني	Rafed	567	0.46279
		النكت على مقدمة ابن الصلاح للزركشي	أبو عبد الله بدر الدين محمد بن عبد الله بن بهادر الزركشي الشافعي (المتوفى: 794هـ)	ShamAY	5978	0.46274
		البدع والنهي عنها لابن وضاح	محمد بن وضاح القرطبي	ShamAY	33904	0.46268
		عنوان الدراية فيمن عرف من العلماء في المائة السابعة ببجاية	أحمد بن أحمد بن عبد الله بن محمد، أبو العباس الغبريني (المتوفى: 714ه)	ShamelaY19	96611	0.46262
		الذّريعة إلى تصانيف الشّيعة [ج ١٠]	الشيخ آقا بزرك الطهراني	Rafed	456	0.46261
		دراسة في الروايات التي نسبت الشرك للرسول (صلى الله عليه وآله وسلم)	حسين الشرهاني	ShamAY	33085	0.46256
		 المغرب في حلي المغرب 	 علي بن موسى الغرناطي الأندلسي 	ABLibrary	9220	0.46249
		 قلائد الأجياد 	 عبد الرحمن بن ابراهيم الحسني الحنبلي 	ABLibrary	9158	0.46244
		الشيعة وأهل البيت	إحسان إلهي ظهير الباكستاني (المتوفى: 1407هـ)	ShamAY	959	0.46237
		النكت على مقدمة ابن الصلاح للزركشي	أبو عبد الله بدر الدين محمد بن عبد الله بن بهادر الزركشي الشافعي (المتوفى: 794ه)	Sham19Y	5978	0.46235
		الشيعة وأهل البيت	إحسان إلهي ظهير الباكستاني (المتوفى: 1407ه)	Sham19Y	37552	0.46228
		البدع والنهي عنها	أبو عبد الله محمد بن وضاح بن بزيع المرواني القرطبي (المتوفى: 286هـ)	ShamAY	8208	0.46226
		أحاديث أبي الحسن الجوبري	أبو الحسن عبد الرحمن بن ياسر الجوبري (المتوفى: 425ه)	Sham19Y	29814	0.46222
		التكميل لما فات تخريجه من إرواء الغليل	صالح بن عبد العزيز بن محمد بن إبراهيم آل الشيخ	ShamAY	9105	0.46216
		الأمالي والقراءة	أبو محمد الحسن بن علي بن عفان الكوفي العامري (المتوفى: 270هـ)	ShamAY	12998	0.46216
		مكاتيب الأئمة(ع) - الجزء1	الشيخ علي الأحمدي الميانجي	Masaha	3303	0.46215
		الإيجاز في شرح سنن أبي داود السجستاني رحمه الله تعالى	أبو زكريا محيي الدين يحيى بن شرف النووي (المتوفى: 676هـ)	ShamAY	31678	0.46212
		قراءة في المسار الأموي	الشيخ عبد الحسين الأميني النجفي	Masaha	376	0.46198
		تثقيف الامه : بسير اولاد الائمه عليهم السلام	علي حيدر المؤيد	Ghbook	16501	0.46189
		أزهار العروش في أخبار الحبوش للسيوطي	الواحدي :: السيوطي	ShamAY	33659	0.46188
		الإمام ابن خزيمة ومنهجه في مختلف الحديث في صحيحه	هاني الجليس	ShamAY	37335	0.46185
		الفخري في الآداب السلطانية والدول الإسلامية	محمد بن علي بن طباطبا المعروف بابن الطقطقي (المتوفى: 709ه)	Sham19Y	12400	0.4618
		موسوعة عبد الله بن عبّاس [ج ١٠]	السيد محمد مهدي السيد حسن الموسوي الخرسان	Rafed	1199	0.46179
		نظام الحكومة النبوية - الجزء1	عبد الحي الكتاني‏	Masaha	3105	0.46176
		دليل النص بخبر الغدير على امامة امير المؤمنين عليه السلام	أبي الفتح محمّد بن علي الكراجكي	Rafed	191	0.46165
		تاريخ ابن معين (رواية عثمان الدارمي)	أبو زكريا يحيى بن معين بن عون بن زياد بن بسطام بن عبد الرحمن المري بالولاء، البغدادي (المتوفى: 233هـ)	ShamAY	148	0.46159
		مجموع حول عبد الله بن سبأ	مجموعة من المؤلفين	ShamAY	35701	0.46149
		كتاب المواعظ والإعتبار بذكر الخطط والآثار المعروف بالخطط المقريزيّة [ج ٤]	تقي الدين احمد بن علي المقريزي	Rafed	2325	0.46147
		اللمعة ببيان أن صلاة العيد لا تجزئ عن صلاة الجمعة	أبو محمد أحمد محمد شحاته الألفى السكندرى	Sham19Y	96734	0.46145
		 الذريعة 	 آقا بزرگ الطهراني 	ABLibrary	857	0.46144
		عنوان الدّراية فيمن عُرف من العلماء في المائة السَّابعة ببجايَة	أحمد بن أحمد بن عبد الله بن محمد، أبو العباس الغِبْرِيني (المتوفى: 714هـ)	ShamAY	1951	0.46143
		من حديث أبي بكر محمد بن خريم عن هشام بن عمار عن مالك بن أنس - مخطوط	أبو بكر محمد بن خريم بن محمد بن عبد الملك بن مروان العقيلي	ShamAY	32896	0.46142
		المسند الموضوعي الجامع للكتب العشرة	صهيب عبد الجبار	ShamAY	31843	0.46129
		رسالة إنقاذ الهالكين (تبحث في حكم أخذ الأجرة على تلاوة القرآن الكريم)	تقي الدين، محمد بن بير علي البركوي الرومي الحنفي (المتوفى: 981هـ)	ShamAY	972	0.46122
		 بحار الأنوار 	 العلامة المجلسي 	ABLibrary	748	0.46119
		حديث "عليكم بسنتي و سنه الخلفاء الراشدين" و نقد آن	آيت الله علي حسيني ميلاني	Ghbook	4817	0.46108
		أبو هريرة راوية الإسلام	الدكتور محمد عجاج خطيب	ShamelaY19	29967	0.46107
		تاريخ الخلفاء - مطبعة السعادة	عبد الرحمن بن أبي بكر السيوطي	ShamAY	33820	0.46107
		البيان والتبيين	عمرو بن بحر بن محبوب الكناني بالولاء، الليثي، أبو عثمان، الشهير بالجاحظ (المتوفى: 255هـ)	ShamAY	10614	0.46105
		استدراك وتعقيب على تحقيق كتاب" السبعة في القراءات" بتحقيق الدكتور شوقي ضيف وعلى ما كتب عن مؤلفه أبي بكر بن مجاهد (ت 324هـ).	د. خلف حسين صالح الجبوري	ShamAY	35915	0.46104
		الصحابة المعتزلون للفتنة الكبرى -مواقفهم منها ، و دورهم في الحد منها	الدكتور خالد كبير علال	ShamAY	37127	0.46096
		البيان و التبيين - الجزء1	عمرو بن بحر الجاحظ	Masaha	3365	0.46095
		مجموع رسائل الحافظ ابن عبد الهادي	شمس الدين أبو عبد الله محمد بن أحمد بن عبد الهادي المقدسي الحنبلي (704 - 744 ه)	ShamelaY19	20647	0.46092
		أمثال العرب ت إحسان عباس	المفضل بن محمد بن يعلى بن سالم الضبي (المتوفى: نحو 168هـ)	ShamAY	1034	0.4609
		 تاريخ المستبصر 	 ابن المجاور 	ABLibrary	9001	0.46088
		 مناحل الشفا ومناهل الصفا بتحقيق كتاب شرف المصطفى ( ص ) 	 عبد الملك الخركوشي النيسابوري 	ABLibrary	7587	0.46086
		الفوائد لأبي الشيخ الأصبهاني	أبو محمد عبد الله بن محمد بن جعفر بن حيان الأنصاري المعروف بأبِي الشيخ الأصبهاني (المتوفى: 369هـ)	ShamAY	8268	0.46083
		من حديث شيبان بن فروخ وغيره لأبي بكر الباغندي (الابن) -مخطوط	أبو بكر الباغندي (الابن) (محمد بن محمد بن سليمان)	ShamAY	32818	0.46082
		الإصابة في تمييز الصحابة	أبو الفضل أحمد بن علي بن محمد بن أحمد بن حجر العسقلاني (المتوفى: 852هـ)	ShamAY	9767	0.4608
		الفخري في الآداب السلطانية والدول الإسلامية	محمد بن علي بن طباطبا المعروف بابن الطقطقي (المتوفى: 709هـ)	ShamAY	12400	0.46079
		 نظرة في كتاب السنة والشيعة ( من فيض الغدير ) 	 الشيخ الأميني 	ABLibrary	8663	0.46079
		أنوار الحُجَج في أسرار الحجج	الواحدي :: الملا على القاري	ShamAY	35033	0.46078
		رسالة في حديث الوصية بالثقلين(الكتاب والسنة)	السيد علي الحسيني الميلاني	Masaha	283	0.46078
		مسائل علي بن جعفر و مستدركاتها	علي بن جعفر(ع)	Masaha	1007	0.46078
		تعدد روايات الكتاب الحديثي وأثره	محمد بن عمر بازمول	ShamAY	34028	0.46075
		المولود في بيت الله الحرام: علي بن أبي طالب عليه السلام أم حكيم بن حزام؟	نبيل قدوري الحسني	Ghbook	12327	0.46075
		اللمعة ببيان أن صلاة العيد لا تجزئ عن صلاة الجمعة	أبو محمد أحمد محمد شحاته الألفى السكندرى	ShamAY	1989	0.46073
		كتاب أصل السنة واعتقاد الدين لإبراهيم بن عمر البرمكي - مخطوط	أبو إسحاق إبراهيم بن عمر بن أحمد البرمكي	ShamAY	32966	0.46067
		كتب غريب القرآن الكريم	الدكتور حسين محمد نصار	ShamAY	11350	0.46064
		خصائص الائمة عليهم السلام ( خصائص امير المؤمنين عليه السلام )	أبي الحسن محمّد بن الحسين بن موسى الموسوي البغدادي	Rafed	236	0.46058
		المسح في وضوء الرسول ( صلي الله عليه و آله ) دراسات مقارنه بين المذاهب الاسلاميه	محمد حسن آمدي	Ghbook	9793	0.46049
		تذكرة المحتاج إلى أحاديث المنهاج (تخريج منهاج الأصول للبيضاوي)	ابن الملقن سراج الدين أبو حفص عمر بن علي بن أحمد الشافعي المصري (المتوفى: 804هـ)	ShamAY	9569	0.46048
		ولاية أهل البيت(ع) في القرآن والسنّة	حسينة حسن الدريب	Masaha	207	0.46023
		فتحُ المغيث في التعليقِ على تيسيرِ مصطلحِ الحديثِ	محمود الطحان	ShamAY	37300	0.46014
		ثمار القلوب في المضاف والمنسوب	عبد الملك بن محمد بن إسماعيل أبو منصور الثعالبي (المتوفى: 429هـ)	ShamAY	32557	0.46014
		تذكرة أولي النهى والعرفان بأيام الله الواحد الديان وذكر حوادث الزمان	إبراهيم بن عبيد آل عبد المحسن «من علماء أهل القصيم»	ShamelaY19	145210	0.46006
		 وفاء الوفاء بأخبار دار المصطفى ( ص ) 	 نورالدين علي بن أحمد السمهودي 	ABLibrary	7886	0.46004
		الأحاديث والآثار الواردة في قنوت الوتر	الواحدي :: محمد بن عمر بازمول	ShamAY	36478	0.46001
		رسالة إنقاذ الهالكين (تبحث في حكم أخذ الأجرة على تلاوة القرآن الكريم)	تقي الدين، محمد بن بير علي البركوي الرومي الحنفي (المتوفى: 981ه)	Sham19Y	9283	0.45998
		وسائل الشيعة [ج ٢٨]	محمد بن الحسن الحرّ العاملي [ العلامة الشيخ حرّ العاملي ]	Rafed	362	0.45993
		حياة الشيخ محمد بن عبد الوهاب وحقيقة دعوته	سليمان بن عبد الرحمن الحقيل	Sham19Y	11171	0.45992
		تاريخ عثمان بن سعيد الدارمي عن أبي زكريا يحيى بن معين - ط الفاروق	أبو سعيد عثمان بن سعيد بن خالد الدارمي	ShamAY	34154	0.45991
		 تحفة الأنفس وشعار سكان الأندلس 	 علي بن عبد الرحمن الأندلسي 	ABLibrary	9022	0.4599
		تراثنا ـ العدد [ 19 ]	مؤسسة آل البيت عليهم السلام لإحياء التراث ـ قم	Rafed	2739	0.4599
		تاج العروس [ج ١٨]	محبّ الدين أبي فيض السيد محمّد مرتضى الحسيني الواسطي الزبيدي الحنفي	Rafed	1591	0.45982
		شرح الأخبار في فضائل الأئمة الأطهار [ج ٢]	القاضي النعمان بن محمّد التميميّ المغربي	Rafed	788	0.45977
		تاريخ المستبصر، صفة بلاد اليمن ومكة وبعض الحجاز	يوسف بن يعقوب ابن مجاور	Masaha	4138	0.45975
		الإمام الباقر عليه السلام وأثره في التّفسير	الدكتور حكمت عبيد الخفاجي	Rafed	4051	0.45973
		رياضة الأبدان لأبي نعيم الأصبهاني	أبو نعيم أحمد بن عبد الله بن أحمد بن إسحاق بن موسى بن مهران الأصبهاني (المتوفى: 430هـ)	ShamAY	13118	0.4597
		التنبيهات على رسالة الألباني في الصلاة	حمود بن عبد الله بن حمود بن عبد الرحمن التويجري (المتوفى: 1413 ه)	Sham19Y	18085	0.45969
		دلائل الامامه	طبري امامي ( صغير ) ابوجعفر محمد بن جرير بن رستم ( قرن 4و5 ق ) ( صاحب دلائل الامامه )	Ghbook	2501	0.45962
		حياة الشيخ محمد بن عبد الوهاب وحقيقة دعوته	سليمان بن عبد الرحمن الحقيل	ShamAY	11171	0.45957
		شرح نفاق السلعة باتفاق السبعة	سعيدِ بنِ محمدٍ الْمَرّيّ	ShamAY	36281	0.45955
		 شرح فروع الكافي 	 محمد هادي المازندراني 	ABLibrary	9343	0.45952
		كتاب المزار	الشيخ المفيد	Masaha	699	0.45937
		درء اللوم والضيم في صوم يوم الغيم	الواحدي :: ابن الجوزي	ShamAY	34332	0.45929
		مجمع الزوائد ومنبع الفوائد ت حسين أسد	أبو الحسن نور الدين علي بن أبي بكر بن سليمان الهيثمي (المتوفى: 807ه)	ShamelaY19	96615	0.45924
		زينب الكبري	الشيخ جعفر النقدي	Masaha	3360	0.45923
		تاج العروس [ج ٦]	محبّ الدين أبي فيض السيد محمّد مرتضى الحسيني الواسطي الزبيدي الحنفي	Rafed	1498	0.45922
		الرياض النضرة في مناقب العشرة	أبو العباس، أحمد بن عبد الله بن محمد، محب الدين الطبري (المتوفى: 694هـ)	ShamAY	8657	0.45918
		الرياض النضرة في مناقب العشرة	أبو العباس، أحمد بن عبد الله بن محمد، محب الدين الطبري (المتوفى: 694ه)	Sham19Y	8657	0.45913
		ملاحظات حول كتاب عقيدة السلف والخلف	عبد القادر بن حبيب الله السندي	ShamAY	3785	0.45908
		مدينة معاجز الإئمة اثني عشر و دلائل الحجج علي البشر	هاشم البحراني	Ghbook	16045	0.45905
		موجبات الجنة لابن الفاخر	معمر بن عبد الواحد بن رجاء بن عبد الواحد بن محمد بن الفاخر، أبو أحمد القرشي العبشمي السمرقندي الأصبهاني (المتوفى: 564ه)	ShamelaY19	26378	0.45903
		مسلسلات التيمي قوام السنة - مخطوط (ن)	إسماعيل بن محمد بن الفضل بن علي القرشي الطليحي التيمي الأصبهاني، أبو القاسم، الملقب بقوام السنة (المتوفى: 535هـ)	ShamAY	21680	0.45884
		60 مسألة في يوم الجمعة	أبو إسلام أحمد بن علي	ShamAY	36222	0.45881
		 التذكرة في أحوال الموتى وأمور الآخرة 	 القرطبي 	ABLibrary	8376	0.4588
		حديث سد الابواب الا باب علي عليه السلام	الشيخ ماجد بن احمد العطيه	Ghbook	12317	0.45877
		بحار الأنوار [ج ٤٩]	الشيخ محمّد باقر بن محمّد تقي المجلسي	Rafed	1003	0.45869
		الامام المهدي في كلمات الاعلام من السنه	علي محمد علي دخيل	Ghbook	11209	0.45868
		أسماء خيل العرب وأنسابها وذكر فرسانها	الحسن بن أحمد بن محمد الأعرابي، أبو محمد الأسود الغندجاني (المتوفى: نحو 430هـ)	ShamAY	31704	0.45862
		الجهاد لابن المبارك	أبو عبد الرحمن عبد الله بن المبارك بن واضح الحنظلي، التركي ثم المرْوزي (المتوفى: 181هـ)	ShamAY	3610	0.45855
		 الدارس في تاريخ المدارس 	 عبد القادر بن محمد النعيمي الدمشقي 	ABLibrary	9061	0.45847
		إستقصاء الإعتبار [ج ٥]	الشيخ محمّد بن الحسن بن الشّهيد الثّاني	Rafed	569	0.45846
		تفسير الثعالبي = الجواهر الحسان في تفسير القرآن	أبو زيد عبد الرحمن بن محمد بن مخلوف الثعالبي (المتوفى: 875ه)	ShamelaY19	23618	0.45844
		حقيقة معاوية رضي الله عنه	محمد بن طاهر البرزنجي	ShamAY	35750	0.45839
		جزء فيه خمسة أحاديث من رواية ابن العربي	ابن العربي	ShamAY	35226	0.45823
		الغدير في الكتاب والسنّة والأدب [ج ٦]	الشيخ عبد الحسين أحمد الأميني النجفي	Rafed	2011	0.45818
		علل الشرائع	محمد بن علي بن بابويه شيخ صدوق	Ghbook	2643	0.45812
		إطراف المُسْنِد المعتَلِي بأطراف المسنَد الحنبلي	أبو الفضل أحمد بن علي بن محمد بن أحمد بن حجر العسقلاني (المتوفى: 852هـ)	ShamAY	12220	0.4581
		خطط الكوفة وشريح خريطتها	لويس ماسينيون	Rafed	2298	0.4581
		منهيات النبي صلى الله عليه وسلم	أبو إسلام أحمد بن علي	ShamAY	36245	0.458
		أمير المؤمنين الحسن بن علي بن أبي طالب رضي الله عنه - شخصيته وعصره	عَلي محمد محمد الصَّلاَّبي	ShamAY	333	0.45797
		الذّريعة إلى تصانيف الشّيعة [ج ٢١]	الشيخ آقا بزرك الطهراني	Rafed	496	0.45796
		أحاديث منتخبة من الجزء السادس من كتاب أمارات السوء للجوزجاني - مخطوط	أبو إسحاق إبراهيم بن يعقوب الجوزجاني	ShamAY	32910	0.45782
		الإنصاف في مسائل دام فيها الخلاف [ج ١]	الشيخ جعفر السبحاني	Rafed	688	0.45777
		عمدة الأخبار في مدينة المختار	مؤلف أخبار الدولة العباسية	ShamAY	38419	0.45775
		أثر علل الحديث في اختلاف الفقهاء	ماهر ياسين فحل الهيتي	ShamAY	7586	0.45772
		عوالم العلوم والمعارف والاحوال (الجزء 24) في احوال الامام الهادي عليه السلام	محمد باقر بن مرتضي موحد ابطحي اصفهاني	Ghbook	15789	0.45772
		موسوعه ام المومنين السيده خديجه عليها السلام في مصادر اهل السنه	ناصر رفيعي	Ghbook	16492	0.45765
		العقد الفريد	أبو عمر، شهاب الدين أحمد بن محمد بن عبد ربه ابن حبيب ابن حدير بن سالم المعروف بابن عبد ربه الأندلسي (المتوفى: 328ه)	ShamelaY19	23789	0.45764
		الإيمان للعدني	أبو عبد الله محمد بن يحيى ابن أبي عمر العدني (المتوفى: 243ه)	Sham19Y	13006	0.45763
		 بحار الأنوار 	 العلامة المجلسي 	ABLibrary	797	0.45763
		مجلس من أمالي ابن الأنباري	محمد بن القاسم بن محمد بن بشار، أبو بكر الأنباري (المتوفى: 328ه)	ShamelaY19	26738	0.45757
		خطط الكوفة وشرح خريطتها	لويي ماسينيون	Masaha	4449	0.45757
		الأساس في السنة وفقهها - السيرة النبوية	سعيد حوّى (المتوفى 1409 هـ)	ShamAY	38484	0.45755
		المزار	السيد مهدي القزويني	Masaha	3949	0.45753
		السيرة النبوية كما جاءت في الأحاديث الصحيحة	أبو عمر، محمد بن حمد الصوياني	Sham19Y	123668	0.45748
		التراتيب الإدارية والعمالات والصناعات والمتاجر والحالة العلمية التي كانت على عهد تأسيس المدنية الإسلامية في المدينة المنورة العلمية	محمد عبد الحي بن عبد الكبير ابن محمد الحسني الإدريسي، المعروف بعبد الحي الكتاني (المتوفى: 1382ه)	ShamelaY19	23688	0.45747
		 خزانة التواريخ النجدية 	 عبد الله بن عبد الرحمن آل بسام 	ABLibrary	9046	0.45747
		أنساب الخيل في الجاهلية والإسلام وأخبارها	أبو المنذر هشام بن محمد أبي النضر ابن السائب ابن بشر الكلبي (المتوفى: 204ه)	Sham19Y	9249	0.45746
		تركة النبي صلى الله عليه وسلم والسبل التي وجهها فيها	أبو إسماعيل حماد بن إسحاق بن إسماعيل بن حماد بن زيد بن درهم الأزدي البغدادي المالكي (المتوفى: 267ه)	ShamelaY19	22657	0.45744
		تحفة الأنفس وشعار سكّان الأندلس	علي بن عبد الرحمن بن هذيل الأندلسي	Rafed	2353	0.45742
		تحفة الأمراء في تاريخ الوزراء - ط العلمية	أبو الحسن هلال بن المحسن بن إبراهيم الصابي	ShamAY	33825	0.45737
		الوجيز في حكم تجويد الكتاب العزيز	د. محمد بن سيدي محمد محمد الأمين	Sham19Y	21557	0.45735
		مناقب الشيخين في التفسير و الحديث عرض و نقد: محاضرات الشيخ نجم الدين الطبسي	نجم الدين طبسي	Ghbook	16274	0.45728
		مسند عمر بن الخطاب ليعقوب بن شيبة	أبو يوسف يعقوب بن شيبة بن الصَّلْت بن عُصْفور السدوسي بالولاء البصري (المتوفى: 262هـ)	ShamAY	13172	0.45722
		آكام المرجان في أحكام الجان	محمد بن عبد الله الشبلي الدمشقيّ الحنفي، أبو عبد الله، بدر الدين ابن تقي الدين (المتوفى: 769هـ)	ShamAY	6451	0.4572
		فتح الأبواب	السيد علي بن موسى بن طاووس	Masaha	1034	0.45718
		خزانة التّواريخ النجديّة [ج ٤]	عبد الله بن عبد الرحمن بن صالح آل بسام	Rafed	2166	0.45714
		الغاية في اختصار النهاية	عز الدين عبد العزيز بن عبد السلام السلمي (المتوفى: 660 ه)	ShamelaY19	127703	0.45712
		 تاريخ مدينة صنعاء ( ويليه كتاب الاختصاص للعرشاني ) 	 أحمد بن عبد اللّه الرازي 	ABLibrary	8998	0.45712
		المهدي المنتظر في الفكر الإسلامي	مؤسسة الرسالة	Masaha	447	0.45709
		دراسة الأحاديث والآثار الواردة في ابتداء رمي الجمار أيام التشريق	عبد العزيز بن محمد السعيد	ShamAY	33222	0.45708
		امتنان العلي بعدم زكاة الحلي	فريح بن صالح البهلال	ShamAY	33201	0.45702
		غزوة فتح مكة في ضوء السنة المطهرة	عبد الرحمن بن سعيد بن علي بن وهف القحطاني (المتوفى: 1422ه)	Sham19Y	96511	0.45697
		الصحيحان في الميزان	آيت الله علي حسيني ميلاني	Ghbook	4796	0.45693
		مقدمة ابن الصلاح = معرفة أنواع علوم الحديث - ت فحل	عثمان بن عبد الرحمن، أبوعمرو، تقي الدين المعروف بابن الصلاح (المتوفى: 643ه)	ShamelaY19	23799	0.45689
		ستة مجالس من أمالي أبي بكر ابن البهلول الأنباري - مخطوط		ShamAY	32779	0.45686
		 ناسخ التواريخ ( زندگانى پيامبر ) ( فارسي ) 	 لسان الملك سپهر 	ABLibrary	7870	0.45685
		الأصل للشيباني ط قطر	أبو عبد الله محمد بن الحسن بن فرقد الشيباني (المتوفى: 189 هـ)	ShamAY	32375	0.45682
		تاريخُ اهل البيت	السيد محمد رضا الحسيني	Masaha	523	0.45682
		 نفح الطيب من غصن الأندلس الرطيب 	 أحمد بن محمد المقري التلمساني 	ABLibrary	9299	0.45681
		السيرة النبوية كما جاءت في الأحاديث الصحيحة	أبو عمر، محمد بن حمد الصوياني	ShamAY	31746	0.45674
		ذم القضاء وتقلد الأحكام	عبد الرحمن بن أبي بكر، جلال الدين السيوطي (المتوفى: 911هـ)	ShamAY	1009	0.45672
		غريب الحديث	أبو عبيد القاسم بن سلام الهروي	ShamelaY19	32196	0.45663
		بهجة المجالس وأنس المجالس	أبو عمر يوسف بن عبد الله بن محمد بن عبد البر بن عاصم النمري القرطبي (المتوفى: 463هـ)	ShamAY	558	0.4564
		موسوعه الامام الهادي ( عليه السلام )	محمد حسيني قزويني	Ghbook	4051	0.45629
		 جواهر العقدين في فضل الشرفين 	 علي بن عبد الله السمهودي 	ABLibrary	7481	0.45625
		موجبات الجنة لابن الفاخر	معمر بن عبد الواحد بن رجاء بن عبد الواحد بن محمد بن الفاخر، أبو أحمد القرشي العبشمي السمرقندي الأصبهاني (المتوفى: 564هـ)	ShamAY	1319	0.45623
		الإصابة في تمييز الصحابة	أبو الفضل أحمد بن علي بن محمد بن أحمد بن حجر العسقلاني (المتوفى: 852ه)	Sham19Y	9767	0.45622
		 شبهة الغلو عند الشيعة 	 عبد الرسول غفار 	ABLibrary	8451	0.4562
		الخرائج و الجرائح (الامام المهدي عجل الله تعالي فرجه الشريف)	قطب الدين سعيد بن هبة الله راوندي	Ghbook	6600	0.4562
		 الإنصاف في مسائل دام فيها الخلاف 	 الشيخ السبحاني 	ABLibrary	9554	0.45604
		 رحلة ابن خلدون 	 ابن خلدون 	ABLibrary	9078	0.45604
		القراءات المتواترة وأثرها في الرسم القرآني والأحكام الشرعية	محمد الحبش	ShamAY	1490	0.45603
		الأساس في السنة وفقهها - السيرة النبوية	سعيد حوى (المتوفى 1409 ه)	ShamelaY19	18332	0.45598
		جامع المسانيد لابن الجوزي	ابن الجوزي، عبد الرحمن بن علي (المتوفى: 597 ه)	ShamelaY19	148271	0.45596
		أحاديث أبي عمر بن عبد الوهاب - مخطوط	أبو عمر عبد الله بن محمد بن أحمد بن عبد الوهاب	ShamAY	32829	0.45596
		الذّريعة إلى تصانيف الشّيعة [ج ٢٥]	الشيخ آقا بزرك الطهراني	Rafed	510	0.45594
		الخراج - المطبعة السلفية	أبو يوسف يعقوب بن إبراهيم	ShamAY	34334	0.45593
		مسند عمر بن الخطاب للنجاد	أبو بكر النجاد، أحمد بن سلمان بن الحسن بن إسرائيل بن يونس البغدادي (المتوفى: 348هـ)	ShamAY	13171	0.45591
		امالي المفيد	محمد بن  محمد بن نعمان شيخ مفيد	Ghbook	2384	0.45589
		بحار الأنوار [ج ٢٦]	الشيخ محمّد باقر بن محمّد تقي المجلسي	Rafed	899	0.45587
		 مجموع كتب ورسائل الإمام القاسم بن إبراهيم الرسي 	 القاسم بن إبراهيم الرسي 	ABLibrary	8591	0.45583
		جزء من حديث أبي إسحاق الحبال	إبراهيم بن سعيد النعماني - بالولاء - المصري، أبو إسحاق الحبال (المتوفى: 482ه)	ShamelaY19	30054	0.45575
		بحر الفوائد المسمى بمعاني الأخبار للكلاباذي	أبو بكر محمد بن أبي إسحاق بن إبراهيم بن يعقوب الكلاباذي البخاري الحنفي (المتوفى: 380ه)	Sham19Y	13084	0.45568
		الشعر والشعراء	أبو محمد عبد الله بن مسلم بن قتيبة الدينوري (المتوفى: 276ه)	ShamelaY19	23785	0.45566
		البُرهان في تبرئة أبي هريرة من البُهتان	عبد الله الناصر	ShamAY	35748	0.45563
		غزوة فتح مكة في ضوء السنة المطهرة	عبد الرحمن بن سعيد بن علي بن وهف القحطاني (المتوفى: 1422هـ)	ShamAY	1863	0.45562
		الحسن بن علي بن أبي طالب رضي الله عنه	علي محمد محمد الصلابي	ShamAY	35786	0.45558
		 مع الركب الحسيني 	 مجموعة مؤلفين 	ABLibrary	7747	0.45549
		البلدان	أبي عبدالله أحمد بن محمد بن إسحاق الهمذاني [ ابن الفقيه ]	Rafed	3770	0.45548
		الورع لأحمد رواية المروزي	أبو عبد الله أحمد بن محمد بن حنبل بن هلال بن أسد الشيباني (المتوفى: 241هـ)	ShamAY	6785	0.45547
		تحقيق المذهب من أن النبي صلى الله عليه وسلم كتب	الواحدي :: أبو الوليد الباجي	ShamAY	36507	0.45547
		 عبقات الأنوار في إمامة الأئمة الأطهار ( فارسي ) 	 السيد حامد النقوي 	ABLibrary	8491	0.45541
		الإنقاذ من دعاوى الإنقاذ للتاريخ الإسلامي!! رد على حسن بن فرحان المالكي	سليمان بن حمد العودة	ShamAY	37125	0.45537
		صفه بلاد اليمن و مكه و بعض الحجار: المسماة تاريخ المستبصر	يوسف بن يعقوب ابن مجاور	Ghbook	11110	0.45537
		مرآه الكتب	علي بن موسي ثقه السلام تبريزي	Ghbook	7085	0.45536
		وفاء الوفا بأخبار دار المصطفى [ج ٣]	نور الدين علي بن أحمد السّمهودي	Rafed	2520	0.45535
		كمال الدين و تمام النعمة - الجزء1	الشيخ الصدوق	Masaha	2494	0.45533
		صحيح السيرة النبوية للعلي	إبراهيم بن محمد بن حسين العلي الشبلي الجنيني (المتوفى: 1425هـ)	ShamAY	32186	0.4553
		الجوهر السامي في ترجمه العلامه السيدعلي الامامي	محمدرضا شفتي	Ghbook	12790	0.4553
		الكوكب الوهاج شرح صحيح مسلم (المسمَّى:	محمد الأمين الهرري	ShamAY	38884	0.45525
		قتله الامام الحسين ( عليه السلام ) و الجزاء الدنيوي	آيت الله العظمي سيد محمد حسيني شيرازي	Ghbook	7774	0.45511
		نهي الصحبة عن النزول بالركبة (ومعه أبحاث أخرى في مسألة السجود بتقديم اليدين أم الركبتين)	أبو إسحاق الحويني الأثري حجازي محمد شريف (بحث نهي الصحبة فقط)	Sham19Y	9495	0.4551
		شرح طيبة النشر في القراءات العشر	محمد بن محمد بن محمد، أبو القاسم، محب الدين النويري (المتوفى: 857ه)	ShamelaY19	38740	0.45507
		تاج العروس [ج ٣]	محبّ الدين أبي فيض السيد محمّد مرتضى الحسيني الواسطي الزبيدي الحنفي	Rafed	1489	0.45491
		 الذريعة 	 آقا بزرگ الطهراني 	ABLibrary	856	0.45487
		كشف المخبوء في تخريج حديث التسمية عند الوضوء	الواحدي :: أبو إسحق الحويني	ShamAY	36063	0.45468
		التذكرة في أحوال الموتى وأمور الآخرة - ط العصرية	أبو عبد الله محمد بن أحمد بن أبي بكر بن فرح الأنصاري الخزرجي شمس الدين القرطبي (المتوفى: 671هـ)	ShamAY	33760	0.45467
		مفحمات الأقران في مبهمات القرآن	عبد الرحمن بن أبي بكر، جلال الدين السيوطي (المتوفى: 911 ه)	ShamelaY19	26582	0.45466
		مَسَائل أجَابَ عَنها الحَافظُ ابن حَجر العَسقَلاني	أبو الفضل أحمد بن علي بن محمد بن أحمد بن حجر العسقلاني (المتوفى: 852هـ)	ShamAY	1759	0.4546
		صفة النبي صلى الله عليه وسلم وصفة أخلاقه وسيرته وأدبه وخفض جناحه	محمد بن هارون بن شعيب، أبو علي الأنصاري الدمشقي (المتوفى: 353ه)	ShamelaY19	26430	0.45449
		الروح - ط عالم الفوائد	ابن القيم	ShamAY	38394	0.45448
		صفة النبي صلى الله عليه وسلم وصفة أخلاقه وسيرته وأدبه وخفض جناحه	محمد بن هارون بن شعيب، أبو علي الأنصاري الدمشقي (المتوفى: 353ه)	Sham19Y	26430	0.45448
		حكم بناء الكنائس والمعابد الشركية في بلاد المسلمين	إسماعيل بن محمد بن ماحي السعدي الأنصاري (المتوفى: 1417هـ)	ShamAY	30828	0.45444
		 تاريخ الشحر وأخبار القرن العاشر 	 محمد بن عمر الطيب بافقيه 	ABLibrary	8992	0.45437
		صون المنطق والكلام عن فني المنطق والكلام (مطبوع معه: جهد القريحة في تجريد النصيحة)	جلال الدين السيوطي	ShamelaY19	151019	0.45421
		موسوعة عبد الله بن عبّاس [ج ٣]	السيد محمد مهدي السيد حسن الموسوي الخرسان	Rafed	1168	0.4542
		فضل أم المؤمنين عائشة رضي الله عنها (المجلس السادس والأربعون من أمالي ابن عساكر)	ثقة الدين، أبو القاسم علي بن الحسن بن هبة الله المعروف بابن عساكر (المتوفى: 571ه)	Sham19Y	26735	0.45417
		الأحاديث الطوال للطبراني	سليمان بن أحمد بن أيوب بن مطير اللخمي الشامي، أبو القاسم الطبراني (المتوفى: 360ه)	Sham19Y	12989	0.45415
		الثاني من حديث سفيان بن عيينة للطائي	على بن حرب بن محمد بن على الطائى، أبو الحسن الموصلى (المتوفى: 265هـ)	ShamAY	29708	0.45406
		روضات الجنات في احوال العلماء و السادات	محمد باقر الموسوي الخوانساري الاصبهاني	Ghbook	16245	0.45402
		نهي الصحبة عن النزول بالركبة (ومعه أبحاث أخرى في مسألة السجود بتقديم اليدين أم الركبتين)	أبو إسحاق الحويني الأثري حجازي محمد شريف (بحث نهي الصحبة فقط)	ShamAY	9495	0.45401
		إيمان أبي طالب	محمّد بن محمّد النعمان العكبري [ الشيخ المفيد ]	Rafed	1569	0.454
		نظره في كتاب الفصل في الملل و الاهواء و النحل	عبدالحسين اميني ( علامه اميني )	Ghbook	10562	0.45399
		تأريخ المستبصر	ابن المجاور	Rafed	2189	0.45397
		الإصابة في تمييز الصحابة [ج ١]	أحمد بن علي بن حجر العسقلاني	Rafed	3386	0.45393
		نور القبس	أبو المحاسن يوسف بن أحمد بن محمود اليغموري (المتوفى: 673هـ)	ShamAY	678	0.45388
		الكنز في القراءات العشر	أبو محمد، عبد الله بن عبد المؤمن بن الوجيه بن عبد الله بن على ابن المبارك التاجر الواسطي المقرئ تاج الدين ويقال نجم الدين (المتوفى: 741ه)	ShamelaY19	29864	0.45378
		الفواكه العذاب في الرد على من لم يحكم السنة والكتاب	حمد بن ناصر بن عثمان بن معمر النجدي التميمي الحنبلي (المتوفى: 1225ه)	Sham19Y	1	0.45376
		التعليق الكبير في المسائل الخلافية بين الأئمة ت الفريح	أبو يعلى الفراء محمد بن الحسين بن محمد بن خلف البغدادي الحنبلي (المولود ببغداد سنة 380 ه والمتوفى بها سنة 458 ه)	Sham19Y	127663	0.45371
		العقد الفريد - الجزء1	ابن عبد ربه	Masaha	2985	0.45366
		مرآة العقول [ج ١٧]	الشيخ محمّد باقر بن محمّد تقي المجلسي	Rafed	1056	0.45366
		مجموع كتب ورسائل الإمام القاسم بن إبراهيم الرسي ( 169 ـ 246 هـ ) [ج ١]	القاسم بن ابراهيم بن اسماعيل بن ابراهيم بن الحسن بن الحسن بن علي بن أبي طالب عليهم السلام	Rafed	3477	0.45366
		إتحاف القاري بدرر البخاري	أم الليث	ShamAY	35991	0.45365
		خطبة الكتاب المؤمل للرد إلى الأمر الأول	أبو القاسم شهاب الدين عبد الرحمن بن إسماعيل بن إبراهيم المقدسي الدمشقي المعروف بأبي شامة (المتوفى: 665ه)	Sham19Y	14447	0.45363
		فضل أم المؤمنين عائشة رضي الله عنها (المجلس السادس والأربعون من أمالي ابن عساكر)	ثقة الدين، أبو القاسم علي بن الحسن بن هبة الله المعروف بابن عساكر (المتوفى: 571ه)	ShamelaY19	26735	0.45359
		التتمه في تواريخ الائمه عليهم السلام	تاج الدين بن علي بن احمد حسيني عاملي	Ghbook	9192	0.45359
		الوجيز في حكم تجويد الكتاب العزيز	د. محمد بن سيدي محمد محمد الأمين	ShamAY	21557	0.45355
		حديث الإفك لعبدالغني المقدسي	عبد الغني بن عبد الواحد بن علي بن سرور المقدسي الجماعيلي الدمشقي الحنبلي، أبو محمد، تقي الدين (المتوفى: 600ه)	Sham19Y	26747	0.4535
		حديث ابن ملاعب	أَحْمَدُ بنُ مُلاعِبٍ أَبُو الفَضْلِ البَغْدَادِيُّ المُخَرِّمِيُّ (المتوفى: 275هـ)	ShamAY	30528	0.45344
		وسائل الشيعة [ج ٢٢]	محمد بن الحسن الحرّ العاملي [ العلامة الشيخ حرّ العاملي ]	Rafed	339	0.45341
		مراقد أهل البيت في القاهرة	محمّد زكي إبراهيم	Rafed	2470	0.45341
		المتكلمون في الرجال (مطبوع ضمن مجموعة «أربع رسائل في علوم الحديث» )	شمس الدين أبو الخير محمد بن عبد الرحمن بن محمد بن أبي بكر بن عثمان بن محمد السخاوي (المتوفى: 902هـ)	ShamAY	26111	0.45335
		الوفاة	النسائي	ShamelaY19	22643	0.45332
		حديث الإفك لعبدالغني المقدسي	عبد الغني بن عبد الواحد بن علي بن سرور المقدسي الجماعيلي الدمشقي الحنبلي، أبو محمد، تقي الدين (المتوفى: 600ه)	ShamelaY19	26747	0.45331
		الضعفاء الصغير للبخاري ت أبي العينين	محمد بن إسماعيل بن إبراهيم بن المغيرة البخاري، أبو عبد الله (المتوفى: 256هـ)	ShamAY	8632	0.45318
		بقيع الغرقد في دراسة شاملة	محمد أمين الأميني	Masaha	3954	0.45318
		كاشفة الحال عن أحوال الاستدلال‏	ابن أبي جمهور	Masaha	4175	0.45314
		الرد المفحم على من اعتدى على صحيح مسلم	ربيع بن هادي المدخلي	ShamAY	33014	0.4531
		الزهد لأبي داود السجستاني	أبو داود سليمان بن الأشعث بن إسحاق بن بشير بن شداد بن عمرو الأزدي السَِّجِسْتاني (المتوفى: 275هـ)	ShamAY	8215	0.45302
		المنتقى من الفوائد الحسان في الحديث	يوسف بن عبد الرحمن بن يوسف، أبو الحجاج، جمال الدين ابن الزكي أبي محمد القضاعي الكلبي المزي (المتوفى: 742هـ)	ShamAY	12846	0.453
		تحقيق القول بالعمل بالحديث الضعيف	د. عبد العزيز عبد الرحمن بن محمد العثيم	ShamAY	10050	0.45298
		منتخب الأنوار في تاريخ الأئمة الأطهار(ع)	محمد بن همام الاسكافي	Masaha	3292	0.4529
		صلاة التراويح	محمد ضياء الرحمن الأعظمي	ShamAY	12266	0.45287
		التراتيب الإدارية والعمالات والصناعات والمتاجر والحالة العلمية التي كانت على عهد تأسيس المدنية الإسلامية في المدينة المنورة العلمية	محمد عَبْد الحَيّ بن عبد الكبير ابن محمد الحسني الإدريسي، المعروف بعبد الحي الكتاني (المتوفى: 1382هـ)	ShamAY	23688	0.45283
		مشرق الشمسين و إكسير السعادتين مع تعليقات الخواجوئى	الشيخ البهائي	Masaha	1208	0.45283
		 في رحاب أهل البيت ( ع ) 	 لجنة بحوث المجمع العالمي لأهل البيت ( ع ) 	ABLibrary	8553	0.45281
		كامل الزيارات	ابوالقاسم جعفربن محمد بن قولويه	Ghbook	2418	0.45276
		في رحاب العقيدة - الجزء1	السيد محمد سعيد الطباطبائي الحكيم	Masaha	609	0.45272
		تاريخ المستبصر	جمال الدين أبو الفتح يوسف بن يعقوب ابن محمد المعروف بابن المجاور الشيباني الدمشقي (المتوفى: 690ه)	Sham19Y	471	0.45271
		العقد الفريد	أبو عمر، شهاب الدين أحمد بن محمد بن عبد ربه ابن حبيب ابن حدير بن سالم المعروف بابن عبد ربه الأندلسي (المتوفى: 328هـ)	ShamAY	23789	0.45263
		شأن الدعاء	أبو سليمان حمد بن محمد بن إبراهيم بن الخطاب البستي المعروف بالخطابي (المتوفى: 388ه)	ShamelaY19	95700	0.45262
		ذكر خلق آدم وخطيئته وتوبته وأبواب في ولادة النبي صلى الله عليه وسلم - مخطوط	أبو جعفر محمد بن عثمان بن أبي شيبة	ShamAY	32908	0.4526
		تطور المذهب الاشعري في خراسان (334 - 485هـ / 945 - 1092م)	نور سعد محسن البياتي	ShamAY	37776	0.4526
		كمال الدّين وتمام النّعمة	أبي جعفر محمّد بن علي بن الحسين بن بابويه القمّي [ الشيخ الصدوق ]	Rafed	262	0.4526
		تنبيه العطشان على مورد الظمآن في الرسم القرآني	الرجراجي، الحسين بن علي	ShamAY	36836	0.45251
		الزهد لأسد بن موسى	أبو سعيد أسد بن موسى بن إبراهيم بن الوليد بن عبد الملك بن مروان الأموي القرشي الملقب بأسد السنة (المتوفى: 212هـ)	ShamAY	263	0.45249
		مثير الأحزان	مدرسة الإمام المهدي « عج »	Rafed	1742	0.45248
		البحر المحيط الثجاج في شرح صحيح الإمام مسلم بن الحجاج	محمد بن علي بن آدم بن موسى الإتيوبي الولوي	ShamelaY19	148870	0.45247
		 الكوكب الدري في مناقب ذي النون المصري 	 ابن عربي 	ABLibrary	8743	0.45232
		حليه الابرار في احوال محمد و آله الاطهار عليهم السلام	هاشم بن سليمان بحراني	Ghbook	9259	0.45227
		الجوهر النقي على سنن البيهقي	علاء الدين علي بن عثمان بن إبراهيم بن مصطفى المارديني، أبو الحسن، الشهير بابن التركماني (المتوفى: 750هـ)	ShamAY	1184	0.45223
		جزء حديثي في أحاديث حذيفة في الفتن	عبد الباسط بن يوسف الغريب	ShamAY	33050	0.45223
		تاريخ المستبصر	جمال الدين أبو الفتح يوسف بن يعقوب ابن محمد المعروف بابن المجاور الشيباني الدمشقي (المتوفى: 690هـ)	ShamAY	471	0.45219
		تباين منهج المتقدمين والمتأخرين في التصحيح والتعليل	الدكتور ماهر ياسين الفحل	ShamAY	37269	0.45215
		كتاب زواج عمر بن الخطاب من أم كلثوم بنت علي بن أبي طالب	أبو معاذ الإسماعيلي	ShamAY	33225	0.45207
		 الذريعة 	 آقا بزرگ الطهراني 	ABLibrary	863	0.45204
		منتقى حديث أبي عبد الله محمد بن مخلد	أبو عبد الله محمد بن مخلد بن حفص العطار الدوري البغدادي (المتوفى: 331هـ)	ShamAY	29859	0.45202
		 مجموعة آثار السلمي 	 السلمي 	ABLibrary	8708	0.45199
		الأحاديث الواردة في حلف النبي صلى الله عليه وسلم من صحيح البخاري ومسلم	عبد اللطيف البلوشي	ShamAY	37457	0.45192
		الرَّدُّ المُفْحِم على من اعتدَى علَى صحيح الإمام مسلم -رحمه الله-	ربيع بن هادي المدخلي	ShamAY	37308	0.45189
		مع الدكتور السّالوس في آية التطهير	السيّد علي الحسيني الميلاني	Rafed	3621	0.45189
		ما هي العلاقه بين الحي و الميت	خليفه عبيد كلباني عماني	Ghbook	7697	0.45186
		شبهة الغلو عند الشيعة	الدكتور عبدالرسول الغفار	Rafed	102	0.45182
		رسالة لطيفة في أحاديث متفرقة ضعيفة	محمد بن أحمد بن عبد الهادي المقدسي (744 هـ)	ShamAY	34119	0.4518
		البيان بأن صلاة النافلة لم يشرع لها أذان	فريح بن صالح البهلال	ShamAY	36546	0.45165
		أحكام النساء - مستخلصا من كتب الألباني	أبو مالك محمد بن حامد بن عبد الوهاب	ShamelaY19	38213	0.45163
		كليات في علم الرجال	الشيخ جعفر السبحاني	Rafed	149	0.45163
		تحفة الأبرار بنكت الأذكار للنووي	عبد الرحمن بن أبي بكر، جلال الدين السيوطي (المتوفى: 911ه)	ShamelaY19	21560	0.45159
		الفخر المتوالي فيمن انتسب للنبي صلى الله عليه وسلم من الخدم والموالي	شمس الدين أبو الخير محمد بن عبد الرحمن بن محمد بن أبي بكر بن عثمان بن محمد السخاوي (المتوفى: 902هـ)	ShamAY	6585	0.4515
		كتاب الإعلام بأعلام بيت الله الحرام‏  - الجزء1	محمد بن أحمد النهرواني	Masaha	4217	0.45149
		دراسة حول قول أبي زرعة في سنن ابن ماجه	سعدي بن مهدي الهاشمي	ShamelaY19	23072	0.45148
		الرد على من زعم أن الخضر حي	الواحدي :: علي بن نايف الشحود	ShamAY	36092	0.45148
		مآثر الكبراء في تأريخ سامرّاء [ج ٣]	الشيخ ذبيح الله المحلاتي	Rafed	2372	0.45139
		الأربعون لمحمد بن أسلم الطوسي	الإمام الحافظ أبي الحسن محمد بن أسلم الطوسي	ShamAY	10620	0.45135
		اللآلي المنثورة في الأحاديث المشهورة للزركشي	الزركشي، بدر الدين	ShamAY	33924	0.45133
		تاريخ مدينة صنعاء	أحمد بن عبد الله بن محمّد الرازي	Rafed	2317	0.4513
		أحكام النساء - مستخلصا من كتب الألباني	أبو مالك محمد بن حامد بن عبد الوهاب	ShamAY	1551	0.45129
		الوافي - الجزء1	الفيض الكاشاني	Masaha	1326	0.45129
		مطالع الدقائق في تحرير الجوامع والفوارق	جمال الدين الإسنوي	ShamelaY19	147671	0.45126
		الدليل إلى المتون العلمية	عبد العزيز بن إبراهيم بن قاسم	ShamAY	9816	0.45126
		الذّريعة إلى تصانيف الشّيعة [ج ٣]	الشيخ آقا بزرك الطهراني	Rafed	442	0.45126
		سنن سعيد بن منصور - ت الأعظمي - ت العلمية	سعيد بن منصور	ShamAY	33972	0.45116
		 كشف الغمة في معرفة الأئمة ( ط . ق ) 	 علي بن أبي الفتح الإربلي 	ABLibrary	7908	0.45109
		الزهد لهناد بن السري	أبو السَّرِي هَنَّاد بن السَّرِي بن مصعب بن أبي بكر بن شبر بن صعفوق بن عمرو بن زرارة بن عدس بن زيد التميمي الدارمي الكوفي (المتوفى: 243هـ)	ShamAY	13027	0.45107
		خبر شعر ووفادة النابغة الجعدي	زيد بن الحسن بن زيد بن سعيد الحميري، من ذي رعين، أبو اليمن، تاج الدين الكندي (المتوفى: 613ه)	ShamelaY19	30750	0.45106
		أشرف الوسائل إلى فهم الشّمائل (ومعه: جواهر الدّرر في مناقب ابن حجر)	أحمد بن محمد بن علي بن حجر الهيتمي السعدي الأنصاري، شهاب الدين شيخ الإسلام، أبو العباس (المتوفى: 974هـ)	ShamAY	31701	0.45104
		تفسير نور الثقلين [ج ٤]	الشيخ عبد علي بن جمعة العروسي الحويزي	Rafed	2884	0.45101
		رحلة ابن خلدون	محمّد بن تاويت الطنجي	Rafed	2403	0.45088
		الكنز في القراءات العشر	أبو محمد، عبد الله بن عبد المؤمن بن الوجيه بن عبد الله بن على ابن المبارك التّاجر الواسطيّ المقرئ تاج الدين ويقال نجم الدين (المتوفى: 741هـ)	ShamAY	1455	0.4508
		نظره في كتاب منهاج السنه النبويه	عبدالحسين اميني ( علامه اميني )	Ghbook	4583	0.4508
		 سلسلة المسائل الفقهية 	 الشيخ السبحاني 	ABLibrary	9586	0.45078
		أدب الكتاب للصولي	أبو بكر محمد بن يحى الصولي (المتوفى: 335هـ)	ShamAY	1601	0.45072
		أدوار علم الفقه وأطواره‏	الشيخ علي كاشف الغطاء	Masaha	2377	0.45072
		ضبط من غبر فيمن قيده ابن حجر (مطبوع ضمن مجموع رسائل ابن عبد الهادي)	يوسف بن حسن بن أحمد بن حسن ابن عبد الهادي الصالحي، جمال الدين، ابن المِبْرَد الحنبلي (المتوفى: 909 هـ)	ShamAY	32313	0.4506
		 موسوعة التاريخ الإسلامي 	 الشيخ محمد هادي اليوسفي الغروي 	ABLibrary	7856	0.45057
		دراسة حول قول أبي زرعة في سنن ابن ماجه	سعدي بن مهدي الهاشمي	ShamAY	23072	0.45055
		معجم المعاجم	أحمد الشرقاوي إقبال (معاصر)	ShamAY	34708	0.45055
		الغدير في الكتاب والسنّة والأدب [ج ٣]	الشيخ عبد الحسين أحمد الأميني النجفي	Rafed	2001	0.45054
		ردود ابن عربي على المتكلمين من خلال كتابه الفتوحات المكية	عادل شافي عيفان	ShamAY	37778	0.45052
		الإيضاح في القراءات	أحمد الأندرابي	ShamAY	36795	0.45049
		الفتوة لأبي عبد الرحمن السلمي	محمد بن الحسين بن محمد بن موسى بن خالد بن سالم النيسابوري، أبو عبد الرحمن السلمي (المتوفى: 412ه)	ShamelaY19	26864	0.45048
		النجم الثاقب في أحوال الإمام الحجة الغائب(عج) - الجزء2	المحدث الشيخ حسين النوري	Masaha	491	0.45047
		شخصيات من الحرمين الشريفين: مجموعه من الباحثين	مركز تحقيقات حج	Ghbook	11360	0.45042
		 الهدايا لشيعة أئمة الهدى ( شرح اصول الكافى ) 	 شرف الدين مجذوب التبريزي 	ABLibrary	7926	0.45041
		إيمان أبي طالب	الشيخ المفيد	Masaha	189	0.45036
		الورع لأحمد - العلمية	أحمد بن محمد بن حنبل الشيباني أبو عبدالله	ShamAY	33617	0.45034
		تحقيق الآمال في جواز إخراج صدقة الفطر بالمال	السيد أحمد الصديق الغماري (ت1380هـ)	ShamAY	36439	0.45034
		مجموعة أجزاء حديثية - أدب النفوس	أبو بكر محمد بن الحسين بن عبد الله الآجُرِّيُّ البغدادي (المتوفى: 360هـ)	ShamAY	8245	0.45031
		القدر، مرويات و مسائل ـ من كتاب اللالكائي	حمود السلامه	ShamAY	35756	0.45028
		التشيّع	الدكتور محمد زين الدين	Rafed	789	0.45027
		إحكام القنطرة في أحكام البسملة	الإمام محمد عبد الحي اللكنوي (ت1304هـ)	ShamAY	36000	0.4502
		الذّريعة إلى تصانيف الشّيعة [ج ٢٠]	الشيخ آقا بزرك الطهراني	Rafed	490	0.45016
		أحاديث وقصص لا تثبت انتشرت عبر البريد الإلكتروني	عبد الله بن زقيل	ShamAY	33089	0.45006
		إصلاح غلط أبي عبيد في غريب الحديث	ابن قتيبة عبد الله بن مسلم الدينوري (المتوفى: 276 ه)	Sham19Y	18197	0.45005
		دراسات فقهية في مسائل خلافية	نجم الدين طبسي	Ghbook	9550	0.45002
		وشائج الصلة المتميزة بين مذهبي الإمامين أبي حنيفة ومالك رحمهما الله	أ . د / محمد محروس المدرس الأعظمي	ShamAY	36248	0.44994
		تفسير نور الثقلين [ج ٣]	الشيخ عبد علي بن جمعة العروسي الحويزي	Rafed	2880	0.44993
		مع الدكتور السالوس في آيه التطهير	آيت الله علي حسيني ميلاني	Ghbook	4816	0.44993
		معجم المعاجم	أحمد الشرقاوي إقبال	Rafed	2969	0.44984
		 مكاتيب الأئمة ( ع ) 	 علي الأحمدي الميانجي 	ABLibrary	7777	0.44982
		 عبقات الأنوار في إمامة الأئمة الأطهار ( فارسي ) 	 السيد حامد النقوي 	ABLibrary	8498	0.44979
		 طلوع سعد السعود 	 الآغا بن عودة المزاري 	ABLibrary	9134	0.44975
		تراجم المؤلفين التونسيين	محمد محفوظ (المتوفى: 1408 هـ)	ShamAY	38786	0.4497
		الغاية في اختصار النهاية	عز الدين عبد العزيز بن عبد السلام السلمي (المتوفى: 660 ه)	Sham19Y	127703	0.44966
		الكنز في القراءات العشر	أبو محمد، عبد الله بن عبد المؤمن بن الوجيه بن عبد الله بن على ابن المبارك التاجر الواسطي المقرئ تاج الدين ويقال نجم الدين (المتوفى: 741ه)	Sham19Y	29864	0.44964
		لباب الآداب لأسامة بن منقذ	أبو المظفر مؤيد الدولة مجد الدين أسامة بن مرشد بن علي بن مقلد بن نصر بن منقذ الكناني الكلبي الشيزري (المتوفى: 584هـ)	ShamAY	10496	0.44963
		أحكام العيدين للفريابي	أبو بكر جعفر بن محمد بن الحسن بن المُسْتَفاض الفِرْيابِي (المتوفى: 301هـ)	ShamAY	8276	0.44952
		اختصار صحيح البخاري وبيان غريبه	أبو العباس القرطبي ضياء الدين أحمد بن عمر الأنصاري الأندلسي القرطبي (578 ه - 656 ه)	Sham19Y	127656	0.44949
		 معرفة الإمام 	 السيد محمد حسين الطهراني 	ABLibrary	8884	0.44945
		النقول الصريحة شرح حديث الدين النصيحة	أبو يوسف محمد زايد	ShamAY	35957	0.44942
		منتقى حديث أبي عبد الله محمد بن مخلد	أبو عبد الله محمد بن مخلد بن حفص العطار الدوري البغدادي (المتوفى: 331ه)	ShamelaY19	29859	0.44928
		صلة تاريخ الطبري	الواحدي :: القرطبي، عريب بن سعد	ShamAY	33813	0.44928
		نداءات القرآن لبني الإنسان	أبو يوسف محمد زايد	ShamAY	33121	0.44927
		خطبة الكتاب المؤمل للرد إلى الأمر الأول	أبو القاسم شهاب الدين عبد الرحمن بن إسماعيل بن إبراهيم المقدسي الدمشقي المعروف بأبي شامة (المتوفى: 665هـ)	ShamAY	31992	0.44911
		بحار الأنوار [ج ٦٦]	الشيخ محمّد باقر بن محمّد تقي المجلسي	Rafed	1069	0.4491
		مسند أبي أمية الطرسوسي	أبو أمية محمد بن إبراهيم بن مسلم الخزاعي البغدادي ثم الطرسوسي (المتوفى: 273ه)	ShamelaY19	29711	0.44907
		رسالة في حديث اصحابي كالنجوم	السيّد علي الحسيني الميلاني	Rafed	215	0.44902
		العبارة المختصرة في علة حديث إن هذه الحشوش محتضرة (أصله محاضرة ألقيت على طلبة الدراسات العليا)	أبو ذر عبد القادر بن مصطفى بن عبد الرزاق المحمدي	ShamelaY19	117137	0.44879
		 بحار الأنوار 	 العلامة المجلسي 	ABLibrary	759	0.44878
		الدارس في تاريخ المدارس	عبد القادر بن محمد النعيمي الدمشقي (المتوفى: 927هـ)	ShamAY	8880	0.44875
		العقائد الاسلامية [ج ٢]	مركز المصطفى للدراسات الإسلامية	Rafed	86	0.4487
		التبصرة - ت عبد الواحد	ابن الجوزي	ShamAY	38311	0.44868
		مراقد أهل البيت في القاهرة ومعه كتاب حياة الأرواح بعد الموت‏	محمد زكي إبراهيم	Masaha	4093	0.44863
		نهاية المطلب في دراية المذهب	عبد الملك بن عبد الله بن يوسف بن محمد الجويني، أبو المعالي، ركن الدين، الملقب بإمام الحرمين (المتوفى: 478هـ)	ShamAY	1788	0.44859
		تاريخ بغداد أو مدينة السّلام [ج ٢٢]	محبّ الدين أبي عبدالله محمّد بن محمود بن الحسن [ ابن النجّار البغدادي ]	Rafed	2983	0.44859
		إتحاف النبلاء ببيان تسمية العلماء	الشيخ سامي المسيطير	ShamAY	35809	0.44858
		أنساب الخيل في الجاهلية والإسلام وأخبارها	أبو المنذر هشام بن محمد أبي النضر ابن السائب ابن بشر الكلبي (المتوفى: 204هـ)	ShamAY	9249	0.44855
		موسوعة كربلاء [ج ١]	الدكتور لبيب بيضون	Rafed	3226	0.44849
		موجز التاريخ الإسلامي منذ عهد آدم عليه السلام (تاريخ ما قبل الإسلام) إلى عصرنا الحاضر 1417 هـ/96 - 97 م	أحمد معمور العسيري	ShamAY	814	0.44841
		القراءات المتواترة وأثرها في اللغة العربية والأحكام الشرعية والرسم القرآني	محمد الحبش	ShamAY	35922	0.44833
		التنبيهات على رسالة الألباني في الصلاة	حمود بن عبد الله بن حمود بن عبد الرحمن التويجري (المتوفى: 1413 هـ)	ShamAY	32550	0.44832
		سلسله النقد و التحقيق الحق المبين	آيت الله علي حسيني ميلاني	Ghbook	4788	0.4483
		شرح المنظومة البيقونية ليوسف جودة	يوسف بن جودة يس يوسف الداودي	ShamAY	38517	0.44828
		نظرة في كتاب السنّة والشيعة لمحمّد رشيد رضا	العلامة الأميني	Rafed	3526	0.44827
		رساله في حديث الوصيه بالثقلين الكتاب والسنه	آيت الله علي حسيني ميلاني	Ghbook	7742	0.44825
		الأذان بين الإصالة والتحريف	السيد علي الشهرستاني	Rafed	1587	0.44824
		سؤالات محمد بن عثمان بن أبي شيبة لعلي بن المديني - ط الفاروق	محمد بن عثمان بن أبي شيبة	ShamAY	34146	0.44823
		الكافي [ج ٢]	أبو جعفر محمّد بن يعقوب الكليني الرازي	Rafed	825	0.44821
		الأصمعيات اختيار الأصمعي	الأصمعي أبو سعيد عبد الملك بن قريب بن علي بن أصمع (المتوفى: 216هـ)	ShamAY	6905	0.4482
		الدّارس في التاريخ المدارس [ج ١]	عبد القادر بن محمّد النعيمي الدمشقي	Rafed	2211	0.44807
		موسوعة المعلمي اليماني وأثره في علم الحديث المسماة «النكت الجياد المنتخبة من كلام شيخ النقاد ذهبي العصر العلامة عبد الرحمن بن يحي المعلمي اليماني»	أبو أنس إبراهيم بن سعيد الصبيحي	ShamAY	32308	0.44806
		تذكرة المؤتسي فيمن حدث ونسي	عبد الرحمن بن أبي بكر، جلال الدين السيوطي (المتوفى: 911هـ)	ShamAY	6021	0.44802
		مسلسل العيدين للكتاني وللخطيب البغدادي	عبد العزيز بن أحمد بن محمد بن علي التميمي، أبو محمد الكتاني الدمشقي (المتوفى: 466ه)	ShamelaY19	26776	0.44795
		الخراج لأبي يوسف	أبو يوسف القاضي	ShamelaY19	26333	0.44792
		معجم المؤلفين - الجزء1	عمر كحالة	Masaha	2837	0.44789
		ربيع الأبرار و نصوص الأخبار - الجزء1	ابو القاسم محمود بن عمر الزمخشري	Masaha	2979	0.44787
		مع المهدي المنتظر (عجل الله تعالي فرجه الشريف ) في دراسه منهجيه مقارنه بين الفكر...	جمعي از نويسندگان	Ghbook	6685	0.44787
		تركة النبي صلى الله عليه وسلم والسبل التي وجهها فيها	أبو إسماعيل حماد بن إسحاق بن إسماعيل بن حماد بن زيد بن درهم الأزدي البغدادي المالكي (المتوفى: 267هـ)	ShamAY	22657	0.44781
		حديث أبي الفضل الزهري	عبيد الله بن عبد الرحمن بن محمد بن عبيد الله بن سعد بن إبراهيم بن عبد الرحمن بن عوف العوفي، الزهري، القرشي، أبو الفضل البغدادي (المتوفى: 381ه)	Sham19Y	8227	0.44778
		تحفة الأبرار بنكت الأذكار للنووي	عبد الرحمن بن أبي بكر، جلال الدين السيوطي (المتوفى: 911هـ)	ShamAY	21560	0.44777
		أثر تاريخ النص الحديثي في توجيه المعاني عند شراح الحديث دراسة تطبيقية	يوسف بن جودة الداودي	ShamelaY19	36115	0.44768
		عشرة أحاديث من الجزء المنتقى الأول والثاني من حديث الليث (مطبوع ضمن مجموع باسم الفوائد لابن منده!)	أبو الحارث الليث بن سعد بن عبد الرحمن الفهمي المصري (المتوفى: 175هـ)	ShamAY	9556	0.44758
		شرح تفسير ابن كثير - الراجحي	عبد العزيز بن عبد الله بن عبد الرحمن الراجحي	ShamelaY19	37048	0.44751
		أعلام المهندسين في الاسلام	احمد تيمور	Masaha	4071	0.4474
		التنبيه بالمعلوم	محمد بن الحسن الحرّ العاملي [ العلامة الشيخ حرّ العاملي ]	Rafed	174	0.4474
		مفحمات الأقران في مبهمات القرآن	عبد الرحمن بن أبي بكر، جلال الدين السيوطي (المتوفى: 911 هـ)	ShamAY	26582	0.44737
		التذكار في أفضل الأذكار من القرآن الكريم	أبو عبد الله عبد الله محمد بن أحمد القرطبي المفسر (671 هـ)	ShamAY	33729	0.44732
		كتاب القضاء لسريج بن يونس	أبو الحارث سريج بن يونس بن إبراهيم البغدادي (المتوفى: 235ه)	Sham19Y	8219	0.4473
		حديث هشام بن عمار	هشام بن عمار بن نصير بن ميسرة بن أبان السُّلمي، ويقال: الظفري، أبو الوليد الدمشقي المقرئ (المتوفى: 245هـ)	ShamAY	13112	0.44729
		الجامع لأحكام القرآن = تفسير القرطبي	أبو عبد الله محمد بن أحمد بن أبي بكر بن فرح الأنصاري الخزرجي شمس الدين القرطبي (المتوفى: 671هـ)	ShamAY	495	0.44723
		مطالع الأنوار على صحاح الآثار	إبراهيم بن يوسف بن أدهم الوهراني الحمزي، أبو إسحاق ابن قرقول (المتوفى: 569ه)	ShamelaY19	122402	0.44717
		إكرام الضيف لإبراهيم الحربي	أبو إسحاق إبراهيم بن إسحاق بن إبراهيم بن بشير البغدادي الحَرْبي (المتوفى: 285هـ)	ShamAY	12986	0.44716
		تحفة الوفد بما ورد في سورتي الخلع والحفد	أبو يعلى البيضاوي	ShamAY	36875	0.44713
		مجلس من أمالي النجاد وثلاثة أحاديث من حديثه - مخطوط	أبو بكر النجاد، أحمد بن سلمان بن الحسن بن إسرائيل بن يونس البغدادي (المتوفى: 348هـ)	ShamAY	12548	0.44702
		أصول الحديث عند الإمام أبي حنيفة	أحمد يوسف أبو حلبية	ShamAY	37333	0.44701
		فلاح السائل	السيّد رضي الدين أبو القاسم علي بن موسى بن جعفر بن طاووس الحسني الحلّي [ السيّد بن طاووس ]	Rafed	1744	0.44701
		في تاريخ الأدب الجاهلي	علي الجندي	ShamAY	12046	0.447
		 معرفة الإمام 	 السيد محمد حسين الطهراني 	ABLibrary	8887	0.44697
		سيرة عمر بن عبد العزيز على ما رواه الإمام مالك بن أنس وأصحابه	عبد الله بن عبد الحكم بن أعين بن ليث بن رافع، أبو محمد المصري (المتوفى: 214هـ)	ShamAY	6656	0.44689
		مشيخة ابن طهمان	أبو سعيد إبراهيم بن طهمان بن شعبة الخراسانى الهروي (المتوفى: 168هـ)	ShamAY	24831	0.44685
		الامام الباقر ( عليه السلام ) و اثره في التفسير	حكمت عبيد خفاجي	Ghbook	2845	0.44684
		نفح الطّيب [ج ٥]	الشيخ أحمد بن محمد المقري التلمساني	Rafed	2801	0.44683
		بقيع الغرقد	الشيخ محمّد أمين الأميني	Rafed	2315	0.44681
		معاوية بن أبي سفيان - شخصيته وعصره	عَلي محمد محمد الصَّلاَّبي	ShamAY	342	0.44667
		الاعتقاد الخالص من الشك والانتقاد	علي بن إبراهيم بن داود بن سلمان بن سليمان، أبو الحسن، علاء الدين ابن العطار (المتوفى: 724هـ)	ShamAY	32187	0.44666
		 تحصيل المرام في أخبار البيت الحرام 	 محمد بن أحمد المالكي ( الصباغ ) 	ABLibrary	9019	0.44666
		الشريف الرضي وشعره في الغدير	الشيخ عبد الحسين الأميني النجفي	Masaha	311	0.44665
		مرآة العقول [ج ٩]	الشيخ محمّد باقر بن محمّد تقي المجلسي	Rafed	1026	0.4466
		المزار الكبير	الشيخ أبو عبد الله محمّد بن جعفر المشهدي	Rafed	1318	0.4466
		من حديث البغوي وابن صاعد والهاشمي لابن زنبور الوراق (مطبوع ضمن جمهرة الأجزاء الحديثية)	محمد بن عمر بن خلف بن زنبور البغدادي الوراق (المتوفى: 396هـ)	ShamAY	21483	0.44657
		بحر الفوائد المسمى بمعاني الأخبار للكلاباذي	أبو بكر محمد بن أبي إسحاق بن إبراهيم بن يعقوب الكلاباذي البخاري الحنفي (المتوفى: 380هـ)	ShamAY	13084	0.44657
		الزهد لأحمد بن حنبل	أبو عبد الله أحمد بن محمد بن حنبل بن هلال بن أسد الشيباني (المتوفى: 241هـ)	ShamAY	8494	0.44651
		فقه عمل اليوم والليلة	أبو محمد عبد الله بن مانع بن غلاب الغبيوي الروقي العتيبي	Sham19Y	17865	0.44648
		الإنصاف في مسائل دام فيها الخلاف - الجزء1	الشيخ جعفر السبحاني	Masaha	4944	0.44648
		فرح الأسماع برخص السماع	محمد بن أحمد بن محمد بن داود بن سلامة اليزلتيني، التونسي القاهري، المالكي، الوفائي، الشاذلي، ويعرف بابن زغدان (أبو عبد الله، أبو المواهب) (المتوفى: 882هـ)	ShamAY	1598	0.44647
		فضائل الأندلس وأهلها	ابن حزم :: مجموعة من المؤلفين	ShamAY	6701	0.44642
		جهود الإمام الزرقاني في إبراز دلائل إعجاز القرآن الكريم والدفاع عنه		ShamAY	36992	0.44642
		مسند أبي الطيالسي (دار المعرفة)	سليمان بن داود أبو داود الفارسي البصري الطيالسي	ShamAY	33930	0.4464
		تحفة القادم	ابن الأبار، محمد بن عبد الله بن أبي بكر القضاعي البلنسي (المتوفى: 658ه)	ShamelaY19	26108	0.44637
		طرق حديث عبد الله بن عمر عن النبي صلى الله عليه وسلم في ترائي الهلال	أبو بكر أحمد بن علي بن ثابت الخطيب البغدادي	ShamAY	33621	0.44635
		موجز التاريخ الإسلامي منذ عهد آدم عليه السلام (تاريخ ما قبل الإسلام) إلى عصرنا الحاضر 1417 ه/96 - 97 م	أحمد معمور العسيري	Sham19Y	73353	0.44635
		مسند الروياني	أبو بكر محمد بن هارون الرُّوياني (المتوفى: 307هـ)	ShamAY	13161	0.44625
		وسائل الشيعة [ج ١٣]	محمد بن الحسن الحرّ العاملي [ العلامة الشيخ حرّ العاملي ]	Rafed	305	0.44614
		رؤية النبي صلى الله عليه وسلم لربه	محمد بن خليفة بن علي التميمي	ShamAY	11207	0.44609
		موسوعة الأذان بين الأصالة والتحريف [ج ١]	السيد علي الشهرستاني	Rafed	3627	0.44605
		الأحاديث الطوال للطبراني	سليمان بن أحمد بن أيوب بن مطير اللخمي الشامي، أبو القاسم الطبراني (المتوفى: 360هـ)	ShamAY	12989	0.446
		دور علي بن أبي طالب - رضي الله عنه - في غزوات وسرايا النبي -	عبد العزيز سليمان السلومي	ShamAY	37441	0.44593
		الإيقاظ من الهجعة بالبرهان على الرجعة	محمد بن الحسن الحرّ العاملي [ العلامة الشيخ حرّ العاملي ]	Rafed	300	0.44591
		كتابة القرآن الكريم في العهد المكي		ShamAY	36857	0.4459
		 موسوعة التاريخ الإسلامي 	 الشيخ محمد هادي اليوسفي الغروي 	ABLibrary	7858	0.44589
		فضائل الأندلس وأهلها	ابن حزم وابن سعيد والشقندي	Sham19Y	6701	0.44588
		علوم الحديث ومصطلحه - عرضٌ ودراسة	د. صبحي إبراهيم الصالح (المتوفى: 1407هـ)	ShamAY	1700	0.44587
		 معرفة الإمام 	 السيد محمد حسين الطهراني 	ABLibrary	8894	0.44582
		حديث ردالشمس	آيت الله علي حسيني ميلاني	Ghbook	15922	0.44582
		الخراج لأبي يوسف	أبو يوسف يعقوب بن إبراهيم بن حبيب بن سعد بن حبتة الأنصاري (المتوفى : 182هـ)	ShamAY	26333	0.44579
		المغرب في حلى المغرب [ج ١]	علي بن موسى بن محمّد بن عبد الملك بن سعيد الغرناطي الأندلسي	Rafed	2271	0.44579
		الهدايا لشيعة أئمة الهدى - الجزء1	محمد مجذوب التبريزي	Masaha	4847	0.44576
		دور الشيعة في بناء الحضارة الاسلامية	الشيخ جعفر السبحاني	Masaha	2362	0.44565
		نور اليقين في سيرة سيد المرسلين - المعرفة	محمد بن عفيفي الخضري	ShamAY	34443	0.44559
		أشراط الساعة وذهاب الأخيار وبقاء الأشرار لعبد الملك بن حبيب	عبد الملك بن حَبِيب بن حبيب بن سليمان بن هارون السلمي الإلبيري القرطبي، أبو مروان (المتوفى: 238هـ)	ShamAY	26569	0.44555
		موجز التاريخ الإسلامي منذ عهد آدم عليه السلام (تاريخ ما قبل الإسلام) إلى عصرنا الحاضر 1417 ه/96 - 97 م	أحمد معمور العسيري	ShamelaY19	73353	0.44554
		شرح حديث جابر في الحج	عبد العزيز الطريفي	ShamAY	35965	0.44553
		الأول من حديث ابن حذلم	أبو الحسن القاضي أحمد بن سليمان بن أيوب بن داود بن عبد الله بن حَذْلَم الأسدي الدمشقي الأوزاعي (المتوفى: 347هـ)	ShamAY	29720	0.44553
		الأربعون المستخرجة من الصحاح من روايات المحمدين	عَبْدُ الرَّزَّاقِ بْنُ مُحَمَّدِ بْنِ أَبِي نَصْرٍ أحمد بن محمد بن عيسى بن عمار أَبُو الْمَحَاسِنِ الطَّبَسِيُّ (المتوفى: 537هـ)	ShamAY	29772	0.44553
		الكافي [ج ٤]	أبو جعفر محمّد بن يعقوب الكليني الرازي	Rafed	992	0.44553
		نور اليقين في سيرة سيد المرسلين	محمد بن عفيفي الباجوري، المعروف بالشيخ الخضري (المتوفى: 1345ه)	ShamelaY19	23692	0.44552
		فقه عمل اليوم والليلة	أبو محمد عبد الله بن مانع بن غلاب الغبيوي الروقي العتيبي	ShamAY	32516	0.44552
		الأحكام الشرعية الصغرى «الصحيحة»	عبد الحق بن عبد الرحمن بن عبد الله بن الحسين بن سعيد إبراهيم الأزدي، الأندلسي الأشبيلي، المعروف بابن الخراط (المتوفى: 581 هـ)	ShamAY	32348	0.44552
		 المواعظ والإعتبار في ذكر الخطط والآثار ( ط بيروت ) 	 المقريزي 	ABLibrary	9234	0.44551
		تخريج أحاديث وآثار كتاب في ظلال القرآن ، لسيد قطب - رحمه الله -	علوي بن عبد القادر السَّقَّاف	ShamAY	2615	0.44548
		المنح الشافيات بشرح مفردات الإمام أحمد	منصور بن يونس بن صلاح الدين ابن حسن بن إدريس البهوتى الحنبلى (المتوفى: 1051ه)	Sham19Y	6538	0.44539
		جزء أبي عبد الله العطار	أبو عبد الله محمد بن مخلد بن حفص العطار الدوري البغدادي (المتوفى: 331ه)	ShamelaY19	30373	0.44537
		الإيمان للعدني	أبو عبد الله محمد بن يحيى ابن أبي عمر العدني (المتوفى: 243هـ)	ShamAY	13006	0.44535
		الإعلام بوجوب التثبت في رواية الحديث وحكم العمل بالحديث الضعيف	سليمان العلوان	ShamAY	37320	0.44523
		الجامع لأحكام القرآن = تفسير القرطبي	أبو عبد الله محمد بن أحمد بن أبي بكر بن فرح الأنصاري الخزرجي شمس الدين القرطبي (المتوفى: 671ه)	ShamelaY19	20855	0.44519
		فوائد ابن الباغبان (مطبوع ضمن كتاب جمهرة الأجزاء الحديثية)	أَبُو الخَيْرِ مُحَمَّدُ بنُ أَحْمَدَ بنِ مُحَمَّدِ بنِ عُمَرَ بنِ القَاسِمِ بنِ عَبْدِ اللهِ بنِ عَلِيِّ بنِ إِسْحَاقَ بنِ سندَارَ الأَصْبَهَانِيُّ، المُقَدِّرُ، المُهَنْدِسُ، المُؤَذِّنُ، الصُّوْفِيُّ، شُهِرَ بِالبَاغْبَانِ. (المتوفى: 559هـ)	ShamAY	9592	0.44517
		التهذيب الموضوعي لحلية الأولياء، للحافظ أبي نعيم الأصبهاني	د. محمد بن عبد الله الهبدان	ShamAY	35248	0.44505
		مسند الحب بن الحب أسامة بن زيد	أبو القاسم عبد الله بن محمد بن عبد العزيز بن المَرْزُبان بن سابور بن شاهنشاه البغوي (المتوفى: 317هـ)	ShamAY	13158	0.44498
		أعلام الحديث (شرح صحيح البخاري)	أبو سليمان حمد بن محمد الخطابي (ت 388 هـ)	ShamAY	32483	0.44497
		أشرف الوسائل إلى فهم الشمائل (ومعه: جواهر الدرر في مناقب ابن حجر)	أحمد بن محمد بن علي بن حجر الهيتمي السعدي الأنصاري، شهاب الدين شيخ الإسلام، أبو العباس (المتوفى: 974ه)	ShamelaY19	122255	0.44488
		حديث علي بن حجر السعدي عن إسماعيل بن جعفر المدني	إسماعيل بن جعفر بن أبي كثير الأنصاري الزرقي مولاهم، أبو إسحاق المدني - ويكني أيضا: أبا إبراهيم (المتوفى: 180ه)	ShamelaY19	21544	0.44487
		إدام القوت في ذكر بلدان حضر الموت	السيّد عبد الرحمن بن عبيد الله السقّاف	Rafed	2300	0.44487
		تفسير نور الثقلين [ج ٢]	الشيخ عبد علي بن جمعة العروسي الحويزي	Rafed	2879	0.44486
		حسان بن ثابت وشعره في الغدير	الشيخ عبد الحسين الأميني النجفي	Masaha	236	0.44481
		المِنَحُ الشَّافِيات بِشَرْحِ مُفْردَاتِ الإمَامِ أحْمَد	منصور بن يونس بن صلاح الدين ابن حسن بن إدريس البهوتى الحنبلى (المتوفى: 1051هـ)	ShamAY	31805	0.4448
		سؤالات محمد بن عثمان بن أبي شيبة لعلي بن المديني	علي بن عبد الله بن جعفر السعدي بالولاء المديني، البصري، أبو الحسن (المتوفى: 234ه)	Sham19Y	5947	0.44479
		حديث خطبه علي ، بنت ابي جهل	آيت الله علي حسيني ميلاني	Ghbook	4814	0.44479
		إجماع العلماء على الهجر والتحذير من أهل الأهواء	خَالد بن ضَحَوي الظَّفيري	ShamAY	35711	0.44474
		الكلام على وصول القراءة للميت لابن سرور المقدسي	محمد بن إبراهيم بن عبد الواحد بن علي، أبو عبد الله شمس الدين ابن أبي السرور المقدسي الحنبلي (المتوفى: 676ه)	ShamelaY19	26924	0.44473
		موسوعة عبد الله بن عبّاس [ج ٨]	السيد محمد مهدي السيد حسن الموسوي الخرسان	Rafed	1184	0.44471
		الجزء الرابع من كتاب المبتدأ لإسحاق بن بشر القرشي - مخطوط	أبي حذيفة إسحاق بن بشر القرشي	ShamAY	32756	0.44463
		العواصم والقواصم في الذب عن سنة أبي القاسم	ابن الوزير، محمد بن إبراهيم بن علي بن المرتضى بن المفضل الحسني القاسمي، أبو عبد الله، عز الدين، من آل الوزير (المتوفى: 840ه)	Sham19Y	29677	0.44456
		كتاب الرجال	تقي الدين الحسن بن علي بن داود الحلي	Rafed	82	0.4445
		انتخاب العوالي والشيوخ من فهارس شيخنا الامام المسند العطار أحمد بن عبيد الله العطار	عبد الرحمن بن محمد بن عبد الرحمن الكزبري الشافعي (المتوفى: 1262ه)	Sham19Y	5726	0.44446
		شعراء الغدير في القرن - الجزء7	الشيخ عبد الحسين الأميني النجفي	Masaha	313	0.44445
		الجزء الثالث عشر من الفوائد المنتقاة لأبي بكر الشافعي انتقاء أبي حفص المصري - مخطوط	أبو بكر محمد بن عبد الله بن إبراهيم الشافعي	ShamAY	32846	0.44442
		أصل صفة صلاة النبي صلى الله عليه وسلم	محمد ناصر الدين الألباني (المتوفى: 1420هـ)	ShamAY	9875	0.44441
		الغدير في الكتاب العزيز	الشيخ عبد الحسين الأميني النجفي	Masaha	366	0.4444
		العواصم والقواصم في الذب عن سنة أبي القاسم	ابن الوزير، محمد بن إبراهيم بن علي بن المرتضى بن المفضل الحسني القاسمي، أبو عبد الله، عز الدين، من آل الوزير (المتوفى: 840هـ)	ShamAY	3	0.44437
		معرفة ما يجب لآل البيت النبوي من الحق على من عداهم	تقي الدين احمد بن علي المقريزي	Rafed	235	0.44437
		التَّنويرُ شَرْحُ الجَامِع الصَّغِيرِ	محمد بن إسماعيل بن صلاح بن محمد الحسني، الكحلاني ثم الصنعاني، أبو إبراهيم، عز الدين، المعروف كأسلافه بالأمير (المتوفى: 1182هـ)	ShamAY	31690	0.44427
		سنن سعيد بن منصور - ط العلمية والصميعي والألوكة	سعيد بن منصور	ShamAY	38067	0.44426
		 عبقات الأنوار في إمامة الأئمة الأطهار ( فارسي ) 	 السيد حامد النقوي 	ABLibrary	8500	0.44425
		من هم قتله الحسين ( عليه السلام ) ؟	آيت الله علي حسيني ميلاني	Ghbook	4784	0.44423
		 الرحيق المختوم 	 صفي الرحمان مباركفوري 	ABLibrary	7530	0.44421
		تحصيل المرام [ج ١-٢]	الشيخ محمّد بن أحمد بن سالم بن محمّد المالكي المكّي [ الصبّاغ ]	Rafed	3062	0.44414
		الإمام محمد الجواد عليه السلام سيرة وتاريخ	السيد عدنان الحسيني	Masaha	672	0.44413
		إصلاح غلط أبي عبيد في غريب الحديث	ابن قتيبة عبد الله بن مسلم الدينوري (المتوفى: 276 هـ)	ShamAY	38877	0.44407
		عناية الأمة بالقرآن الكريم عبر العصور د. محمد العمر	د . محمد العمر	ShamAY	36856	0.44406
		 التذكرة في أحوال الموتى وأمور الآخرة 	 القرطبي 	ABLibrary	8377	0.44405
		فضائل عثمان بن عفان لعبد الله بن أحمد	أبو عبد الرحمن عبد الله بن أحمد بن محمد بن حنبل الشيباني (المتوفى: 290ه)	Sham19Y	9322	0.44401
		تفسير نور الثقلين [ج ١]	الشيخ عبد علي بن جمعة العروسي الحويزي	Rafed	3049	0.44401
		الفلاكة والمفلوكون	أحمد بن علي بن عبد الله، شهاب الدين الدلجي المصري (المتوفى: 838ه)	Sham19Y	36075	0.44388
		صحيح وضعيف سنن النسائي	محمد ناصر الدين الألباني (المتوفى: 1420هـ)	ShamAY	783	0.44378
		طريق الوصول إلى الحقّ	محمد گوزل الآمدي	Masaha	331	0.44377
		إحقاق الحقّ وإزهاق الباطل [ج ١٠]	السيّد نور الله الحسيني المرعشي التستري	Rafed	2747	0.44377
		رسالة في حديث الوصية بالثقلين الكتاب والسنّة	السيّد علي الحسيني الميلاني	Rafed	224	0.44377
		 بحار الأنوار 	 العلامة المجلسي 	ABLibrary	782	0.44374
		مقرر السيرة للصف الثالث الإعدادي بقطر	مجموعة من المؤلفين	ShamAY	34437	0.44372
		عبدالله بن سبأ وإمامة علي رضى الله عنه	علي السلمان	ShamAY	35700	0.4437
		مجموعة رسائل علمية	أبو عبد الرحمن مقبل بن هادي بن مقبل بن قائدة (اسم رجل) الهمداني الوادعي (المتوفى: 1422ه)	ShamelaY19	96787	0.4436
		التفسير والمفسرون في غرب أفريقيا	محمد بن رزق بن عبد الناصر بن طرهوني الكعبي السلمي أبو الأرقم المصري المدني	ShamAY	32194	0.4436
		كليات في علم الرجال	آيت الله العظمي جعفر سبحاني	Ghbook	12214	0.44359
		بحار الأنوار [ج ٣٦]	الشيخ محمّد باقر بن محمّد تقي المجلسي	Rafed	956	0.44353
		الرحيق المختوم	صفي الرحمن المباركفوري (المتوفى: 1427هـ)	ShamAY	9820	0.44348
		 منتهى السؤل على وسائل الوصول إلى شمائل الرسول ( ص ) 	 عبد الله بن سعيد محمد عبادي اللحجي 	ABLibrary	7798	0.44348
		البيان والتبيين لضوابط ووسائل تمييز الرواة المهملين	محمد بن تركي التركي	ShamAY	35851	0.44347
		البرهان في تفسير القرآن	هاشم بن سليمان بحراني	Ghbook	2694	0.44343
		التوحيد وفضل لا إله إلا الله - ط البشائر	يوسف بن عبد الهادي (909 هـ)	ShamAY	33872	0.4434
		دعوة الهدى إلى الورع في الأفعال والفتوى	الشيخ محمد جواد البلاغي	Masaha	254	0.4434
		الفلاكة والمفلوكون	أحمد بن علي بن عبد الله، شهاب الدين الدلجي المصري (المتوفى: 838ه)	ShamelaY19	36075	0.44337
		مُعْجَمُ الجَرْح والتّعْديل لِرجَالِ السُّنَن الكُبْرَى، مَع دراسَة إضَافية لمنهج البَيْهَقي في نَقْد الرّوَاة في ضَوْء السُّنَن الكُبْرى	نجم عبد الرحمن خلف	ShamAY	31734	0.44334
		ابحاث عقائدية تفسيرية فقهية: امهات الائمة عليهم السلام وزوجاتهم	نجاح الطائي	Ghbook	15946	0.44326
		البغال	عمرو بن بحر بن محبوب الكناني بالولاء، الليثي، أبو عثمان، الشهير بالجاحظ (المتوفى: 255ه)	Sham19Y	10506	0.44321
		تحفة الأمراء في تاريخ الوزراء	أبو الحسن الهلال بن المحسن الصابي (المتوفى: 448ه)	ShamelaY19	26106	0.44314
		التنبيه والإيقاظ لما في ذيول تذكرة الحفاظ	أحمد رافع بن محمد الحسيني القاسمي الطهطاوي الحنفي (المتوفى: 1355هـ)	ShamAY	1116	0.44312
		الفلاكة والمفلوكون	أحمد بن علي بن عبد الله، شهاب الدين الدَّلْجي المصري (المتوفى: 838هـ)	ShamAY	821	0.44312
		تحفة القادم	ابن الأبار، محمد بن عبد الله بن أبي بكر القضاعي البلنسي (المتوفى: 658هـ)	ShamAY	26108	0.44312
		الإِعلامُ بـ حُرمةِ أهلِ العلمِ والإِسلامِ	محمد بن أحمد بن إسماعيل المقدم	ShamAY	1972	0.44311
		معاني الأخبار للكلاباذي (بحر الفوائد) مشكول	أبو بكر محمد بن أبي إسحاق إبراهيم بن يعقوب الكلاباذي البخاري	ShamAY	38045	0.44308
		البشري في ذكر من حظي برويه  الحجه  الكبري (عجل الله تعالي فرجه)	موسسه پيام امام هادي عليه السلام	Ghbook	14747	0.44308
		معالم المدرستين [ج ١]	السيد مرتضى العسكري	Rafed	3469	0.44303
		الاجتهاد والتقليد	السيد روح الله الموسوي الخميني	Masaha	4908	0.44293
		تأسيس الأحكام بشرح عمدة الأحكام على ما صح عن خير الأنام	أحمد النجمي	ShamAY	35958	0.44292
		بحار الأنوار [ج ١٥]	الشيخ محمّد باقر بن محمّد تقي المجلسي	Rafed	855	0.4428
		تحفة الأمراء في تاريخ الوزراء	أبو الحسن الهلال بن المحسن الصابي (المتوفى: 448هـ)	ShamAY	26106	0.44278
		شرح مقدمة سنن ابن ماجه	عبد الكريم الخضير	ShamelaY19	27247	0.44269
		جزء أبي عبد الله العطار	أبو عبد الله محمد بن مخلد بن حفص العطار الدوري البغدادي (المتوفى: 331هـ)	ShamAY	30373	0.44268
		الامام محمّد الجواد عليه السلام .. سيرة وتاريخ	السيد عدنان الحسيني	Rafed	1201	0.44267
		بحر الفوائد المشهور بمعاني الأخبار	أبو بكر محمد بن أبي إسحاق إبراهيم بن يعقوب الكلاباذي البخاري [ت: 384 هـ]	ShamAY	33932	0.44261
		الإرشاد في معرفة حجج الله على العباد [ج ١]	محمّد بن محمّد النعمان العكبري [ الشيخ المفيد ]	Rafed	266	0.44259
		شرح تفسير ابن كثير - الراجحي	عبد العزيز بن عبد الله بن عبد الرحمن الراجحي	ShamAY	112	0.44255
		 موسوعة العتبات المقدسة 	 جعفر الخليلي 	ABLibrary	9245	0.44251
		رفع الاشتباه من مسائل المياه	أبو الفداء زين الدين قاسم بن قطلوبغا السودوني (نسبة إلى معتق أبيه سودون الشيخوني) الجمالي الحنفي (المتوفى: 879ه)	ShamelaY19	96853	0.44243
		شرح منهاج الكرامه في معرفه الامامه	آيت الله علي حسيني ميلاني	Ghbook	4777	0.4424
		الإعلام بفوائد عمدة الأحكام	ابن الملقن سراج الدين أبو حفص عمر بن علي بن أحمد الشافعي المصري (المتوفى: 804هـ)	ShamAY	31785	0.44233
		مرآة العقول [ج ١٣]	الشيخ محمّد باقر بن محمّد تقي المجلسي	Rafed	1034	0.44217
		حديث أبي الفضل الزهري	عبيد الله بن عبد الرحمن بن محمد بن عبيد الله بن سعد بن إبراهيم بن عبد الرحمن بن عوف العوفي، الزهري، القرشي، أبو الفضل البغدادي (المتوفى: 381هـ)	ShamAY	1273	0.44216
		الفرج بعد الشده	محسن بن علي التنوخي	Ghbook	16411	0.44215
		 الذريعة 	 آقا بزرگ الطهراني 	ABLibrary	851	0.44211
		بحث عقدي في لفظ السيد	يوسف بن محمد السعيد	ShamAY	9046	0.4421
		الموسوعة الموجزة في التاريخ الإسلامي	مجموعة من المؤلفين	ShamelaY19	36578	0.44203
		منتهي المقال في احوال الرجال	ابوعلي حائري محمد بن اسماعيل مازندراني	Ghbook	9060	0.44202
		دروس موجزة في علمي الرجال والدراية	الشيخ جعفر السبحاني	Rafed	173	0.44201
		مصادر تلقي السيرة النبوية	محمد أنور بن محمد علي البكري	Sham19Y	12068	0.442
		معجم المؤلفين	عمر رضا كحالة	Sham19Y	3901	0.44199
		الكافي [ج ١٣]	أبو جعفر محمّد بن يعقوب الكليني الرازي	Rafed	1133	0.44199
		الإيمان لابن أبي شيبة	أبو بكر بن أبي شيبة، عبد الله بن محمد بن إبراهيم بن عثمان بن خواستي العبسي (المتوفى: 235هـ)	ShamAY	7767	0.44188
		وصول الأخيار إلى اصول الأخبار	الشيخ حسين بن عبد الصمد العاملي	Rafed	1816	0.44187
		غريب الحديث لابن قتيبة	أبو محمد عبد الله بن مسلم بن قتيبة الدينوري (المتوفى: 276ه)	Sham19Y	7012	0.44185
		 مسند الإمام الكاظم ( ع ) 	 الشيخ عزيز الله عطاردي 	ABLibrary	7737	0.44185
		 مقالات الإسلاميين واختلاف المصلين 	 أبو الحسن الأشعري 	ABLibrary	8637	0.44185
		نسخة وكيع عن الأعمش	أبو سفيان وكيع بن الجراح بن مليح بن عدي بن فرس بن سفيان بن الحارث بن عمرو ابن عبيد بن رؤاس الرؤاسي (المتوفى: 197ه)	ShamelaY19	23118	0.44181
		المهدي المنتظر في الفكر الإسلامي	الناشر: مركز الرسالة	Rafed	22	0.44178
		وليد الكعبة	السيد محمد رضا الحسيني الجلالي	Rafed	3121	0.44176
		الباعث الحثيث شرح اختصار علوم الحديث ط ابن الجوزي	عماد الدين أبو الفداء إسماعيل ابن كثير - أبو الأشبال أحمد محمد شاكر	Sham19Y	150481	0.44172
		موسوعة عبد الله بن عبّاس [ج ٢]	السيد محمد مهدي السيد حسن الموسوي الخرسان	Rafed	1165	0.44172
		غريب الحديث لابن قتيبة	أبو محمد عبد الله بن مسلم بن قتيبة الدينوري (المتوفى: 276هـ)	ShamAY	7012	0.44171
		تصحيح حديث إفطار الصائم قبل سفرة بعد الفجر	أبو عبد الرحمن محمد ناصر الدين، بن الحاج نوح بن نجاتي بن آدم، الأشقودري الألباني (المتوفى: 1420هـ)	ShamAY	11097	0.44171
		أثر تاريخ النص الحديثي في توجيه المعاني عند شراح الحديث دراسة تطبيقية	يوسف بن جودة الداودي	Sham19Y	36115	0.44167
		أدوار علم الفقه وأطواره	الشيخ علي كاشف الغطاء	Rafed	3601	0.44167
		الإمام أبو جعفر الباقر عليه السلام سيرة وتاريخ	علي موسى الكعبي	Rafed	784	0.44163
		سلسلة اعرف الحق تعرف اهله	آيت الله علي حسيني ميلاني	Ghbook	9633	0.44163
		تاريخ الأدب العربي - الجزء1	كارل بروكلمان	Masaha	3062	0.44155
		رفع الاشتباه من مسائل المياه	أبو الفداء زين الدين قاسم بن قُطْلُوْبَغَا السُّوْدُوْنِي (نسبة إلى معتق أبيه سودون الشيخوني) الجمالي الحنفي (المتوفى: 879هـ)	ShamAY	2014	0.44154
		ناس لا يحبهم القهار من الكتاب والسنة والاثار	أبو يوسف محمد زايد	ShamAY	35121	0.44153
		أقوال العلماء في صحة حديث الغدير	الشيخ عبد الحسين الأميني النجفي	Masaha	82	0.4415
		غريب الحديث لابن قتيبة - ط العلمية	الدِّينَوري، ابن قتيبة	ShamAY	34682	0.44148
		مشرق الشمسين و اكسير السعادتين	بهاءالدين محمد بن حسين شيخ بهائي	Ghbook	9971	0.44146
		المحاسن و المساوي	ابراهيم بن محمد البيهقي	Masaha	2349	0.44135
		مصادر تلقي السيرة النبوية	محمد أنور بن محمد علي البكري	ShamAY	12068	0.44129
		كتاب المواعظ والإعتبار بذكر الخطط والآثار المعروف بالخطط المقريزيّة [ج ٢]	تقي الدين احمد بن علي المقريزي	Rafed	2320	0.44121
		عمرو بن العاص وشعره في الغدير	الشيخ عبد الحسين الأميني النجفي	Masaha	356	0.4412
		 الدرجات الرفيعة في طبقات الشيعة 	 السيد علي خان المدني الشيرازي 	ABLibrary	919	0.44116
		موجز علم السيره النبويه	نبيل قدوري الحسني	Ghbook	12328	0.44114
		منتهى السؤل على وسائل الوصول إلى شمائل الرسول(ص) - الجزء1	عبد الله بن سعيد محمد العبادي	Masaha	3288	0.44113
		اللهوف على قتلى الطفوف‏	السيد علي بن موسى بن طاووس	Masaha	2860	0.44112
		 رحلة ابن معصوم المدني ( سلوة الغريب وأسوة الأريب ) 	 السيد علي صدر الدين المدني ( ابن معصوم ) 	ABLibrary	9080	0.4411
		 دلائل الصدق لنهج الحق 	 الشيخ محمد حسن المظفر 	ABLibrary	939	0.44109
		طلوع سعد السّعود [ج ١]	الآغا بن عودة المزاري	Rafed	2391	0.44105
		 خطط الشام 	 محمد كرد علي 	ABLibrary	9057	0.44103
		كتاب السبعة في القراءات	أحمد بن موسى بن العباس التميمي، أبو بكر بن مجاهد البغدادي (المتوفى: 324ه)	Sham19Y	5530	0.44098
		كَشْفُ المنَاهِجِ وَالتَّنَاقِيحِ في تَخْريِجِ أحَادِيثِ المَصَابِيحِ	محمد بن إبراهيم بن إسحاق السلمي المُنَاوِي ثم القاهري، الشافعيّ، صدر الدين، أبو المعالي (المتوفى: 803هـ)	ShamAY	32165	0.44097
		عمّار بن ياسر	الشيخ محمد جواد الفقيه	Rafed	66	0.44097
		مسند عبد الله بن عمر للطرسوسي	أبو أمية محمد بن إبراهيم بن مسلم الخزاعي البغدادي ثم الطرسوسي (المتوفى: 273ه)	Sham19Y	13169	0.44096
		أنس المسجون وراحة المحزون	صفيّ الدين، أبو الفتح عيسى بن البحتري الحلبي (المتوفى: بعد 625هـ)	ShamAY	31707	0.44094
		رحلة ابن معصوم المدني أو سلوة الغريب وأسوة الأريب	السيد علي صدر الدين المدني	Rafed	2267	0.44094
		موسوعة كتب الحج	مجموعة من المؤلفين	ShamAY	36415	0.4409
		الكواكب الدراري في شرح صحيح البخاري	محمد بن يوسف بن علي بن سعيد، شمس الدين الكرماني (المتوفى: 786هـ)	ShamAY	31908	0.44089
		الموسوعة الموجزة في التاريخ الإسلامي	مجموعة من المؤلفين	ShamAY	602	0.44079
		سؤالات محمد بن عثمان بن أبي شيبة لعلي بن المديني - ط المعارف = تراجم	محمد بن عثمان بن أبي شيبة	ShamAY	38204	0.44067
		الامام الثاني عشر (عجل الله تعالي فرجه الشريف) 	محمد سعيد موسوي	Ghbook	6577	0.44064
		منتقى من الجزء الأول والثالث من حديث المروزي	أَبُو القَاسِمِ، عَبْدُ اللهِ بنُ مُحَمَّدِ بنِ إِسْحَاقَ بنِ يَزِيْدَ، المَرْوَزِيُّ الأَصل، البَغْدَادِيُّ، وَيُعْرَفُ بحَامض رَأْسه (المتوفى: 329هـ)	ShamAY	5776	0.44056
		تكمله أمل الآمل - الجزء1	السيد حسن الصدر	Masaha	3401	0.44056
		غزو البحار فضله، وأحكامه، وأشهر قادته المسلمين في القرن الهجري الأول	سامي صالح القحطاني	ShamAY	36117	0.44049
		من هو الصديق ؟و من هي الصديقة ؟	علي شهرستاني	Ghbook	16149	0.44047
		تراثنا ـ العدد [ 29 ]	مؤسسة آل البيت عليهم السلام لإحياء التراث ـ قم	Rafed	2769	0.4404
		كتاب السبعة في القراءات	أحمد بن موسى بن العباس التميمي، أبو بكر بن مجاهد البغدادي (المتوفى: 324هـ)	ShamAY	5530	0.44036
		 إدام القوت في ذكر بلدان حضرموت 	 عبد الرحمن بن عبيد الله السقاف 	ABLibrary	8952	0.44035
		فضائل الصحابة لأحمد بن حنبل	أبو عبد الله أحمد بن محمد بن حنبل بن هلال بن أسد الشيباني (المتوفى: 241هـ)	ShamAY	13136	0.44031
		التنكيل بما في تأنيب الكوثري من الأباطيل	عبد الرحمن بن يحيى بن علي بن محمد المعلمي العتمي اليماني (المتوفى: 1386هـ)	ShamAY	12767	0.44031
		موسوعة العتبات المقدسة  - الجزء1	جعفر الخليلي	Masaha	3747	0.4403
		عيون المعجزات	الشيخ حسين بن عبد الوهاب	Rafed	1720	0.4403
		الطبقات السنية في تراجم الحنفية - ت الحلو	المولى تقي الدين بن عبد القادر التميمي الدّاريّ الغزّيّ المصريّ الحنفيّ المتوفي سنة 1005 هـ (1010 هـ)	ShamAY	34662	0.44027
		العبّاس ابوالفضل ابن أمير المؤمنين عليه السلام سماته وسيرته	السيد محمد رضا الحسيني الجلالي	Rafed	3251	0.44023
		منتخب الأنوار المضيئة في ذكر القائم الحجة(ع)	علي بن عبد الكريم النيلي	Masaha	3293	0.44016
		مسند أبي داود الطيالسي	أبو داود سليمان بن داود بن الجارود الطيالسي البصرى (المتوفى: 204ه)	Sham19Y	1456	0.44014
		الفتوة لأبي عبد الرحمن السلمي	محمد بن الحسين بن محمد بن موسى بن خالد بن سالم النيسابوري، أبو عبد الرحمن السلمي (المتوفى: 412هـ)	ShamAY	26864	0.44013
		تحفة المودود بأحكام المولود (دار الكتب العلمية)	ابن القيم	ShamAY	34423	0.4401
		احياء الميت بفضائل اهل البيت ( عليهم السلام )	جلال الدين عبدالرحمن بن ابي بكر سيوطي	Ghbook	9198	0.44008
		فوائد منتقاة من الجزء الأول من حديث ابن أبي صابر - مخطوط	الجوهري، أبو محمد	ShamAY	32787	0.44007
		الكشف والبيان [ج ٥]	أبو إسحاق أحمد [ الثّعلبي ]	Rafed	1667	0.44006
		وصيه للوارث	آيت الله العظمي جعفر سبحاني	Ghbook	5058	0.44006
		البغال	عمرو بن بحر بن محبوب الكناني بالولاء، الليثي، أبو عثمان، الشهير بالجاحظ (المتوفى: 255هـ)	ShamAY	10506	0.44005
		ضياء السالكين في أحكام المسافرين	يحي الحجوري	ShamAY	36589	0.44002
		 معرفة الإمام 	 السيد محمد حسين الطهراني 	ABLibrary	8891	0.43992
		الكلام على حديث إن امرأتي لا ترد يد لامس لابن حجر	ابن حجر العسقلاني	ShamAY	35242	0.43991
		منتهى السؤل على وسائل الوصول إلى شمائل الرسول صلى الله عليه وآله وسلم	عبد الله بن سعيد بن محمد عبادي اللحجي الحضرمي الشحاري، ثم المراوعي، ثم المكي (المتوفى: 1410ه)	ShamelaY19	23683	0.43989
		 شرح أصول الكافي 	 صدر الدين محمد الشيرازي ( صدر المتألهين ) 	ABLibrary	7916	0.43984
		تحفة المودود بأحكام المولود	محمد بن أبي بكر بن أيوب بن سعد شمس الدين ابن قيم الجوزية (المتوفى: 751هـ)	ShamAY	6266	0.43982
		موسوعة العتبات المقدسة - الجزء1	جعفر الخليلي	Masaha	3049	0.43982
		 موسوعة كربلاء 	 لبيب بيضون 	ABLibrary	7863	0.43967
		 مسند الإمام الصادق ( ع ) 	 الشيخ عزيز الله عطاردي 	ABLibrary	7720	0.43958
		تراثنا ـ العدد [ 5 ]	مؤسسة آل البيت عليهم السلام لإحياء التراث ـ قم	Rafed	2621	0.43956
		فوائد ابن ماسي	أبو محمد عبد الله بن إبراهيم بن أيوب بن ماسي البغدادي (المتوفى: 369هـ)	ShamAY	13142	0.43955
		جزء من حديث أبي إسحاق الحبال	إبراهيم بن سعيد النعماني - بالولاء - المصري، أبو إسحاق الْحَبَّال (المتوفى: 482هـ)	ShamAY	30054	0.43953
		رحلة العبدري	أبو عبدالله العبدري	Rafed	2452	0.43953
		تأخير الظلامة إلى يوم القيامة للسيوطي - مخطوط (ن)	عبد الرحمن بن أبي بكر، جلال الدين السيوطي (المتوفى: 911ه)	Sham19Y	11429	0.43952
		حياه اولي النهي : حياه الامام الحسن العسكري عليه السلام	محمد رضا حكيمي حائري	Ghbook	6230	0.43952
		مسند أبي داود الطيالسي	أبو داود سليمان بن داود بن الجارود الطيالسي البصرى (المتوفى: 204هـ)	ShamAY	1456	0.43951
		الإمام موسى الكاظم عليه السلام سيرة وتاريخ	علي موسى الكعبي	Rafed	782	0.43933
		منهاج التحرك عند الامام الهادي ( عليه السلام )	علي نجف	Ghbook	4048	0.43933
		إستقصاء الإعتبار [ج ٤]	الشيخ محمّد بن الحسن بن الشّهيد الثّاني	Rafed	568	0.4393
		المحرّر الوجيز في تفسير الكتاب العزيز [ج ١]	أبي محمّد عبدالحقّ بن غالب بن عطيّة الأندلسي	Rafed	3293	0.43921
		خزانة التّواريخ النجديّة [ج ٧]	عبد الله بن عبد الرحمن بن صالح آل بسام	Rafed	2169	0.43918
		تراثنا ـ العدد [ 21 ]	مؤسسة آل البيت عليهم السلام لإحياء التراث ـ قم	Rafed	2741	0.43916
		العدة في شرح العمدة في أحاديث الأحكام لابن العطار	علي بن إبراهيم بن داود بن سلمان بن سليمان، أبو الحسن، علاء الدين ابن العطار (المتوفى: 724 هـ)	ShamAY	32416	0.43911
		مختصر تاريخ دمشق لابن عساكر	محمد بن مكرم بن على، أبو الفضل، جمال الدين ابن منظور الانصاري الرويفعى الإفريقى (المتوفى: 711هـ)	ShamAY	3118	0.4391
		منتهى السؤل على وسائل الوصول إلى شمائل الرسول صلى الله عليه وآله وسلم	عبد الله بن سعيد بن محمد عبادي اللّحجي الحضرميّ الشحاري، ثم المراوعي، ثم المكي (المتوفى: 1410هـ)	ShamAY	23683	0.43909
		التبصرة لابن الجوزي	جمال الدين أبو الفرج عبد الرحمن بن علي بن محمد الجوزي (المتوفى: 597ه)	ShamelaY19	26351	0.43905
		حديث الإفك لعبدالغني المقدسي	عبد الغني بن عبد الواحد بن علي بن سرور المقدسي الجماعيلي الدمشقي الحنبلي، أبو محمد، تقي الدين (المتوفى: 600هـ)	ShamAY	26747	0.43901
		الشيعة والقرآن	إحسان إلهي ظهير الباكستاني (المتوفى: 1407ه)	ShamelaY19	37550	0.439
		فوائد ابن أخي ميمي الدقاق	أبو الحسين محمد بن عبد الله بن الحسين بن عبد الله بن هارون البغدادي الدقاق المعروف بابن أخي ميمي (المتوفى: 390ه)	Sham19Y	9564	0.439
		المحاسن والمساوئ	إبراهيم بن محمد البيهقي (المتوفى: نحو 320هـ)	ShamAY	564	0.43897
		شرح الإلمام بأحاديث الأحكام	تقي الدين أبو الفتح محمد بن علي بن وهب بن مطيع القشيري، المعروف بابن دقيق العيد (المتوفى: 702 هـ)	ShamAY	32554	0.43884
		تراثنا ـ العددان [ 77 و 78 ]	مؤسسة آل البيت عليهم السلام لإحياء التراث ـ قم	Rafed	3582	0.43881
		 المناقب والمثالب 	 القاضي النعمان المغربي 	ABLibrary	7786	0.43875
		كتاب التشبيهات من أشعار أهل الأندلس	أبو عبد الله محمد بن الحسن الكتاني الطبيب (المتوفى: نحو 420هـ)	ShamAY	1024	0.43871
		من مشاهير الصحابة رضي الله عنهم	علي بن نايف الشحود	ShamAY	35793	0.43869
		اللطائف والظرائف	عبد الملك بن محمد بن إسماعيل أبو منصور الثعالبي (المتوفى: 429هـ)	ShamAY	10509	0.43868
		و لاول مره في تاريخ العالم	آيت الله العظمي سيد محمد حسيني شيرازي	Ghbook	7967	0.43867
		معجم المؤلفين	عمر بن رضا بن محمد راغب بن عبد الغني كحالة الدمشق (المتوفى: 1408هـ)	ShamAY	3901	0.43863
		صحيح وضعيف سنن النسائي	محمد ناصر الدين الألباني (المتوفى: 1420ه)	Sham19Y	783	0.43838
		هي الحقيقة	قاسم عبد السلام كتمبو	Rafed	1239	0.43836
		حلية العلماء في معرفة مذاهب الفقهاء ط الرسالة الحديثة	سيف الدين أبو بكر محمد بن أحمد الشاشي القفال	Sham19Y	146126	0.43833
		 شرح بدء الأمالي 	 أحمد بن علي الرازي 	ABLibrary	8476	0.43831
		لواعج الأشجان في مقتل الحسين عليه السلام	السيّد محسن الأمين العاملي	Rafed	3215	0.43828
		طبائع النساء وما جاء فيها من عجائب وأخبار وأسرار	أبو عمر، شهاب الدين أحمد بن محمد بن عبد ربه ابن حبيب ابن حدير بن سالم المعروف بابن عبد ربه الأندلسي (المتوفى: 328ه)	Sham19Y	6945	0.43827
		الوفيات والأحداث	عضو ملتقى أهل الحديث / الباحث - غفر الله له -	ShamAY	1577	0.43824
		معجم المؤلفين - ط المثنى = التراجم	عمر بن رضا بن محمد راغب بن عبد الغني كحالة الدمشق (المتوفى: 1408هـ)	ShamAY	38195	0.43816
		جزء ابن باكويه	محمد بن عبد الله بن عبيد الله بن أحمد الشيرازي، أبو عبد الله بن باكويه (المتوفى: 428ه)	Sham19Y	29752	0.43815
		خطط الشام [ج ٤]	محمّد كرد علي	Rafed	2282	0.43815
		بحار الأنوار [ج ٤٤]	الشيخ محمّد باقر بن محمّد تقي المجلسي	Rafed	975	0.43813
		شرح كتاب الحج من صحيح مسلم - عبد الكريم الخضير	عبد الكريم الخضير	ShamelaY19	23422	0.43809
		التيجان في ملوك حمير	عبد الملك بن هشام بن أيوب الحميري المعافري، أبو محمد، جمال الدين (المتوفى: 213ه) يرويه عن أسد بن موسى عن أبي إدريس ابن سنان عن جده لأمه وهب بن منبه رضي الله عنهم	ShamelaY19	37473	0.43806
		الروح في الكلام على أرواح الأموات والأحياء بالدلائل من الكتاب والسنة	محمد بن أبي بكر بن أيوب بن سعد شمس الدين ابن قيم الجوزية (المتوفى: 751هـ)	ShamAY	6462	0.43805
		النقد والبيان في دفع أوهام خزيران	محمد كامل القصاب	ShamAY	10276	0.43799
		الشيعة وأهل البيت	إحسان إلهي ظهير الباكستاني (المتوفى: 1407ه)	ShamelaY19	37552	0.43795
		التنكيل - دار المعارف	عبد الرحمن المعلمي اليماني	ShamAY	34036	0.43789
		روايات اليماني	نجم الدين طبسي	Ghbook	12899	0.43783
		الزيارة	الشيخ عبد الحسين الأميني النجفي	Masaha	512	0.43782
		عيون المعجزات	الشيخ حسين بن عبد الوهاب	Masaha	2311	0.43782
		أحكام التيمم	يحي الحجوري	ShamAY	36464	0.43772
		تفسير القرآن العظيم [ج ٧]	عبد الرحمن بن محمّد ابن إدريس الرازي ابن أبي حاتم	Rafed	1832	0.43772
		 مع الركب الحسيني 	 مجموعة مؤلفين 	ABLibrary	7748	0.4377
		الكلام على حديث الإستلقاء لأبي موسى المديني - مخطوط (ن)	محمد بن عمر بن أحمد بن عمر بن محمد الأصبهاني المديني، أبو موسى (المتوفى: 581هـ)	ShamAY	21633	0.43766
		 المناقب ( كتاب عتيق ) 	 السيد محمد العلوي 	ABLibrary	7781	0.43765
		بهجة النفوس والأسرار [ج ٢]	الشيخ أبي محمّد عفيف الدين عبد الله بن عبد الملك المرجاني	Rafed	2290	0.43763
		ايضاح المدارك في الإفصاح عن العواتك للزبيدي	مرتضى الزبيدي :: الزبيدي، مرتضى	ShamAY	36056	0.43759
		الحماسة البصرية	علي بن أبي الفرج بن الحسن، صدر الدين، أبو الحسن البصري (المتوفى: 659هـ)	ShamAY	6901	0.43758
		المغانم المطابة في معالم طابة	الفيروزآبادي	ShamAY	38405	0.43758
		الأخبار الطوال - ط ليدن	الواحدي :: الدِّينَوري، أبو حنيفة	ShamAY	33842	0.43751
		صلاة المسافر	محمد ضياء الرحمن الأعظمي	Sham19Y	12270	0.43751
		تأويل الآيات الظاهرة في فضائل العترة الطاهرة	السيد عبد الحسين شرف الدين	Masaha	1951	0.4375
		فقه السيرة النبوية لمنير الغضبان	منير محمد الغضبان (المتوفى: 1435هـ)	ShamAY	31835	0.43749
		بحار الأنوار [ج ٣٥]	الشيخ محمّد باقر بن محمّد تقي المجلسي	Rafed	953	0.43748
		الثاني من أجزاء ابن الصواف	محمد بن أحمد بن الحسن بن إسحاق ابن الصواف، أبو علي البغدادي (المتوفى: 359هـ)	ShamAY	29780	0.43738
		مصحف أميرالمؤمنين علي عليه السلام بين المنزل والمفسّر	السيد علي الشهرستاني	Rafed	3389	0.43737
		الإسراء والمعراج الرواية المتكاملة الصحيحة	محمد بن رزق طرهوني :: محمد بن رزق الطرهوني	ShamAY	37458	0.43728
		الطفل نشوؤه وتربيته	مؤسسة البعثة	Rafed	683	0.43724
		 في رحاب أهل البيت ( ع ) 	 لجنة بحوث المجمع العالمي لأهل البيت ( ع ) 	ABLibrary	8565	0.43723
		الإمامة و السياسة - الجزء1	ابن قتيبة	Masaha	3372	0.43723
		الحماسة البصرية	علي بن أبي الفرج بن الحسن، صدر الدين، أبو الحسن البصري (المتوفى: 659ه)	Sham19Y	6901	0.43715
		شرح مقدمة سنن ابن ماجه	عبد الكريم الخضير	ShamAY	81	0.43707
		الشفا بتعريف حقوق المصطفى - محذوف الأسانيد	عياض بن موسى بن عياض بن عمرون اليحصبي السبتي، أبو الفضل (المتوفى: 544هـ)	ShamAY	23645	0.43704
		تفسير القرآن العظيم [ج ٧]	أبي الفداء اسماعيل بن عمر ابن كثير الدمشقي	Rafed	3413	0.43701
		الزهد لأحمد بن حنبل - دار ابن رجب	الواحدي :: أحمد بن حنبل	ShamAY	33738	0.43698
		الدر النظيم فى مناقب الأئمة اللهاميم‏	يوسف بن حاتم‏ الشامي	Masaha	4573	0.43694
		قواعد العلل وقرائن الترجيح	عادل بن عبد الشكور بن عباس الزرقي	ShamAY	9499	0.43681
		التبصرة لابن الجوزي	جمال الدين أبو الفرج عبد الرحمن بن علي بن محمد الجوزي (المتوفى: 597ه)	Sham19Y	26351	0.43679
		 التبصير في الدين وتمييز الفرقة الناجية عن الفرق الهالكين 	 ابو المظفر الاسفرايني 	ABLibrary	8375	0.4367
		شرح مقدمة سنن ابن ماجه	عبد الكريم الخضير	Sham19Y	27247	0.43669
		الاربعينيات للمعصومين الاربعه عشر عليهم السلام	علي حيدر المؤيد	Ghbook	16364	0.43669
		السلف و السلفيون	نجم الدين طبسي	Ghbook	7558	0.43659
		 الزيارة ( من فيض الغدير ) 	 الشيخ الأميني ( اعداد تبريزي 1390 ه - ) 	ABLibrary	9426	0.43657
		تفسير ابن عطية = المحرر الوجيز في تفسير الكتاب العزيز	أبو محمد عبد الحق بن غالب بن عبد الرحمن بن تمام بن عطية الأندلسي المحاربي (المتوفى: 542ه)	ShamelaY19	23632	0.43654
		الانتصار لحزب الله الموحدين والرد على المجادل عن المشركين	عبد الله بن عبد الرحمن بن عبد العزيز بن عبد الرحمن بن عبد الله بن سلطان بن خميس الملقب ب"أبابطين" (المتوفى: 1282ه)	Sham19Y	7554	0.43651
		التيجَان في مُلوك حِمْيَرْ	عبد الملك بن هشام بن أيوب الحميري المعافري، أبو محمد، جمال الدين (المتوفى: 213هـ) يرويه عن أسد بن موسى عن أبي إدريس ابن سنان عن جده لأمه وهب بن منبه رضي الله عنهم	ShamAY	681	0.43649
		عقلاء المجانين لابن حبيب النيسابوري	أبو القاسم الحسن بن محمد بن حبيب النيسابوري (المتوفى: 406هـ)	ShamAY	1593	0.43649
		نور اللمعة في خصائص الجمعة	عبد الرحمن بن أبي بكر، جلال الدين السيوطي (المتوفى: 911هـ)	ShamAY	10747	0.43648
		كلمه الامام الحسين ( عليه السلام ) 	حسن شيرازي	Ghbook	5940	0.43648
		تاريخ الطبري = تاريخ الرسل والملوك، وصلة تاريخ الطبري	محمد بن جرير بن يزيد بن كثير بن غالب الآملي، أبو جعفر الطبري (المتوفى: 310هـ)	ShamAY	9783	0.43642
		تنزيل السكينة على قناديل المدينة	السبكي، تقي الدين	ShamAY	36640	0.43638
		فتح السلام شرح عمدة الأحكام، للحافظ ابن حجر العسقلاني مأخوذ من كتابه فتح الباري	عبد السلام العامر	ShamAY	32244	0.43633
		الطفل نشوؤه وتربيته	مؤسسة البعثة	Masaha	504	0.43626
		الرحيق المختوم‏	صفي الرحمان المباركفوري	Masaha	2026	0.43625
		شرح الموقظة للذهبي	أبو المنذر محمود بن محمد بن مصطفى بن عبد اللطيف المنياوي	ShamAY	577	0.43618
		الإصابة في تمييز الصحابة - الجزء1	ابن حجر العسقلاني‏	Masaha	1844	0.43612
		 في رحاب أهل البيت ( ع ) 	 لجنة بحوث المجمع العالمي لأهل البيت ( ع ) 	ABLibrary	8567	0.43606
		المرأة في حياة إمام الدعوة الشيخ محمد بن عبدالوهاب (مطبوع ضمن بحوث ندوة دعوة الشيخ محمد بن عبد الوهاب، الجزء الأول)	حمد بن محمد بن جاسر آل جاسر (المتوفى: 1421ه)	Sham19Y	8548	0.43603
		معلمو المسجد النبوي الشريف	د. عمر بن حسن فلاته - أ. عبد الوهاب بن محمد زمان - أ. د. عدنان درويش جلون	ShamAY	38503	0.43602
		تفسير البيان [ج ٦]	السيّد محمّد حسين الطباطبائي	Rafed	3774	0.43598
		انتخاب العوالي والشيوخ من فهارس شيخنا الامام المسند العطار أحمد بن عبيد الله العطار	عبد الرحمن بن محمد بن عبد الرحمن الكزبري الشافعي (المتوفى: 1262هـ)	ShamAY	5726	0.43593
		قضاء حقوق المؤمنين	الشيخ أبو علي بن طاهر الصوري	Rafed	229	0.43589
		محاسن الازهار في مناقب امام الابرار و والد الائمه الاطهار الامام اميرالمومنين عل...	ابوعبدالله حميد بن احمد محلي	Ghbook	8372	0.43584
		حديث أبي القاسم الحلبي	إسماعيل بن القاسم بن إسماعيل الإمام أبو القاسم الحلبي الخياط المؤدب (المتوفى: بعد 370هـ)	ShamAY	29725	0.43581
		بحار الأنوار [ج ٤٨]	الشيخ محمّد باقر بن محمّد تقي المجلسي	Rafed	986	0.43581
		البلدان لابن الفقيه‏	أحمد بن محمد ابن الفقيه	Masaha	3715	0.43579
		صلاة المسافر	محمد ضياء الرحمن الأعظمي	ShamAY	12270	0.43573
		المبشرون بالجنة	توفيق عمر سيدي	ShamAY	35164	0.43573
		التبصرة لابن الجوزي	جمال الدين أبو الفرج عبد الرحمن بن علي بن محمد الجوزي (المتوفى: 597هـ)	ShamAY	26351	0.43572
		تراثنا ـ العددان [ 45 و 46 ]	مؤسسة آل البيت عليهم السلام لإحياء التراث ـ قم	Rafed	2830	0.43567
		تنضيد العقود السنيه بتمهيد الدوله الحسنيه	سيدمهدي رجايي	Ghbook	15630	0.43565
		تفسير نور الثقلين [ج ٥]	الشيخ عبد علي بن جمعة العروسي الحويزي	Rafed	2885	0.43559
		الموسوعه الرجاليه القسم الثاني ترتيب الرجال اسانيد كتب الاربعه	آيت الله العظمي ميرزا جواد تبريزي	Ghbook	12791	0.43548
		الباعث على إنكار البدع والحوادث	أبو القاسم شهاب الدين عبد الرحمن بن إسماعيل بن إبراهيم المقدسي الدمشقي المعروف بأبي شامة (المتوفى: 665هـ)	ShamAY	6276	0.43537
		 رحلة العبدري 	 أبو عبد الله العبدري 	ABLibrary	9101	0.43533
		معاملة الحكام في ضوء الكتاب والسنة	عبد السلام بن برجس آل عبد الكريم	ShamAY	36557	0.43528
		تاج العروس [ج ١٤]	محبّ الدين أبي فيض السيد محمّد مرتضى الحسيني الواسطي الزبيدي الحنفي	Rafed	1523	0.43528
		مطالع الدقائق في تحرير الجوامع والفوارق	جمال الدين الإسنوي	Sham19Y	147671	0.43518
		إتحاف الوري بأخبار أم القري‏  - الجزء1	عمر بن محمد بن فهد	Masaha	4387	0.43516
		الجامع لعلوم الإمام أحمد - علل الحديث	إبراهيم النحاس	ShamelaY19	20868	0.43515
		جامع العلوم والحكم في شرح خمسين حديثاً من جوامع الكلم	زين الدين عبد الرحمن بن أحمد بن رجب بن الحسن، السَلامي، البغدادي، ثم الدمشقي، الحنبلي (المتوفى: 795هـ)	ShamAY	10443	0.43515
		 بحوث في الملل والنحل 	 الشيخ السبحاني 	ABLibrary	8359	0.4351
		فوائد ابن أخي ميمي الدقاق	أَبُو الحُسَيْنِ مُحَمَّدُ بنُ عَبْدِ اللهِ بنِ الحُسَيْنِ بنِ عَبْدِ اللهِ بنِ هَارُوْنَ البَغْدَادِيُّ الدَّقَّاقُ المعروف بِابْنِ أَخِي مِيْمِي (المتوفى: 390هـ)	ShamAY	1422	0.43492
		عقد الدرر في اخبار المنتظر ( عليه السلام )	يوسف بن يحيي بن علي بن عبدالعزيز مقدسي شافعي سلمي	Ghbook	6666	0.4349
		الجامع لعلوم الإمام أحمد - العقيدة	خالد الرباط، سيد عزت عيد، محمد أحمد عبد التواب [بمشاركة الباحثين بدار الفلاح]	ShamAY	38867	0.43489
		منتخب الصحاح	محمد باقربن محمدنقي شفتي بيدآبادي	Ghbook	13081	0.43482
		 المسائل والرسائل المروية عن الإمام أحمد بن حنبل في العقيدة 	 عبد الإله بن سلمان بن سالم الأحمدي 	ABLibrary	8600	0.4348
		المنهيات	محمد بن علي بن الحسن بن بشر، أبو عبد الله، الحكيم الترمذي (المتوفى: نحو 320ه)	ShamelaY19	25950	0.43475
		تَارِيخِ جُهَيْنَةَ	عبد الكريم الخطيب	ShamAY	37133	0.43473
		الجامع لعلوم الإمام أحمد - التفسير وعلوم القرآن	خالد الرباط، سيد عزت عيد [بمشاركة الباحثين بدار الفلاح]	ShamelaY19	20869	0.43468
		تشييد المراجعات و تفنيد المكابرات	آيت الله علي حسيني ميلاني	Ghbook	4778	0.43467
		اهل البيت في المكتبة العربية	عبدالعزيز طباطبايي	Ghbook	9167	0.43465
		البلدان لابن الفقيه	أبو عبد الله أحمد بن محمد بن إسحاق الهمداني المعروف بابن الفقيه (ت 365)	Sham19Y	11685	0.43464
		الإعلام ب حرمة أهل العلم والإسلام	محمد بن أحمد بن إسماعيل المقدم	ShamelaY19	96617	0.43457
		المدينة بين الماضي والحاضر	إبراهيم العياشي	ShamAY	38447	0.43456
		الدرة الخطيرة في شعراء الجزيرة	علي بن جعفر بن علي السعدي، أبو القاسم، المعروف بابن القطاع الصقلي (المتوفى: 515هـ)	ShamAY	5424	0.43456
		 الإحاطة في أخبار غرناطة 	 لسان الدين ابن الخطيب 	ABLibrary	8948	0.4345
		بحث في إجابة الدعوة	إبراهيم بن علي بن عبيد العبيد	ShamAY	9047	0.43445
		مرآة الزمان في تواريخ الأعيان	شمس الدين أبو المظفر يوسف بن قزأوغلي بن عبد الله المعروف ب «سبط ابن الجوزي» (581 - 654 ه)	ShamelaY19	23644	0.43429
		 موسوعة العتبات المقدسة 	 جعفر الخليلي 	ABLibrary	9244	0.43423
		كنوز الذّهب في تاريخ حلب [ج ١]	سبط ابن العجمي الحلبي	Rafed	2373	0.43423
		عيون المعجزات	حسين بن عبدالوهاب شعراني	Ghbook	9499	0.43423
		 كنوز الذهب في تاريخ حلب 	 أبي ذر سبط ابن العجمي 	ABLibrary	9167	0.43418
		الغرامية في مصطلح الحديث	أبو العباس أحمد بن فرح الإشبيلي (624 - 699 ه)	ShamelaY19	36127	0.43411
		التنوير شرح الجامع الصغير	محمد بن إسماعيل بن صلاح بن محمد الحسني، الكحلاني ثم الصنعاني، أبو إبراهيم، عز الدين، المعروف كأسلافه بالأمير (المتوفى: 1182ه)	ShamelaY19	122096	0.43403
		شرح الموقظة للذهبي	أبو المنذر محمود بن محمد بن مصطفى بن عبد اللطيف المنياوي	ShamelaY19	36195	0.43402
		الدراية في تخريج أحاديث الهداية	أبو الفضل أحمد بن علي بن محمد بن أحمد بن حجر العسقلاني (المتوفى : 852هـ)	ShamAY	5908	0.43395
		 بحار الأنوار 	 العلامة المجلسي 	ABLibrary	754	0.43389
		حديث علي بن حجر السعدي عن إسماعيل بن جعفر المدني	إسماعيل بن جعفر بن أبي كثير الأنصاري الزرقي مولاهم، أبو إسحاق المدني - ويكني أيضا: أبا إبراهيم (المتوفى: 180هـ)	ShamAY	21544	0.43383
		جزء فيه سبعة مجالس من أمالي ابن بشران	أبو القاسم عبد الملك بن محمد بن عبد الله بن بشْران بن محمد بن بشْران بن مهران البغدادي (المتوفى: 430هـ)	ShamAY	29888	0.43382
		شواهد التنزيل لمن خص بالتفضيل	عيدروس بن احمد السقاف ابن رويش اندونيسي	Ghbook	8385	0.43382
		مسند إسحاق بن راهويه - ت البلوشي	إسحاق بن راهويه	ShamAY	38039	0.43381
		بحث مصطلحات الألقاب عند فقهاء المذاهب الأربعة "	عبد الحق حميش	ShamAY	37166	0.43381
		مجموعة أجزاء حديثية - جزء القاضي الأشناني	عمر بن الحسن بن علي بن مالك بن أشرس بن عبد الله بن منجاب، أبو الحسين الشيباني، المعروف بابن الأشناني (المتوفى: 339هـ)	ShamAY	9106	0.4338
		 سيرة الأئمة الاثني عشر ( ع ) 	 هاشم معروف الحسني 	ABLibrary	7548	0.43376
		موسوعة كربلاء - الجزء1	د. لبيب بيضون‏	Masaha	3107	0.43368
		نزهة الجلساء في أشعار النساء	عبد الرحمن بن أبي بكر، جلال الدين السيوطي (المتوفى: 911هـ)	ShamAY	8200	0.43366
		موسوعة عبد الله بن عبّاس [ج ١]	السيد محمد مهدي السيد حسن الموسوي الخرسان	Rafed	1161	0.43356
		البلدان لابن الفقيه	أبو عبد الله أحمد بن محمد بن إسحاق الهمداني المعروف بابن الفقيه (ت 365)	ShamAY	11685	0.43355
		الإلمام بأحاديث الأحكام (ومعه حاشية شمس الدين بن عبد الهادي)	تقي الدين أبو الفتح محمد بن علي بن وهب بن مطيع القشيري، المعروف بابن دقيق العيد (المتوفى: 702 هـ)	ShamAY	32411	0.43351
		شبهات حول الصحابة ذو النورين عثمان	ابن تيمية	ShamAY	37807	0.43344
		النور السافر عن أخبار القرن العاشر	محي الدين عبد القادر بن شيخ بن عبد الله العَيْدَرُوس (المتوفى: 1038هـ)	ShamAY	6676	0.43341
		سؤالات محمد بن عثمان بن أبي شيبة لعلي بن المديني	علي بن عبد الله بن جعفر السعدي بالولاء المديني، البصري، أبو الحسن (المتوفى: 234هـ)	ShamAY	5947	0.4334
		مرآة الزمان في تواريخ الأعيان	شمس الدين أبو المظفر يوسف بن قِزْأُوغلي بن عبد الله المعروف بـ «سبط ابن الجوزي» (581 - 654 هـ)	ShamAY	38953	0.43339
		الأحاديث الطوال للطبراني - ط المكتب الإسلامي	سليمان بن أحمد الطبراني	ShamAY	33724	0.43336
		أسانيد آية الرجم	حمد بن إبراهيم العثمان	ShamAY	33080	0.43331
		نزهة الأبصار في مناقب الأنصار لابن الفراء	القاضي أبو بكر عتيق بن الفراء الغساني الأندلسي (698 هـ)	ShamAY	33595	0.4333
		آراء وأصداء حول عبدالله بن سبأ وروايات سيف	السيد مرتضى العسكري	Rafed	798	0.43327
		الرحيق المختوم (مع بعض التعديلات والزيادات من د علاء الدين زعتري وغسان محمد رشيد الحموي)	صفي الرحمن المباركفوري (المتوفى: 1427ه)	Sham19Y	9900	0.43315
		التاريخ المعتبر في أنباء من غبر «وهو كتاب جامع لتاريخ الأنبياء وتاريخ الإسلام وتراجم أئمته العظام إلى مبتدأ القرن العاشر الهجري»	مجير الدين العليمي عبد الرحمن بن محمد بن عبد الرحمن المقدسي الحنبلي (المولود بالقدس سنة 860 ه والمتوفى بها سنة 928 ه)	ShamelaY19	127698	0.43314
		المسائل التي حلف عليها أحمد بن حنبل	أبو الحسين ابن أبي يعلى، محمد بن محمد (المتوفى: 526هـ)	ShamAY	6117	0.43311
		صلاة النبي صلي الله عليه و آله و سلم وسلسلة المحدثات الداخلة فيها	علي شهرستاني	Ghbook	16155	0.4331
		الرحيق المختوم (مع بعض التعديلات والزيادات من د علاء الدين زعتري وغسان محمد رشيد الحموي)	صفي الرحمن المباركفوري (المتوفى: 1427هـ)	ShamAY	9900	0.43308
		الفصل في الملل والأهواء والنّحل [ج ٣]	أبي محمد علي بن أحمد [ ابن حزم الأندلسي الظاهري ]	Rafed	3703	0.43305
		فوائد أبي بكر القاسم المطرز وأماليه	أَبُو بَكْرٍ القَاسِمُ بنُ زَكَرِيَّا بنِ يَحْيَى البَغْدَادِيُّ، المَعْرُوْفُ: بِالمُطَرِّزِ (المتوفى: 305هـ)	ShamAY	9563	0.43304
		توثيق السنة في القرن الثاني الهجري أسسه واتجاهاته	رفعت بن فوزي عبد المطلب	ShamAY	22872	0.43299
		الحميري وشعره في الغدير	الشيخ عبد الحسين الأميني النجفي	Masaha	241	0.43298
		 الذريعة 	 آقا بزرگ الطهراني 	ABLibrary	867	0.43297
		حجية خبر الآحاد في العقائد والأحكام	ربيع بن هادي المدخلي	ShamAY	33016	0.43295
		كتاب المباني لم يعد مجهول المؤلف	السالم الشنقيطي	ShamAY	34523	0.4329
		الإنجاد في أبواب الجهاد وتفصيل فرائضه وسننه وذكر جمل من آدابه ولواحق أحكامه	محمد بن عيسى بن محمد بن أصبغ، أبو عبد الله بن المناصف الأزدي القرطبي (المتوفى: 620هـ)	ShamAY	1449	0.43289
		تاج العروس [ج ٩]	محبّ الدين أبي فيض السيد محمّد مرتضى الحسيني الواسطي الزبيدي الحنفي	Rafed	1501	0.43287
		نفحات الأزهار في خلاصة عبقات الأنوار [ج ١٢]	السيّد علي الحسيني الميلاني	Rafed	457	0.43287
		 إعلام النبلاء بتاريخ حلب الشهباء 	 محمد راغب الطباخ الحلبي 	ABLibrary	8961	0.43286
		جواب بعض الخدم لأهل النعم عن تصحيف حديث احتجم	يوسف بن حسن بن أحمد بن حسن ابن عبد الهادي الصالحي، جمال الدين، ابن المبرد الحنبلي (المتوفى: 909هـ)	ShamAY	9420	0.43284
		جزء أبي محمد عبد الرحمن بن إبراهيم المقدسي - مخطوط	المقدسي، بهاء الدين	ShamAY	32744	0.43281
		جمال القراء وكمال الإقراء ت عبد الحق	علي بن محمد بن عبد الصمد الهمداني المصري الشافعي، أبو الحسن، علم الدين السخاوي (المتوفى: 643هـ)	ShamAY	1052	0.43281
		الإفصاحِ عَن شهادة المرأةِ في الإرضاعِ	الإمام محمد عبد الحي اللكنوي (ت1304هـ)	ShamAY	36003	0.43279
		جزء ابن باكويه	محمد بن عبد الله بن عبيد الله بن أحمد الشيرازي، أبو عبد الله بن باكُوَيْه (المتوفى: 428هـ)	ShamAY	29752	0.43277
		تفسير ابن عطية = المحرر الوجيز في تفسير الكتاب العزيز	أبو محمد عبد الحق بن غالب بن عبد الرحمن بن تمام بن عطية الأندلسي المحاربي (المتوفى: 542هـ)	ShamAY	23632	0.43275
		شرح كتاب الحج من صحيح مسلم - عبد الكريم الخضير	عبد الكريم الخضير	Sham19Y	23422	0.43275
		شرح سنن النسائي - الراجحي	عبد العزيز بن عبد الله بن عبد الرحمن الراجحي	ShamelaY19	37016	0.43272
		صفة النبي صلى الله عليه وسلم وصفة أخلاقه وسيرته وأدبه وخفض جناحه	محمد بن هارون بن شعيب، أبو علي الأنصاري الدمشقي (المتوفى: 353هـ)	ShamAY	26430	0.43271
		الدر المنظوم من كلام المصطفى المعصوم صلى الله عليه وسلم	علاء الدين مغلطاي البكجري الحنفي (المولود سنة 689 ه، والمتوفى سنة 762 ه)	ShamelaY19	32381	0.43269
		الإشارة إلى سيرة المصطفى وتاريخ من بعده من الخلفا	مغلطاي بن قليج بن عبد الله البكجري المصري الحكري الحنفي، أبو عبد الله، علاء الدين (المتوفى: 762هـ)	ShamAY	31700	0.43268
		شرح كتاب الحج من صحيح مسلم - عبد الكريم الخضير	عبد الكريم الخضير	ShamAY	66	0.43262
		منهاج السنه المحمديه في الرد علي منهاج ابن التيميه	عبدالرحمن العقيلي	Ghbook	15683	0.43262
		وسيلة الإسلام بالنبي عليه الصلاة والسلام	أحمد بن حسين بن علي بن الخطيب، أبو العباس القسنطيني، ابن قنفذ (المتوفى: 810ه)	Sham19Y	6587	0.4326
		 معرفة الإمام 	 السيد محمد حسين الطهراني 	ABLibrary	8888	0.43258
		مسلسل العيدين للكتاني وللخطيب البغدادي	عبد العزيز بن أحمد بن محمد بن علي التميمي، أبو محمد الكتاني الدمشقي (المتوفى: 466هـ)	ShamAY	1364	0.43257
		 خزانة التواريخ النجدية 	 عبد الله بن عبد الرحمن آل بسام 	ABLibrary	9049	0.43252
		خلاصة سير سيد البشر	أبو العباس، أحمد بن عبد الله بن محمد، محب الدين الطبري (المتوفى: 694هـ)	ShamAY	6583	0.4325
		 رحلة مصر والسودان 	 محمد مهري كركوكي 	ABLibrary	9107	0.43247
		الرضا عن الله بقضائه لابن أبي الدنيا	أبو بكر عبد الله بن محمد بن عبيد بن سفيان بن قيس البغدادي الأموي القرشي المعروف بابن أبي الدنيا (المتوفى: 281هـ)	ShamAY	13024	0.43241
		الخلاصة في معرفة الحديث	الحسين بن محمد بن عبد الله، شرف الدين الطيبي (المتوفى: 743 ه)	Sham19Y	17807	0.43236
		أنس المسجون وراحة المحزون	صفي الدين، أبو الفتح عيسى بن البحتري الحلبي (المتوفى: بعد 625ه)	ShamelaY19	120146	0.43233
		محمد بن عبد الوهاب مصلح مظلوم ومفترى عليه	مسعود الندوي	ShamAY	1510	0.43231
		 بهجة النفوس والأسرار في تاريخ دار هجرة النبي المختار 	 عبد الله المرجاني 	ABLibrary	8973	0.43228
		بحار الأنوار [ج ٤٢]	الشيخ محمّد باقر بن محمّد تقي المجلسي	Rafed	969	0.43228
		المنهيات	محمد بن علي بن الحسن بن بشر، أبو عبد الله، الحكيم الترمذي (المتوفى: نحو 320ه)	Sham19Y	25950	0.43226
		جزء في التهنئة في الأعياد وغيرها لابن حجر	ابن حجر العسقلاني (852 هـ)	ShamAY	34301	0.43224
		 فضائل مصر المحروسة 	 ابن الكندي 	ABLibrary	9154	0.43212
		المروءة	محمد بن خلف بن المرزبان بن بسام، أبو بكر المحولي (المتوفى: 309ه)	Sham19Y	9640	0.43205
		ولايه الامام علي ( عليه السلام ) في الكتاب و السنه	مرتضي عسكري	Ghbook	7737	0.432
		جزء ابن باكويه	محمد بن عبد الله بن عبيد الله بن أحمد الشيرازي، أبو عبد الله بن باكويه (المتوفى: 428ه)	ShamelaY19	29752	0.43199
		مشاهير أعلام المسلمين	علي بن نايف الشحود	ShamAY	35792	0.43198
		جمال القراء وكمال الإقراء ت عبد الحق	علي بن محمد بن عبد الصمد الهمداني المصري الشافعي، أبو الحسن، علم الدين السخاوي (المتوفى: 643ه)	Sham19Y	37653	0.43196
		موسوعة عاشوراء	جواد محدثي	Rafed	3254	0.43192
		طبائع النساء وما جاء فيها من عجائب وأخبار وأسرار	أبو عمر، شهاب الدين أحمد بن محمد بن عبد ربه ابن حبيب ابن حدير بن سالم المعروف بابن عبد ربه الأندلسي (المتوفى: 328هـ)	ShamAY	6945	0.43188
		الشعائر الحسينية بين الافراط والتفريط	زهير قاسم عبد النبي التميمي	Ghbook	15253	0.43187
		الفروسية المحمدية ط عالم الفوائد	أبو عبد الله محمد بن أبي بكر بن أيوب ابن قيم الجوزية (691 - 751)	Sham19Y	18169	0.43186
		الباعث الحثيث شرح اختصار علوم الحديث ط ابن الجوزي	عماد الدين أبو الفداء إسماعيل ابن كثير - أبو الأشبال أحمد محمد شاكر	ShamelaY19	150481	0.43177
		طوالات الأخبار لأبي موسى المديني - مخطوط (ن)	محمد بن عمر بن أحمد بن عمر بن محمد الأصبهاني المديني، أبو موسى (المتوفى: 581ه)	ShamelaY19	21646	0.43175
		قمع الدجاجلة الطاعنين في معتقد أئمة الإسلام الحنابلة	عبد العزيز بن فيصل الراجحي	ShamelaY19	30885	0.43172
		مجموع رسائل الشاب الصالح عبد الرحمن بن سعيد بن علي بن وهف القحطاني رحمه الله تعالى	عبد الرحمن بن سعيد بن علي بن وهف القحطاني (المتوفى: 1422ه)	ShamelaY19	96520	0.43163
		تخريج أحاديث أصول البزدوي	لقاسم بن قطلوبغا الحنفي (ت879هـ)	ShamAY	33075	0.43157
		تاريخ طبق الحلوي وصحاف المن والسلوي المعروف بتاريخ اليمن‏	عبد الله بن علي الوزير	Masaha	4658	0.43157
		قصة الفتنة	راغب السرجاني	ShamAY	37130	0.43156
		 بقيع الغرقد 	 الشيخ محمد أمين الأميني 	ABLibrary	8968	0.43152
		مصنف ابن أبي شيبة (الفكر)	أبو بكر بن أبي شيبة	ShamAY	33966	0.43145
		ما هو نهج البلاغة	السيد هبة الدين الحسيني الشهرستاني	Rafed	4058	0.43142
		كتاب معرفة اشتقاق أسماء نطق بها القرآن وجاءت بها السنن والأخبار وتأويل ألفاظ مستعملة	السجستاني، ابن عزير	ShamAY	36737	0.43141
		أشعار أولاد الخلفاء وأخبارهم	أبو بكر محمد بن يحيى بن عبد الله الصولي (المتوفى: 335هـ)	ShamAY	7822	0.43139
		محاضرات في علوم الحديث	الدكتور ماهر ياسين الفحل	Sham19Y	1841	0.4313
		المناقب و المثالب‏	القاضي نعمان المغربي‏	Masaha	2875	0.43124
		أضواء على عقائد الشيعة الإماميّة وتأريخهم	الشيخ جعفر السبحاني	Rafed	3659	0.43123
		لواعج الاشجان في مقتل الحسين عليه السلام	السيد محسن الأمين	Masaha	2352	0.43121
		وصف الفردوس لعبد الملك بن حبيب	عبد الملك بن حبيب الأندلسي	ShamAY	33596	0.43107
		أمنا عائشة ملكة الطهر	نصر الصنقري	ShamAY	35842	0.43107
		العين والأثر في عقائد أهل الأثر	عبد الباقي بن عبد الباقي بن عبد القادر البعلي الأزهري الدمشقيّ، تقيّ الدين، ابن فَقِيه فُصَّة (المتوفى: 1071هـ)	ShamAY	8518	0.43088
		الإتحاف بحب الأشراف‏	جمال الدين شبراوي	Masaha	1840	0.43088
		منتخب الانوار المضيئه - في  ذكر القائم الحجه ( عليه السلام )	علي بن عبدالكريم بهاءالدين نيلي	Ghbook	2617	0.43082
		مجموعة رسائل العلامة قاسم بن قطلوبغا	أبو الفداء زين الدين قاسم بن قُطْلُوْبَغَا السُّوْدُوْنِي الجمالي الحنفي (المتوفى: 879 هـ)	ShamAY	32450	0.43081
		منهج جديد لدراسة الفقه المقارن	السيد علي الشهرستاني	Rafed	1360	0.43081
		المرأة في حياة إمام الدعوة الشيخ محمد بن عبدالوهاب (مطبوع ضمن بحوث ندوة دعوة الشيخ محمد بن عبد الوهاب، الجزء الأول)	حمد بن محمد بن جاسر آل جاسر (المتوفى: 1421هـ)	ShamAY	8548	0.43072
		الإقتباس من القرآن الكريم [ج ١]	أبي منصور عبد الملك بن محمّد بن اسماعيل الثعالبي	Rafed	3176	0.43072
		فرحة الأديب في الرد على ابن السيرافي شرح أبيات سيبويه (يتعقب المؤلف على ابن السيرافي (المتوفى: 368 هـ) , في شرحه لبعض أبيات كتاب سيبويه (المتوفى: 180 هـ))	أبو محمد الحسن بن أحمد الأعرابي الملقب بالأسود الغندجاني (المتوفى: نحو 430هـ)	ShamAY	640	0.43069
		 القول الفاصل في الرد على مدعي التحريف 	 السيد المرعشي 	ABLibrary	8575	0.43061
		الرضا عن الله بقضائه (الكتب الثقافية)	أبو بكر عبد الله بن محمد بن عبيد بن سفيان بن أبي الدنيا	ShamAY	34117	0.43059
		تسفيه أدعياء التنزيه - عبد الله الخليفي	ابن الجوزي	ShamAY	35519	0.43057
		دروس تمهيدية في القواعد الرجالية	الشيخ محمّد باقر الإيرواني	Rafed	2818	0.43051
		من حديث المطيري عن أبي منصور الخلنجي - مخطوط	أبي بكر محمد بن جعفر الصيرفي المطيري	ShamAY	32816	0.43048
		نسخة أبي العباس طاهر بن محمد بن الحكم التميمي - مخطوط	أبو العباس طاهر بن محمد بن الحكم التميمي	ShamAY	32874	0.43041
		 تهذيب الاسرار في أصول التصوف 	 عبد الملك الخركوشي النيسابوري 	ABLibrary	8703	0.43041
		تراثنا ـ العدد [ 27 ]	مؤسسة آل البيت عليهم السلام لإحياء التراث ـ قم	Rafed	2767	0.43036
		معجم المؤلفات الأصولية المالكية المبثوثة في كشف الظنون وإيضاح المكنون وهدية العارفين	ترحيب بن ربيعان الدوسري	ShamAY	3622	0.43035
		تاريخ الاندلس من الفتح حتي السقوط	اسماعيل بن ابراهيم	Ghbook	8926	0.43031
		فتح الباري شرح صحيح البخاري	أحمد بن علي بن حجر أبو الفضل العسقلاني الشافعي	ShamAY	1673	0.4303
		الزياره	عبدالحسين اميني ( علامه اميني )	Ghbook	4591	0.43026
		ورثة الأنبياء	عبد الملك بن محمد القاسم	ShamelaY19	36550	0.43023
		قصص الأنبياء	أبو الفداء إسماعيل بن عمر بن كثير القرشي البصري ثم الدمشقي (المتوفى: 774هـ)	ShamAY	932	0.4302
		 رسالة في تواريخ النبي والآل ( ع ) 	 الشيخ محمد تقي التستري 	ABLibrary	7533	0.43017
		تراثنا ـ العدد [ 4 ]	مؤسسة آل البيت عليهم السلام لإحياء التراث ـ قم	Rafed	2550	0.43015
		جزء الحسن بن شاذان	الحسن بن أحمد بن إبراهيم بن الحسن ابن محمد بن شاذان، أبو علي البزاز (المتوفى: 425ه)	ShamelaY19	29751	0.43013
		قصص الأنبياء	أبو الفداء إسماعيل بن عمر بن كثير القرشي البصري ثم الدمشقي (المتوفى: 774ه)	Sham19Y	932	0.43012
		 بحار الأنوار 	 العلامة المجلسي 	ABLibrary	777	0.43007
		المحسن السّبط مولود أم سقط	السيد محمد مهدي السيد حسن الموسوي الخرسان	Rafed	59	0.43004
		الوفاة (وفاة النبي صلى الله عليه وسلم)	أبو عبد الرحمن أحمد بن شعيب بن علي الخراساني، النسائي (المتوفى : 303هـ)	ShamAY	22643	0.43003
		 كنز الفوائد 	 أبي الفتح الكراجكي 	ABLibrary	7902	0.42999
		فضل أهل البيت وعلو مكانتهم عند أهل السنة والجماعة	عبد المحسن بن حمد بن عبد المحسن بن عبد الله بن حمد العباد البدر	ShamAY	11233	0.42991
		توثيق فقه الإماميّة من الصّحاح والسنن	السيد علي الشهرستاني	Rafed	1182	0.42986
		موسوعه  الامام الصادق عليه السلام	آيت الله سيد محمد كاظم قزويني	Ghbook	15045	0.42985
		تمام الكلام في تخصيص المواظبة على الدعاء بعد السلام	أبو إبراهيم عادل المرشود	ShamAY	33209	0.42979
		اعلام الوري 	طبرسي ( معروف ) ، امين الاسلام ابوعلي فضل بن حسن ( صاحب مجمع البيان و اعلام الوري و... )	Ghbook	2363	0.42976
		الخلاصة في معرفة الحديث	الحسين بن محمد بن عبد الله، شرف الدين الطيبي (المتوفى: 743 هـ)	ShamAY	32381	0.42969
		مشاهداتي في المملكة العربية السعودية	أبو عبد الرحمن مقبل بن هادي بن مقبل بن قائدة (اسم رجل) الهمداني الوادعي (المتوفى: 1422ه)	ShamelaY19	96788	0.42965
		فتح الباري شرح صحيح البخاري	أحمد بن علي بن حجر أبو الفضل العسقلاني الشافعي	Sham19Y	1673	0.42965
		حديث بشر بن مطر	بشر بن مطر بن ثابت أبو أحمد الدقاق الواسطي (المتوفى: 262هـ)	ShamAY	29709	0.42961
		حوارات في اصل العقيده	سعد حميد	Ghbook	11223	0.42949
		ردود أهل العلم على الطاعنين في حديث السحر وبيان بعد محمد رشيد رضا عن السلفية	أبو عبد الرحمن مقبل بن هادي بن مقبل بن قائدة (اسم رجل) الهمداني الوادعي (المتوفى: 1422ه)	ShamelaY19	96785	0.42944
		من حديث أبي علي ابن شاذان - مخطوط	ابن شاذان، الحسن بن أحمد	ShamAY	32813	0.42941
		البلدان	ابي عبدالله احمد بن محمد بن اسحاق الهمذاني	Ghbook	10358	0.42938
		الكواكب السائرة بأعيان المئة العاشرة	نجم الدين محمد بن محمد الغزي (المتوفى: 1061هـ)	ShamAY	10912	0.42933
		تاريخ الطبري - ط العلمية	محمد بن جرير الطبري أبو جعفر	ShamAY	33812	0.42926
		 كنز الفوائد 	 أبي الفتح الكراجكي 	ABLibrary	7903	0.42924
		جزء من أحاديث أبي بكر الصولي شيوخه (مطبوع ضمن مجموع باسم الفوائد لابن منده!)	أبو بكر محمد بن يحيى بن عبد الله الصولي (المتوفى: 335هـ)	ShamAY	9395	0.4291
		فضائل عثمان بن عفان لعبد الله بن أحمد	أبو عبد الرحمن عبد الله بن أحمد بن محمد بن حنبل الشيباني (المتوفى: 290هـ)	ShamAY	9322	0.42907
		معالم المدرستين [ج ٢]	السيد مرتضى العسكري	Rafed	3472	0.42907
		الإدارة في عصر الرسول صلى الله عليه وآله وسلم	أحمد عجاج كرمى (المتوفي: معاصر)	ShamAY	9762	0.42901
		الوفيات والأحداث	عضو ملتقى أهل الحديث / الباحث - غفر الله له -	Sham19Y	1577	0.42896
		استشهاد الحسين رضوان الله عليه بين الحقائق والأوهام	عَلي محمد محمد الصَّلاَّبي	ShamAY	218	0.42895
		الجزء الثاني من مسند أبي هريرة رضي الله عنه	أبو إسحاق إبراهيم بن حرب العسكري، السمسار (المتوفى: بعد 282ه)	ShamelaY19	26592	0.42889
		 المواعظ والإعتبار في ذكر الخطط والآثار ( ط لندن ) 	 المقريزي 	ABLibrary	9242	0.42889
		التقوى «تعريفها وفضلها ومحذوراتها وقصص من أحوالها»	عمر بن سليمان بن عبد الله الأشقر العتيبي (المتوفى: 1433هـ)	ShamAY	32092	0.42883
		المحسن السبط مولود أم سقط	السيد محمد مهدي الخرسان	Masaha	493	0.42882
		تاج المفرق في تحلية علماء المشرق	خالد بن عيسى بن أحمد بن إبراهيم بن أبي خالد البلوي، أبو البقاء (المتوفى: بعد 767هـ)	ShamAY	478	0.42878
		 العوالم ، الإمام علي بن أبي طالب ( ع ) 	 الشيخ عبد الله البحراني 	ABLibrary	7611	0.4287
		الفتح السماوي بتخريج أحاديث القاضي البيضاوي	زين الدين محمد المدعو بعبد الرؤوف بن تاج العارفين بن علي المناوي (المتوفى: 1031هـ)	ShamAY	8635	0.42867
		حديث ابن عمر في ترائي الهلال للخطيب البغدادي	أبو بكر أحمد بن علي بن ثابت بن أحمد بن مهدي الخطيب البغدادي (المتوفى: 463ه)	Sham19Y	1932	0.42865
		أحاديث معلولة في الصيام	عبد الله بن زقيل	ShamAY	35214	0.42858
		فضائل مصر المحروسة	أبو عمر محمد بن يوسف بن يعقوب الكندي المصري (المتوفى: بعد 355هـ)	ShamAY	405	0.42857
		عوالم العلوم والمعارف والاحوال (الجزء 26) في احوال امام زمان عجل الله تعالي فرجه...	محمد باقر بن مرتضي موحد ابطحي اصفهاني	Ghbook	15276	0.42855
		الكافي [ج ١١]	أبو جعفر محمّد بن يعقوب الكليني الرازي	Rafed	1130	0.42854
		الفروسية المحمدية ط عالم الفوائد	أبو عبد الله محمد بن أبي بكر بن أيوب ابن قيم الجوزية (691 - 751)	ShamAY	38642	0.42851
		المنهيات	محمد بن علي بن الحسن بن بشر، أبو عبد الله، الحكيم الترمذي (المتوفى: نحو 320هـ)	ShamAY	25950	0.4285
		تراثنا ـ العددان [ 73 و 74 ]	مؤسسة آل البيت عليهم السلام لإحياء التراث ـ قم	Rafed	3305	0.4285
		اتحاف السائل بما لفاطمة من المناقب و الفضائل‏	محمد بن عبد الله القلشقندي	Masaha	1824	0.42847
		السيرة النبوية والتاريخ الإسلامي	عبد الشافى محمد عبد اللطيف	ShamAY	9899	0.42846
		 معجم ما كتب عن الرسول ( ص ) وأهل بيته ( ع ) 	 عبد الجبار الرفاعي 	ABLibrary	7756	0.42846
		 نفح الطيب من غصن الأندلس الرطيب 	 أحمد بن محمد المقري التلمساني 	ABLibrary	9300	0.42842
		الإتحافات السنية بالأحاديث القدسية ومعه النفحات السلفية بشرح الأحاديث القدسية	زين الدين محمد المدعو بعبد الرؤوف بن تاج العارفين بن علي بن زين العابدين الحدادي ثم المناوي القاهري (المتوفى: 1031هـ)	ShamAY	7266	0.42839
		 مسالك الأبصار في ممالك الأمصار 	 أحمد بن يحيى العمري 	ABLibrary	9190	0.42839
		كتاب الحج	معاوية بن عمار دهني	Ghbook	10937	0.4283
		وسيلة الإسلام بالنبي عليه الصلاة والسلام	أحمد بن حسين بن علي بن الخطيب، أبو العباس القسنطيني، ابن قنفذ (المتوفى: 810هـ)	ShamAY	6587	0.42828
		دار الحديث الأشرفية معلم حضاري للأمة في مسيرة ثمانية قرون	الشيخ محمد مجير الخطيب الحسني	ShamAY	37117	0.42822
		 الروضة البهية فيما بين الأشاعرة والماتريدية 	 حسن بن عبد الحسن بن أبي عزبى 	ABLibrary	8445	0.4281
		عناية العلماء بالإسناد وعلم الجرح والتعديل - عبد العزيز فارح	عبد العزيز محمد فارح	ShamAY	11306	0.42801
		بقيع الغرقد في دراسه شامله	محمد امين پوراميني	Ghbook	3342	0.42797
		الفواكه العذاب في الرد على من لم يحكم السنة والكتاب	حمد بن ناصر بن عثمان بن معمر النجدي التميمي الحنبلي (المتوفى: 1225هـ)	ShamAY	1	0.42795
		صفة الجنة للضياء المقدسي	ضياء الدين أبو عبد الله محمد بن عبد الواحد المقدسي (المتوفى: 643هـ)	ShamAY	12740	0.42794
		منحة الباري بشرح صحيح البخاري المسمى «تحفة الباري»	زكريا بن محمد بن أحمد بن زكريا الأنصاري، زين الدين أبو يحيى السنيكي المصري الشافعي (المتوفى: 926 هـ)	ShamAY	32556	0.42791
		تأخير الظلامة إلى يوم القيامة للسيوطي - مخطوط (ن)	عبد الرحمن بن أبي بكر، جلال الدين السيوطي (المتوفى: 911هـ)	ShamAY	11429	0.4279
		شرح سنن النسائي - الراجحي	عبد العزيز بن عبد الله بن عبد الرحمن الراجحي	ShamAY	106	0.42787
		محاضرات في علوم الحديث	الدكتور ماهر ياسين الفحل	ShamAY	1841	0.42785
		المقترب في بيان المضطرب	أحمد بن عمر بن سالم بن أحمد بن عبود أبو عمر بازمول السلفي المكي الرحابي	ShamAY	8562	0.42778
		الذّريعة إلى تصانيف الشّيعة [ج ١٦]	الشيخ آقا بزرك الطهراني	Rafed	471	0.42768
		مَنْ تَكلَّم فيه الدَّارقطني في كتاب السنن من الضعفاء والمتروكين والمجهولين (فيه أكثر من مائتي ترجمة ليست في سنن الدارقطني المطبوع)	محمد بن عبد الرحمن بن محمد بن أحمد بن التقي سليمان بن حمزة المقدسي ثم الصالحي ناصر الدين المعروف بابن زريق (المتوفى: 803هـ)	ShamAY	31760	0.42767
		القول الفاصل في الردّ على مدّعي التحريف	آية الله السيّد شهاب الدين الحسيني المرعشي النجفي	Rafed	3483	0.42747
		بحار الأنوار [ج ٤١]	الشيخ محمّد باقر بن محمّد تقي المجلسي	Rafed	966	0.42745
		نشوار المحاضرة وأخبار المذاكرة - العلمية	أبو علي المحسن بن علي بن محمد التنوخي البصري	ShamAY	33773	0.42743
		الإدارة في عصر الرسول صلى الله عليه وآله وسلم	أحمد عجاج كرمى (المتوفي: معاصر)	Sham19Y	9762	0.42732
		الذّريعة إلى تصانيف الشّيعة [ج ٧]	الشيخ آقا بزرك الطهراني	Rafed	448	0.42732
		القراءات والاحرف السبعة	عبدالرسول الغفاري	Ghbook	14944	0.42731
		 موسوعة التاريخ الإسلامي 	 الشيخ محمد هادي اليوسفي الغروي 	ABLibrary	7853	0.42729
		عداله الصحابه	آيت الله العظمي جعفر سبحاني	Ghbook	5063	0.42726
		سنوات الحنابلة	علي بن محمد باخيِّل آل بابطين	ShamAY	35824	0.42723
		قبس من غياث سلطان الورى	السيد علي بن موسى بن طاووس	Masaha	1038	0.42722
		الزهد وصفة الزاهدين لابن الأعرابي	أبو سعيد بن الأعرابي أحمد بن محمد بن زياد بن بشر بن درهم البصري الصوفي (المتوفى: 340هـ)	ShamAY	13029	0.4272
		توثيق السنة في القرن الثاني الهجري أسسه واتجاهاته	رفعت بن فوزي عبد المطلب	ShamelaY19	22872	0.42719
		المروءة	محمد بن خلف بن المرزبان بن بسام، أبو بكر المحولي (المتوفى: 309هـ)	ShamAY	9640	0.42713
		مستدرك الوسائل [ج ٣]	الشيخ حسين النوري الطبرسي [ المحدّث النوري ]	Rafed	1134	0.42712
		في رحاب الامام المهدي(عج)	عبدالرحيم مبارك	Ghbook	14043	0.42711
		أحكام الاختلاف في رؤية هلال ذي الحجة	زين الدين عبد الرحمن بن أحمد بن رجب بن الحسن، السَلامي، البغدادي، ثم الدمشقي، الحنبلي (المتوفى: 795هـ)	ShamAY	667	0.42707
		مختصر العلو للعلي العظيم للذهبي	شمس الدين أبو عبد الله محمد بن أحمد بن عثمان بن قَايْماز الذهبي (المتوفى: 748هـ)	ShamAY	7318	0.42704
		مع الغدير	واحد تحقيقات مركز تحقيقات رايانه اي قائميه اصفهان	Ghbook	60	0.42701
		إعلام الخائض بجواز مس المصحف للجنب والحائض	أبي الفضل عمر بن مسعود الحدوشي	ShamAY	36318	0.42696
		مقالة التعطيل والجعد بن درهم	محمد بن خليفة بن علي التميمي	ShamAY	12079	0.42694
		موسوعه المناسبات الاسلاميه و العالميه	فيصل احمد البغلي	Ghbook	802	0.42692
		الرد على الطاعن في أبي هريرة رضي الله عنه	الحسن بن علي الكتاني	ShamAY	35749	0.4269
		الدفاع عن حديث الجارية		ShamAY	35483	0.42689
		شرح سنن الترمذي - عبد الكريم الخضير	عبد الكريم الخضير	ShamelaY19	23777	0.42688
		رحلة مصر والسودان‏	محمد مهري	Masaha	4384	0.42688
		المجموع المغيث في غريبي القرآن والحديث	محمد بن عمر بن أحمد بن عمر بن محمد الأصبهاني المديني، أبو موسى (المتوفى: 581هـ)	ShamAY	32114	0.42687
		تاريخ معالم المدينة المنورة قديماً وحديثاً	أحمد ياسين الخياري	ShamAY	38411	0.42684
		تخريج الأحاديث والآثار الواردة في ليلة النصف من شعبان	محمد مصطفى الشنقيطي	ShamAY	33064	0.42679
		أدب النساء الموسوم بكتاب العناية والنهاية	عبد الملك بن حبيب بن حبيب بن سليمان بن هارون السلمي الإلبيري القرطبي، أبو مروان (المتوفى: 238ه)	ShamelaY19	26808	0.4267
		لوامع الدرر في هتك أستار المختصر [شرح «مختصر خليل» للشيخ خليل بن إسحاق الجندي المالكي (ت: 776 ه)]	محمد بن محمد سالم المجلسي الشنقيطي (1206 - 1302 ه)	Sham19Y	149697	0.42666
		صلاة الجماعة	محمد ضياء الرحمن الأعظمي	ShamelaY19	23074	0.42663
		 إتحاف الورى بأخبار أم القرى 	 عمر بن محمد ابن فهد 	ABLibrary	8941	0.42655
		الفصول المهمة في تأليف الأمة	السيد عبد الحسين شرف الدين	Masaha	670	0.42646
		فصل الخطاب في الرد على أبي تراب	التويجري، حمود بن عبد الله	ShamAY	37751	0.42643
		كتاب تفسير القرآن	أبو بكر محمد بن إبراهيم بن المنذر النيسابوري (المتوفى: 319هـ)	ShamAY	22549	0.42642
		المسائل والرسائل المرويّة عن الإمام أحمد بن حنبل في العقيدة [ج ٢]	الناشر: دار طيبة للنشر والتوزيع	Rafed	3697	0.42638
		النكت العلمية على الروضة الندية	أبو عبد الرحمن عبد الله بن صالح العبيلان	ShamAY	32417	0.42636
		 الدر النظيم 	 يوسف بن حاتم الشامي المشغري العاملي 	ABLibrary	980	0.42635
		مواقف التابعين وأتباعهم في الدعوة إلى الله تعالى	د. سعيد بن علي بن وهف القحطاني	ShamelaY19	96529	0.42634
		الجمل و النصرة لسيد العترة في حرب البصرة	الشيخ المفيد	Masaha	1939	0.42633
		قرب الإسناد (ط - الحديثة)	عبد الله بن جعفر الحميري	Masaha	690	0.42629
		اللطف واللطائف	عبد الملك بن محمد بن إسماعيل أبو منصور الثعالبي (المتوفى: 429ه)	Sham19Y	595	0.42628
		صلح الحسن ( عليه السلام )	عبدالحسين شرف الدين	Ghbook	7135	0.42627
		الطرق السلمية في تغير الحاكم الفاسد	يحيى بن علي جغمان	ShamelaY19	37529	0.42616
		القلائد من فرائد الفوائد	الواحدي :: مصطفى السباعي	ShamAY	34556	0.42613
		الاربعون حديثا في اثبات امامه اميرالمومنين عليه السلام 	عبدالله بحراني اصفهاني	Ghbook	15555	0.42608
		السعاية في كشف ما في شرح الوقاية	الإمام محمد عبد الحي اللكنوي (ت1304هـ)	ShamAY	33177	0.42605
		موسوعة الأسئلة العقائديّة [ج ١]	مركز الأبحاث العقائديّة	Rafed	1348	0.42603
		أصول كشف ما يظن فيه التعارض في الأدلة وتطبيقاتها من كلام أئمة السلف	علي بن خضير الخضير	ShamAY	37550	0.426
		 الموسوعة الكبرى عن فاطمة الزهراء ( س ) 	 اسماعيل الأنصاري الزنجاني الخوئيني 	ABLibrary	7833	0.42598
		نظره في كتاب السنه و الشيعه	عبدالحسين اميني ( علامه اميني )	Ghbook	4585	0.42597
		عشاريات السيوطي	عبد الرحمن بن أبي بكر، جلال الدين السيوطي (المتوفى: 911ه)	ShamelaY19	30315	0.42596
		الكوثر الجاري إلى رياض أحاديث البخاري	أحمد بن إسماعيل بن عثمان بن محمد الكوراني الشافعي ثم الحنفي المتوفى 893 هـ	ShamAY	32588	0.42589
		منتقى من حديث أبي بكر الأنباري	محمد بن جعفر بن محمد بن الهيثم، أبو بكر الأنباري، البُنْدار (المتوفى: 360هـ)	ShamAY	29868	0.42588
		الأمالي = شذور الأمالي = النوادر	أبو علي القالي، إسماعيل بن القاسم بن عيذون بن هارون بن عيسى بن محمد بن سلمان (المتوفى: 356هـ)	ShamAY	9160	0.42582
		تحقيق منيف الرتبة لمن ثبت له شريف الصحبة	صلاح الدين أبو سعيد خليل بن كيكلدي بن عبد الله الدمشقي العلائي (المتوفى: 761هـ)	ShamAY	11088	0.42581
		الفتح المبين بشرح الأربعين	أحمد بن محمد بن علي بن حجر الهيتمي السعدي الأنصاري، شهاب الدين شيخ الإسلام، أبو العباس (المتوفى: 974 هـ)	ShamAY	32377	0.42577
		إزالة الإشكال في صلاة الركعتين إذا دخل يوم الجمعة والإمام يخطب	الدكتور: عبدالله بن جمعان الدَّادَا الغامدي	ShamAY	36573	0.42573
		من فوائد أبي بكر الشاشي	محمد بن أحمد بن الحسين بن عمر، أبو بكر الشاشي القفال الفارقيّ، الملقب فخر الإسلام، المستظهري الشافعي (المتوفى: 507هـ)	ShamAY	5695	0.42567
		مصابيح السنة	محيي السنة، أبو محمد الحسين بن مسعود بن محمد بن الفراء البغوي الشافعي (المتوفى: 516 هـ)	ShamAY	32569	0.42564
		مئه و عشر آيات نزلت في حق علي ( عليه السلام )	آيت الله العظمي حسيني	Ghbook	7960	0.42563
		مائه منقبه ( ايضاح دفائن النواصب في مائه منقبه من مناقب علي بن ابي طالب و الائمه...	ابوالحسن محمد بن احمد بن علي بن حسن قمي ابن شاذان	Ghbook	2599	0.42551
		مسند عبد الله بن عمر للطرسوسي	أبو أمية محمد بن إبراهيم بن مسلم الخزاعي البغدادي ثم الطرسوسي (المتوفى: 273هـ)	ShamAY	13169	0.42549
		مجلس من أمالي ابن الأنباري	محمد بن القاسم بن محمد بن بشار، أبو بكر الأنباري (المتوفى: 328هـ)	ShamAY	26738	0.42547
		بحار الأنوار [ج ٥٣]	الشيخ محمّد باقر بن محمّد تقي المجلسي	Rafed	1016	0.42547
		عقلاء المجانين والموسوسين	الحسن بن إسمعيل بن محمد، أبو محمد الضراب المصري (المتوفى: 392ه)	Sham19Y	27093	0.42544
		فضائل مصر المحروسة - ط الخانجي	عمر بن أبي عمر محمد بن يوسف بن يعقوب الكندي المصري (المتوفى: بعد 355هـ)	ShamAY	33805	0.42539
		مقالات الإسلاميّين واختلاف المصلّين	أبي الحسن علي بن إسماعيل الأشعري	Rafed	3845	0.42539
		تراثنا ـ العدد [ 18 ]	مؤسسة آل البيت عليهم السلام لإحياء التراث ـ قم	Rafed	2738	0.42539
		نيل الأوطار	محمد بن علي بن محمد بن عبد الله الشوكاني اليمني (المتوفى: 1250هـ)	ShamAY	9242	0.42537
		العمدة في محاسن الشعر وآدابه	أبو على الحسن بن رشيق القيرواني الأزدي (المتوفى: 463 هـ)	ShamAY	10909	0.42532
		حادي الأرواح (دار الكتب العلمية)	محمد بن أبي بكر أيوب الزرعي أبو عبد الله	ShamAY	34425	0.42525
		جزء فيه أحاديث من حديث أبي حفص عمر بن محمد بن علي الزيات	أبو حفص عمر بن محمد بن علي الزيات (375 هـ)	ShamAY	33597	0.42523
		بحار الأنوار [ج ٦٢]	الشيخ محمّد باقر بن محمّد تقي المجلسي	Rafed	1060	0.42523
		جزء فيه سبعة مجالس من أمالي ابن بشران	أبو القاسم عبد الملك بن محمد بن عبد الله بن بشران بن محمد بن بشران بن مهران البغدادي (المتوفى: 430ه)	ShamelaY19	29888	0.42521
		عدالة الصحابة رضى الله عنهم في ضوء القرآن الكريم والسنة النبوية ودفع الشبهات	عماد السيد محمد إسماعيل الشربينى	ShamAY	1833	0.42514
		بلوغ غاية الأماني في الرد على مفتاح التيجاني	أحمد ولد الكوري العلوي الشنقيطي	ShamAY	35517	0.42509
		قمع الدجاجلة الطاعنين في معتقد أئمة الإسلام الحنابلة	عبد العزيز بن فيصل الراجحي	ShamAY	30885	0.42505
		المدخل إلى دراسة الفقه الإسلامي	الدكتور صلاح محمد سالم أبو الحاج	ShamAY	37533	0.42494
		اضواء علي عقائد الشيعه الاماميه و تاريخهم	آيت الله العظمي جعفر سبحاني	Ghbook	6738	0.42494
		الوجوه والنظائر في القرآن الكريم	د. سليمان بن صالح القرعاوي	ShamAY	36809	0.4249
		النصائح الكافية لمن يتولّى معاوية	السيّد محمّد بن عقيل بن عبد الله بن عمر بن يحيى العلوي	Rafed	1820	0.42485
		دعوي السفاره في الغيبه الكبري (2)	محمد السند	Ghbook	8423	0.42481
		الكافي [ج ١]	أبو جعفر محمّد بن يعقوب الكليني الرازي	Rafed	372	0.42479
		مسألة التقريب بين أهل السنة والشيعة	ناصر بن عبد الله بن علي القفاري	ShamAY	12763	0.42475
		من أعلام أهل السنة والجماعة عبد الله بن المبارك	أبو ياسر محمد بن مطر بن عثمان آل مطر الزهراني (المتوفى: 1427ه)	Sham19Y	12067	0.42475
		إتحاف السائل بما لفاطمة من المناقب والفضائل	محمّد بن عبدالله الأكراوي القلشقندي الشافعي	Rafed	2634	0.42475
		كتاب تفسير القرآن	أبو بكر محمد بن إبراهيم بن المنذر النيسابوري (المتوفى: 319ه)	ShamelaY19	22549	0.42473
		الشيعة هم أهل السنّة	الدكتور محمّد التيجاني السماوي	Rafed	1219	0.42472
		اصحابي كالنجوم	آيت الله علي حسيني ميلاني	Ghbook	4803	0.42472
		الوافي	محمد بن مرتضي فيض كاشاني	Ghbook	10697	0.42472
		مُصنف ابن أبي شيبة	أبو بكر بن أبي شيبة	ShamAY	33931	0.42458
		 تاريخ معالم المدينة المنورة قديما وحديثا 	 أحمد ياسين الخياري الحسيني المدني 	ABLibrary	9002	0.42453
		الثائر من أجل الحسين عليه السلام المختار الثقفي	عباس غيلان الفياض	Rafed	804	0.42447
		سند زيارة عاشوراء	السيد ياسين الموسوي	Rafed	4057	0.42442
		حادي الأرواح إلى بلاد الأفراح	محمد بن أبي بكر بن أيوب بن سعد شمس الدين ابن قيم الجوزية (المتوفى: 751هـ)	ShamAY	11147	0.42439
		مصنف ابن أبي شيبة (عوامة)	أبو بكر عبد الله بن محمد بن أبي شيبة العبسي الكوفي.	ShamAY	33967	0.42437
		أجوبة الدكتور سعدي الهاشمي على اسئلة أعضاء ملتقى اهل الحديث.	سعدي بن مهدي الهاشمي	ShamAY	37250	0.42436
		الفتنة في عهد الخلفاء الراشدين رضي الله عنهم برؤية موضوعية	علي بن نايف الشحود	ShamAY	35789	0.42433
		شرح كتاب الفتن من صحيح البخاري - عبد الكريم الخضير	عبد الكريم الخضير	ShamelaY19	21741	0.42431
		 البحرين في صدر الإسلام 	 عبد الرحمن عبد الكريم العاني 	ABLibrary	8965	0.42427
		الهداية في الأصول و الفروع المقدمة	الشيخ الصدوق	Masaha	714	0.42415
		هدي الساري مقدمة فتح الباري لابن حجر - ط المعرفة = التراجم	أحمد بن علي بن حجر أبو الفضل العسقلاني الشافعي	ShamAY	38211	0.42413
		 حادي الأرواح إلى بلاد الأفراح 	 ابن قيم الجوزية 	ABLibrary	8407	0.42412
		نصوص امامة الحجة بن الحسن المنتظر ( عجل الله فرجه الشريف )	محمد سعيد طباطبائي حكيم	Ghbook	4358	0.42402
		وقعة الجمل	ضامن بن شدقم بن علي الحسيني المدني	Rafed	241	0.424
		الغنية عن الكلام وأهله	الخطابي	ShamAY	33606	0.42393
		أخبار أبي القاسم الزجاجي	عبد الرحمن بن إسحاق البغدادي النهاوندي الزجاجي، أبو القاسم (المتوفى: 337هـ)	ShamAY	666	0.42388
		فتنة مقتل عثمان بن عفان رضي الله عنه	محمد بن عبد الله بن عبد القادر غبان الصبحي	ShamAY	12047	0.42387
		اذا شئت النجاه فزر حسينا	مصطفي الخاتمي	Ghbook	12313	0.42384
		لوامع الدرر في هتك أستار المختصر [شرح «مختصر خليل» للشيخ خليل بن إسحاق الجندي المالكي (ت: 776 ه)]	محمد بن محمد سالم المجلسي الشنقيطي (1206 - 1302 ه)	ShamelaY19	149697	0.42382
		الإكتفا [ج ٢]	أبي الربيع سليمان بن موسى بن سالم الحميري الكلاعي الأندلسي	Rafed	2526	0.42378
		حديث تحليلي	طارق الطواري	ShamAY	35985	0.42375
		مرآة الجنان وعبرة اليقظان في معرفة ما يعتبر من حوادث الزمان	أبو محمد عفيف الدين عبد الله بن أسعد بن علي بن سليمان اليافعي (المتوفى: 768هـ)	ShamAY	9091	0.42366
		بحار الأنوار [ج ٣٧]	الشيخ محمّد باقر بن محمّد تقي المجلسي	Rafed	958	0.42363
		بحار الأنوار [ج ٨٢]	الشيخ محمّد باقر بن محمّد تقي المجلسي	Rafed	1114	0.42356
		نور الأبصار في مناقب آل بيت النبي المختار(ص)	محمد محمد حسن شراب‏	Masaha	3033	0.42355
		مواقف التابعين وأتباعهم في الدعوة إلى الله تعالى	د. سعيد بن علي بن وهف القحطاني	Sham19Y	96529	0.42348
		فهرسة علي بن خليفة المساكني	أبو الحسن علي بن خليفة بن رزق الله بن عبد الواحد بن علي المساكني (المتوفى: 1172هـ)	ShamAY	10732	0.42346
		اللطف واللطائف	عبد الملك بن محمد بن إسماعيل أبو منصور الثعالبي (المتوفى: 429هـ)	ShamAY	595	0.42342
		صلاة الجماعة	محمد ضياء الرحمن الأعظمي	Sham19Y	23074	0.4234
		محنة فاطمة(ع) بعد وفاة رسول الله(ص)	الشيخ عبد الله الناصر	Masaha	518	0.42336
		الكتاب المصنف في الأحاديث والآثار	أبو بكر بن أبي شيبة، عبد الله بن محمد بن إبراهيم بن عثمان بن خواستي العبسي (المتوفى: 235هـ)	ShamAY	31642	0.42334
		مقالتان في الغدير	آيت الله علي حسيني ميلاني	Ghbook	13964	0.42333
		علة الحديث المسلسل في يوم العيدين	يحيى بن أبي منصور بن أبي الفتح ابن رافع الحراني، أبو زكريا، جمال الدين الحبيشي، ويعرف أيضا بابن الصيرفي (المتوفى: 678ه)	ShamelaY19	27102	0.42331
		الاتجاهات الفقهية عند أصحاب الحديث في القرن الثالث الهجري	الدكتور عبد المجيد محمود عبد المجيد	ShamAY	31717	0.4232
		الإيضاح	الفضل بن شاذان الأزدي النيسابوري	Rafed	1335	0.4232
		إعلام الورى بأعلام الهدى - الجزء1	الشيخ ابو علي الفضل بن الحسن الطبرسي	Masaha	673	0.42306
		بحار الأنوار [ج ٢]	الشيخ محمّد باقر بن محمّد تقي المجلسي	Rafed	501	0.42306
		سيره الائمه الاثني عشر ( عليهم السلام ) - الامام السجاد ( عليه السلام )	هاشم معروف الحسني	Ghbook	6385	0.42301
		الغدير في الكتاب والسنّة والأدب [ج ٨]	الشيخ عبد الحسين أحمد الأميني النجفي	Rafed	2017	0.42297
		وقعة الجمل‏	ضامن بن شدقم الحسيني المدني‏	Masaha	4679	0.42295
		البكاء في الكتاب والسنة، بحث مقدم للحصول على التفرغ العلمي	رقية بنت محمد المحارب	Sham19Y	7862	0.4229
		اجتماع الجيوش الإسلامية على حرب المعطلة والجهمية	أبو عبد الله محمد بن أبي بكر بن أيوب ابن قيم الجوزية (691 - 751)	ShamelaY19	18632	0.42289
		الفقر وموقف الشريعة الإسلامية منه	مصطفى نوارج	ShamAY	36657	0.42277
		المطالع النصرية للمطابع المصرية في الأصول الخطية	نصر (أبو الوفاء) ابن الشيخ نصر يونس الوفائي الهوريني الأحمدي الأزهري الأشعري الحنفي الشافعي (المتوفى: 1291ه)	Sham19Y	97799	0.42274
		من أسماء النبي الأمين محمد - أحمد في الكتاب العربي المبين	أبو يوسف محمد زايد	ShamAY	37407	0.42271
		عقلاء المجانين والموسوسين	الحسن بن إسمعيل بن محمد، أبو محمد الضراب المصري (المتوفى: 392ه)	ShamelaY19	27093	0.42266
		جزء الحسن بن شاذان	الحسن بن أحمد بن إبراهيم بن الحسن ابن محمد بن شاذان، أبو علي البَزَّاز (المتوفى: 425هـ)	ShamAY	29751	0.42266
		الشكوى والعتاب وما وقع للخلان والأصحاب	[ينسب ل]عبد الملك بن محمد بن إسماعيل أبو منصور الثعالبي (المتوفى: 429ه)	ShamelaY19	22892	0.42264
		الجامع لعلوم الإمام أحمد - شرح الأحاديث والآثار	إبراهيم النحاس	ShamelaY19	20866	0.4226
		فضل أم المؤمنين عائشة رضي الله عنها (المجلس السادس والأربعون من أمالي ابن عساكر)	ثقة الدين، أبو القاسم علي بن الحسن بن هبة الله المعروف بابن عساكر (المتوفى: 571هـ)	ShamAY	1355	0.42258
		خبر شعر ووفادة النابغة الجعدي	زيد بن الحسن بن زيد بن سعيد الحميري، من ذي رعين، أبو اليمن، تاج الدين الكندي (المتوفى: 613هـ)	ShamAY	30750	0.42258
		 نور الأبصار في مناقب آل بيت النبي المختار ( ص ) 	 مؤمن بن حسن مؤمن الشبلنجي 	ABLibrary	7879	0.42252
		البكاء في الكتاب والسنة، بحث مقدم للحصول على التفرغ العلمي	رقية بنت محمد المحارب	ShamAY	7862	0.42249
		موسوعة التاريخ الاسلامي - الجزء1	الشيخ محمد هادي اليوسفي	Masaha	3036	0.42248
		موسوعة التاريخ الإسلامي	الشيخ محمد هادي اليوسفي الغروي	ShamAY	37152	0.42237
		الفوائد المنتقاة عن الشيوخ العوالي لعلي بن عمر الحربي	علي بن عمر بن محمد بن الحسين ابن شاذان، أبو الحسن السكري الحربي الصيرفي الكيال (المتوفى: 386ه)	Sham19Y	1360	0.42237
		المجالس الفاخرة في مآتم العترة الطاهرة	السيد عبدالحسين شرف الدين الموسوي	Rafed	912	0.42236
		خزانة التّواريخ النجديّة [ج ٥]	عبد الله بن عبد الرحمن بن صالح آل بسام	Rafed	2167	0.42236
		تاريخ الطبري: تاريخ الامم و الملوك	طبري ، ابوجعفر محمد بن جرير بن يزيد ( قرن 3و4 ق ) ( صاحب تاريخ طبري معروف - سني مذهب )	Ghbook	9678	0.42234
		عقد الدرر في أخبار المنتظر وهو المهدي عليه السلام	يوسف بن يحيى بن علي بن عبد العزيز المقدسي السلمي الشافعي (المتوفى: بعد 658هـ)	ShamAY	9799	0.42231
		البر والصلة (عن ابن المبارك وغيره)	أبو عبد الله الحسين بن الحسن بن حرب السلمي المروزي (المتوفى: 246هـ)	ShamAY	13007	0.42229
		سكب الرذاذ على سيرة سعد بن معاذ		ShamAY	35823	0.42225
		رسالة في تواريخ النبيّ والآل عليهم السلام	الشيخ محمّد تقي التستري	Rafed	726	0.42223
		الشيعة والقرآن	إحسان إلهي ظهير الباكستاني (المتوفى: 1407هـ)	ShamAY	957	0.42209
		أعيان العصر وأعوان النصر	صلاح الدين خليل بن أيبك الصفدي (المتوفى: 764هـ)	ShamAY	131	0.42207
		التجلية لحكم الجلوس للتعزية	ظافر آل جبعان	ShamAY	36232	0.42207
		أدب الطّف أو شعراء الحسين عليه السلام [ج ٥]	جواد شبّر	Rafed	367	0.42205
		السيرة النبوية الصحيحة محاولة لتطبيق قواعد المحدثين في نقد روايات السيرة النبوية	د. أكرم ضياء العمري	ShamelaY19	122396	0.42202
		إعلام الورى بأعلام الهدى [ج ١]	الشيخ أبي علي الفضل بن الحسن الطبرسي	Rafed	106	0.42201
		العشرة من مرويات صالح بن أحمد وزياداتها	يوسف بن حسن بن أحمد بن حسن ابن عبد الهادي الصالحي، جمال الدين، ابن المبرد الحنبلي (المتوفى: 909هـ)	ShamAY	9387	0.42197
		مجموعة رسائل علمية	أَبِو عَبد الرَّحمَن مُقْبلُ بنُ هَادِي بنِ مُقْبِلِ بنِ قَائِدَةَ (اسم رجل) الهَمْدَاني الوادعِيُّ (المتوفى: 1422هـ)	ShamAY	2002	0.42195
		إحقاق الحق و إزهاق الباطل - الجزء1	الشهيد الثالث القاضي السيد التستري	Masaha	1883	0.42195
		الأغصان الندية شرح الخلاصة البهية بترتيب أحداث السيرة النبوية	أبو أسماء محمد بن طه	ShamelaY19	122394	0.42192
		إعلاَمُ الأَنَام بِمَا انْتَهَى إِلَيْهِ السَّلام	أبي محمَّد إبراهيم بن شريف الميلي	ShamAY	36715	0.42192
		مجموعة رسائل علمية	أبو عبد الرحمن مقبل بن هادي بن مقبل بن قائدة (اسم رجل) الهمداني الوادعي (المتوفى: 1422ه)	Sham19Y	96787	0.42189
		مسند الإمام عبد الله بن المبارك	أبو عبد الرحمن عبد الله بن المبارك بن واضح الحنظلي، التركي ثم المروزي (المتوفى: 181ه)	ShamelaY19	23101	0.42182
		تعليق من أمالي ابن دريد	أبو بكر محمد بن الحسن بن دريد الأزدي (المتوفى: 321ه)	ShamelaY19	26237	0.42181
		وليد الكعبه	محمد حسين حسيني جلالي	Ghbook	8343	0.4218
		خاتمة مستدرك الوسائل [ج ٢]	الشيخ حسين النوري الطبرسي [ المحدّث النوري ]	Rafed	1462	0.42179
		مختصر سنن أبي داود للمنذري ت حلاق	الحافظ عبد العظيم بن عبد القوي المنذري (المتوفى: 656 ه)	ShamelaY19	20944	0.42174
		كتاب فيه معنى الزهد والمقالات وصفة الزاهدين	أبو سعيد أحمد بن محمد بن زياد بن بشر بن الأعرابي	ShamAY	33601	0.42172
		صلاة الجماعة	محمد ضياء الرحمن الأعظمي	ShamAY	23074	0.4217
		بحار الأنوار [ج ١٩]	الشيخ محمّد باقر بن محمّد تقي المجلسي	Rafed	870	0.42167
		كتب أحاديث الأحكام جمع ودراسة بلوغ المرام نموذجاً	عبد الله بن سفر عباده العبدلي الغامدي	ShamAY	37352	0.42164
		الأثر الخالد في الولد والوالد	السيد علي العلوي	Masaha	503	0.42164
		قيمة الزمن عند العلماء	عبد الفتاح أبو غدة الحلبي الحنفي (المتوفى: 1417ه)	ShamelaY19	96882	0.42163
		 مكاتيب الأئمة ( ع ) 	 علي الأحمدي الميانجي 	ABLibrary	7776	0.42156
		المجالس السنيّة في مناقب ومناصب العترة النبويّة [ج ١-٤]	السيد محسن بن عبد الكريم الأمين	Rafed	1577	0.42152
		ينابيع المودة لذو القربى‏ - الجزء1	سليمان بن ابراهيم القندوزي	Masaha	3223	0.42134
		 بحار الأنوار 	 العلامة المجلسي 	ABLibrary	787	0.42132
		مناهج التأليف عند العلماء العرب	مصطفى الشكعة	ShamAY	7248	0.42129
		فتاوي التيارات التكفيرية في جواز قتل المسلمين	سيد محمد يزداني	Ghbook	16053	0.42129
		كنز الفوائد [ج ٢]	أبي الفتح محمد بن علي بن عثمان الكراجكي الطرابلسي	Rafed	3897	0.42126
		النعيم المقيم لعترة النبأ العظيم‏	شرف الدين الموصلي	Masaha	3299	0.42122
		مجلسان من أمالي الجوهري_3	الحسن بن علي بن محمد، أبو محمد الجوهري (المتوفى: 454هـ)	ShamAY	29770	0.4211
		فضائل مصر المحروسة	ابن الكندي	Rafed	2383	0.42095
		كنز الفوائد [ج ١]	أبي الفتح محمد بن علي بن عثمان الكراجكي الطرابلسي	Rafed	3896	0.42094
		بحوث في الملل والنّحل [ج ٥]	الشيخ جعفر السبحاني	Rafed	186	0.42093
		الأحاديث والآثار الواردة في سنة الجمعة القبلية	د. إبراهيم بن علي بن عبيد العبيد	ShamAY	36330	0.42088
		نقد الصحابة والتابعين للتفسير	عبد السلام بن صالح الجار الله	Sham19Y	148083	0.42077
		تاريخ اليمن	عماره بن علي عماره يمني	Ghbook	11113	0.42073
		الهفوات النادرة من المغفلين الملحوظين والسقطات البادرة من المغفلين المحظوظين	محمد بن هلال بن المحسن بن إبراهيم الصابئ، أبو الحسن (المتوفى: 480هـ)	ShamAY	1528	0.42071
		المَطَالِعُ النَّصرية للمَطَابِعِ المصريَّةِ في الأصُول الخَطيَّةِ	نصر (أبو الوفاء) ابن الشيخ نصر يونس الوفائي الهوريني الأحمدي الأزهري الأشعري الحنفي الشافعيّ (المتوفى: 1291هـ)	ShamAY	32171	0.42071
		 معرفة الإمام 	 السيد محمد حسين الطهراني 	ABLibrary	8892	0.42071
		الجامع لعلوم الإمام أحمد - التفسير وعلوم القرآن	خالد الرباط، سيد عزت عيد [بمشاركة الباحثين بدار الفلاح]	ShamAY	38861	0.42067
		رد خبر الواحد بما يسمى بـ ( الانقطاع الباطن )حقيقته ، وحكمه وأثره في الفقه الإسلامي	د. ترحيب بن ربيعان الدوسري	ShamAY	37588	0.42059
		جزء المؤمل بن إيهاب	مؤمل بن إهاب - وقيل: يهاب - بن عبد العزيز بن قُفْل بن سدل الربعي أبو عبد الرحمن الكوفي الرملي (المتوفى: 254هـ)	ShamAY	13102	0.42055
		الدرّ النظيم في مناقب الأئمّة اللهاميم	الشيخ جمال الدين يوسف بن حاتم الشامي	Rafed	695	0.42049
		صلاة التوبة والأحكام المتعلقة بها في الفقه الإسلامي	عبد الله بن عبد العزيز بن حمادة الجبرين	ShamAY	4144	0.42044
		تاريخ معالم المدينة المنورة قديماً و حديثاً	احمد ياسين خياري	Masaha	3233	0.42044
		الزهد	الحسين بن سعيد الكوفي الأهوازي	Masaha	505	0.42042
		مسند أبي أمية الطرسوسي	أبو أمية محمد بن إبراهيم بن مسلم الخزاعي البغدادي ثم الطرسوسي (المتوفى: 273هـ)	ShamAY	29711	0.42038
		التّمحيص	أبي علي محمد بن همام الاسكافي	Rafed	103	0.42037
		دعاوي المناوئين لدعوة الشيخ محمد بن عبد الوهاب	عبد العزيز بن محمد بن علي آل عبد اللطيف	ShamAY	11186	0.42032
		حلية المحاضرة	محمد بن الحسن بن المظفر الحاتمي، أبو علي (المتوفى: 388هـ)	ShamAY	5372	0.4203
		بحار الأنوار [ج ١٠١]	الشيخ محمّد باقر بن محمّد تقي المجلسي	Rafed	1461	0.42021
		سبيل المستبصرين	الدكتور السيد صلاح الدين الحسيني	Rafed	1242	0.42008
		القناعة في ما يحسن الإحاطة من أشراط الساعة	شمس الدين محمد بن عبد الرحمن السخاوي (المتوفى: 902 ه)	ShamelaY19	127668	0.42
		من قال فيه البخاري «فيه نظر» وأقوال أهل الجرح والتعديل - دراسة تطبيقية في كتابه «التاريخ الكبير»	أبو ذر عبد القادر بن مصطفى بن عبد الرزاق المحمدي	ShamelaY19	95586	0.41999
		الحوادث الجامعة والتجارب النافعة في المائة السابعة	كمال الدين عبد الرزاق بن أحمد المعروف بابن الفوطي (المتوفى: 723هـ)	ShamAY	37156	0.41998
		منهج النقد في علوم الحديث	الدكتور نور الدين عتر	ShamAY	38874	0.41996
		حلية المحاضرة	محمد بن الحسن بن المظفر الحاتمي، أبو علي (المتوفى: 388ه)	Sham19Y	5372	0.41995
		بحار الأنوار [ج ٢٠]	الشيخ محمّد باقر الإيرواني	Rafed	886	0.41995
		 بحار الأنوار 	 العلامة المجلسي 	ABLibrary	744	0.41991
		بحوث في الملل والنّحل [ج ١]	الشيخ جعفر السبحاني	Rafed	40	0.41991
		 بحار الأنوار 	 العلامة المجلسي 	ABLibrary	769	0.41989
		مشارق الأنوار على صحاح الآثار	عياض بن موسى بن عياض بن عمرون اليحصبي السبتي، أبو الفضل (المتوفى: 544هـ)	ShamAY	10527	0.41987
		تخريج أحاديث المصطلحات 4	الواحدي :: ناصر الدين الألباني	ShamAY	33146	0.41976
		حديث عيسى بن مريم وحديث الطير مع أبي بكر وحديث الضب مع النبي - مخطوط	عبد الرحمن بن إبراهيم بن أحمد، أبو محمد بهاء الدين المقدسي (المتوفى: 624هـ)	ShamAY	11492	0.41969
		المعين على تفهم الأربعين ت دغش	ابن الملقن سراج الدين أبو حفص عمر بن علي بن أحمد الشافعي المصري (المتوفى: 804 هـ)	ShamAY	32414	0.41964
		جمع الجوامع المعروف ب «الجامع الكبير»	جلال الدين السيوطي (849 - 911 ه)	ShamelaY19	127677	0.41958
		الطرق السلمية في تغير الحاكم الفاسد	يحيى بن علي جغمان	ShamAY	694	0.41955
		تسلية أهل المصائب	محمد بن محمد بن محمد، شمس الدين المنبجي (المتوفى: 785ه)	ShamelaY19	21502	0.41953
		امالي الطوسي	محمد بن حسن شيخ طوسي ( شيخ الطائفه )	Ghbook	2383	0.41951
		 بحار الأنوار 	 العلامة المجلسي 	ABLibrary	776	0.4195
		مختصر سنن أبي داود للمنذري ت حلاق	الحافظ عبد العظيم بن عبد القوي المنذري (المتوفى: 656 ه)	Sham19Y	20944	0.41948
		 الكوثر في أحوال فاطمة بنت النبي الأعظم ( ع ) 	 السيد محمد باقر الموسوي 	ABLibrary	7689	0.41944
		الغناء والمعازف في ضوء الكتاب والسنة وآثار الصحابة - رضي الله عنهم -	د. سعيد بن علي بن وهف القحطاني	ShamelaY19	96473	0.41943
		فتح العلي الغفار بأن القبض من سنة النبي المختار	محمد مصطفى الشنقيطي	ShamAY	36598	0.41935
		صحيح السيرة النبوية	محمد ناصر الدين الألباني (المتوفى: 1420هـ)	ShamAY	592	0.41919
		السباعيات من مرويات رشيد الدين البغدادي - مخطوط	رشيد الدين أبي عبد الله محمد بن أبي القاسم عبد الله بن عمر المقرئ البغدادي	ShamAY	32962	0.41915
		إرشاد طلاب الحقائق إلى معرفة سنن خير الخلائق - صلى الله عليه وسلم -	محيي الدين أبو زكريا يحيى بن شرف النووي الدمشقي (631 - 676 ه)	Sham19Y	127654	0.41912
		 تاريخ بخارى 	 محمد بن جعفر النرشخي 	ABLibrary	8987	0.41912
		من مصادر السيرة النبوية: كتب دلائل النبوة	أحمد بن محمد فكير	ShamAY	37325	0.41901
		منتقى من حديث أبي بكر الأنباري	محمد بن جعفر بن محمد بن الهيثم، أبو بكر الأنباري، البندار (المتوفى: 360ه)	ShamelaY19	29868	0.41899
		الجمع بين الصحيحين البخاري ومسلم	محمد بن فتوح بن عبد الله بن فتوح بن حميد الأزدي الميورقي الحَمِيدي أبو عبد الله بن أبي نصر (المتوفى: 488هـ)	ShamAY	5567	0.41896
		تراثنا ـ العددان [ 85 و 86 ]	مؤسسة آل البيت عليهم السلام لإحياء التراث ـ قم	Rafed	3628	0.41893
		إسعاد الاخصا بذكر صحيح فضائل الشام والمسجد الأقصى	أبو عبد الرحمن السلفي المقدسي هشام بن فهمي بن موسى العارف	ShamAY	37116	0.41891
		رسالة في تواريخ النبي و الآل‏	الشيخ اسد الله التستري	Masaha	2200	0.4189
		المهدي (عج)	السيد صدر الدين الصدر	Masaha	2368	0.4189
		مختصر سنن أبي داود للمنذري ت حلاق	الحافظ عبد العظيم بن عبد القوي المنذري (المتوفى: 656 هـ)	ShamAY	38878	0.41889
		الشعر في خراسان من الفتح إلى نهاية العصر الأموي	حسين عطوان	ShamelaY19	23138	0.41887
		النظرات الوقادة في خروج الحسين بن علي رضي الله عنه واستشهاده	مرزوق بن هياس آل مرزوق الزهراني	ShamelaY19	132392	0.41886
		من قال فيه البخاري «فيه نظر» وأقوال أهل الجرح والتعديل - دراسة تطبيقية في كتابه «التاريخ الكبير»	أبو ذر عبد القادر بن مصطفى بن عبد الرزاق المحمدي	Sham19Y	95586	0.41885
		الدر الفريد وبيت القصيد	محمد بن أيدمر المستعصمي (639 ه - 710 ه)	Sham19Y	20762	0.41884
		العدد القوية لدفع المخاوف اليومية	رضي الدين الحلي	Masaha	1072	0.41882
		مسند إسحاق بن راهويه	أبو يعقوب إسحاق بن إبراهيم بن مخلد بن إبراهيم الحنظلي المروزي المعروف بـ ابن راهويه (المتوفى: 238هـ)	ShamAY	13159	0.41879
		عقد الجمان في تاريخ أهل الزمان - الجزء1	محمد محمد أمين	Masaha	4056	0.41874
		مسند إسحاق بن راهويه	أبو يعقوب إسحاق بن إبراهيم بن مخلد بن إبراهيم الحنظلي المروزي المعروف ب ابن راهويه (المتوفى: 238ه)	Sham19Y	13159	0.41867
		حياه الامام الرضا ( عليه السلام )	سيد جعفرمرتضي حسيني عاملي	Ghbook	7131	0.41866
		تدريب الراوي في شرح تقريب النواوي	عبد الرحمن بن أبي بكر السيوطي	ShamAY	34038	0.41865
		الفوائد المنتقاة عن الشيوخ العوالي لعلي بن عمر الحربي	علي بن عمر بن محمد بن الحسين ابن شاذان، أبو الحسن السكري الحربي الصيرفي الكيال (المتوفى: 386هـ)	ShamAY	33700	0.41861
		 السفينة القادرية 	 عبد القادر الجيلاني 	ABLibrary	8720	0.41861
		السجود على التربة الحسينية عند الشيعة الإمامية	الشيخ عبد الحسين الأميني النجفي	Masaha	334	0.41861
		حديث رزية يوم الخميس في الصحيحين - دراسة نقدية تحليلة	أبو ذر عبد القادر بن مصطفى بن عبد الرزاق المحمدي	ShamelaY19	36055	0.41855
		دعوة الشيخ محمد بن عبد الوهاب وأثرها في العالم الإسلامي	محمد بن عبد الله بن سليمان السلمان	ShamelaY19	30930	0.41854
		نزهة الناظر في الجمع بين الأشباه و النظائر	يحيى بن سعيد الحلي	Masaha	1042	0.41854
		المذكر والتذكير لابن أبي عاصم	أبو بكر بن أبي عاصم وهو أحمد بن عمرو بن الضحاك بن مخلد الشيباني (المتوفى: 287هـ)	ShamAY	13062	0.41848
		الهجرة إلى الثقلين	محمد گوزل الآمدي	Masaha	477	0.4184
		بصائر في الفتن	محمد بن أحمد بن إسماعيل المقدم	ShamelaY19	98084	0.41839
		سلم الوصول إلى طبقات الفحول	مصطفى بن عبد الله القسطنطيني العثماني المعروف ب «كاتب جلبي» وب «حاجي خليفة» (المتوفى 1067 ه)	Sham19Y	19199	0.41838
		صفات الداعية إلى الله في الحديث النبوي	أحمد محجوب الجبوري	ShamAY	33504	0.41836
		من هدي السلف في طلب العلم	أبو ياسر محمد بن مطر بن عثمان آل مطر الزهراني (المتوفى: 1427هـ)	ShamAY	12088	0.41833
		دعوة الإمام محمد بن عبد الوهاب سلفية لا وهابية	أحمد بن عبد العزيز بن عبد الله الحصين	Sham19Y	11189	0.41828
		الصلاة لأبي نعيم الفضل بن دكين	أبو نعيم الفضل بن عمرو بن حماد بن زهير بن درهم القرشي التيمي بالولاء الملائي، المعروف بابن دُكَيْن (المتوفى: 219هـ)	ShamAY	33694	0.4182
		دعوة الإمام محمد بن عبد الوهاب سلفية لا وهابية	أحمد بن عبد العزيز بن عبد الله الحصين	ShamAY	1789	0.41816
		كشف الستر عن حكم الصلاة بعد الوتر	ابن حجر العسقلاني (852 هـ)	ShamAY	34313	0.4181
		حديث لوين المصيصي	أبو جعفر محمد بن سليمان بن حبيب بن جبير الأسدي المصيصي المعروف ب لوين (المتوفى: 245ه)	ShamelaY19	29848	0.41801
		 بحوث في الملل والنحل 	 الشيخ السبحاني 	ABLibrary	8356	0.41799
		طبقات الأولياء	ابن الملقن سراج الدين أبو حفص عمر بن علي بن أحمد الشافعي المصري (المتوفى: 804هـ)	ShamAY	1347	0.41796
		الإشراف على مذاهب العلماء لابن المنذر	أبو بكر محمد بن إبراهيم بن المنذر النيسابوري (المتوفى: 319هـ)	ShamAY	31666	0.41792
		نشوار المحاضرة و أخبار المذاكرة - الجزء1	محمد بن علي التنوخي	Masaha	2964	0.4179
		القناعة في ما يحسن الإحاطة من أشراط الساعة	شمس الدين محمد بن عبد الرحمن السخاوي (المتوفى: 902 ه)	Sham19Y	127668	0.41783
		معاجم معاني ألفاظ القرآن الكريم	فوزي يوسف الهابط	ShamAY	12071	0.41781
		مشروع دائرة المعارف الحسينية الالفبائية	اللجنة العلمية في قسم الرسائل الجامعية	Ghbook	15400	0.41779
		مباحث في علم القراءات مع بيان أصول رواية حفص	محمد عباس الباز	ShamelaY19	38039	0.41777
		تاريخ المدينة	محمد بن أحمد النهرواني	Masaha	4776	0.41775
		معجم ما كتب عن الرسول و أهل بيته‏ - الجزء1	عبد الجبار الرفاعي‏	Masaha	3011	0.41769
		الملل والنحل - المعرفة	محمد بن عبد الكريم بن أبي بكر أحمد الشهرستاني	ShamAY	33890	0.41768
		الشيعه و التشيع	آيت الله العظمي سيد محمد حسيني شيرازي	Ghbook	7750	0.4176
		قيمة الزمن عند العلماء	عبد الفتاح أبو غدة الحلبي الحنفي (المتوفى: 1417هـ)	ShamAY	2030	0.41759
		المهروانيات = الفوائد المنتخبة الصحاح والغرائب	أبو القاسم يوسف بن محمد بن أحمد بن محمد بن أحمد المهرواني، الهمذاني (المتوفى : 468هـ)	ShamAY	727	0.41752
		شباب الصحابة	الواحدي :: محمد الدويش	ShamAY	34806	0.41751
		شرح الزرقاني على المواهب اللدنية بالمنح المحمدية	أبو عبد الله محمد بن عبد الباقي بن يوسف بن أحمد بن شهاب الدين بن محمد الزرقاني المالكي (المتوفى: 1122ه)	ShamelaY19	26568	0.41749
		لماذا الاختلاف في الوضوء	السيد علي الشهرستاني	Rafed	1381	0.41747
		تدريب الراوي في شرح تقريب النواوي	عبد الرحمن بن أبي بكر، جلال الدين السيوطي (المتوفى: 911هـ)	ShamAY	9329	0.41745
		مجلسان من أمالي الجوهري_3	الحسن بن علي بن محمد، أبو محمد الجوهري (المتوفى: 454ه)	ShamelaY19	29770	0.41737
		العقد التمام فيمن زوجه النبي عليه الصلاة والسلام	يوسف بن حسن بن أحمد بن حسن ابن عبد الهادي الصالحي، جمال الدين، ابن ابن المبرد الحنبلي (المتوفى: 909ه)	ShamelaY19	22341	0.41735
		القواعد والفوائد الأصولية ومايتبعها من الأحكام الفرعية	ابن اللحام، علاء الدين أبو الحسن علي بن محمد بن عباس البعلي الدمشقي الحنبلي (المتوفى: 803هـ)	ShamAY	8526	0.41734
		تدريب الراوي في شرح تقريب النواوي	عبد الرحمن بن أبي بكر، جلال الدين السيوطي (المتوفى: 911ه)	Sham19Y	9329	0.41727
		الجمعة .. آداب وأحكام - دراسة فقهية مقارنة	سامي الساعدي	ShamAY	36551	0.41722
		الصلاة لأبي نعيم الفضل بن دكين	أبو نعيم الفضل بن عمرو بن حماد بن زهير بن درهم القرشي التيمي بالولاء الملائي، المعروف بابن دُكَيْن (المتوفى: 219هـ)	ShamAY	9644	0.41718
		تاريخ الأمم و الملوك‏‏‏ - الجزء1	ابن جرير الطبري	Masaha	1963	0.41717
		الدر الفريد وبيت القصيد	محمد بن أيدمر المستعصمي (639 هـ - 710 هـ)	ShamAY	38857	0.41715
		إحقاق الحقّ وإزهاق الباطل [ج ١٩]	السيّد نور الله الحسيني المرعشي التستري	Rafed	2759	0.41699
		معجم التاريخ التراث الإسلامي في مكتبات العالم	علي الرضا قره بلوط - أحمد طوران قره بلوط	ShamAY	38658	0.41696
		كشف الحق او الاربعون	محمد صادق خاتون آبادي	Ghbook	16334	0.41696
		 الأرج المسكي في التاريخ المكي وتراجم الملوك والخلفاء 	 علي بن عبد القادر الطبري 	ABLibrary	8928	0.41692
		الشكوى والعتاب وما وقع للخلان والأصحاب	[ينسب لـ]عبد الملك بن محمد بن إسماعيل أبو منصور الثعالبي (المتوفى: 429هـ)	ShamAY	22892	0.41688
		تفسير كنز الدّقائق وبحر الغرائب [ج ٤]	الشيخ محمّد بن محمّد رضا القمّي المشهدي	Rafed	2092	0.41673
		النعوت الأسماء والصفات	أبو عبد الرحمن أحمد بن شعيب بن علي الخراساني، النسائي (المتوفى: 303ه)	Sham19Y	6434	0.41672
		 موسوعة العتبات المقدسة 	 جعفر الخليلي 	ABLibrary	9253	0.41671
		الإمام الحسن عليه السلام في مواجهة الانشقاق الأموي	السيّد سامي البدري	Rafed	1847	0.41671
		جمع القران في مراحله التاريخية من العصر النبوي إلى العصر الحديث	محمد شرعي أبو زيد	ShamAY	35912	0.4167
		 مناحل الشفا ومناهل الصفا بتحقيق كتاب شرف المصطفى ( ص ) 	 عبد الملك الخركوشي النيسابوري 	ABLibrary	7588	0.4167
		البحرين في صدر الإسلام‏	عبد الرحمن عبد الكريم العاني	Masaha	3713	0.41662
		 معجم ما كتب عن الرسول ( ص ) وأهل بيته ( ع ) 	 عبد الجبار الرفاعي 	ABLibrary	7760	0.41656
		 أدب الطف أو شعراء الحسين ( ع ) 	 جواد شبر 	ABLibrary	7403	0.4165
		الرسالة الباهرة للإمام ابن حزم الظاهري	أبو محمد علي بن أحمد بن سعيد بن حزم الأندلسي (المتوفى: 456هـ)	ShamAY	37500	0.41644
		بحث بعنوان عدالة الشهود عند الفقهاء	أفنان تلمساني	ShamAY	36566	0.41644
		صدق النبأ في بيان حقيقة عبد الله بن سبأ	أبو عبد الله الذهبي	ShamAY	35683	0.41639
		موسوعة عبد الله بن عبّاس [ج ٩]	السيد محمد مهدي السيد حسن الموسوي الخرسان	Rafed	1198	0.41639
		مرآة العقول [ج ٨]	الشيخ محمّد باقر بن محمّد تقي المجلسي	Rafed	1024	0.41635
		الشفا بتعريف حقوق المصطفى - ت كوشك	عياض بن موسى بن عياض بن عمرون اليحصبي السبتي، أبو الفضل	ShamAY	38635	0.41634
		سبيل المستبصرين إلى الصراط المستقيم	د. صلاح الدين الحسيني	Masaha	520	0.41634
		 المواهب اللدنية بالمنح المحمدية 	 الشيخ أحمد بن محمد القسطلانى 	ABLibrary	7802	0.41632
		تسلية أهل المصائب	محمد بن محمد بن محمد، شمس الدين المنبجي (المتوفى: 785هـ)	ShamAY	21502	0.41628
		الهجرة إلى الثقلين	محمّد گوزل الحسن الآمدي	Rafed	1224	0.41628
		نشوار المحاضرة وأخبار المذاكرة	المحسن بن علي بن محمد بن أبي الفهم داود التنوخي البصري، أبو علي (المتوفى: 384هـ)	ShamAY	10275	0.41624
		مفاد حديث الغدير	عبدالحسين اميني ( علامه اميني )	Ghbook	4582	0.41623
		 خزانة التواريخ النجدية 	 عبد الله بن عبد الرحمن آل بسام 	ABLibrary	9047	0.41613
		المواهب اللدنية بالمنح المحمدية	أحمد بن محمد بن أبى بكر بن عبد الملك القسطلاني القتيبي المصري، أبو العباس، شهاب الدين (المتوفى: 923ه)	ShamelaY19	23685	0.4161
		 بحار الأنوار 	 العلامة المجلسي 	ABLibrary	779	0.41607
		سلم الوصول إلى طبقات الفحول	مصطفى بن عبد الله القسطنطيني العثماني المعروف بـ «كاتب جلبي» وبـ «حاجي خليفة» (المتوفى 1067 هـ)	ShamAY	38787	0.41601
		صحح نسختك من تهذيب الكمال	عيد فهمي	Sham19Y	10884	0.41583
		مجاز القرآن	أبو عبيدة معمر بن المثنى التيمى البصري (المتوفى: 209هـ)	ShamAY	23630	0.41582
		الأغصان الندية شرح الخلاصة البهية بترتيب أحداث السيرة النبوية	أبو أسماء محمد بن طه	Sham19Y	122394	0.41582
		منيه المريد	شيخ زين الدين عاملي شهيد ثاني	Ghbook	2618	0.41574
		بحار الأنوار [ج ٨٧]	الشيخ محمّد باقر بن محمّد تقي المجلسي	Rafed	1157	0.41571
		التسعينية	تقي الدين أبو العباس أحمد بن عبد الحليم بن عبد السلام بن عبد الله بن أبي القاسم بن محمد ابن تيمية الحراني الحنبلي الدمشقي (المتوفى: 728 هـ)	ShamAY	32319	0.41567
		الأغصان الندية شرح الخلاصة البهية بترتيب أحداث السيرة النبوية	أبو أسماء محمد بن طه	ShamAY	31718	0.41564
		فوائد أبي بكر الزبيري	أبو بكر محمد بن بشر بن عبد الله الزبيري العسكري المعروف بالعكبري المصري (المتوفى: 332ه)	ShamelaY19	30384	0.41554
		التنازع والتوازن في حياة المسلم	محمد بن حسن بن عقيل موسى الشريف	ShamelaY19	36502	0.41552
		نداءات رب العالمين للنبي خاتم المرسلين	أبو يوسف محمد زايد	ShamAY	33122	0.41547
		منطق الأواني بفيض تراجم عيون أعيان آل الكتاني	الشريف محمد حمزة بن محمد علي الكتاني الحسني	ShamAY	35804	0.41546
		حاشية السندي على سنن النسائي (مطبوع السنن)	عبد الرحمن بن أبي بكر، جلال الدين السيوطي (المتوفى: 911هـ)	ShamAY	360	0.41543
		نزهة الناظر	الشيخ يحيى بن سعيد الحلي	Rafed	1823	0.41543
		 معجم ما كتب عن الرسول ( ص ) وأهل بيته ( ع ) 	 عبد الجبار الرفاعي 	ABLibrary	7761	0.41539
		القواعد والفوائد الأصولية ومايتبعها من الأحكام الفرعية	ابن اللحام، علاء الدين أبو الحسن علي بن محمد بن عباس البعلي الدمشقي الحنبلي (المتوفى: 803هـ)	ShamAY	32116	0.41535
		سعيد بن جبير: شيخ التابعين و إمام القراء	محمد علي البياتي	Ghbook	15677	0.41528
		شرح كتاب الفتن من صحيح البخاري - عبد الكريم الخضير	عبد الكريم الخضير	ShamAY	64	0.4152
		زبدة الحلب من تاريخ حلب [ج ١]	كمال الدّين عمر بن أحمد بن أبي جرادة الحلبي [ ابن العديم ]	Rafed	2422	0.41512
		أقضية رسول الله صلى الله عليه وآله وسلم	محمد بن الفرج القرطبي المالكي، أبو عبد الله، ابن الطلاع، ويقال الطلاعي (المتوفى: 497هـ)	ShamAY	9769	0.41507
		الفتن لحنبل بن إسحاق	أبو علي حنبل بن إسحاق بن حنبل بن هلال بن أسد الشيباني (المتوفى: 273ه)	Sham19Y	13046	0.41506
		كتاب لمحات الأنوار ونفحات الأزهار وري الظمآن لمعرفة ما ورد من الآثار في ثواب قارئ القرآن	محمد بن عبد الواحد بن إبراهيم الغافقي (549 - 619 هـ)	ShamAY	34080	0.41504
		من قال فيه البخاري «فيه نظر» وأقوال أهل الجرح والتعديل - دراسة تطبيقية في كتابه «التاريخ الكبير»	أبو ذر عبد القادر بن مصطفى بن عبد الرزاق المحمدي	ShamAY	1570	0.41499
		منسك الحج	محمد بن عبد الوهاب بن سليمان التميمي النجدي (المتوفى: 1206هـ)	ShamAY	12092	0.41496
		حكم  الارجل في الوضوء 	آيت الله علي حسيني ميلاني	Ghbook	4793	0.41496
		موسوعه الامام العسكري ( عليه السلام )	محمد حسيني قزويني	Ghbook	6237	0.41493
		كشف المشكل من حديث الصحيحين	جمال الدين أبو الفرج عبد الرحمن بن علي بن محمد الجوزي (المتوفى: 597هـ)	ShamAY	5906	0.4149
		الوضاعون و احاديثهم	عبدالحسين اميني ( علامه اميني )	Ghbook	7074	0.41481
		لقاءات ملتقى أهل الحديث بالعلماء	ملتقى أهل الحديث	ShamAY	812	0.4148
		فهرس مخطوطات مكتبة المدينة المنورة في ليدن		ShamAY	37622	0.41478
		تفرد الثقة بالحديث	إبراهيم اللاحم	ShamAY	37272	0.41476
		الفروق على مذهب الإمام أحمد بن حنبل	معظم الدين أبو عبد الله السامري (المتوفى: 616 هـ)	ShamAY	38488	0.41472
		 مقالة في تحقيق إقامة الحدود في هذه الأعصار 	 سيد محمد باقر شفتي 	ABLibrary	9364	0.41469
		المدخل إلى مذهب الإمام الشافعي	فهد الحبيشي	ShamAY	37534	0.41467
		 حدائق الحقائق 	 محمد بن أبي بكر الرازي 	ABLibrary	8756	0.41463
		مجموع رسائل الشاب الصالح عبد الرحمن بن سعيد بن علي بن وهف القحطاني رحمه الله تعالى	عبد الرحمن بن سعيد بن علي بن وهف القحطاني (المتوفى: 1422هـ)	ShamAY	1881	0.41462
		أدب النساء الموسوم بكتاب العناية والنهاية	عبد الملك بن حَبِيب بن حبيب بن سليمان بن هارون السلمي الإلبيري القرطبي، أبو مروان (المتوفى: 238هـ)	ShamAY	26808	0.41457
		تعليق من أمالي ابن دريد	أبو بكر محمد بن الحسن بن دريد الأزدي (المتوفى: 321هـ)	ShamAY	26237	0.41457
		فوائد أبي بكر الزبيري	أبو بكر محمد بن بشر بن عبد الله الزبيري العَسْكَري المعروف بالعكبري المصري (المتوفى: 332هـ)	ShamAY	30384	0.41453
		إشكال وجوابه في حديث أم حرام بنت ملحان	أبو عمر علي بن عبد الله بن شديد الصياح المطيري	ShamAY	10814	0.41452
		السيوف المشرقة ومختصر الصواقع المحرقة	الألوسي، محمود شكري	ShamAY	1783	0.41448
		السيوف المشرقة ومختصر الصواقع المحرقة	الألوسي، محمود شكري	ShamelaY19	96337	0.41437
		حياة الحيوان الكبرى	محمد بن موسى بن عيسى بن علي الدميري، أبو البقاء، كمال الدين الشافعي (المتوفى: 808ه)	Sham19Y	10664	0.41437
		 زبدة الحلب من تاريخ حلب 	 عمر بن أحمد بن أبي جرادة 	ABLibrary	9114	0.41433
		شرح سنن الترمذي - عبد الكريم الخضير	عبد الكريم الخضير	ShamAY	70	0.41431
		بحوث في الملل و النحل	آيت الله العظمي جعفر سبحاني	Ghbook	6746	0.41431
		الفاضل	محمد بن يزيد بن عبد الأكبر الثمالى الأزدي، أبو العباس، المعروف بالمبرد (المتوفى: 285هـ)	ShamAY	10508	0.41418
		الامام المهدي (عجل الله تعالي فرجه الشريف) و الايمان بالغيب 	آيت الله العظمي سيد محمد تقي مدرسي	Ghbook	6589	0.41418
		حديث العثماني للديباجي (مطبوع ضمن كتاب جمهرة الأجزاء الحديثية)	أَبُو مُحَمَّدٍ عَبْدُ اللهِ بنُ عَبْدِ الرَّحْمَنِ بنِ يَحْيَى بنِ إِسْمَاعِيْلَ بنِ عَلِيِّ بنِ مُحَمَّدِ بنِ إِسْمَاعِيْلَ بنِ الوَلِيْدِ بنِ عَمْرِو بنِ مُحَمَّدِ بنِ خَالِدِ ابنِ الدِّيْبَاجِ مُحَمَّدِ بنِ عَبْدِ اللهِ بنِ عَمْرِو ابنِ الشَّهِيْدِ عُثْمَانَ بنِ عَفَّانَ الأُمَوِيُّ، العُثْمَانِيُّ، الدِّيْبَاجِيُّ، الإِسْكَنْدَرَانِيُّ (المتوفى: 572هـ)	ShamAY	9450	0.41416
		 نهج الإعلان بما يثبت به دخول شهر رمضان 	 الشيخ علي الغروي 	ABLibrary	9398	0.41415
		حديث لوين المصيصي	أبو جعفر محمد بن سليمان بن حبيب بن جبير الأسدي المصيصي المعروف ب لوين (المتوفى: 245ه)	Sham19Y	29848	0.41412
		الجزء الثاني من مسند أبي هريرة رضي الله عنه	أَبُو إِسْحَاقَ إِبْرَاهِيْمُ بنُ حَرْبٍ العَسْكرِيُّ، السِّمْسَارُ (المتوفى: بعد 282هـ)	ShamAY	26592	0.41405
		مقدمة ابن الصلاح = معرفة أنواع علوم الحديث - ت عتر	عثمان بن عبد الرحمن، أبوعمرو، تقي الدين المعروف بابن الصلاح (المتوفى: 643هـ)	ShamAY	125	0.41405
		النسخ بين المفسرين والاصوليين	عبدالرسول غفار	Ghbook	14952	0.41405
		موسوعة عبد الله بن عبّاس [ج ٥]	السيد محمد مهدي السيد حسن الموسوي الخرسان	Rafed	1173	0.41402
		الامام الكاظم (عليه السلام) قدوه و اسوه	آيت الله العظمي سيد محمد تقي مدرسي	Ghbook	6411	0.41399
		الأذكار للنووي ط ابن حزم	أبو زكريا محيي الدين يحيى بن شرف النووي (المتوفى: 676هـ)	ShamAY	10639	0.4139
		المواهب اللدنية بالمنح المحمدية	أحمد بن محمد بن أبى بكر بن عبد الملك القسطلاني القتيبي المصري، أبو العباس، شهاب الدين (المتوفى: 923هـ)	ShamAY	23685	0.41383
		اجازات الحديث	محمدباقر بن محمدتقي علامه مجلسي	Ghbook	7061	0.41372
		تاريخ معالم المدينة المنورة قديماً وحديثاً	أحمد ياسين الخياري	Masaha	4660	0.4137
		مسند الامام النقي الهادي ( عليه السلام )	عزيزالله عطاردي قوچاني	Ghbook	4046	0.41361
		أمالي المرتضى غرر الفوائد ودرر القلائد (معتزلي)	الشريف المرتضى علي بن الحسين الموسوي العلوي (355 - 436 ه)	ShamelaY19	20937	0.41359
		كشف المغطى من المعاني والألفاظ الواقعة في الموطا	محمد الطاهر بن عاشور (المتوفى: 1393 ه)	ShamelaY19	150963	0.41356
		 إتحاف الورى بأخبار أم القرى 	 عمر بن محمد ابن فهد 	ABLibrary	8943	0.41355
		التمحيص	محمد بن همام الاسكافي	Masaha	1669	0.41352
		البحرين في صدر الإسلام	الدكتور عبد الرحمن عبد الكريم العاني	Rafed	2152	0.41349
		مناظرات [ج ٣]	الشيخ عبد الله الحسن	Rafed	1504	0.41344
		حياة الحيوان الكبرى	محمد بن موسى بن عيسى بن علي الدميري، أبو البقاء، كمال الدين الشافعي (المتوفى: 808هـ)	ShamAY	31575	0.41342
		 تاريخ اليمن ( ويليه المختصر من كتاب العبر لابن خلدون ويليه أخبار القرامطة باليمن للجندي ) 	 عمارة الحكمي اليمني 	ABLibrary	9013	0.41341
		المحاسن والأضداد - مكتبة الخانجي	أبو عثمان عمرو بن بحر الجاحظ البصري	ShamAY	33780	0.4134
		الناهية عن طعن أمير المؤمنين معاوية	عبد العزيز بن أحمد بن الحامد القرشي الفريهاري الملتاني أبو عبد الرحمن (المتوفى: بعد 1239ه)	ShamelaY19	36080	0.41339
		حديث أبي اليمان	الحكم بن نافع البهرانى، أبو اليمان الحمصى (المتوفى: 222ه)	ShamelaY19	29704	0.41333
		السنة قبل التدوين	محمد عجاج بن محمد تميم بن صالح بن عبد الله الخطيب	ShamelaY19	96178	0.41333
		كمال الدين و تمام النعمه	محمد بن علي بن بابويه شيخ صدوق	Ghbook	2648	0.41329
		رسالة السجزي إلى أهل زبيد في الرد على من أنكر الحرف والصوت	عبيد الله بن سعيد بن حاتم السجزيّ الوائلي البكري، أبو نصر (المتوفى: 444هـ)	ShamAY	11213	0.41326
		الدعاء للضبي	أبو عبد الرحمن محمد بن فضيل بن غزوان بن جرير الضبي مولاهم الكوفي (المتوفى: 195ه)	ShamelaY19	23102	0.41314
		آراء و اصداء حول عبدالله بن سبا	مرتضي عسكري	Ghbook	7505	0.41314
		تراجم الرجال الجزء - الجزء2	السيد أحمد الحسيني	Masaha	550	0.41313
		الناسخ والمنسوخ لقتادة	قتادة بن دعامة بن قتادة بن عزيز، أبو الخطاب السدوسي البصري (المتوفى: 117هـ)	ShamAY	8491	0.4131
		 بحار الأنوار 	 العلامة المجلسي 	ABLibrary	758	0.41309
		الشيعه في موكب التاريخ	آيت الله العظمي جعفر سبحاني	Ghbook	10561	0.41309
		مقدمة ابن الصلاح = معرفة أنواع علوم الحديث - ت عتر	عثمان بن عبد الرحمن، أبوعمرو، تقي الدين المعروف بابن الصلاح (المتوفى: 643ه)	ShamelaY19	22870	0.41301
		تاج العروس [ج ١٦]	محبّ الدين أبي فيض السيد محمّد مرتضى الحسيني الواسطي الزبيدي الحنفي	Rafed	1525	0.41299
		مستدرك الوسائل [ج ٢]	الشيخ حسين النوري الطبرسي [ المحدّث النوري ]	Rafed	1124	0.41296
		جمع القرآن الكريم في عهد الخلفاء الراشدين - فهد الرومي	أ. د. فهد بن عبد الرحمن بن سليمان الرومي	ShamAY	11134	0.41293
		الانتهاض في ختم «الشفا» لعياض - سلسلة لقاء العشر الأواخر بالمسجد الحرام (32)	شمس الدين أبو الخير محمد بن عبد الرحمن بن محمد بن أبي بكر بن عثمان بن محمد السخاوي (المتوفى: 902 هـ)	ShamAY	32534	0.4129
		طبقات الشعراء لابن المعتز	عبد الله بن محمد ابن المعتز العباسي (المتوفى: 296هـ)	ShamAY	7867	0.41287
		الفتح الرباني من فتاوى الإمام الشوكاني	محمد بن علي بن محمد بن عبد الله الشوكاني اليمني (المتوفى: 1250هـ)	ShamAY	344	0.41273
		مرقاة الصعود إلى سنن أبي داود	أبو الفضل جلال الدين عبد الرحمن السيوطي (849 - 911 ه)	ShamelaY19	150639	0.4127
		النعوت الأسماء والصفات	أبو عبد الرحمن أحمد بن شعيب بن علي الخراساني، النسائي (المتوفى: 303هـ)	ShamAY	6434	0.4127
		الصفة تاريخها - أصحابها	محمود محمد حمو	ShamAY	37155	0.41266
		دعوي السفاره في الغيبه الكبري	محمد السند	Ghbook	6655	0.41266
		تحفة الإخوان بما جاء في الموالاة والمعاداة والحب والبغض والهجران	حمود بن عبد الله بن حمود بن عبد الرحمن التويجري (المتوفى: 1413ه)	ShamelaY19	38161	0.41264
		 تاريخ الخميس في أحوال أنفس النفيس 	 الشيخ حسين بن الحسن الريار بكري 	ABLibrary	7446	0.41263
		ربيع الأبرار ونصوص الأخيار	جار الله الزمخشري توفي 583 هـ	ShamAY	10668	0.41262
		حديث رزية يوم الخميس في الصحيحين - دراسة نقدية تحليلة	أبو ذر عبد القادر بن مصطفى بن عبد الرزاق المحمدي	ShamAY	520	0.41261
		المواهب اللدنية بالمنح المحمدية - الجزء1	أحمد بن محمد القسطلاني‏	Masaha	3004	0.41256
		فلاح السائل و نجاح المسائل	حسن بن يوسف بن مطهر علامه حلي	Ghbook	4627	0.41255
		الجمل	محمّد بن محمّد النعمان العكبري [ الشيخ المفيد ]	Rafed	1726	0.41253
		رسائل وأبحاث عبد العزيز الشاعر	أبو عمر عبد العزيز بن توفيق الشاعر	ShamAY	34729	0.41252
		الفائزون بدعاء النبي صلى الله عليه وسلم	توفيق عمر سيدي	ShamAY	35161	0.41243
		بحوث في الملل والنحل - الجزء1	الشيخ جعفر السبحاني	Masaha	658	0.41243
		الكشف والبيان [ج ٣]	أبو إسحاق أحمد [ الثّعلبي ]	Rafed	1649	0.41236
		عقلاء المجانين والموسوسين	الحسن بن إسمعيل بن محمد، أبو محمد الضّرّاب المصري (المتوفى: 392هـ)	ShamAY	27093	0.41234
		صفحات من صبر العلماء على شدائد العلم والتحصيل	عبد الفتاح أبو غدة	ShamAY	33769	0.41232
		مباحث في علم القراءات مع بيان أصول رواية حفص	محمد عباس الباز	ShamAY	1495	0.41229
		 الموسوعة الكبرى عن فاطمة الزهراء ( س ) 	 اسماعيل الأنصاري الزنجاني الخوئيني 	ABLibrary	7822	0.41227
		رد الاباطيل عن نهضه الحسين عليه السلام	عبدالله حسين	Ghbook	5961	0.41226
		تاريخ اليمن	نجم الدين عمارة بن أبي الحسن علي الحكمي اليمني	Rafed	2201	0.41223
		بغية الراوي في ترجمة الإمام النواوي	الإمام كمال الدين أبي عبد الله محمد بن محمد بن عبد الرحمن الشافعي المعروف بابن إمام الكاملية (874 هـ)	ShamAY	34635	0.41222
		مسند الإمام عبد الله بن المبارك	أبو عبد الرحمن عبد الله بن المبارك بن واضح الحنظلي، التركي ثم المرْوزي (المتوفى: 181هـ)	ShamAY	23101	0.41221
		العقد المذهب في طبقات حملة المذهب	ابن الملقن سراج الدين أبو حفص عمر بن علي بن أحمد الشافعي المصري (المتوفى: 804 ه)	Sham19Y	16664	0.4122
		المقترح في أجوبة بعض أسئلة المصطلح - أكثر من 200 سؤال في المصطلح مع محاضرات في:	أبو عبد الرحمن مقبل بن هادي بن مقبل بن قائدة (اسم رجل) الهمداني الوادعي (المتوفى: 1422ه)	ShamelaY19	96783	0.41217
		التوسط والاقتصاد في أن الكفر يكون بالقول أو العمل أو الاعتقاد	علوي بن عبد القادر السَّقَّاف	ShamAY	22891	0.41213
		تاريخ اليمن الإسلامي	أحمد بن أحمد بن محمّد المطاع	Rafed	2171	0.41212
		ما قاله الثقلان في أولياء الرحمن	عبد الله بن جوران الخضير	ShamAY	36175	0.41207
		المهدي حقيقة ... لاخرافة	محمد بن اسماعيل	Masaha	2499	0.41206
		تأويلات أهل السنّة تفسير الماتريدي [ج ١]	أبي منصور محمّد بن محمّد بن محمود الماتريدي	Rafed	3962	0.41199
		فاطمه و المفضلات من النساء	عبداللطيف بغدادي	Ghbook	7138	0.41198
		موعظة الحبيب وتحفة الخطيب - من خطب النبي صلى الله عليه وسلم والخلفاء الراشدين	علي بن (سلطان) محمد، أبو الحسن نور الدين الملا الهروي القاري (المتوفى: 1014هـ)	ShamAY	31976	0.41188
		 الذريعة 	 آقا بزرگ الطهراني 	ABLibrary	853	0.41185
		حوار مع الصوفية		ShamAY	35386	0.41184
		مسكّن الفؤاد عند فقه الاحبة والاولاد	الشيخ زين الدين علي بن أحمد الجبعي العاملي	Rafed	254	0.41183
		مهمات حول الجهاد	صالح الفوزان	ShamelaY19	31295	0.4118
		الإنصاف في حقيقة الأولياء ومالهم من الكرامات والألطاف	محمد بن إسماعيل بن صلاح بن محمد الحسني، الكحلاني ثم الصنعاني، أبو إبراهيم، عز الدين، المعروف كأسلافه بالأمير (المتوفى: 1182هـ)	ShamAY	7556	0.41175
		حديث الرايه	آيت الله علي حسيني ميلاني	Ghbook	4815	0.41174
		اليمانيون قادمون	علي كوراني	Ghbook	15115	0.41168
		حديث ابن عمر في ترائي الهلال للخطيب البغدادي - البشائر	أبو بكر أحمد بن علي بن ثابت بن أحمد بن مهدي الخطيب البغدادي (المتوفى: 463هـ)	ShamAY	33682	0.41167
		الأصول في علم الأصول / الاجتهاد والتقليد	الشيخ علي الإيرواني	Masaha	4914	0.41161
		المُعْلم بفوائد مسلم	أبو عبد الله محمد بن علي بن عمر التَّمِيمي المازري المالكي (المتوفى: 536هـ)	ShamAY	31765	0.41158
		فدائيون من عصر الرسول	أحمد عبد اللطيف الجدع	ShamAY	4270	0.41155
		تدليس رواة الحديث وأنواعه	عبد الله السعد	ShamAY	37270	0.41147
		تحفة الإخوان بما جاء في الموالاة والمعاداة والحب والبغض والهجران	حمود بن عبد الله بن حمود بن عبد الرحمن التويجري (المتوفى: 1413ه)	Sham19Y	38161	0.41144
		حياه الامام علي بن الحسين ( عليهما السلام ) 	سيد جعفر شهيدي	Ghbook	6379	0.41144
		 أقضية رسول الله ( ص ) 	 ابن الطلاع القرطبي 	ABLibrary	7420	0.41143
		حياة الحيوان الكبري - الجزء1	الدميري	Masaha	3368	0.4114
		معاهد التنصيص على شواهد التلخيص	عبد الرحيم بن عبد الرحمن بن أحمد، أبو الفتح العباسي (المتوفى: 963هـ)	ShamAY	6951	0.41139
		مستدرك الوسائل [ج ٤]	الشيخ حسين النوري الطبرسي [ المحدّث النوري ]	Rafed	1137	0.41136
		الوثائق الرسميه لثوره الامام الحسين عليه السلام 	عبد الكريم الحسيني القزويني	Ghbook	12347	0.41136
		الموسوعة في صحيح السيرة النبوية - العهد المكي	أبو إبراهيم، محمد إلياس عبد الرحمن الفالوذة	ShamAY	31748	0.41135
		دلائل النبوة للفريابي	أبو بكر جعفر بن محمد بن الحسن بن المُسْتَفاض الفِرْيابِي (المتوفى: 301هـ)	ShamAY	13116	0.41129
		أحكام الشهيد في الفقه الإسلامي	عبد الرحمن بن غرمان	ShamAY	36467	0.41115
		صحح نسختك من تهذيب الكمال	عيد فهمي	ShamAY	10884	0.4111
		حديث سفيان بن عيينة رواية الطائي (نسخة القسطلاني) - مخطوط	الواحدي	ShamAY	32777	0.41109
		الأسئلة الفائقة بالأجوبة اللائقة	ابن حجر العسقلاني (852 هـ)	ShamAY	34286	0.41107
		 موسوعة العتبات المقدسة 	 جعفر الخليلي 	ABLibrary	9246	0.41106
		تنزيه الأصحاب عن تنقص أبي تراب	حمود بن عبد الله بن حمود بن عبد الرحمن التويجري (المتوفى: 1413ه)	ShamelaY19	23067	0.41104
		تاريخ اليمن خلال القرن الحادي عشر الهجري- السابع عشر الميلادي/ تاريخ طبق الحلوى وصحاف المن والسلوى	عبد الله بن علي بن أحمد بن محمد الحسني، المعروف بالوزير (المتوفى: 1147هـ)	ShamAY	6640	0.41103
		المدينة في العصر المملوكي	عبد الرحمن المديرس	ShamAY	38448	0.41103
		أسباب النزول في ضوء روايات أهل البيت	السيد مجيب الرفيعي	Masaha	141	0.41103
		المدهش	جمال الدين أبو الفرج عبد الرحمن بن علي بن محمد الجوزي (المتوفى: 597هـ)	ShamAY	6940	0.41101
		رد البهتان عن معاوية بن أبي سفيان	أبو عبد الله الذهبي	ShamAY	35838	0.41098
		المقترح في أجوبة بعض أسئلة المصطلح - أكثر من 200 سؤال في المصطلح مع محاضرات في:	أبو عبد الرحمن مقبل بن هادي بن مقبل بن قائدة (اسم رجل) الهمداني الوادعي (المتوفى: 1422ه)	Sham19Y	96783	0.41092
		رجال تركوا بصمات علي قسمات التاريخ	لطيف قزويني	Ghbook	7098	0.41088
		الحطة في ذكر الصحاح الستة	أبو الطيب محمد صديق خان بن حسن بن علي ابن لطف الله الحسيني البخاري القِنَّوجي (المتوفى: 1307هـ)	ShamAY	10717	0.41086
		الغاية فى شرح الهداية فى علم الرواية	شمس الدين أبو الخير محمد بن عبد الرحمن بن محمد بن أبي بكر بن عثمان بن محمد السخاوي (المتوفى: 902هـ)	ShamAY	5956	0.41084
		 الموسوعة الكبرى عن فاطمة الزهراء ( س ) 	 اسماعيل الأنصاري الزنجاني الخوئيني 	ABLibrary	7816	0.41084
		تراثنا ـ العددان [ 75 و 76 ]	مؤسسة آل البيت عليهم السلام لإحياء التراث ـ قم	Rafed	3307	0.41082
		كلام السالفين الصالحين فيما يكون عليه المعتكفين	أبو كفاح الدين أحمد بن محمد السعيد سبط الإمام المجدد أبو الفتح القشيرى ابن دقيق العيد	ShamAY	36449	0.4108
		المهدي المنتظر من ولد الامام الحسن ام الامام الحسين؟ صلوات الله عليهم جميعا	مهدي حمد الفتلاوي	Masaha	3389	0.4108
		 الإحاطة في أخبار غرناطة 	 لسان الدين ابن الخطيب 	ABLibrary	8949	0.41078
		تاريخ أهل عمان‏	سعيد عبد الفتاح عاشور	Masaha	4777	0.41078
		مستدرك الوسائل [ج ٩]	الشيخ حسين النوري الطبرسي [ المحدّث النوري ]	Rafed	1151	0.41077
		الإشراف على مذاهب العلماء لابن المنذر	أبو بكر محمد بن إبراهيم بن المنذر النيسابوري (المتوفى: 319ه)	ShamelaY19	119492	0.41076
		تاريخ أهل عمان	١٨٩ صفحة	Rafed	2181	0.41073
		لقد شيعني الحسين(ع)	الكاتب والصحافي إدريس الحسيني	Masaha	389	0.41072
		مسند إسحاق بن راهويه - مسند ابن عباس	أبو يعقوب إسحاق بن إبراهيم بن مخلد بن إبراهيم الحنظلي المروزي المعروف ب ابن راهويه (المتوفى: 238ه)	Sham19Y	1423	0.4107
		الإكليل	ابن الحائك، أبو محمد الحسن بن أحمد بن يعقوب بن يوسف بن داود الشهير بالهمداني (المتوفى: 334هـ)	ShamAY	352	0.41069
		مصطلح الحديث	محمد بن صالح بن محمد العثيمين (المتوفى: 1421ه)	ShamelaY19	21581	0.41068
		كتاب الواضحة في السنن	عبد الملك بن حَبِيب	ShamAY	35251	0.41066
		أقوال الوزير ابن هبيرة في التفسير ( جمعًا ودراسة )		ShamAY	36930	0.41065
		مسند الحميدي - ت: الأعظمي	عبدالله بن الزبير أبو بكر الحميدي	ShamAY	33965	0.41061
		نزهة النظر في توضيح نخبة الفكر في مصطلح أهل الأثر	أحمد بن علي بن محمد بن حجر العسقلاني (773 - 852 ه)	ShamelaY19	37456	0.4106
		 بحار الأنوار 	 العلامة المجلسي 	ABLibrary	796	0.41059
		حكم الغناء	الواحدي :: عبد العزيز الطريفي	ShamAY	36339	0.4105
		منهاج التفسير بين أهل السُّنة والشيعة الاثني عشرية		ShamAY	36952	0.4105
		لماذا الاختلاف في الوضوء و من هووراآ الكواليس؟	علي شهرستاني	Ghbook	10939	0.41044
		كلمه الامام الجواد ( عليه السلام )	حسن شيرازي	Ghbook	6478	0.41038
		حوار في التسامح والعنف	معهد الرسول الأكرم(ص)	Masaha	566	0.41033
		أباطيل يجب أن تمحى من التاريخ	أبو عبد الله الذهبي	ShamAY	37144	0.41028
		شبهات و اجوبه حول  القضيه  الفاطميه	نجم الدين طبسي	Ghbook	16283	0.41022
		التخويف من النار والتعريف بحال دار البوار	زين الدين عبد الرحمن بن أحمد بن رجب بن الحسن، السَلامي، البغدادي، ثم الدمشقي، الحنبلي (المتوفى: 795هـ)	ShamAY	4033	0.41006
		مقالة في تحقيق إقامة الحدود في هذه الأعصار	السيد الشفتي	Masaha	1582	0.41005
		آيات الغدير	مركز المصطفى للدراسات الإسلامية	Rafed	38	0.40998
		معرفة الصحابة عند المحدثين (دراسة توثيقية مقارنة)	أحمد بن عبد الله الباتلي	ShamAY	34033	0.40997
		الكافي [ج ٦]	أبو جعفر محمّد بن يعقوب الكليني الرازي	Rafed	995	0.40994
		الرسالة الوافية لمذهب أهل السنة في الاعتقادات وأصول الديانات	عثمان بن سعيد بن عثمان بن عمر أبو عمرو الداني (المتوفى: 444ه)	ShamelaY19	26713	0.40987
		موسوعة الاذان : اشهد ان عليا ولي الله في الاذان بين الشرعيه والابتداع	علي شهرستاني	Ghbook	16153	0.40987
		أمارات النبوة للجوزجاني	أبو إسحاق إبراهيم بن يعقوب الجوزجاني	ShamAY	33696	0.4098
		تاريخ الخميس في أحوال أنفس النفيس - الجزء1	الشيخ حسين ديار البكري‏	Masaha	1961	0.4098
		العسجد المسبوك والجوهر المحكوك في طبقات الخلفاء والملوك		ShamAY	34638	0.40973
		كربلاء ، الثوره و الماساه	احمد حسين يعقوب اردني	Ghbook	7139	0.40973
		شخصية المختار الثقفي عند المورخين القدامي	سالم لذيذ والي الغزي	Ghbook	15735	0.40972
		دعوة الشيخ محمد بن عبد الوهاب وأثرها في العالم الإسلامي	محمد بن عبد الله بن سليمان السلمان	ShamAY	30930	0.40967
		مجمع الزوائد ومنبع الفوائد	أبو الحسن نور الدين علي بن أبي بكر بن سليمان الهيثمي (المتوفى: 807هـ)	ShamAY	1530	0.40966
		أجوبة على مسائل سألها النووي في ألفاظ من الحديث	الإِمَامِ جَمَالِ الدِّينِ مُحَمَّد بنِ عَبْدِ اللهِ بْنِ مَالِكٍ النَّحوي ت 672هـ	ShamAY	35977	0.40965
		 الإمام الصادق والمذاهب الأربعة 	 اسد حيدر 	ABLibrary	7424	0.40956
		طوق الحمامة للسيوطي	عبد الرحمن بن أبي بكر، جلال الدين السيوطي (المتوفى: 911هـ)	ShamAY	5396	0.40944
		كشف اللثام شرح عمدة الأحكام	شمس الدين، أبو العون محمد بن أحمد بن سالم السفاريني الحنبلي (المتوفى: 1188 هـ)	ShamAY	32282	0.40939
		نقد «نصوص حديثية في الثقافة العامة» جمع وتصنيف محمد المنتصر الكتاني أستاذ الحديث	محمد ناصر الدين الألباني	ShamelaY19	133363	0.40933
		الصلاة خير من النوم في الاذان / الوجه الآخر؟!	علي شهرستاني	Ghbook	16154	0.4093
		الإمام أبو العباس ابن سريج المتوفي سنة 306 هـ وآراؤه الأصولية	حسين بن خلف الجبورى	ShamAY	8771	0.40929
		الانتصار في الرد على المعتزلة القدرية الأشرار	أبو الحسين يحيى بن أبي الخير بن سالم العمراني اليمني الشافعي (المتوفى: 558هـ)	ShamAY	7361	0.40916
		الباعث على الخلاص من حوادث القصاص	زين الدين أبو الفضل عبد الرحيم بن الحسين العراقي (806 هـ)	ShamAY	34289	0.40912
		 تاريخ أهل عمان 	 مؤلف مجهول 	ABLibrary	8986	0.40909
		الضوء اللامع المبين عن مناهج المحدثين	أحمد محرم الشيخ ناجي	ShamAY	7452	0.40904
		ابن سبأ حقيقة لا خيال	سعدي بن مهدي الهاشمي	Sham19Y	12163	0.40902
		تاج العروس [ج ٧]	محبّ الدين أبي فيض السيد محمّد مرتضى الحسيني الواسطي الزبيدي الحنفي	Rafed	1499	0.40901
		الأشربة - مكتبة التراث	أحمد بن محمد بن حنبل أبو عبد الله	ShamAY	34333	0.409
		إفادات من ملفّات التاريخ	محمّد سليم عرفة	Rafed	1203	0.40893
		شرح حديث ابن عباس في الفرائض	عبد المحسن بن محمد المنيف	ShamAY	12248	0.40891
		كشف الغمه في معرفه الائمه ( عليه السلام )	علي بن عيسي اربلي	Ghbook	16214	0.4089
		الموسوعة الكبرى عن فاطمة الزهراء(ع) - الجزء1	إسماعيل الأنصاري الزنجاني	Masaha	2889	0.40888
		فتح الباقي بشرح ألفية العراقي	زين الدين أبي يحيى زكريا بن محمد بن زكريا الأنصاري السنيكي (ت 926 ه)	ShamelaY19	35261	0.40882
		تاريخ الخميس في أحوال أنفس النفيس	حسين بن محمد بن الحسن الدِّيار بَكْري (المتوفى: 966هـ)	ShamAY	9784	0.40878
		العقد المذهب في طبقات حملة المذهب	ابن الملقن سراج الدين أبو حفص عمر بن علي بن أحمد الشافعي المصري (المتوفى: 804 هـ)	ShamAY	32426	0.40877
		العقد التمام فيمن زوجه النبي عليه الصلاة والسلام	يوسف بن حسن بن أحمد بن حسن ابن عبد الهادي الصالحي، جمال الدين، ابن ابن المبرد الحنبلي (المتوفى: 909ه)	Sham19Y	22341	0.4087
		إرشاد طلاب الحقائق إلى معرفة سنن خير الخلائق - صلى الله عليه وسلم -	محيي الدين أبو زكريا يحيى بن شرف النووي الدمشقي (631 - 676 ه)	ShamelaY19	127654	0.40855
		السيدة سكينة ابنة الإمام الشهيد أبي عبدالله الحسين عليه السلام	السيد عبد الرزاق الموسوي المقرّم	Rafed	60	0.40854
		نسخة الزبير بن عدي	الزبير بن عدي أبو عدي الهمداني اليامي الكوفي، قاضي الري (المتوفى: 131ه)	ShamelaY19	29699	0.40844
		الرسائل العشرة	السيد روح الله الموسوي الخميني	Masaha	3460	0.40844
		الروضة من الكافي - الجزء8	ثقة الإسلام أبي جعفر الكليني	Masaha	8	0.4083
		حديث محمد بن عبد الله الأنصاري	أبو عبد الله محمد بن عبد الله بن المثنى بن عبد الله بن أنس بن مالك البصري الأنصاري (المتوفى: 215هـ)	ShamAY	13110	0.40825
		صفة الصفوة	جمال الدين أبو الفرج عبد الرحمن بن علي بن محمد الجوزي (المتوفى: 597ه)	Sham19Y	12031	0.4082
		 المعجم الموضوعي لاحاديث  الامام  المهدي عليه  السلام	علي كوراني	Ghbook	15785	0.40815
		جزء فيه من حديث خيثمة وابن حذلم وغيره - ط العصرية	الواحدي :: أحمد بن حذلم	ShamAY	33707	0.4081
		معجم ابن الأعرابي	أبو سعيد بن الأعرابي أحمد بن محمد بن زياد بن بشر بن درهم البصري الصوفي (المتوفى: 340ه)	ShamelaY19	21494	0.40806
		الرد على من يقول القرآن مخلوق	أبو بكر أحمد بن سلمان بن الحسن بن إسرائيل بن يونس النجاد (المتوفى: 348هـ)	ShamAY	6415	0.40805
		الملل والنّحل [ج ١]	أبي الفتح محمد بن عبدالكريم بن أبي بكر أحمد الشهرستاني	Rafed	3569	0.40795
		الجامع لعلوم الإمام أحمد - العقيدة	خالد الرباط، سيد عزت عيد، محمد أحمد عبد التواب [بمشاركة الباحثين بدار الفلاح]	ShamelaY19	20879	0.40789
		مجمع الزوائد ومنبع الفوائد	نور الدين علي بن أبي بكر الهيثمي	ShamAY	34120	0.40786
		هل تزوج عمر بام كلثوم	خليفه عبيد كلباني عماني	Ghbook	7733	0.40786
		الكلام على وصول القراءة للميت لابن سرور المقدسي	محمد بن إبراهيم بن عبد الواحد بن علي، أبو عبد الله شمس الدين ابن أبي السرور المقدسي الحنبلي (المتوفى: 676هـ)	ShamAY	26924	0.40785
		أسلوب الحوار من خلال سيرة مصعب بن عمير - رضي الله عنه - وتطبيقاته التربوية	عدنان بن سليمان بن مسعد الجابري	ShamAY	31924	0.40777
		بحار الأنوار [ج ٦٥]	الشيخ محمّد باقر بن محمّد تقي المجلسي	Rafed	1066	0.40776
		مختصر سيرة الرسول صلى الله عليه وسلم لمحمد بن عبد الوهاب	محمد بن عبد الوهاب بن سليمان التميمي النجدي (المتوفى: 1206ه)	ShamelaY19	31465	0.40774
		عقيدة أهل السنة والأثر في المهدي المنتظر	عبد المحسن بن حمد بن عبد المحسن بن عبد الله بن حمد العباد البدر	ShamAY	4226	0.40771
		صفة الصفوة	جمال الدين أبو الفرج عبد الرحمن بن علي بن محمد الجوزي (المتوفى: 597هـ)	ShamAY	12031	0.40771
		سيرة الشاب الصالح عبد الرحمن بن سعيد بن علي بن وهف القحطاني رحمه الله تعالى (1403 ه - 1422 ه) - ونبذة من سيرة شقيقه الصغير الصالح عبد الرحيم رحمه الله تعالى (1410 ه - 1422 ه)	د. سعيد بن علي بن وهف القحطاني	ShamelaY19	96492	0.4077
		القَولُ البَدِيعُ في الصَّلاةِ عَلَى الحَبِيبِ الشَّفِيعِ	شمس الدين أبو الخير محمد بن عبد الرحمن بن محمد السخاوي (المتوفى: 902هـ)	ShamAY	1391	0.40768
		سيره الامام الحسين ( عليه السلام )	حسين الشاكري	Ghbook	5964	0.40766
		تنبيهات على تحريفات وتصحيفات في كتاب مجمع الزوائد ومنبع الفوائد	عاصم عبد الله ابراهيم	Sham19Y	10108	0.40764
		الجمل و النصرة لسيد العترة في حرب البصرة	محمد بن  محمد بن نعمان شيخ مفيد	Ghbook	9187	0.40764
		الفوائد المنتقاة عن الشيوخ العوالي لعلي بن عمر الحربي	علي بن عمر بن محمد بن الحسين ابن شاذان، أبو الحسن السكري الحربي الصيرفي الكيال (المتوفى: 386هـ)	ShamAY	1360	0.40759
		الذّريعة إلى تصانيف الشّيعة [ج ١٨]	الشيخ آقا بزرك الطهراني	Rafed	484	0.40754
		أمالي المرتضي - الجزء1	السيد المرتضى	Masaha	3390	0.4075
		كنوز الذهب فى تاريخ حلب	أحمد بن إبراهيم بن محمد بن خليل، موفق الدين، أبو ذر سبط ابن العجمي (المتوفى: 884ه)	Sham19Y	11786	0.40748
		الامام جعفر الصادق عليه السلام امام المسلمين 	المستشار عبدالحليم الجندي	Ghbook	4973	0.40747
		العزل عن المرأة دراسة شرعية وطبية	طارق الطواري	ShamAY	36390	0.40746
		قرة العين في أحكام الدين	وليد عكاس	ShamAY	36663	0.4074
		قاعدة جليلة في التوسل والوسيلة	تقي الدين أبو العباس أحمد بن عبد الحليم بن عبد السلام بن عبد الله بن أبي القاسم بن محمد ابن تيمية الحراني الحنبلي الدمشقي (المتوفى: 728هـ)	ShamAY	22649	0.40728
		علة الحديث المسلسل في يوم العيدين	يحيى بن أبي منصور بن أبي الفتح ابن رافع الحراني، أبو زكريا، جمال الدين الحبيشي، ويعرف أيضا بابن الصيرفي (المتوفى: 678هـ)	ShamAY	27102	0.40722
		 أهل البيت في مصر 	 مجموعة مؤلفين 	ABLibrary	7432	0.40722
		شقائق الاترنج في دقائق الغنج للسيوطي	الواحدي :: السيوطي	ShamAY	36061	0.40715
		 حالة أهل الحقيقة مع الله تعالى 	 أحمد بن علي الرفاعي الكبير 	ABLibrary	8724	0.40705
		زبدة الحلب من تاريخ حلب‏  - الجزء1	عمر بن أحمد ابن أبي جرادة	Masaha	4190	0.40701
		تعليق مختصر على كتاب لمعة الاعتقاد الهادي إلى سبيل الرشاد	محمد بن صالح بن محمد العثيمين (المتوفى: 1421هـ)	ShamAY	11366	0.40696
		مؤتمر السنة النبوية بين الواقع والمأمول	مجموعة من المؤلفين	ShamAY	38309	0.40696
		خصائص التفكير الفقهي عند الشيخ محمد بن عبد الوهاب (مطبوع ضمن بحوث ندوة دعوة الشيخ محمد بن عبد الوهاب، الجزء الأول)	عبد الوهاب بن إبراهيم أبو سليمان	ShamAY	11173	0.4069
		المدينة المنورة معالم وحضارة	محمد السيد الوكيل	ShamAY	38493	0.40689
		تعريف بشروح الكتب الستة	أبو عبد العزيز الحربي	ShamAY	35959	0.40688
		عقد الجمان في تاريخ أهل الزمان - ط هيئة الكتاب	محمود بن أحمد بن موسى الحنفى الشهير ببدر الدين العينى (المتوفى: 855هـ)	ShamAY	33840	0.40688
		الأثر الخالد في الولد والوالد	السيد علي بن الحسين العلوي	Rafed	4	0.40688
		مصحف امير المومنين علي عليه السلام بين المنزل و المفسر	علي شهرستاني	Ghbook	16142	0.40684
		جمهرة خطب العرب في عصور العربية الزاهرة	أحمد زكي صفوت	ShamAY	12005	0.40682
		 حسن المحاضرة في أخبار مصر والقاهرة 	 جلال الدين السيوطي 	ABLibrary	9036	0.40681
		الأشربة لأحمد بن حنبل	أبو عبد الله أحمد بن محمد بن حنبل بن هلال بن أسد الشيباني (المتوفى: 241هـ)	ShamAY	12995	0.40677
		السيدة سكينة ابنة الإمام الشهيد أبي عبدالله الحسين(ع)	السيد عبد الرزاق المقرم	Masaha	1701	0.40676
		الراسخون في العلم ومن عنده علم الكتاب علي عليه السلام	نجاح الطائي	Ghbook	16163	0.40674
		تنبيهات على تحريفات وتصحيفات في كتاب مجمع الزوائد ومنبع الفوائد	عاصم عبد الله ابراهيم	ShamAY	31631	0.40673
		أصول السنة للحميدي	الحُمَيْدي، أبو بكر	ShamAY	35652	0.40672
		تكمله امل الآمل	حسن صدر	Ghbook	7071	0.4066
		المرقصات والمطربات	أبو الحسن على بن موسى بن سعيد المغربي الأندلسي (المتوفى: 685هـ)	ShamAY	665	0.40658
		جزء فيه من أحاديث الإمام أيوب السختياني	القاضي أبو إسحاق إسماعيل بن إسحاق بن إسماعيل بن حماد بن زيد الأزدي البصري ثم البغدادي المالكي الجهضمي (المتوفى: 282هـ)	ShamAY	8474	0.40653
		 بهجة المحافل وبغية الأماثل 	 عماد الدين يحيى بن أبي بكر العامري 	ABLibrary	7443	0.40647
		أكثر مدة الحمل	إبراهيم البشر	ShamAY	36697	0.40646
		أعلام مالقة	أبو عبد الله بن عسكر، وأبو بكر بن خميس	ShamAY	38519	0.40641
		عقد الجمان في تاريخ أهل الزمان	أبو محمد محمود بن أحمد بن موسى بن أحمد بن حسين الغيتابى الحنفى بدر الدين العينى (المتوفى: 855هـ)	ShamAY	380	0.4064
		ثمرات الأعواد [ج ١]	علي بن الحسين الهاشمي الخطيب	Rafed	1620	0.4064
		لا جديد في أحكام الصلاة	بكر بن عبد الله أبو زيد بن محمد بن عبد الله بن بكر بن عثمان بن يحيى بن غيهب بن محمد (المتوفى: 1429ه)	ShamelaY19	29883	0.40639
		حسن المحاضرة في أخبار مصر والقاهرة [ج ٢]	جلال الدين عبد الرحمن بن أبي بكر السيوطي	Rafed	2162	0.40639
		الشعر في خراسان من الفتح إلى نهاية العصر الأموي	حسين عطوان	ShamAY	23138	0.40632
		جامع الأخبار	محمد بن محمد الشعيري	Masaha	4579	0.4063
		فصل الخطاب في شرح مسائل الجاهلية (المسائل التي خالف فيها رسول الله صلى الله عليه وسلم أهل الجاهلية)	أبو المعالي محمود شكري بن عبد الله بن محمد بن أبي الثناء الألوسي (المتوفى: 1342ه)	Sham19Y	8549	0.40626
		التفسير اللغوي للقرآن الكريم	د مساعد بن سليمان بن ناصر الطيار	ShamAY	31794	0.40625
		إهداء للبرنامج من دار الركائز للنشر والتوزيع - دولة الكويت	منصور بن يونس البهوتي (ت: 1051 ه)	Sham19Y	147658	0.40623
		المنازل والديار	أبو المظفر مؤيد الدولة مجد الدين أسامة بن مرشد بن علي بن مقلد بن نصر بن منقذ الكناني الكلبي الشيزري (المتوفى: 584هـ)	ShamAY	5416	0.40622
		حصول البغية للسائل هل لأحد في الجنة لحية للناجي	برهان الدين الناجي الدمشقي الشافعي (900 هـ)	ShamAY	34302	0.4062
		فصل الخطاب في شرح مسائل الجاهلية (المسائل التي خالف فيها رسول الله صلى الله عليه وسلم أهل الجاهلية)	أبو المعالي محمود شكري بن عبد الله بن محمد بن أبي الثناء الألوسي (المتوفى: 1342هـ)	ShamAY	8549	0.4062
		الدارس في تاريخ المدارس	عبدالقادر بن محمد نعيمي دمشقي	Ghbook	11369	0.40617
		ابن سبأ حقيقة لا خيال	سعدي بن مهدي الهاشمي	ShamAY	12163	0.40616
		العقيدة السلفية فى كلام رب البرية وكشف أباطيل المبتدعة الردية	عبد الله بن يوسف الجديع	ShamAY	31689	0.40616
		معجم قبائل العرب القديمة والحديثة	عمر بن رضا بن محمد راغب بن عبد الغني كحالة الدمشق (المتوفى: 1408ه)	Sham19Y	12402	0.40601
		المنار المنيف في الصحيح والضعيف = نقد المنقول والمحك المميز بين المردود والمقبول	محمد بن أبي بكر بن أيوب بن سعد شمس الدين ابن قيم الجوزية (المتوفى: 751هـ)	ShamAY	8566	0.40599
		حديث ابن عمر في ترائي الهلال للخطيب البغدادي	أبو بكر أحمد بن علي بن ثابت بن أحمد بن مهدي الخطيب البغدادي (المتوفى: 463هـ)	ShamAY	1932	0.40596
		علو الهمة	محمد بن أحمد بن إسماعيل المقدم	ShamelaY19	96278	0.40595
		النبوغ المغربي في الأدب العربي	عبد الله كنون الحسني (المتوفى: 1409 ه)	ShamelaY19	148529	0.40586
		كنوز الذهب فى تاريخ حلب	أحمد بن إبراهيم بن محمد بن خليل، موفق الدين، أبو ذر سبط ابن العجمي (المتوفى: 884هـ)	ShamAY	11786	0.40577
		تكملة تاريخ الطبري	محمد بن عبد الملك بن إبراهيم بن أحمد، أبو الحسن الهمذاني المعروف بالمقدسي (المتوفى: 521هـ)	ShamAY	6616	0.40572
		حديث محمد بن عبد الله الأنصاري	أبو عبد الله محمد بن عبد الله بن المثنى بن عبد الله بن أنس بن مالك البصري الأنصاري (المتوفى: 215هـ)	ShamAY	33686	0.40571
		دلائل الامامه ( الامام المجتبي عليه السلام )	طبري امامي ( صغير ) ابوجعفر محمد بن جرير بن رستم ( قرن 4و5 ق ) ( صاحب دلائل الامامه )	Ghbook	6074	0.4057
		 درر السمط في خبر السبط 	 ابن الأبار 	ABLibrary	938	0.40563
		صلاة العيدين للمحاملي - ت الإدريسي	أبو عبد الله الحسين بن إسماعيل المحاملي	ShamAY	38154	0.40561
		روائع المخطوطات الفارسيه المصوره بدارالكتب المصريه	هبه نايل بركات	Ghbook	10391	0.40555
		إعلام الساجد بأحكام المساجد	أبو عبد الله بدر الدين محمد بن عبد الله بن بهادر الزركشي الشافعي (المتوفى: 794 ه)	Sham19Y	14452	0.40553
		سعادة الماجد بعمارة المساجد	حسن بن عمار بن علي الشرنبلالي المصري الحنفي (المتوفى: 1069ه)	ShamelaY19	96854	0.40551
		حديث أبي اليمان	الحكم بن نافع البهرانى، أبو اليمان الحمصى (المتوفى: 222هـ)	ShamAY	29704	0.40548
		تيسير الكريم المنان في سيرة عثمان بن عفان رضي الله عنه - شخصيته وعصره	عَلي محمد محمد الصَّلاَّبي	ShamAY	260	0.40544
		شبهات حول الصحابة معاوية بن أبي سفيان	محمد مال الله	ShamAY	37808	0.40541
		عقائد الأئمة الأربعة في التوحيد	محمد بن عبدالرحمن الخميس	ShamAY	35550	0.40534
		 مع الركب الحسيني 	 مجموعة مؤلفين 	ABLibrary	7744	0.40533
		أدب المجالسة وحمد اللسان وفضل البيان وذم العي وتعليم الإعراب	أبو عمر يوسف بن عبد الله بن محمد بن عبد البر بن عاصم النمري القرطبي (المتوفى: 463ه)	Sham19Y	6780	0.40531
		اراء علماء المسلمين فى التقية والصحابة وصيانة القران الكريم	السيد مرتضى الرضوي	Rafed	125	0.40527
		البيتوتة لمحمد بن إسحاق الخراساني	محمد بن إسحاق بن إبراهيم بن مهران الخراساني، أبو العباس السراج، الثقفي مولاهم (المتوفى: 313هـ)	ShamAY	8252	0.40525
		مفتاح السعيدية في شرح الألفية الحديثية	شمس الدين محمد بن عمار بن محمد بن أحمد المصري المالكي المعروف بابن عمار (المتوفى: 844ه)	ShamelaY19	96878	0.40524
		دراسة كتاب الرد على الجهمية للدارمي	حمود السلامه	ShamAY	35757	0.40515
		الإمام المازري	حَسن حُسني (اسم مركب) بن صالح بن عبد الوهاب بن يوسف الصُّمادحي التجيبي التونسي (المتوفى: 1388هـ)	ShamAY	31647	0.40513
		 الموسوعة الكبرى عن فاطمة الزهراء ( س ) 	 اسماعيل الأنصاري الزنجاني الخوئيني 	ABLibrary	7823	0.4051
		علي و مناوئوه	نوري جعفر	Ghbook	8366	0.40509
		مستدرك الوسائل [ج ١١]	الشيخ حسين النوري الطبرسي [ المحدّث النوري ]	Rafed	1169	0.40506
		مفتاح السعيدية في شرح الألفية الحديثية	شمس الدين محمد بن عمار بن محمد بن أحمد المصري المالكي المعروف بابن عمار (المتوفى: 844هـ)	ShamAY	2026	0.40498
		غرائب فقهية عند الشيعة الإمامية	الألوسي، محمود شكري	ShamAY	35689	0.40494
		المرقصات والمطربات	أبو الحسن على بن موسى بن سعيد المغربي الأندلسي (المتوفى: 685ه)	Sham19Y	665	0.40493
		الذيل والتكملة لكتابي الموصول والصلة	أبو عبد الله محمد بن محمد بن عبد الملك الأنصاري الأوسي المراكشي (المتوفى: 703 هـ)	ShamAY	32576	0.40492
		شبهات وأباطيل حول معاوية ابن أبي سفيان		ShamAY	35662	0.40491
		المقاصد النحوية في شرح شواهد شروح الألفية المشهور بـ «شرح الشواهد الكبرى»	بدر الدين محمود بن أحمد بن موسى العيني (المتوفى 855 هـ)	ShamAY	32595	0.40488
		مأساة الزهراء(ع) الجزء الثاني	السيد جعفر مرتضى العاملي	Masaha	395	0.40488
		التطريف في التصحيف	عبد الرحمن بن أبي بكر، جلال الدين السيوطي (المتوفى: 911هـ)	ShamAY	6001	0.40486
		الكافي [ج ٣]	أبو جعفر محمّد بن يعقوب الكليني الرازي	Rafed	981	0.40486
		تحفة الطالب والجليس في كشف شبه داود بن جرجيس	عبد اللطيف بن عبد الرحمن بن حسن بن محمد بن عبد الوهاب آل الشيخ (المتوفى: 1293هـ)	ShamAY	11082	0.40482
		الوجادات في مسند الإمام أحمد بن حنبل	عامر بن حسن صبري	ShamAY	33060	0.40481
		 إعلام النبلاء بتاريخ حلب الشهباء 	 محمد راغب الطباخ الحلبي 	ABLibrary	8960	0.4048
		كشف الغمة في معرفة الأئمة - الجزء1	المحدث الإربلي	Masaha	2491	0.40475
		معجم ابن الأعرابي	أبو سعيد بن الأعرابي أحمد بن محمد بن زياد بن بشر بن درهم البصري الصوفي (المتوفى: 340هـ)	ShamAY	915	0.40474
		مع الاثنى عشرية في الأصول والفروع [موسوعة شاملة]	د علي بن أحمد علي السالوس	Sham19Y	1507	0.40472
		تراثنا ـ العددان [ 81 و 82 ]	مؤسسة آل البيت عليهم السلام لإحياء التراث ـ قم	Rafed	3623	0.40469
		معجم قبائل العرب القديمة والحديثة	عمر بن رضا بن محمد راغب بن عبد الغني كحالة الدمشق (المتوفى: 1408هـ)	ShamAY	12402	0.40468
		مع الاثنى عشرية في الأصول والفروع [موسوعة شاملة]	د علي بن أحمد علي السالوس	ShamAY	1507	0.40461
		سعادة الماجد بعمارة المساجد	حسن بن عمار بن علي الشرنبلالي المصري الحنفي (المتوفى: 1069هـ)	ShamAY	2015	0.40459
		إعلام الساجد بأحكام المساجد	أبو عبد الله بدر الدين محمد بن عبد الله بن بهادر الزركشي الشافعي (المتوفى: 794 هـ)	ShamAY	32351	0.40457
		ثلاث صلوات عظيمة مهجورة فأحيها يا عبد الله	عدنان بن محمد آل عرعور	ShamelaY19	147912	0.40449
		قطف الثمر بشيء من سيرة أمير المؤمنين عمر	عبد الرحمن بن عبد الله السحيم	ShamAY	35803	0.40449
		 شرح كتاب الفقه الأكبر 	 ملا علي القاري 	ABLibrary	8481	0.40446
		مسند الإمام أحمد بن حنبل	أحمد بن حنبل أبو عبدالله الشيباني	ShamAY	33964	0.40439
		الحجاج بن يوسف الثقفي في ميزان أهل السنة والجماعة	عبد الله بن زقيل	ShamAY	35887	0.4043
		الإمام الصادق عليه السلام [ج ٢]	الشيخ محمّد حسين المظفّر	Rafed	686	0.40429
		بحار الأنوار [ج ٢٨]	الشيخ محمّد باقر بن محمّد تقي المجلسي	Rafed	908	0.40425
		المحيط في اللّغة [ج ١١]	إسماعيل بن عبّاد [ كافي الكفاة ]	Rafed	2869	0.40425
		بين الطليعة والتهافت	د. ماهر ياسين الفحل	ShamAY	37268	0.40424
		الآثار المرفوعة في الأخبار الموضوعة	محمد عبد الحي بن محمد عبد الحليم الأنصاري اللكنوي الهندي، أبو الحسنات (المتوفى: 1304هـ)	ShamAY	6053	0.40422
		إجماع المحدثين على عدم اشتراط العلم بالسماع في الحديث المعنعن بين المتعاصرين	حاتم بن عارف بن ناصر الشريف العوني	ShamAY	16231	0.40419
		كنز الفوائد  - الجزء1	الشيخ القاضي أبي الفتح محمد بن علي الكراجكي	Masaha	4568	0.40417
		عثمان بن مظعون	الشيخ فارس الحسون	Masaha	337	0.40415
		السابع من حديث أبي الحسن السقا	محمد بن جعفر بن هشام أبو الحسن ابن السقا الحلبي (350 هـ)	ShamAY	33635	0.40414
		كشف الستر عما ورد في السفر إلى القبر	حماد بن محمد الأنصاري	ShamAY	36142	0.40413
		مقالات الإسلاميين واختلاف المصلين	أبو الحسن علي بن إسماعيل بن إسحاق بن سالم بن إسماعيل بن عبد الله بن موسى بن أبي بردة بن أبي موسى الأشعري (المتوفى: 324هـ)	ShamAY	1195	0.40413
		زبدة الحلب في تاريخ حلب	عمر بن أحمد بن هبة الله بن أبي جرادة العقيلي، كمال الدين ابن العديم (المتوفى: 660هـ)	ShamAY	9872	0.40411
		تقرير القواعد وتحرير الفوائد [المشهور بـ «قواعد ابن رجب»]	زين الدين عبد الرحمن بن أحمد بن رجب الحنبلي (المتوفى: 795 هـ)	ShamAY	37983	0.40398
		الناهية عن طعن أمير المؤمنين معاوية	عبد العزيز بن أحمد بن الحامد القرشي الفريهاري الملتاني أبو عبد الرحمن (المتوفى: بعد 1239هـ)	ShamAY	526	0.40394
		جمع القرآن الكريم في عهد الخلفاء الراشدين - عبد القيوم السندي	د. أبو طاهر عبد القيوم عبد الغفور السندي	Sham19Y	11132	0.40391
		تأريخ مكّة دراسات في السياسة والعلم والاجتماع والعمران [ج ١-٢]	أحمد السباعي	Rafed	2297	0.40391
		الغناء والمعازف في ضوء الكتاب والسنة وآثار الصحابة - رضي الله عنهم -	د. سعيد بن علي بن وهف القحطاني	ShamAY	1822	0.40376
		الغرر السافر فيما يحتاج إليه المسافر	أبو عبد الله بدر الدين الزركشي	ShamAY	36508	0.40375
		المرفوعات في كتاب البيان في غريب اعراب القرآن – لأبى البركات الأنباري (عبدالكريم بشير حجا	عبد الكريم بشير حجا	ShamAY	35923	0.40374
		سوابق عنوان المجد في تاريخ نجد	عثمان بن عبدالله ابن بشر	Rafed	2454	0.4037
		عجالة المعرفة في اصول الدين	الشيخ ظهير الدين ابي الفضل محمد بن سعيد بن هبة الله بن الحسن الراوندي	Rafed	199	0.40369
		تفسير نور الثقلين - الجزء1	الشيخ عبد علي العروسي	Masaha	41	0.40368
		مدخل في علوم القراءات	السيد رزق الطويل (المتوفى: 1419هـ)	ShamAY	8633	0.40366
		حقيقه المهدويه و الغيبه	يحيي عبدالحسن دوخي	Ghbook	11222	0.40366
		تحفة الطالبين في ترجمة الإمام محيي الدين	علي بن إبراهيم بن داود بن سلمان بن سليمان، أبو الحسن، علاء الدين ابن العطار (المتوفى: 724هـ)	ShamAY	321	0.40352
		الفاخر	المفضل بن سلمة بن عاصم، أبو طالب (المتوفى: نحو 290هـ)	ShamAY	9236	0.40343
		شرح البداية في علم الدراية	الشهيد الثاني	Masaha	573	0.40343
		حياه اولي النهي : الامام التاسع محمد الجواد عليه السلام 	محمد رضا حكيمي حائري	Ghbook	6486	0.40336
		عشاريات السيوطي	عبد الرحمن بن أبي بكر، جلال الدين السيوطي (المتوفى: 911ه)	Sham19Y	30315	0.40334
		صلح الامام الحسن بين الواقع و ظلم التاريخ (دراسه تحليليه)	يحيي عبدالحسن دوخي	Ghbook	10928	0.40332
		مواقف التابعين وأتباعهم في الدعوة إلى اللَّه تعالى	د. سعيد بن علي بن وهف القحطاني	ShamAY	1891	0.40331
		من أعلام أهل السنة والجماعة عبد الله بن المبارك	أبو ياسر محمد بن مطر بن عثمان آل مطر الزهراني (المتوفى: 1427هـ)	ShamAY	12067	0.40331
		شرح الأربعين النووية [من بداية شرح الحديث 29 إلى نهاية شرح الحديث 35]	المناوي، عبد الرؤوف	Sham19Y	133377	0.40325
		الرد الأمين على كُتب عُمر أُمّة الإسلام وردّ السهام والقول المبين	شريف مراد أبو عمرو	ShamAY	1247	0.40316
		 تفسير الحبري 	 حسين الحبري 	ABLibrary	7474	0.40315
		الغدير في الكتاب والسنّة والأدب [ج ٧]	الشيخ عبد الحسين أحمد الأميني النجفي	Rafed	2015	0.40313
		تراثنا ـ العدد [ 25 ]	مؤسسة آل البيت عليهم السلام لإحياء التراث ـ قم	Rafed	2745	0.40311
		رحلة ابن خلدون	عبد الرحمن بن محمد بن محمد، ابن خلدون أبو زيد، ولي الدين الحضرمي الإشبيلي (المتوفى: 808ه)	ShamelaY19	37022	0.40306
		صفة الصفوة - ط المعرفة ت فاخوري وقلعه جي	عبد الرحمن بن علي بن محمد أبو الفرج ابن الجوزي	ShamAY	33757	0.40306
		تتمة صوان الحكمة	أبو الحسن ظهير الدين علي بن زيد بن محمد بن الحسين البيهقي، الشهير بابن فندمه (المتوفى: 565هـ)	ShamAY	273	0.40306
		مدخل في علوم القراءات	السيد رزق الطويل (المتوفى: 1419ه)	Sham19Y	8633	0.40305
		تاريخ مكة المشرفة والمسجد الحرام والمدينة الشريفة والقبر الشريف	محمد بن أحمد بن الضياء محمد القرشي العمري المكي الحنفي، بهاء الدين أبو البقاء، المعروف بابن الضياء (المتوفى: 854هـ)	ShamAY	5539	0.40301
		مرآة العقول [ج ٣]	الشيخ محمّد باقر بن محمّد تقي المجلسي	Rafed	1011	0.40301
		أقضية رسول الله صلّى الله عليه وآله وسلّم	محمّد بن فرج المالكي القرطبي	Rafed	2547	0.40297
		مسند إسحاق بن راهويه - مسند ابن عباس	أبو يعقوب إسحاق بن إبراهيم بن مخلد بن إبراهيم الحنظلي المروزي المعروف بـ ابن راهويه (المتوفى: 238هـ)	ShamAY	1423	0.40296
		من حديث النبي(ص) يكون لهذه الأُمة إثنا عشر قيماً	السيد مرتضى العسكري	Masaha	436	0.40295
		تاريخ مكة المشرفة والمسجد الحرام والمدينة الشريفة والقبر الشريف‏  - الجزء1	محمد بن أحمد ابن ضياء	Masaha	4140	0.40293
		البستان الجامع لجميع تواريخ أهل الزمان	عماد الدين أبو حامد محمد بن محمد الأصفهاني (المتوفى 597 هـ)	ShamAY	32593	0.40287
		الوسيط في علوم ومصطلح الحديث	محمد بن محمد بن سويلم أبو شُهبة (المتوفى: 1403هـ)	ShamAY	9987	0.40286
		احقاق الحق و ازهاق الباطل	نورالله حسيني مرعشي تستري ( قاضي نورالله شوشتري )	Ghbook	4611	0.40282
		 بحار الأنوار 	 العلامة المجلسي 	ABLibrary	773	0.40277
		الامام جعفر الصادق عليه السلام	المستشار عبدالحليم الجندي	Ghbook	4996	0.40276
		 موسوعة التاريخ الإسلامي 	 الشيخ محمد هادي اليوسفي الغروي 	ABLibrary	7857	0.40274
		مقدمة ابن الصلاح = معرفة أنواع علوم الحديث - ت فحل	عثمان بن عبد الرحمن، أبوعمرو، تقي الدين المعروف بابن الصلاح (المتوفى: 643هـ)	ShamAY	127	0.40273
		حكم تولي المرأة القضاء	إبراهيم بن علي السفياني	ShamAY	33170	0.40271
		 إثارة الترغيب والتشويق ( ويليه زيارة بيت المقدس لابن تيمية ) 	 محمد بن اسحاق الخوارزمي 	ABLibrary	8946	0.40259
		أقسام الأرضين في الشريعة الإسلامية وأحكامها وتبيان حكم الإسلام في أرض فلسطين	أمين شومانا	ShamAY	36543	0.40255
		المفاخر السنية في الأسانيد العلية القدسية	عبد الحميد قدس الخطيب	ShamAY	37634	0.40255
		السلف الصالح	مركز الأبحاث العقائدية	Masaha	149	0.40253
		نخب المناقب لال ابي طالب عليهم  السلام	ابن شهرآشوب مازندراني	Ghbook	15655	0.4025
		مقدمة ابن الصلاح = معرفة أنواع علوم الحديث - ت فحل	عثمان بن عبد الرحمن، أبوعمرو، تقي الدين المعروف بابن الصلاح (المتوفى: 643ه)	Sham19Y	23799	0.40242
		 بحار الأنوار 	 العلامة المجلسي 	ABLibrary	780	0.40242
		الشفا بتعريف حقوق المصطفى - مذيلا بالحاشية المسماة مزيل الخفاء عن ألفاظ الشفاء	أبو الفضل القاضي عياض بن موسى اليحصبي (المتوفى: 544هـ)	ShamAY	1753	0.40238
		سيرة الشاب الصالح عبد الرحمن بن سعيد بن علي بن وهف القحطاني رحمه الله تعالى (1403 ه - 1422 ه) - ونبذة من سيرة شقيقه الصغير الصالح عبد الرحيم رحمه الله تعالى (1410 ه - 1422 ه)	د. سعيد بن علي بن وهف القحطاني	Sham19Y	96492	0.40236
		المنهل المأهول بالبناء للمجهول لأبي الخير محمد بن ظهيرة: تحقيق ودراسة	محمد خير الدين أو قطب الدين أبو الخير بن الجمال أبي السعود بن أبي البركات بن أبي السعود القرشي الشافعي بن ظهيرة (المتوفى: نحو 910ه)	Sham19Y	8959	0.40228
		المسائل الصاغانية	الشيخ المفيد	Masaha	631	0.40227
		الأحرف السبعة للقرآن	عثمان بن سعيد بن عثمان بن عمر أبو عمرو الداني (المتوفى: 444هـ)	ShamAY	5526	0.40221
		الامام زين العابدين علي بن الحسين بن اميرالمومنين علي بن ابي طالب عليهم السلام 	عبدالرزاق مقرم	Ghbook	6354	0.40221
		التدريب في الفقه الشافعي المسمى بـ «تدريب المبتدي وتهذيب المنتهي»	سراج الدين أبي حفص عمر بن رسلان البلقيني الشافعي	ShamAY	37991	0.40218
		معلمة الفقه المالكي	عبد العزيز بن عبد الله	ShamelaY19	20650	0.40216
		تاريخ بخارى	أبي بكر محمّد بن جعفر النرشخي	Rafed	2668	0.40216
		إثبات أن المحسن اسم من أسماء الله الحسنى	د. عبدالرزاق بن عبدالمحسن العباد البدر	ShamAY	35777	0.40214
		الإمام علي الرضا ورسالته في الطب النبوي	محمد علي البار	ShamAY	34804	0.40208
		حديث أبي نعيم عن أبي علي الصواف لأبي نعيم الأصبهاني	أبو نعيم أحمد بن عبد الله بن أحمد بن إسحاق بن موسى بن مهران الأصبهاني (المتوفى: 430هـ) عن شيخه أبي علي الصواف	ShamAY	9416	0.40207
		معلمة الفقه المالكي	عبد العزيز بن عبد الله	ShamAY	38848	0.402
		حجية قول الصحابي عند السلف ... د. ترحيب الدوسري	د. ترحيب بن ربيعان بن هادي الدوسري	ShamAY	37587	0.40197
		بلاد الشام ارض المقدسات	ايوب حائري	Ghbook	10933	0.40194
		الهداية الكبرى‏	حسين بن حمدان الخصيبي‏	Masaha	2865	0.40193
		مستدرك الوسائل [ج ١٢]	الشيخ حسين النوري الطبرسي [ المحدّث النوري ]	Rafed	1192	0.4019
		جمع القرآن الكريم في عهد الخلفاء الراشدين - عبد القيوم السندي	د. أبو طاهر عبد القيوم عبد الغفور السندي	ShamAY	11132	0.40189
		معجم قبايل العرب - الجزء1	عمر كحالة	Masaha	2994	0.40187
		 الضوء اللامع لأهل القرن التاسع 	 شمس الدين السخاوي 	ABLibrary	949	0.40186
		بصائر في الفتن	محمد بن أحمد بن إسماعيل المقدم	ShamAY	31598	0.40181
		فى رحاب البيت العتيق	محيى الدين إمام	ShamAY	36112	0.40178
		 بحار الأنوار 	 العلامة المجلسي 	ABLibrary	775	0.40175
		وضوء النبي (صلى الله عليه و آله و سلم‌) - الجزء1	السيد علي الشهرستاني	Masaha	3679	0.40171
		الوحشيات وهو الحماسة الصغرى	حبيب بن أوس بن الحارث الطائي، أبو تمام: الشاعر، الأديب (المتوفى: 231ه)	ShamelaY19	36082	0.40161
		 صيانة الآثار الإسلامية 	 الشيخ السبحاني 	ABLibrary	8487	0.40158
		أحاديث السري بن يحيى	السرى بن يحيى بن إياس بن حرملة بن إياس الشيبانى المحلمى، أبو الهيثم، ويقال أبو يحيى، البصرى (المتوفى: 167ه)	ShamelaY19	29701	0.40155
		الذّريعة إلى تصانيف الشّيعة [ج ١٣]	الشيخ آقا بزرك الطهراني	Rafed	463	0.40154
		اراء علماء المسلمين فى التقية والصحابة وصيانة القران الكريم	السيد مرتضى الرضوي	Masaha	1660	0.40141
		العرف الوردي في أخبار المهدي	عبد الرحمن السيوطي	Masaha	2353	0.40139
		الامام موسي بن جعفر عليه السلام في بحار الانوار	سيد علي جمال أشرف	Ghbook	16503	0.40135
		العقد التليد في اختصار الدر النضيد = المعيد في أدب المفيد والمستفيد	عبد الباسط بن موسى بن محمد بن إسماعيل العلموي ثم الموقت الدمشقي الشافعيّ (المتوفى: 981هـ)	ShamAY	10016	0.40134
		اللباب «شرح فصول الآداب»	أبو محمد عبد الله بن مانع بن غلاب الغبيوي الروقي العتيبي	Sham19Y	17128	0.4013
		 سوابق عنوان المجد في تاريخ نجد 	 عثمان بن عبد الله ابن بشر 	ABLibrary	9125	0.4013
		شَرحُ مشكِل الوَسِيطِ	عثمان بن عبد الرحمن، أبو عمرو، تقي الدين المعروف بابن الصلاح (المتوفى: 643هـ)	ShamAY	31803	0.40129
		عوالم العلوم (الجزء 57) في فضل الدّعاء وآدابه وشرائطه	محمد باقر بن مرتضي موحد ابطحي اصفهاني	Ghbook	15278	0.40125
		مقدمة ابن الصلاح = معرفة أنواع علوم الحديث - ت الفحل	عثمان بن عبد الرحمن، أبوعمرو، تقي الدين المعروف بابن الصلاح (المتوفى: 643هـ)	ShamAY	34016	0.40121
		الدعاء للضبي	أبو عبد الرحمن محمد بن فضيل بن غزوان بن جرير الضبي مولاهم الكوفي (المتوفى: 195ه)	Sham19Y	23102	0.40112
		مقتل الحسين عليه السلام	السيد عبد الرزاق الموسوي المقرّم	Rafed	1574	0.40108
		اجتماع الجيوش الإسلامية	محمد بن أبي بكر بن أيوب بن سعد شمس الدين ابن قيم الجوزية (المتوفى: 751ه)	ShamelaY19	21714	0.40106
		علي خاصف النعل النبي صلوات الله عليهما	الشيخ ماجد بن احمد العطيه	Ghbook	12281	0.401
		من حديث الإمام سفيان بن سعيد الثوري	أبو عبد الله سفيان بن سعيد بن مسروق الثوري الكوفي (المتوفى: 161ه)	ShamelaY19	26548	0.40099
		من حديث الإمام سفيان بن سعيد الثوري	أبو عبد الله سفيان بن سعيد بن مسروق الثوري الكوفي (المتوفى: 161هـ)	ShamAY	26548	0.40099
		 بحار الأنوار 	 العلامة المجلسي 	ABLibrary	770	0.40099
		الرسالة الوافية لمذهب أهل السنة في الاعتقادات وأصول الديانات	عثمان بن سعيد بن عثمان بن عمر أبو عمرو الداني (المتوفى: 444هـ)	ShamAY	26713	0.40098
		رجال المعلقات العشر	مصطفى بن محمد سليم الغلايينى (المتوفى: 1364ه)	Sham19Y	5402	0.40094
		رسالة لطيفة في شرح حديث أنت ومالك لأبيك - سلسلة لقاء العشر الأواخر بالمسجد الحرام (28)	محمد بن إسماعيل بن صلاح بن محمد الحسني، الكحلاني ثم الصنعاني، أبو إبراهيم، عز الدين، المعروف كأسلافه بالأمير (المتوفى: 1182 هـ)	ShamAY	32499	0.40092
		نقد «نصوص حديثية في الثقافة العامة» جمع وتصنيف محمد المنتصر الكتاني أستاذ الحديث	محمد ناصر الدين الألباني	Sham19Y	133363	0.40079
		تبليغ سورة البراءة	الشيخ عبد الحسين الأميني النجفي	Masaha	217	0.40077
		أبو بكر الصديق أفضل الصحابة، وأحقهم بالخلافة	محمد بن عبد الرحمن بن محمد بن عبد الله بن عبد الرحمن بن محمد بن قاسم العاصمي الحنبلي (المتوفى: 1421ه)	ShamelaY19	25815	0.40074
		منتقى من صحيح السيرة		ShamAY	37411	0.40069
		 موسوعة العتبات المقدسة 	 جعفر الخليلي 	ABLibrary	9252	0.40059
		تاج العروس من جواهر القاموس - الجزء1	المرتضى الزبيدي	Masaha	2513	0.40052
		الحَركة العِلميّة في عصر الرسول وخُلفائه	محمد السيد الوكيل	ShamAY	38441	0.40051
		المحاسن و الأضداد	عمرو بن بحر الجاحظ	Masaha	2334	0.40051
		وضوء النبي ( صلي الله عليه و اله و سلم ) من خلال ملابسات التشريع	علي شهرستاني	Ghbook	7736	0.40051
		تحريم آلات الطرب	أبو عبد الرحمن محمد ناصر الدين، بن الحاج نوح بن نجاتي بن آدم، الأشقودري الألباني (المتوفى: 1420هـ)	ShamAY	11081	0.40046
		الفلك المشحون فيما يتعلق بانتفاع المرتهن والمرهون	الإمام محمد عبد الحي اللكنوي (ت1304هـ)	ShamAY	36007	0.40046
		مرآة العقول [ج ١٤]	الشيخ محمّد باقر بن محمّد تقي المجلسي	Rafed	1036	0.40045
		برد الأكباد عند فقد الأولاد لابن ناصر الدين	ابن ناصر الدين (842 هـ)	ShamAY	34300	0.40043
		شرح وصية الإمام أبي حنيفة	أكملُ الدِّين أبو عبد الله محمد بن محمد بن محمود بن أحمد البَابِرْتيُّ الرُّوميُّ الحنفيُّ	ShamAY	35746	0.40041
		البرهان في علوم القرآن [ج ٢]	بدر الدين محمّد بن عبد الله الزّركشي	Rafed	2112	0.40039
		المختصر في أخبار البشر	أبو الفداء عماد الدين إسماعيل بن علي بن محمود بن محمد ابن عمر بن شاهنشاه بن أيوب، الملك المؤيد، صاحب حماة (المتوفى: 732هـ)	ShamAY	12715	0.40036
		بهجة الناظرين إلى تراجم المتأخرين من الشافعية البارعين	رضي الدين أبو البركات محمد بن أحمد بن عبد الله الغزي العامري الشافعي (المتوفى: 864 ه)	ShamelaY19	20578	0.40033
		التذكرة بأحوال الموتى وأمور الآخرة	أبو عبد الله محمد بن أحمد بن أبي بكر بن فرح الأنصاري الخزرجي شمس الدين القرطبي (المتوفى: 671ه)	ShamelaY19	21536	0.40032
		السيرة النبوية عند الهيثمي في كتابه مجمع الزوائد ومنبع الفوائد	سليمان بن عبد الله السويكت	ShamAY	7645	0.40032
		 الذريعة 	 آقا بزرگ الطهراني 	ABLibrary	864	0.4003
		الأباب في ضبط اسم الكتاب	أبو ذر عبد القادر بن مصطفى بن عبد الرزاق المحمدي	ShamelaY19	117134	0.40024
		 الذريعة 	 آقا بزرگ الطهراني 	ABLibrary	862	0.40022
		 الذريعة 	 آقا بزرگ الطهراني 	ABLibrary	848	0.40022
		بحوث في الملل والنّحل [ج ٦]	الشيخ جعفر السبحاني	Rafed	200	0.40021
		معجم أهم مصنفات التراجم المطبوعة	عبد الله بن محمد البصيري	Sham19Y	12886	0.40018
		المحاسن والأضداد	عمرو بن بحر بن محبوب الكناني بالولاء، الليثي، أبو عثمان، الشهير بالجاحظ (المتوفى: 255ه)	Sham19Y	10511	0.40011
		رجال المعلقات العشر	مصطفى بن محمد سليم الغلايينى (المتوفى: 1364هـ)	ShamAY	5402	0.40007
		دراسات في الحديث والمحدّثين	هاشم معروف الحسني	Rafed	1826	0.40005
		الإمام المازري	حسن حسني (اسم مركب) بن صالح بن عبد الوهاب بن يوسف الصمادحي التجيبي التونسي (المتوفى: 1388ه)	ShamelaY19	115122	0.40003
		معجم أهم مصنفات التراجم المطبوعة	عبد الله بن محمد البصيري	ShamAY	12886	0.40001
		من عنده علم الكتاب	جلال الصغير	Ghbook	7717	0.39993
		المحاسن والأضداد	عمرو بن بحر بن محبوب الكناني بالولاء، الليثي، أبو عثمان، الشهير بالجاحظ (المتوفى: 255هـ)	ShamAY	10511	0.39991
		مصطلح الحديث	محمد بن صالح بن محمد العثيمين (المتوفى: 1421هـ)	ShamAY	21581	0.39985
		خزانة الأدب ولب لباب لسان العرب للبغدادي - العلمية	عبد القادر بن عمر البغدادي	ShamAY	33782	0.39982
		الإسراء والمعراج وذكر أحاديثهما وتخريجها وبيان صحيحها	أبو عبد الرحمن محمد ناصر الدين، بن الحاج نوح بن نجاتي بن آدم، الأشقودري الألباني (المتوفى: 1420هـ)	ShamAY	7540	0.39981
		شرح كتاب الحج من بلوغ المرام	أبو محمد عبد الله بن مانع بن غلاب الغبيوي الروقي العتيبي	ShamAY	32212	0.39981
		مجموع رسائل الحافظ ابن رجب الحنبلي	زين الدين عبد الرحمن بن أحمد بن رجب بن الحسن، السَلامي، البغدادي، ثم الدمشقي، الحنبلي (المتوفى: 795هـ)	ShamAY	1625	0.3998
		مقتل الحسين (ع)	السيد عبد الرزاق المقرم	Masaha	2351	0.39979
		المرأةُ والولايات السيادية	عبد الرحمن بن سعد الشثري	ShamAY	33173	0.39978
		اعتقادات فرق المسلمين والمشركين	أبو عبد الله محمد بن عمر بن الحسن بن الحسين التيمي الرازي الملقب بفخر الدين الرازي خطيب الري (المتوفى: 606ه)	Sham19Y	6516	0.39975
		مع الحديدي في شرحه: مقتطفات هامة من شرح ابن ابي الحديد	علي خادمي	Ghbook	15626	0.39975
		إمام الكلام في القراءة خلف الإمام	عبد الحي اللكنوي (ت1304هـ)	ShamAY	36014	0.39969
		قطف الثمر في بيان عقيدة أهل الأثر	أبو الطيب محمد صديق خان بن حسن بن علي ابن لطف الله الحسيني البخاري القِنَّوجي (المتوفى: 1307هـ)	ShamAY	3874	0.39962
		أرجح الأقوال في حكم كشف الفخذ للرجال	عبد العزيز قاري محمد	ShamAY	36226	0.39961
		رحلة ابن خلدون	عبد الرحمن بن محمد بن محمد، ابن خلدون أبو زيد، ولي الدين الحضرمي الإشبيلي (المتوفى: 808هـ)	ShamAY	385	0.39959
		قطعة من شرح الشيخ عبد العزيز الطريفي لبلوغ المرام فرغها بعض الأخوة جزاهم الله خيرا	عبد العزيز بن مرزوق الطّريفي	ShamAY	147	0.39958
		الحماسة للبحتري	أبو عبادة الوليد بن عبيد البحتري (ت 284 ه)	ShamelaY19	148535	0.39953
		 بحار الأنوار 	 العلامة المجلسي 	ABLibrary	791	0.39953
		التحصيل من المحصول	سراج الدين محمود بن أبي بكر الأرْمَوي (المتوفى: 682 هـ)	ShamAY	37994	0.39952
		صوب الغمامة في إرسال طرف العمامة	كمال الدين محمد بن أبي شريف القدسي المتوفى سنة 905 هـ	ShamAY	36193	0.39949
		غاية السول في سيرة الرسول	عبد الباسط بن خليل بن شاهين الملطي، ثم القاهري، زين الدين (المتوفى: 920هـ)	ShamAY	6591	0.39945
		مجموعة الوثائق السياسية للعهد النبوي و الخلافة الراشدة	محمد بن يوسف الگنجي الشافعي‏	Masaha	2854	0.39941
		سعد السعود للنفوس	رضي الدين أبي القاسم	Masaha	300	0.39941
		مدخل الي دراسه نص الغدير	محمد مهدي اصفي	Ghbook	7142	0.3994
		 عبقات الأنوار في إمامة الأئمة الأطهار ( فارسي ) 	 السيد حامد النقوي 	ABLibrary	8494	0.39938
		الانتصار لأهل الحديث - بازمول	محمد بن عمر بازمول	ShamAY	37364	0.39932
		اللباب «شرح فصول الآداب»	أبو محمد عبد الله بن مانع بن غلاب الغبيوي الروقي العتيبي	ShamAY	32123	0.39929
		مستدرك الوسائل [ج ١٣]	الشيخ حسين النوري الطبرسي [ المحدّث النوري ]	Rafed	1194	0.39925
		أسمى المطالب في سيرة أمير المؤمنين علي بن أبي طالب رضي الله عنه (شخصيته وعصره - دراسة شاملة)	عَلي محمد محمد الصَّلاَّبي	ShamAY	292	0.39924
		الرد على من ينكر حجية السنة (مطبوع مع كتاب دفاع عن السنة لأبي شهبة)	أبو الكمال - أو أبو الحسن - عبد الغني بن محمد عبد الخالق بن حسن بن مصطفى المصري القاهري (المتوفى: 1403ه)	ShamelaY19	37826	0.39912
		مَصَاعِدُ النَّظَرِ للإشْرَافِ عَلَى مَقَاصِدِ السِّوَرِ	إبراهيم بن عمر بن حسن الرباط بن علي بن أبي بكر البقاعي (المتوفى: 885هـ)	ShamAY	1404	0.39911
		فتح الغفور في وضع الأيدي على الصدور	محمد حياة السندي (المتوفى: 1163هـ)	ShamAY	1596	0.39911
		خزانة الأدب ولب لباب لسان العرب للبغدادي	عبد القادر بن عمر البغدادي (المتوفى: 1093هـ)	ShamAY	12732	0.39902
		تاج العروس [ج ١]	محبّ الدين أبي فيض السيد محمّد مرتضى الحسيني الواسطي الزبيدي الحنفي	Rafed	1464	0.39889
		مسائل خلافية حار فيها أهل السنة	الشيخ علي آل محسن	Rafed	165	0.39886
		قادتنا كيف نعرفهم	آيت الله علي حسيني ميلاني	Ghbook	4759	0.39886
		مجالس من أمالي أبي الحسن القزويني رواية الدينوري - مخطوط	أبو الحسن القزويني	ShamAY	32789	0.39881
		دليل الاماكن المقدسه في سوريه	ايوب حائري	Ghbook	803	0.39881
		كتاب الأيمان "ومعالمه، وسننه، واستكماله، ودرجاته"	أبو عُبيد القاسم بن سلاّم بن عبد الله الهروي البغدادي (المتوفى: 224هـ)	ShamAY	11316	0.39879
		الصواعق المرسلة الشهابية على الشبه الداحضة الشامية	سليمان بن سحمان بن مصلح بن حمدان بن مصلح بن حمدان بن مسفر بن محمد بن مالك بن عامر الخثعمي , التبالي , العسيري , النجدي (المتوفى: 1349هـ)	ShamAY	7663	0.39873
		مقالات الإسلاميين واختلاف المصلين	أبو الحسن علي بن إسماعيل بن إسحاق بن سالم بن إسماعيل بن عبد الله بن موسى بن أبي بردة بن أبي موسى الأشعري (المتوفى: 324ه)	ShamelaY19	37614	0.39872
		معاوية بن أبي سفيان أمير المؤمنين وكاتب وحي النبي الأمين صَلَّى اللَّهُ عَلَيْهِ وَسَلَّمَ - كشف شبهات وردّ مفتريات	شحاتة محمد صقر	ShamAY	565	0.39872
		جمال القراء وكمال الإقراء	علي بن محمد بن عبد الصمد الهمداني المصري الشافعي، أبو الحسن، علم الدين السخاوي (المتوفى: 643هـ)	ShamAY	10460	0.39862
		لا تخونوا الله والرسول	صباح علي البيّاتي	Rafed	1213	0.39862
		معاوية بن أبي سفيان أمير المؤمنين وكاتب وحي النبي الأمين صلى الله عليه وسلم - كشف شبهات ورد مفتريات	شحاتة محمد صقر	ShamelaY19	36166	0.39859
		مواقف الصحابة - رضي الله عنهم - في الدعوة إلى الله تعالى	د. سعيد بن علي بن وهف القحطاني	ShamelaY19	96530	0.39859
		عيون الغرر في فضائل الآيات والسور	مشتاق مظفر	Masaha	1742	0.39857
		الآثار الواردة عن السلف في اليهود في تفسير الطبري	يوسف الحوشان	ShamAY	36751	0.39854
		تاج العروس [ج ٢]	محبّ الدين أبي فيض السيد محمّد مرتضى الحسيني الواسطي الزبيدي الحنفي	Rafed	1488	0.39854
		من اسباب ضعف المسلمين	آيت الله العظمي سيد محمد حسيني شيرازي	Ghbook	7834	0.39854
		مختصر سيرة الرسول صلى الله عليه وسلم لمحمد بن عبد الوهاب	محمد بن عبد الوهاب بن سليمان التميمي النجدي (المتوفى: 1206هـ)	ShamAY	31465	0.39853
		ابحاث حول المهدويه	نجم الدين طبسي	Ghbook	12931	0.39847
		الذخيره في العقبي في موده ذوي القربي	سيدمهدي رجايي	Ghbook	15611	0.39845
		بحار الأنوار [ج ٢٥]	الشيخ محمّد باقر بن محمّد تقي المجلسي	Rafed	897	0.39843
		ادوار الفقه الامامي	آيت الله العظمي جعفر سبحاني	Ghbook	9000	0.39843
		نظم حكم الأمويين ورسومهم في الأندلس	سالم بن عبد الله الخلف	ShamAY	7331	0.39842
		 بحار الأنوار 	 العلامة المجلسي 	ABLibrary	783	0.39842
		 معجم ما كتب عن الرسول ( ص ) وأهل بيته ( ع ) 	 عبد الجبار الرفاعي 	ABLibrary	7766	0.39841
		المبهج في تفسير أسماء شعراء ديوان الحماسة	أبو الفتح عثمان بن جني الموصلي (المتوفى: 392هـ)	ShamAY	9244	0.39837
		التنازع والتوازن في حياة المسلم	محمد بن حسن بن عقيل موسى الشريف	Sham19Y	36502	0.3983
		السيرة النبوية عند الهيثمي في كتابه مجمع الزوائد ومنبع الفوائد	سليمان بن عبد الله السويكت	Sham19Y	7645	0.39823
		الوثائق الرسميّة لثورة الإمام الحسين	عبد الكريم الحسيني القزويني	Rafed	1542	0.39823
		نفح الطّيب [ج ٢]	الشيخ أحمد بن محمد المقري التلمساني	Rafed	2788	0.39818
		صلاه ابي بكر في مرض النبي ( صلي الله عليه و آله )	آيت الله علي حسيني ميلاني	Ghbook	4799	0.39818
		ذكر المدلسين	أبو عبد الرحمن أحمد بن شعيب بن علي الخراساني، النسائي (المتوفى: 303ه)	Sham19Y	25868	0.39814
		 بلوغ الأرب وكنوز الذهب في معرفة المذهب 	 علي بن عبد الله بن قاسم الشهاري الصنعاني 	ABLibrary	8371	0.39814
		مرآة العقول [ج ٢٦]	الشيخ محمّد باقر بن محمّد تقي المجلسي	Rafed	1117	0.39814
		تأملات في دعوة الشيخ محمد بن عبد الوهاب	عبد الله بن عبد المحسن بن عبد الرحمن التركي	ShamAY	11085	0.39813
		موقف أهل السنة والجماعة من البدع والمبتدعة	عبد الرحمن بن عبد الخالق	ShamAY	35704	0.39812
		تراجم موجزة للأعلام	موقع وزارة الأوقاف المصرية	ShamAY	435	0.39811
		تاريخ اليمن الإسلامي	أحمد بن أحمد بن محمد المطاع	Masaha	4114	0.3981
		نزهة الأسماع في مسألة السماع	الواحدي :: ابن رجب الحنبلي	ShamAY	34327	0.39805
		مجموعة الوثائق السياسية للعهد النبوي والخلافة الراشدة	محمد حميد الله الحيدر آبادي الهندي (المتوفى: 1424ه)	ShamelaY19	23667	0.39797
		الصلاه خير من النوم	المجمع العالمي لاهل البيت عليهم السلام	Ghbook	7572	0.39793
		العواصم والقواصم في الذب عن سنة أبي القاسم	ابن الوزير، محمد بن إبراهيم بن علي بن المرتضى بن المفضل الحسني القاسمي، أبو عبد الله، عز الدين، من آل الوزير (المتوفى: 840ه)	ShamelaY19	29677	0.39783
		وفاء الوفا بأخبار دار المصطفى [ج ٢]	نور الدين علي بن أحمد السّمهودي	Rafed	2519	0.3978
		المجرد في أسماء رجال سنن ابن ماجه	الحافظ الذهبي (المتوفى: 748 ه)	Sham19Y	151009	0.39777
		الإشاعة لأشراط الساعة	محمد بن رسول البرزنجي الحسيني (1040 ه - 1103 ه)	ShamelaY19	132618	0.39776
		تنبيه الإخوان على الأخطاء في مسألة خلق القرآن	حمود بن عبد الله بن حمود بن عبد الرحمن التويجري (المتوفى: 1413ه)	Sham19Y	17324	0.39771
		 موسوعة العتبات المقدسة 	 جعفر الخليلي 	ABLibrary	9251	0.3977
		دور علي و تلاميذه في الفتوحات	علي كوراني	Ghbook	7647	0.39765
		رسالة في بيان ما لم يثبت فيه حديث من الأبواب	أبو الطاهر محمد بن يعقوب الفيروزآبادي رحمه الله	ShamAY	34139	0.39764
		آيات الغدير	مركز المصطفي للدراسات الاسلاميه - برعايه آيه الله السيستاني	Ghbook	2706	0.39764
		علو الهمة	محمد بن أحمد بن إسماعيل المقدم	Sham19Y	96278	0.39761
		جمال القراء وكمال الإقراء	علي بن محمد بن عبد الصمد الهمداني المصري الشافعي، أبو الحسن، علم الدين السخاوي (المتوفى: 643ه)	Sham19Y	10460	0.39758
		كتاب الأذكياء	جمال الدين أبو الفرج عبد الرحمن بن علي بن محمد الجوزي (المتوفى: 597هـ)	ShamAY	6938	0.39747
		اجتماع الجيوش الإسلامية	محمد بن أبي بكر بن أيوب بن سعد شمس الدين ابن قيم الجوزية (المتوفى: 751ه)	Sham19Y	21714	0.39746
		 بحار الأنوار 	 العلامة المجلسي 	ABLibrary	795	0.39746
		مصطلح الحديث في كتاب إعلام الموقعين	علي بن عبد الرحمن العويشز	ShamAY	37287	0.39745
		صيانة الآثار الإسلاميّة	الشيخ جعفر السبحاني	Rafed	3525	0.39742
		السنة النبوية في كتابات أعداء الإسلام مناقشتها والرد عليها	الباحث عماد السيد محمد إسماعيل الشربينى	ShamAY	37312	0.39741
		مسألة في الكنائس	تقي الدين أبو العباس أحمد بن عبد الحليم بن عبد السلام بن عبد الله بن أبي القاسم بن محمد ابن تيمية الحراني الحنبلي الدمشقي (المتوفى: 728ه)	ShamelaY19	22651	0.3974
		علو الهمة	محمد بن أحمد بن إسماعيل المقدم	ShamAY	1760	0.39733
		صيانة الآثار الإسلاميّة	الشيخ جعفر السبحاني	Masaha	301	0.39731
		موارد الإمام البيهقي في كتابه السنن الكبرى	نجم عبد الرحمن خلف	ShamAY	4776	0.39721
		شرح كتاب الفقه الأكبر للإمام الأعظم أبي حنيفة	الملّا علي القاري الحنفي	Rafed	3451	0.39719
		قاعدة جليلة في التوسل والوسيلة لشيخ الإسلام ابن تيمية	ربيع بن هادي المدخلي	ShamAY	33000	0.39718
		الكشف والبيان [ج ٢]	أبو إسحاق أحمد [ الثّعلبي ]	Rafed	1644	0.39712
		من حديث النبي ( صلي الله عليه وآله ) : « يكون لهذه الامه اثناعشر قيما ؛ لا يضرهم...	مرتضي عسكري	Ghbook	7715	0.39708
		 الإحاطة في أخبار غرناطة 	 لسان الدين ابن الخطيب 	ABLibrary	8950	0.39707
		ذم التأويل	أبو محمد موفق الدين عبد الله بن أحمد بن محمد بن قدامة الجماعيلي المقدسي ثم الدمشقي الحنبلي، الشهير بابن قدامة المقدسي (المتوفى: 620هـ)	ShamAY	6425	0.39706
		مجموعة الوثائق السياسية للعهد النبوي والخلافة الراشدة	محمد حميد الله الحيدر آبادي الهندي (المتوفى: 1424هـ)	ShamAY	23667	0.39706
		 العرف الوردي في أخبار المهدي 	 جلال الدين السيوطي 	ABLibrary	7607	0.39706
		كتاب الرؤيا	حمود بن عبد الله بن حمود بن عبد الرحمن التويجري (المتوفى: 1413ه)	ShamelaY19	20824	0.39703
		 حوار مع الشيخ صالح بن عبدالله الدرويش ( حول تأملات في نهج البلاغة ) 	 الشيخ السبحاني 	ABLibrary	8417	0.39698
		بحار الأنوار [ج ٨٤]	الشيخ محمّد باقر بن محمّد تقي المجلسي	Rafed	1145	0.39698
		غيبه المنتظر من منتخب الاثر	آيت الله العظمي لطف اللّه صافي گلپايگاني	Ghbook	11966	0.39698
		الأباب في ضبط اسم الكتاب	أبو ذر عبد القادر بن مصطفى بن عبد الرزاق المحمدي	Sham19Y	117134	0.39694
		العباس(ع)	السيد عبد الرزاق المقرم	Masaha	515	0.39693
		المزار الكبير (للمشهدي)	الشيخ محمد بن جعفر الحائري	Masaha	1025	0.39688
		محمد بن عبد الوهاب عقيدته السلفية ودعوته الإصلاحية وثناء العلماء عليه	أحمد بن حجر بن محمد بن حجر بن أحمد بن حجر بن طامي بن حجر بن سند بن سعدون آل بوطامي البنعلي (المتوفى: 1423ه)	Sham19Y	11382	0.39685
		الإمام المنتظر عليه السلام من ولادته إلى دولته	السيد علي الحسيني الصدر	Rafed	1014	0.39684
		 بحار الأنوار 	 العلامة المجلسي 	ABLibrary	764	0.39682
		شرح نهج البلاغة (ط الحلبي)	عبد الحميد بن هبة الله بن محمد بن الحسين بن أبي الحديد، أبو حامد، عز الدين (المتوفى: 656هـ)	ShamAY	33785	0.39681
		خطرة الطيف في رحلات في المغرب والأندلس (1347 - 1362م)	لسان الدين بن الخطيب، محمد بن عبد الله (المتوفى: 776هـ)	ShamAY	33806	0.39678
		الإعجاز والإيجاز - دار الغصون	أبو منصور عبد الملك عبد الملك بن محمد بن إسماعيل الثعالبي	ShamAY	33776	0.39677
		أصول الكرخي	أبو الحسن الكرخي	ShamAY	37496	0.39674
		المهديه بنظره جديده	سيد جعفرمرتضي حسيني عاملي	Ghbook	6637	0.39673
		تراجم أعيان المدينة في القرن 12	مجهول	ShamAY	38214	0.39671
		حكم الصلاة في المحراب بين الجواز والارتياب	فرج البوسيفي	ShamAY	36337	0.39669
		تراثنا ـ العدد [ 22 ]	مؤسسة آل البيت عليهم السلام لإحياء التراث ـ قم	Rafed	2742	0.39667
		زاد المعاد في هدي خير العباد	محمد بن أبي بكر بن أيوب بن سعد شمس الدين ابن قيم الجوزية (المتوفى: 751ه)	ShamelaY19	21713	0.39661
		من هو المهدي لعثمان الخميس	عثمان بن محمد الخميس	ShamAY	37758	0.39661
		مستدرك الوسائل [ج ١٦]	الشيخ حسين النوري الطبرسي [ المحدّث النوري ]	Rafed	1223	0.39661
		تاويل الايات الظاهره	علي استرآبادي	Ghbook	2480	0.39657
		اجتماع الجيوش الإسلامية	محمد بن أبي بكر بن أيوب بن سعد شمس الدين ابن قيم الجوزية (المتوفى: 751هـ)	ShamAY	21714	0.39655
		ثقة المسلم بالله تعالى في ضوء الكتاب والسنة	محمد بن إبراهيم بن سليمان الرومي	ShamAY	32097	0.39655
		إفادات من ملفات التاريخ	محمد سليم عرفة	Masaha	144	0.39655
		بيان الفجر الصادق	الواحدي :: محمد تقي الدين الهلالي	ShamAY	36435	0.39651
		جمع الجواهر في الملح والنوادر	إبراهيم بن علي بن تميم الأنصاري، أبو إسحاق الحصري (المتوفى: 453ه)	Sham19Y	621	0.39651
		من سب الصحابة ومعاوية فأُمه هاوية	المغراوي	ShamAY	35663	0.3965
		تدوين القرآن	الشيخ علي الكوراني العاملي	Rafed	3991	0.3965
		40 موقفا غضب فيها النبي صلى الله عليه وسلم	أبو إسلام أحمد بن علي	ShamAY	35138	0.39649
		الاربعين في امامه الائمه الطاهرين	محمدطاهربن محمدحسين الشيرازي النجفي القمي	Ghbook	15554	0.39646
		اصول الحديث و احكامه في علم الدرايه	آيت الله العظمي جعفر سبحاني	Ghbook	12206	0.39644
		كف الرعاع عن محرمات اللهو والسماع	أحمد بن محمد بن علي بن حجر الهيتمي السعدي الأنصاري، شهاب الدين شيخ الإسلام، أبو العباس (المتوفى: 974هـ)	ShamAY	1275	0.39643
		جمع الجواهر في الملح والنوادر	إبراهيم بن علي بن تميم الأنصاري، أبو إسحاق الحصري (المتوفى: 453هـ)	ShamAY	621	0.39638
		العراق في أحاديث وآثار الفتن	أبو عبيدة مشهور بن حسن بن محمود آل سلمان	ShamAY	3346	0.39638
		 مقتل الحسين ( ع ) ، المقرم 	 عبد الرزاق المقرم 	ABLibrary	7773	0.39634
		فتح الباري شرح صحيح البخاري	زين الدين عبد الرحمن بن أحمد بن رجب بن الحسن، السَلامي، البغدادي، ثم الدمشقي، الحنبلي (المتوفى: 795هـ)	ShamAY	137	0.39628
		ذيل مرآة الزمان	قطب الدين أبو الفتح موسى بن محمد اليونيني (المتوفى: 726 ه)	Sham19Y	12722	0.39618
		 نفح الطيب من غصن الأندلس الرطيب 	 أحمد بن محمد المقري التلمساني 	ABLibrary	9301	0.39618
		مقتطفات من تاريخ المدينه المنوره	آيت الله العظمي سيد محمد حسيني شيرازي	Ghbook	7831	0.39616
		التنازع والتوازن في حياة المسلم	مُحَمَّد بن حَسَن بْن عَقيل مُوسَى الشَّريْف	ShamAY	319	0.39614
		أحاديث السري بن يحيى	السرى بن يحيى بن إياس بن حرملة بن إياس الشيبانى المحلمى، أبو الهيثم، ويقال أبو يحيى، البصرى (المتوفى: 167هـ)	ShamAY	29701	0.39611
		تفسير العيّاشي‏  - الجزء1	محمد بن مسعود العياشى	Masaha	4648	0.39611
		مرآة العقول [ج ١٢]	الشيخ محمّد باقر بن محمّد تقي المجلسي	Rafed	1032	0.3961
		المسائل الماردينية - وهي مسائل يكثر وقوعها ويحصل الابتلاء بها	تقي الدين أبو العباس أحمد بن عبد الحليم بن عبد السلام بن عبد الله بن أبي القاسم بن محمد ابن تيمية الحراني الحنبلي الدمشقي (المتوفى: 728ه)	Sham19Y	96844	0.39609
		الأباب في ضبط اسم الكتاب	أبو ذر عبد القادر بن مصطفى بن عبد الرزاق المحمدي	ShamAY	31658	0.39608
		الأخبار الطوال	أبو حنيفة أحمد بن داود الدينوري (المتوفى: 282ه)	Sham19Y	9760	0.39602
		 مناقب آل محمد ( النعيم المقيم لعترة النبأ العظيم ) 	 عمر بن شجاع الموصلي 	ABLibrary	7787	0.3959
		 دليل النص بخبر الغدير 	 أبي الفتح الكراجكي 	ABLibrary	832	0.39588
		المسَائِلُ الماردينيَّةِ - وهي مسائل يكثر وقوعها ويحصل الابتلاء بها	تقي الدين أبو العباس أحمد بن عبد الحليم بن عبد السلام بن عبد الله بن أبي القاسم بن محمد ابن تيمية الحراني الحنبلي الدمشقي (المتوفى: 728هـ)	ShamAY	2006	0.39584
		سيدي خليل وترجيحاته الفقهية من خلال مختصره دراسة مقارنة	دلشاد الزندي	ShamAY	33231	0.39582
		دعبل الخزاعي وشعره في الغدير	الشيخ عبد الحسين الأميني النجفي	Masaha	252	0.39582
		الرد على شبهات المستعينين بغير الله	أحمد بن إبراهيم بن حمد بن محمد بن حمد بن عبد الله بن عيسى (المتوفى: 1327ه)	Sham19Y	7625	0.39579
		موسوعة عبد الله بن عبّاس [ج ٧]	السيد محمد مهدي السيد حسن الموسوي الخرسان	Rafed	1183	0.39574
		تراجم موجزة للأعلام	موقع وزارة الأوقاف المصرية	Sham19Y	435	0.39573
		 مع الركب الحسيني 	 مجموعة مؤلفين 	ABLibrary	7745	0.39571
		القراءات وأثرها في علوم العربية	محمد محمد محمد سالم محيسن (المتوفى: 1422ه)	ShamelaY19	95569	0.3957
		الفوائد البديعية في فضائل الصحابة وذم الشيعة	أحمد فريد	ShamAY	33855	0.3957
		مناظرات [ج ٤]	الشيخ عبد الله الحسن	Rafed	213	0.39568
		الوَحشيَّات وهوَ الحمَاسَة الصُّغرى	حبيب بن أوس بن الحارث الطائي، أبو تمام: الشاعر، الأديب (المتوفى: 231هـ)	ShamAY	824	0.39565
		فرج المهموم - معرفة نهج الحلال من علم النجوم	السيد علي بن موسى بن طاووس	Masaha	1035	0.39564
		تخريج أحاديث فضائل الشام ودمشق لأبي الحسن علي بن محمد الربعي	أبو عبد الرحمن محمد ناصر الدين، بن الحاج نوح بن نجاتي بن آدم، الأشقودري الألباني (المتوفى: 1420هـ)	ShamAY	11737	0.39562
		التماس السعد في الوفاء بالوعد	شمس الدين أبو الخير محمد بن عبد الرحمن بن محمد السخاوي (المتوفى: 902هـ)	ShamAY	5675	0.39558
		شرح مشكل الوسيط	عثمان بن عبد الرحمن، أبو عمرو، تقي الدين المعروف بابن الصلاح (المتوفى: 643ه)	ShamelaY19	21525	0.39557
		فتوح الشام	محمد بن عمر بن واقد السهمي الأسلمي بالولاء، المدني، أبو عبد الله، الواقدي (المتوفى: 207هـ)	ShamAY	12045	0.39557
		التذكرة بأحوال الموتى وأمور الآخرة	أبو عبد الله محمد بن أحمد بن أبي بكر بن فرح الأنصاري الخزرجي شمس الدين القرطبي (المتوفى: 671هـ)	ShamAY	21536	0.39555
		الجنة والنار من الكتاب والسنة المطهرة	عبد الرحمن بن سعيد بن علي بن وهف القحطاني (المتوفى: 1422ه)	ShamelaY19	96461	0.39553
		مصطلح الحديث في سؤال وجواب	مصطفى العدوي	ShamAY	37286	0.39544
		حياة الصحابة	محمد يوسف بن محمد إلياس بن محمد إسماعيل الكاندهلوي (المتوفى: 1384هـ)	ShamAY	8528	0.39543
		تحقيق النصرة بتلخيص معالم دار الهجرة	المراغي، أبو بكر	ShamAY	38413	0.39542
		نقض رساله الحبل الوثيق في نصره الصديق للسيوطي	حسن حسيني آل مجدد شيرازي	Ghbook	7730	0.39542
		لا تخونوا الله والرسول	صباح علي البياتي	Masaha	387	0.3954
		حياة الصحابة	محمد يوسف بن محمد إلياس بن محمد إسماعيل الكاندهلوي (المتوفى: 1384ه)	Sham19Y	8528	0.39539
		 الرحلة المعينية 	 ماء العينين بن العتيق 	ABLibrary	9108	0.39536
		القبس في شرح موطأ مالك بن أنس	القاضي محمد بن عبد الله أبو بكر بن العربي المعافري الاشبيلي المالكي (المتوفى: 543ه)	ShamelaY19	122401	0.39533
		البناية شرح الهداية	أبو محمد محمود بن أحمد بن موسى بن أحمد بن حسين الغيتابى الحنفى بدر الدين العينى (المتوفى: 855هـ)	ShamAY	427	0.3953
		الديارات للشابشتي	أبو الحسن علي بن محمد، المعروف بالشابشتي (المتوفى: 388هـ)	ShamAY	589	0.39528
		تفسير البيان الصافي لكلام الله الوافي [ج ٥]	الشيخ محمد حسن القبيسي العاملي	Rafed	3760	0.39528
		حياة الإمام الحسين عليه السلام [ج ٣]	باقر شريف القرشي	Rafed	1622	0.39523
		علي هامش  الفتنة : جدل  الراي و النص في  القرن  الاول  الهجري	عبدالرزاق صالحي	Ghbook	14550	0.3952
		الدعوة الإصلاحية في بلاد نجد على يد الإمام محمد بن عبد الوهاب وأعلامها من بعده	عبد الله بن محمد بن عبد المحسن المطوع	ShamAY	7615	0.39518
		تاج العروس من جواهر القاموس - ط الفكر	محمّد بن محمّد بن عبد الرزّاق الحسيني، الملقّب بمرتضى الزَّبيدي (المتوفى: 1205هـ)	ShamAY	34693	0.39515
		اللحية بين الأخذ والإعفاء في ضوء عمل السلف النجباء	محمد بن خليفة الرباح	ShamAY	36673	0.39514
		قواعد التجويد على رواية حفص عن عاصم بن أبي النجود	عبد العزيز بن عبد الفتاح القارئ	ShamAY	11301	0.39514
		عمدة الكتاب لأبي جعفر النحاس	أبو جعفر النحاس أحمد بن محمد بن إسماعيل بن يونس المرادي النحوي (المتوفى: 338ه)	ShamelaY19	26803	0.39511
		الدعوة الإصلاحية في بلاد نجد على يد الإمام محمد بن عبد الوهاب وأعلامها من بعده	عبد الله بن محمد بن عبد المحسن المطوع	Sham19Y	7615	0.39506
		الإمام على عليه السلام في آراء الخلفاء	الشيخ مهدي فقيه إيماني	Rafed	1753	0.39505
		الروح الأمين في الصحيحين	أبو يوسف محمد زايد	ShamAY	35993	0.39501
		اليواقيت والضرب في تاريخ حلب	أبو الفداء عماد الدين إسماعيل بن علي بن محمود بن محمد ابن عمر بن شاهنشاه بن أيوب، الملك المؤيد، صاحب حماة (المتوفى: 732هـ)	ShamAY	465	0.39498
		طوالات الأخبار لأبي موسى المديني - مخطوط (ن)	محمد بن عمر بن أحمد بن عمر بن محمد الأصبهاني المديني، أبو موسى (المتوفى: 581هـ)	ShamAY	21646	0.39494
		أعيان الشيعة - الجزء1	السيد محسن الأمين	Masaha	1836	0.39494
		 وفاء الوفاء بأخبار دار المصطفى ( ص ) 	 نورالدين علي بن أحمد السمهودي 	ABLibrary	7885	0.39492
		البرهان في علوم القرآن [ج ١]	بدر الدين محمّد بن عبد الله الزّركشي	Rafed	2086	0.39492
		تاج العروس من جواهر القاموس	محمّد بن محمّد بن عبد الرزّاق الحسيني، أبو الفيض، الملقّب بمرتضى، الزَّبيدي (المتوفى: 1205هـ)	ShamAY	7030	0.39491
		المشوق إلى القراءة وطلب العلم	علي بن محمد بن حسين العِمران	ShamAY	12300	0.39477
		مسألة في الكنائس	تقي الدين أبو العباس أحمد بن عبد الحليم بن عبد السلام بن عبد الله بن أبي القاسم بن محمد ابن تيمية الحراني الحنبلي الدمشقي (المتوفى: 728ه)	Sham19Y	22651	0.39476
		 بحوث في الملل والنحل 	 الشيخ السبحاني 	ABLibrary	8360	0.39473
		بحار الأنوار [ج ٨]	الشيخ محمّد باقر بن محمّد تقي المجلسي	Rafed	526	0.39472
		الامام الحسين عليه السلام في بحار الانوار	سيد علي جمال أشرف	Ghbook	16505	0.39461
		أبو نعيم الأصبهاني وكتابه (حلية الأولياء)	سعيد الرقيب الغامدي	ShamAY	37249	0.39456
		الأخبار الطوال	أبو حنيفة أحمد بن داود الدينوري (المتوفى: 282هـ)	ShamAY	9760	0.39454
		المحتسب في تبيين وجوه شواذ القراءات والإيضاح عنها	أبو الفتح عثمان بن جني الموصلي (المتوفى: 392هـ)	ShamAY	8660	0.39451
		معجم أعلام شعراء المدح النبوي	محمد أحمد درنيقة	Sham19Y	23679	0.39446
		 سلسلة المسائل الفقهية 	 الشيخ السبحاني 	ABLibrary	9571	0.39446
		المهذب في فضائل الخلفاء الراشدين	علي بن نايف الشحود	ShamAY	35790	0.39432
		الحوادث الجامعة والتجارب النافعة في المائة السابعة	كمال الدين أبو الفضل عبد الرزاق بن أحمد بن محمد الصابوني المعروف بابن الفوطي (المتوفى: 723ه)	Sham19Y	400	0.3943
		العجاب في بيان الأسباب	أبو الفضل أحمد بن علي بن محمد بن أحمد بن حجر العسقلاني (المتوفى: 852هـ)	ShamAY	2102	0.39426
		ذيل مرآة الزمان	قطب الدين أبو الفتح موسى بن محمد اليونيني (المتوفى: 726 هـ)	ShamAY	12722	0.39425
		المحتسب في تبيين وجوه شواذ القراءات والإيضاح عنها	أبو الفتح عثمان بن جني الموصلي (المتوفى: 392ه)	Sham19Y	8660	0.39425
		تصحيح خطأ تاريخي حول الوهابية	محمد بن سعد الشويعر	ShamAY	9850	0.39424
		الشهادة الزكية في ثناء الأئمة على ابن تيمية	مرعي بن يوسف بن أبى بكر بن أحمد الكرمى المقدسي الحنبلى (المتوفى: 1033ه)	Sham19Y	6661	0.39424
		خطرة الطيف	أبي عبد الله محمّد بن عبد الله بن سعيد بن أحمد السلماني [ لسان الدين بن الخطيب ]	Rafed	2292	0.39423
		اتحاف السائل بمالفاطمه من المناقب و الفضائل	محمد بن محمد واعظ قلقشندي	Ghbook	9200	0.3942
		القول المبين في سيرة سيد المرسلين	محمد الطيب النجار (المتوفى: 1411هـ)	ShamAY	8530	0.39419
		المنهل القدسي في فضل آية الكرسي	الواحدي	ShamAY	36899	0.39417
		سبايا آل محمد صلي الله عليه وآله وسلم(دراسة في تاريخ سبي النساء وعلة إخراج الإما...	نبيل الحسني	Ghbook	15732	0.39406
		تسلية المُجالس وزينة المَجالس [ج ٢]	السيد محمد بن أبي طالب الحسيني الكركي الحائري	Rafed	159	0.394
		تاريخ بخارا	محمد بن جعفر النرشخي	Masaha	4565	0.39399
		العبّاس عليه السلام	السيد عبد الرزاق الموسوي المقرّم	Rafed	1554	0.3939
		رحلة ابن خلدون‏	عبد الرحمن بن محمد ابن خلدون	Masaha	3967	0.39389
		المدخل إلى الفقه الإسلامي وأصوله	الدكتور صلاح محمد أبو الحاج (المنسق) وأ. د. عبد الملك عبد الرحمن السعدي وأ. د. قحطان عبد الرحمن الدوري ود. محمد راكان الدغمي ود. سري إسماعيل الكيلاني	ShamAY	37532	0.39388
		دلالة الاقتران ووجه الاحتجاج بها عند الأصوليين	أبو عاصم الشحات شعبان محمود عبد القادر البركاتي المصري	ShamelaY19	96269	0.39384
		 نثر الدر المكنون من فضائل اليمن الميمون 	 محمد بن علي الإهدلي 	ABLibrary	9292	0.39381
		الموسوعة في صحيح السيرة النبوية - العهد المكي	أبو إبراهيم، محمد إلياس عبد الرحمن الفالوذة	ShamelaY19	123671	0.39377
		 غرر الأخبار ودرر الآثار في مناقب أبى الأئمة الأطهار ( ع ) 	 الحسن بن محمد الديلمي 	ABLibrary	7623	0.39374
		تاريخ بغداد أو مدينة السّلام [ج ٢٤]	مصطفى عبد القادر عطا	Rafed	2985	0.39373
		الثّاقب في المناقب	عماد الدين أبي جعفر محمّد بن علي الطوسي [ ابن حمزة ]	Rafed	760	0.39369
		وصية النبي صلّى الله عليه وآله	علي موسى الكعبي	Rafed	169	0.39364
		علي امامنا و امامكم ابوبكر	محمد رضي رضوي	Ghbook	7652	0.3936
		معجم أعلام شعراء المدح النبوي	محمد أحمد درنيقة	ShamelaY19	23679	0.39359
		نشر ألوية التشريف بالإعلام والتعريف بمن له ولاية عمارة ما سقط من البيت الشريف - سلسلة لقاء العشر الأواخر بالمسجد الحرام (24)	محمد علي بن محمد بن علان بن إبراهيم البكري الصديقي الشافعي (المتوفى: 1057 ه)	Sham19Y	17792	0.39354
		غرر الأخبار و درر الآثار في مناقب أبي الأئمة الأطهار(ع)	الشيخ حسن الديلمي	Masaha	2310	0.39351
		كتب أثنى عليها العلماء	عبد الإله الشايع	ShamAY	37632	0.39348
		 بحار الأنوار 	 العلامة المجلسي 	ABLibrary	763	0.39344
		 نهاية الارب في اخبار الفرس والعرب 	 مؤلف مجهول 	ABLibrary	8297	0.39339
		نثر الدرّ المكنون	السيد محمد بن علي الاهدلي الحسيني اليمني الازهري	Rafed	2557	0.39338
		القول المعروف في فضل المعروف - سلسلة لقاء العشر الأواخر بالمسجد الحرام (19)	مرعي بن يوسف بن أبى بكر بن أحمد الكرمى المقدسي الحنبلى (المتوفى: 1033 هـ)	ShamAY	32476	0.39336
		الآداب الشرعية والمنح المرعية	محمد بن مفلح بن محمد بن مفرج، أبو عبد الله، شمس الدين المقدسي الرامينى ثم الصالحي الحنبلي (المتوفى: 763ه)	ShamelaY19	21582	0.39333
		خاص الخاص	عبد الملك بن محمد بن إسماعيل أبو منصور الثعالبي (المتوفى: 429هـ)	ShamAY	7830	0.39333
		العلم لزهير بن حرب	أبو خيثمة زهير بن حرب النسائي (المتوفى: 234هـ)	ShamAY	7777	0.39324
		تاج العروس [ج ٥]	محبّ الدين أبي فيض السيد محمّد مرتضى الحسيني الواسطي الزبيدي الحنفي	Rafed	1496	0.39324
		مرآة العقول في شرح أخبار آل الرسول - الجزء1	العلامة المجلسي	Masaha	1364	0.39322
		موسوعه في ظلال شهداء الطف	حيدر الصمياني	Ghbook	15684	0.39314
		دَرْجُ الدُّرر في تَفِسيِر الآيِ والسُّوَر	أبو بكر عبد القاهر بن عبد الرحمن بن محمد الفارسي الأصل، الجرجاني الدار (المتوفى: 471هـ)	ShamAY	31694	0.39313
		فوائد أحمد بن عبدالله بن نصر بن بجير	أحمد بن عبد الله بن نصر بن بجير بن عبد الله بن صالح بن أسامة أبو العباس الذهلي (المتوفى: 322ه)	ShamelaY19	27099	0.39308
		معجم أعلام شعراء المدح النبوي	محمد أحمد درنيقة	ShamAY	23679	0.39306
		الامام علي ( عليه السلام ) في آراء الخلفاء	مهدي فقيه ايماني	Ghbook	7122	0.39303
		التعليقات والنوادر	أبو علي الهجري، هارون بن زكريا (المتوفى: نحو 300هـ)	ShamAY	664	0.393
		حديث السنة عن القرآن فضائل وأحكام وآداب	د. محمد بن عبد الله القناص	ShamAY	36641	0.39294
		رحلة ابن بطوطة المسماة تحفة النظار في غرائب الامصار وعجائب الأسفار	محمد بن عبد الله بن محمد بن إبراهيم اللواتي الطنجي، أبو عبد الله، ابن بطوطة (المتوفى: 779ه)	Sham19Y	12009	0.3929
		تعريب موسوعة عاشوراء	خليل زامل العصامي‏	Masaha	3120	0.39286
		عوالي الليث بن سعد	زين الدين أبو العدل قاسم بن قطلوبغا السودوني (نسبة إلى معتق أبيه سودون الشيخوني) الجمالي الحنفي (المتوفى: 879ه)	Sham19Y	5676	0.39285
		أخبار الوادي المبارك العقيق	محمد حسن شُرَّاب	ShamAY	38494	0.39282
		الشيعة في مسارهم التاريخي	السيد محسن الأمين	Masaha	2363	0.39282
		أحاديث الشاموخي	أبو علي الحسن بن علي بن محمد بن موسى الشاموخي (المتوفى: 443هـ)	ShamAY	8272	0.39281
		بحار الأنوار [ج ٩٧]	الشيخ محمّد باقر بن محمّد تقي المجلسي	Rafed	1285	0.39271
		كشف الحال في وصف الخال للصفدي	الواحدي :: الصفدي	ShamAY	36062	0.39269
		الثاقب في المناقب‏	ابن حمزة الطوسي	Masaha	1923	0.3926
		إتحاف الأحباب بما ثبت في مسألة الحجاب	عبد القادر بن حبيب الله السندي	ShamAY	4349	0.39258
		 تاريخ الخميس في أحوال أنفس النفيس 	 الشيخ حسين بن الحسن الريار بكري 	ABLibrary	7447	0.39254
		تحفة الإخوان بما جاء في الموالاة والمعاداة والحب والبغض والهجران	حمود بن عبد الله بن حمود بن عبد الرحمن التويجري (المتوفى: 1413هـ)	ShamAY	1263	0.39253
		حقيقة ما يُسمى زبور محمد والمطبوع على هيئة المصحف الشريف وكشف منسوبات أخرى	د. ناصر بن عبد الله القفاري	ShamAY	35678	0.39252
		نزهة النظر في توضيح نخبة الفكر في مصطلح أهل الأثر	أبو الفضل أحمد بن علي بن محمد بن أحمد بن حجر العسقلاني (المتوفى: 852هـ)	ShamAY	12115	0.3925
		 علم اليقين في أصول الدين 	 الفيض الكاشاني 	ABLibrary	8517	0.39249
		 فتوح الغيب 	 عبد القادر الجيلاني 	ABLibrary	8722	0.39242
		مسند الحميدي	أبو بكر عبد الله بن الزبير بن عيسى بن عبيد الله القرشي الأسدي الحميدي المكي (المتوفى: 219هـ)	ShamAY	8493	0.3924
		صيانه الآثار الاسلاميه	آيت الله العظمي جعفر سبحاني	Ghbook	5062	0.3924
		شرح التائية في القدر	محمد بن إبراهيم بن أحمد الحمد	ShamAY	35706	0.39235
		الرد على من ينكر حجية السنة (مطبوع مع كتاب دفاع عن السنة لأبي شهبة)	أبو الكمال - أو أبو الحسن - عبد الغني بن محمد عبد الخالق بن حسن بن مصطفى المصري القاهري (المتوفى: 1403هـ)	ShamAY	1174	0.39234
		مفهوم البدو الأعراب من السنة والكتاب		ShamAY	36990	0.39234
		 العوالم ، الإمام الحسين ( ع ) 	 الشيخ عبد الله البحراني 	ABLibrary	7614	0.39225
		آيات الغدير	مركز المصطفى	Masaha	22	0.39225
		أخبار النساء لابن الجوزي	جمال الدين أبو الفرج عبد الرحمن بن علي بن محمد الجوزي (المتوفى: 597ه) (منسوب خطأ في المطبوع لابن قيم الجوزية)	ShamelaY19	21563	0.39222
		الشعر والشعراء	أبو محمد عبد الله بن مسلم بن قتيبة الدينوري (المتوفى: 276هـ)	ShamAY	23785	0.39222
		رسالة في المتعتين	السيد علي الحسيني الميلاني	Masaha	284	0.39216
		قصص لا تثبت عن أئمة المذاهب الأربعة	عبد الله بن زقيل	ShamAY	35880	0.3919
		شرح عقيدة السلف وأصحاب الحديث - الراجحي	عبد العزيز بن عبد الله بن عبد الرحمن الراجحي	ShamelaY19	37012	0.39189
		اجتماع الجيوش الإسلامية على غزو المعطلة والجهمية	محمد بن أبي بكر أيوب الزرعي ابن القيم أبو عبد الله	ShamAY	34408	0.39188
		بحار الأنوار [ج ٧٥]	الشيخ محمّد باقر بن محمّد تقي المجلسي	Rafed	1097	0.39188
		أحاديث منتخبة من كتاب أمارات النبوة	إبراهيم بن يعقوب بن إسحاق السعدي الجوزجاني، أبو إسحاق (المتوفى: 259هـ)	ShamAY	4096	0.39187
		 موسوعة عاشوراء ( فرهنگ عاشورا ) 	 جواد محدثى ( تعريب : خليل زامل عصامى ) 	ABLibrary	7632	0.39183
		سيرة الشاب الصالح عبد الرحمن بن سعيد بن علي بن وهف القحطاني رحمه الله تعالى (1403 هـ - 1422 هـ) - ونبذة من سيرة شقيقه الصغير الصالح عبد الرحيم رحمه الله تعالى (1410 هـ - 1422 هـ)	د. سعيد بن علي بن وهف القحطاني	ShamAY	1845	0.39182
		الدرر المنتثرة في الأحاديث المشتهرة	عبد الرحمن بن أبي بكر، جلال الدين السيوطي (المتوفى: 911ه)	ShamelaY19	21542	0.3918
		فقه الإسلام «شرح بلوغ المرام من جمع أدلة الأحكام»	عبد القادر شيبة الحمد	Sham19Y	143640	0.3918
		الدراية في بيان ضوابط نقد الرواية عند الصحابة	أبو ذر عبد القادر بن مصطفى بن عبد الرزاق المحمدي	ShamAY	31816	0.39172
		زاد المعاد في هدي خير العباد	محمد بن أبي بكر بن أيوب بن سعد شمس الدين ابن قيم الجوزية (المتوفى: 751هـ)	ShamAY	21713	0.3917
		محاضرات في علوم القرآن - غانم قدورى	أبو عبد الله غانم بن قدوري بن حمد بن صالح، آل موسى فَرَج الناصري التكريتي	ShamAY	1436	0.39165
		مختصر المؤمل في الرد إلى الأمر الأول	أبو القاسم شهاب الدين عبد الرحمن بن إسماعيل بن إبراهيم المقدسي الدمشقي المعروف بأبي شامة (المتوفى: 665ه)	Sham19Y	6299	0.39163
		البيان الجلي في افضليه مولي المومنين علي عليه السلام 	عيدروس بن احمد السقاف ابن رويش اندونيسي	Ghbook	8351	0.39162
		مواهب الجليل في شرح مختصر خليل	شمس الدين أبو عبد الله محمد بن محمد بن عبد الرحمن الطرابلسي المغربي، المعروف بالحطاب الرُّعيني المالكي (المتوفى: 954هـ)	ShamAY	569	0.39161
		تفسير النعماني اورساله المحكم و المتشابه	محمد بن ابراهيم نعماني	Ghbook	13999	0.39158
		مطاعن سيد قطب في أصحاب رسول الله صلى الله عليه وسلم	ربيع بن هادي المدخلي	ShamAY	33007	0.39157
		توثيق السنة النبوية ملامح عن منهجه، ودلائله، ومظاهره	عبد الله الرحيلي	ShamAY	34030	0.39157
		رحلة ابن بطوطة المسماة تحفة النظار في غرائب الامصار وعجائب الأسفار	محمد بن عبد الله بن محمد بن إبراهيم اللواتي الطنجي، أبو عبد الله، ابن بطوطة (المتوفى: 779هـ)	ShamAY	12009	0.39154
		 عقائد الإمامية الإثني عشرية 	 السيد ابراهيم الموسوي الزنجانى النجفي 	ABLibrary	8513	0.39154
		بحوث في فقه الرجال	علي علامه فاني اصفهاني	Ghbook	7078	0.39145
		مرويات السيرة النبوية بين قواعد المحدثين وروايات الأخباريين	أكرم بن ضياء العمري	ShamAY	11392	0.39144
		 موسوعة التاريخ الإسلامي 	 الشيخ محمد هادي اليوسفي الغروي 	ABLibrary	7855	0.39144
		بحار الأنوار [ج ٩٢]	الشيخ محمّد باقر بن محمّد تقي المجلسي	Rafed	1187	0.39143
		ديوان الأحكام الكبرى أو الإعلام بنوازل الأحكام وقطر من سير الحكام	عيسى بن سهل بن عبد الله الأسدي الجياني القرطبي الغرناطي أبو الأَصْبَغ (المتوفى: 486هـ)	ShamAY	32018	0.39139
		تحقيق التجريد في شرح كتاب التوحيد	عبد الهادي [هادي] بن محمد بن عبد الهادي [هادي] بن بكري بن محمد بن مهدي بن موسى بن جعثم بن عجيل (العجيلي) (المتوفى: ق 13هـ)	ShamAY	12001	0.39126
		دراسات في السنة النبوية	محمد ضياء الرحمن الأعظمي	ShamelaY19	23071	0.39125
		الإعلام بنوازل الأحكام	أبو الإصبع عيسى بن سهل	ShamAY	34231	0.39121
		المنهل المأهول بالبناء للمجهول لأبي الخير محمد بن ظهيرة: تحقيق ودراسة	مُحَمَّد خير الدّين أَو قطب الدّين أَبُو الْخَيْر بن الْجمال أبي السُّعُود بن أبي البركات بن أبي السُّعُود الْقرشِي الشَّافِعِي بن ظهيرة (المتوفى: نحو 910هـ)	ShamAY	8959	0.3912
		محاضرات في علوم القرآن - غانم قدورى	أبو عبد الله غانم بن قدوري بن حمد بن صالح، آل موسى فرج الناصري التكريتي	Sham19Y	12917	0.3912
		شد الأثواب في سد الأبواب للسيوطي	الواحدي :: السيوطي	ShamAY	36179	0.39114
		أحكام تمني الموت (مطبوع ضمن مؤلفات الشيخ محمد بن عبد الوهاب، الجزء الثالث)	محمد بن عبد الوهاب بن سليمان التميمي النجدي (المتوفى: 1206ه)	Sham19Y	7489	0.39113
		تفسير حدائق الروح والريحان في روابي علوم القرآن	الشيخ العلامة محمد الأمين بن عبد الله الأرمي العلوي الهرري الشافعي	ShamAY	32250	0.3911
		اجتماع الجيوش الإسلامية على غزو المعطلة والجهمية ـ ط ابن تيمية	الواحدي :: ابن القيم	ShamAY	33845	0.39102
		شرح نهج البلاغة - الجزء1	ابن ابي الحديد	Masaha	2790	0.391
		المصنف لعبد الرزاق الصنعاني - ط التأصيل	عبد الرزاق بن همام الصنعاني	ShamAY	38048	0.39097
		تذكرة الموضوعات للفتني	محمد طاهر بن علي الصديقي الهندي الفَتَّنِي (المتوفى: 986هـ)	ShamAY	12738	0.39097
		موسوعة عبد الله بن عباس - الجزء1	السيد محمد مهدي الخرسان	Masaha	456	0.39097
		مصارع الشهداء ومقاتل السعداء	الشيخ سلمان آل عصفور	Masaha	1749	0.39089
		شرح حديث النزول	تقي الدين أبو العباس أحمد بن عبد الحليم بن عبد السلام بن عبد الله بن أبي القاسم بن محمد ابن تيمية الحراني الحنبلي الدمشقي (المتوفى: 728هـ)	ShamAY	11258	0.39083
		جزء بكر بن بكار - مطبوع ضمن جمهرة الأجزاء الحديثية	بَكْرُ بنُ بَكَّارٍ أَبُو عَمْرٍو القَيْسِيُّ البَصْرِيُّ (المتوفى: 207هـ)	ShamAY	11475	0.39082
		مختصر سيرة الرسول - مطابع الرياض	الواحدي :: محمد بن عبد الوهاب	ShamAY	34442	0.39082
		الرد على من أنكر رفع اليدين في الدعاء	الواحدي :: ابن ناصر الدين الدمشقي	ShamAY	34292	0.3908
		عمدة الكتاب لأبي جعفر النحاس	أبو جعفر النَّحَّاس أحمد بن محمد بن إسماعيل بن يونس المرادي النحوي (المتوفى: 338هـ)	ShamAY	26803	0.3908
		الدرر السنية في دراسة المقدمة الآجرومية	أبو بكر ماهر بن عبد الوهاب علوش	ShamAY	37049	0.39079
		تجدد المسرات بالقسم بين الزوجات	حسن بن عمار بن علي الشرنبلالي المصري الحنفي (المتوفى: 1069ه)	ShamelaY19	96852	0.39077
		المنتخب من وصايا الآباء للأبناء	وائل حافظ خلف	Sham19Y	12774	0.39077
		منهج في الانتماء المذهبي	صائب عبد الـحميد	Masaha	446	0.39072
		التنكيل بما في توضيح المليباري من الأباطيل	ربيع بن هادي المدخلي	ShamAY	33010	0.3907
		الفتن لحنبل بن إسحاق	أبو علي حنبل بن إسحاق بن حنبل بن هلال بن أسد الشيباني (المتوفى: 273هـ)	ShamAY	13046	0.39069
		الذّريعة إلى تصانيف الشّيعة [ج ٢٦]	الشيخ آقا بزرك الطهراني	Rafed	511	0.39064
		موسوعة الأخلاق والزهد والرقائق	ياسر عبد الرحمن	ShamelaY19	96918	0.39062
		موسوعة الأخلاق والزهد والرقائق	ياسر عبد الرحمن	Sham19Y	96918	0.3906
		خطرة الطيف رحلات في المغرب والأندلس‏	محمد بن عبد الله بن الخطيب	Masaha	4506	0.3906
		مصادر نهج البلاغه و اسانيد	سيد عبدالزهراء الحسيني الخطيب	Ghbook	15833	0.39058
		الرعايه في علم الدرايه	شيخ زين الدين عاملي شهيد ثاني	Ghbook	7059	0.39052
		زوجات النبي(ص)	سعيد أيوب	Masaha	294	0.39049
		القراءات وأثرها في علوم العربية	محمد محمد محمد سالم محيسن (المتوفى: 1422هـ)	ShamAY	1555	0.39048
		حقوق آل البيت عليهم السلام في الكتاب و السنه باتفاق الامه	محمد حسين حاج عاملي	Ghbook	7130	0.39046
		 بحار الأنوار 	 العلامة المجلسي 	ABLibrary	768	0.39045
		بحار الأنوار [ج ٥]	الشيخ محمّد باقر بن محمّد تقي المجلسي	Rafed	516	0.39041
		عشاريات السيوطي	عبد الرحمن بن أبي بكر، جلال الدين السيوطي (المتوفى: 911هـ)	ShamAY	30315	0.3904
		العباب الزاخر واللباب الفاخر	رضي الدين الحسن بن محمد بن الحسن بن حيدر العدوي العمري القرشي الصغاني الحنفي (المتوفى: 650هـ)	ShamAY	761	0.39039
		دور البصرة في نشأة الدراسات النحوية وتطورها مرحلة النشأة حتى الخليل بن احمد	الأستاذ عبد الحسين المبارك	ShamAY	37205	0.39039
		موسوعة الأخلاق والزهد والرقائق	ياسر عبد الرحمن	ShamAY	2038	0.39038
		تاريخ سني ملوك الأرض والأنبياء عليهم الصلاة والسلام	حمزة بن الحسن الأصفهاني (المتوفى: 360 هـ)	ShamAY	33836	0.39037
		 موسوعة تاريخ العراق بين احتلالين 	 عباس العزاوي المحامي 	ABLibrary	9256	0.39035
		مهمات حول الجهاد	صالح الفوزان	ShamAY	31295	0.39034
		تاريخ الإسلام ووفيات المشاهير والأعلام [ج ٥٢]	شمس الدين محمّد بن أحمد بن عثمان الذّهبي	Rafed	3665	0.39032
		الدعاء للضبي	أبو عبد الرحمن محمد بن فضيل بن غزوان بن جرير الضبي مولاهم الكوفي (المتوفى: 195هـ)	ShamAY	23102	0.3903
		المقتفى من سيرة المصطفى صلى الله عليه وسلم	الحسن بن عمر بن الحسن بن حبيب، أبو محمد، بدر الدين الحلبي (المتوفى: 779ه)	Sham19Y	6582	0.3903
		 خطرة الطيف ( رحلات في المغرب والأندلس ) 	 لسان الدين ابن الخطيب 	ABLibrary	9053	0.39028
		أمالي السيد المرتضى *	الشريف المرتضى	ShamAY	34519	0.39024
		فقه الإسلام «شرح بلوغ المرام من جمع أدلة الأحكام»	عبد القادر شيبة الحمد	ShamelaY19	143640	0.39015
		عدة الصابرين وذخيرة الشاكرين - ط عالم الفوائد	ابن القيم	ShamAY	38389	0.39014
		جامع الأخبار	الشيخ محمّد بن محمّد السبزواري	Rafed	407	0.39014
		علم اليقين في أصول الدين [ج ٢]	محمّد بن المرتضى [ الفيض الكاشاني ]	Rafed	3444	0.39013
		المجموع في ترجمة العلامة المحدث الشيخ حماد بن محمد الأنصاري (رحمه الله)	عبد الأول بن حماد الأنصاري	Sham19Y	7467	0.39009
		في رحاب الزياره الجامعه الكبيره	محمد السند	Ghbook	8408	0.39008
		الحاوي للفتاوي في الفقه وعلوم التفسير والحديث والأصول والنحو والإعراب وسائر الفنون	جلال الدين عبد الرحمن بن أبي بكر السيوطي	ShamAY	34351	0.39003
		بحار الأنوار [ج ١٠٠]	الشيخ محمّد باقر بن محمّد تقي المجلسي	Rafed	1416	0.39002
		إثارة التّرغيب والتّشويق إلى المساجد الثّلاثة والبيت العتيق	محمّد بن إسحاق الخوارزمي	Rafed	2013	0.39001
		مشيخة ابن حذلم	أبو الحسن القاضي أحمد بن سليمان بن أيوب بن داود بن عبد الله بن حذلم الأسدي الدمشقي الأوزاعي (المتوفى: 347ه)	ShamelaY19	29933	0.39
		فضائل الصحابة - محمد حسن عبد الغفار	محمد حسن عبد الغفار	Sham19Y	37678	0.39
		المجموع في ترجمة العلامة المحدث الشيخ حماد بن محمد الأنصاري (رحمه الله)	عبد الأول بن حماد الأنصاري	ShamAY	7467	0.38996
		مواقف العلماء عبر العصور في الدعوة إلى الله تعالى	د. سعيد بن علي بن وهف القحطاني	ShamelaY19	96531	0.38987
		شبهات القرآنيين	عثمان بن معلم محمود بن شيخ علي	Sham19Y	11242	0.38986
		السجاد علي عليه السلام 	حسين شاكري	Ghbook	6364	0.38984
		إرشاد المهتدين إلى نصرة المجتهدين	الواحدي :: السيوطي	ShamAY	37497	0.38983
		المحرّر الوجيز في تفسير الكتاب العزيز [ج ٣]	أبي محمّد عبدالحقّ بن غالب بن عطيّة الأندلسي	Rafed	3297	0.38973
		 موسوعة الفقه الإسلامي طبقا لمذهب أهل البيت ( ع ) 	 مؤسسة دائرة معارف الفقه الاسلامي 	ABLibrary	9649	0.38968
		فصل الخطاب في سيرة ابن الخطاب	علي محمد محمد الصلابي	ShamAY	35787	0.38967
		غريب القرآن في شعر العرب ((مسائل نافع بن الأزرق لعبد الله بن عباس - رضي الله عنه وعن أبيه))	عن الصحابي عبد الله بن عباس بن عبد المطلب القرشي الهاشمي، أبو العباس (المتوفى: 68ه) - رضي الله عنهما	ShamelaY19	23622	0.38965
		روضة التقرير في اختلاف القراءات بين الإرشاد والتيسير	علي بن أبي محمد بن أبي سعد بن الحسن الواسطي المعروف بالديواني (663 - 743 ه)	ShamelaY19	145211	0.38962
		الشهادة الزكية في ثناء الأئمة على ابن تيمية	مرعي بن يوسف بن أبى بكر بن أحمد الكرمى المقدسي الحنبلى (المتوفى: 1033هـ)	ShamAY	6661	0.38958
		الحوادث الجامعة والتجارب النافعة في المائة السابعة	كمال الدين أبو الفضل عبد الرزاق بن أحمد بن محمد الصابوني المعروف بابن الفوطي (المتوفى: 723هـ)	ShamAY	400	0.38958
		المهذب فيما وقع في القرآن من المعرب - العلمية	أبو الفضل جلال الدين عبد الرحمن أبي بكر السيوطي	ShamAY	34093	0.38958
		الدرر المنتثرة في الأحاديث المشتهرة	عبد الرحمن بن أبي بكر، جلال الدين السيوطي (المتوفى: 911ه)	Sham19Y	21542	0.38958
		العقائد الإسلامية - الجزء1	مركز المصطفى	Masaha	370	0.38958
		زواج ام كلثوم ( الزواج اللغز ) : قراءه في نصوص زواج عمر من ام كلثوم بنت علي عليه...	علي شهرستاني	Ghbook	16156	0.38955
		فتح الوهاب في حكم اتخاذ المحراب	يحي الحجوري	ShamAY	36194	0.38953
		كنوز في الرقية والطب النبوي	أبو أحمد كمال مختار إسماعيل	ShamAY	34907	0.38952
		الزهد لأبي حاتم	محمد بن إدريس بن المنذر بن داود بن مهران الحنظلي الرازي (المتوفى: 277هـ)	ShamAY	3525	0.38947
		ردود أهل العلم على الطاعنين في حديث السحر وبيان بُعد محمد رشيد رضا عن السلفية	أَبِو عَبد الرَّحمَن مُقْبلُ بنُ هَادِي بنِ مُقْبِلِ بنِ قَائِدَةَ (اسم رجل) الهَمْدَاني الوادعِيُّ (المتوفى: 1422هـ)	ShamAY	2000	0.38937
		مستدرك الوسائل [ج ٨]	الشيخ حسين النوري الطبرسي [ المحدّث النوري ]	Rafed	1150	0.38934
		منهج الإمام مسلم في ترتيب كتابه الصحيح ودحض شبهات حوله	ربيع بن هادي المدخلي	ShamAY	37307	0.3893
		كنز الكتاب ومنتخب الآداب (السفر الأول من النسخة الكبرى)	أبو إسحاق إبراهيم بن أبي الحسن الفهري المعروف بالبونسي (651ه)	Sham19Y	13666	0.38929
		الموطأ برواية سويد الحدثاني - ط الغرب الإسلامي	الإمام مالك بن أنس (179 هـ)	ShamAY	33923	0.38928
		استواء الله على العرش بين تسليم السلف وتأويل الخلف	أبو رملة محمد المنصور إبراهيم	ShamAY	35455	0.38927
		فوات الوفيات	محمد بن شاكر بن أحمد بن عبد الرحمن بن شاكر بن هارون بن شاكر الملقب بصلاح الدين (المتوفى: 764هـ)	ShamAY	1003	0.38922
		الرسالة المحمدية	السيد سليمان الندوي الحسيني (المتوفى: 1373هـ)	ShamAY	9821	0.3892
		الأدلة الشرعية في إثبات صرع الشيطان للإنسان والرد على المنكرين	صالح الرقب	ShamAY	36505	0.38913
		مصارع الشهداء ومقاتل السعداء	الشيخ سلمان بن عبد الله آل عصفور	Rafed	278	0.3891
		أزمة الخلافة والإمامة وآثارها المعاصرة	د. أسعد القاسم	Masaha	76	0.38907
		اللباب في الجمع بين السنة والكتاب	جمال الدين أبو محمد علي بن أبي يحيى زكريا بن مسعود الأنصاري الخزرجي المنبجي (المتوفى: 686هـ)	ShamAY	6226	0.38902
		نشر ألوية التشريف بالإعلام والتعريف بمن له ولاية عمارة ما سقط من البيت الشريف - سلسلة لقاء العشر الأواخر بالمسجد الحرام (24)	محمد علي بن محمد بن علان بن إبراهيم البكري الصديقي الشافعي (المتوفى: 1057 هـ)	ShamAY	32479	0.38899
		الجزيره الخضراء عرض و نقد	نجم الدين طبسي	Ghbook	12930	0.38896
		مواقف الصحابة - رضي الله عنهم - في الدعوة إلى اللَّه تعالى	د. سعيد بن علي بن وهف القحطاني	ShamAY	1894	0.38894
		 قضايا اميرالمومنين عليه السلام 	ابي اسحاق ابراهيم بن هاشم الكوفي القمي	Ghbook	16057	0.38893
		غريب القرآن في شعر العرب ((مسائل نافع بن الأزرق لعبد الله بن عباس - رضي الله عنه وعن أبيه))	عن الصحابي عبد الله بن عباس بن عبد المطلب القرشي الهاشمي، أبو العباس (المتوفى: 68ه) - رضي الله عنهما	Sham19Y	23622	0.38883
		مسائل خاصة بالمرأة	رقية بنت محمد المحارب	ShamAY	7793	0.3888
		أخبار النساء لابن الجوزي	جمال الدين أبو الفرج عبد الرحمن بن علي بن محمد الجوزي (المتوفى: 597هـ) (منسوب خطأ في المطبوع لابن قيم الجوزية)	ShamAY	1509	0.38877
		المختار من كتاب اللهو والملاهي	أبو القاسم عبيد الله بن عبد الله المعروف بابن خرداذبة (المتوفى: نحو 280هـ)	ShamAY	785	0.38875
		تفسير سفيان الثوري	أبو عبد الله سفيان بن سعيد بن مسروق الثوري الكوفي (المتوفى: 161هـ)	ShamAY	2229	0.38871
		ألفية ابن مالك منهجها وشروحها	غريب عبد المجيد نافع	ShamelaY19	22756	0.38869
		الإسعاف من إغاثة السقاف		ShamAY	35463	0.38866
		المعجم الصغير لرواة الإمام ابن جرير الطبري	أكرم بن محمد زيادة الفالوجي الأثري	ShamelaY19	29982	0.38863
		اهل البيت عليهم السلام في مصر	عدة من الباحثين	Ghbook	9168	0.38858
		شرح صحيح البخاري للحويني	أبو إسحاق الحويني الأثري حجازي محمد شريف	ShamAY	2082	0.38857
		الإمام مسلم وصحيحه	عبد المحسن بن حمد بن عبد المحسن بن عبد الله بن حمد العباد البدر	Sham19Y	8775	0.38856
		ديوان المعاني	أبو هلال الحسن بن عبد الله بن سهل بن سعيد بن يحيى بن مهران العسكري (المتوفى: نحو 395هـ)	ShamAY	6909	0.3885
		كشف الخفاء ومزيل الإلباس	إسماعيل بن محمد بن عبد الهادي الجراحي العجلوني الدمشقي، أبو الفداء (المتوفى: 1162ه)	Sham19Y	9576	0.38849
		مقدمة في أصول التفسير لابن تيمية	تقي الدين أبو العباس أحمد بن عبد الحليم بن عبد السلام بن عبد الله بن أبي القاسم بن محمد ابن تيمية الحراني الحنبلي الدمشقي (المتوفى: 728هـ)	ShamAY	12081	0.38844
		المطهر المقدسي ومنهجه التاريخي في كتاب البدء والتاريخ	محمد البساطي	ShamAY	37136	0.38844
		مجموع رسائل الحافظ ابن رجب الحنبلي	زين الدين عبد الرحمن بن أحمد بن رجب بن الحسن، السلامي، البغدادي، ثم الدمشقي، الحنبلي (المتوفى: 795ه)	ShamelaY19	95735	0.38832
		علم التخريج ودوره في خدمة السنة النبوية - عبد الغفور البوشلي	عبد الغفور بن عبد الحق حسين بر البلوشي	Sham19Y	11296	0.38831
		إجابة الدعوة وشروطها	إبراهيم بن علي بن عبيد العبيد	ShamAY	32140	0.38829
		منهاج الكرامة في معرفة الإمامة	الحسن بن يوسف بن علي المطّهر [ العلامة الحلّي ]	Rafed	3540	0.38828
		تصحيح العمدة للإمام الزركشي	الزركشي، بدر الدين	ShamAY	37374	0.38826
		 الذريعة 	 آقا بزرگ الطهراني 	ABLibrary	852	0.38824
		الخصائص الكبرى	عبد الرحمن بن أبي بكر، جلال الدين السيوطي (المتوفى: 911ه)	Sham19Y	6590	0.38823
		العلم .. فضله وكيفية طلبه		ShamAY	35199	0.38814
		الشيخ محمد بن عبد الوهاب في مرآة علماء الشرق والغرب	محمود مهدي الإستانبولي (المتوفى: 1420هـ)	ShamAY	7668	0.38814
		الحاشية على من لا يحضره الفقيه	الشيخ البهائي	Masaha	1139	0.38814
		شرح صحيح البخاري للحويني	أبو إسحاق الحويني الأثري حجازي محمد شريف	Sham19Y	2082	0.38811
		تسلية الأعمى عن بلية العمى	علي بن (سلطان) محمد، أبو الحسن نور الدين الملا الهروي القاري (المتوفى: 1014هـ)	ShamAY	11092	0.38809
		تراثنا ـ العدد [ 37 ]	مؤسسة آل البيت عليهم السلام لإحياء التراث ـ قم	Rafed	2790	0.38803
		الخصائص الكبرى	عبد الرحمن بن أبي بكر، جلال الدين السيوطي (المتوفى: 911هـ)	ShamAY	6590	0.38799
		كنز الكتاب ومنتخب الآداب (السفر الأول من النسخة الكبرى)	أبو إسحاق إبراهيم بن أبي الحسن الفهري المعروف بالبونسي (651هـ)	ShamAY	31931	0.38799
		جزء علي بن محمد الحِمْيَري	علي بن محمد بن هارون بن زياد بن عبد الرحمن الحِمْيَري (المتوفى: 323هـ)	ShamAY	9212	0.38798
		عقائد الإماميّة الإثنى عشريّة [ج ١]	السيد إبراهيم الموسوي الزنجاني	Rafed	3537	0.3879
		القول المبين عن وجوب مسح الرّجلين	الشيخ القاضي أبي الفتح محمد بن علي الكراجكي	Masaha	379	0.38784
		تجدد المسرات بالقسم بين الزوجات	حسن بن عمار بن علي الشرنبلالي المصري الحنفي (المتوفى: 1069هـ)	ShamAY	2013	0.38782
		دراسات في السنة النبوية	محمد ضياء الرحمن الأعظمي	ShamAY	23071	0.38781
		الإحتجاج [ج ١-٢]	أبي منصور أحمد بن علي بن أبي طالب الطبرسي	Rafed	1121	0.38781
		مشروع رد الشبهات المثارة حول الامام الحسين عليه السلام ونهضته المباركة	شعبه التحقيق في قسم الشوون الفكريه والثقافيه في العتبه الحسينيه المقدسه	Ghbook	15407	0.38779
		حقيقة التشيع ونشأته	الأستاذ صباح البياتي	Masaha	238	0.38773
		كشف الخفاء ومزيل الإلباس	إسماعيل بن محمد بن عبد الهادي الجراحي العجلوني الدمشقي، أبو الفداء (المتوفى: 1162هـ)	ShamAY	9576	0.38772
		شأن الدعاء	أبو سليمان حمد بن محمد بن إبراهيم بن الخطاب البستي المعروف بالخطابي (المتوفى: 388هـ)	ShamAY	1624	0.38769
		 بحار الأنوار 	 العلامة المجلسي 	ABLibrary	781	0.38769
		أشهد أنّ عليّاً وليّ الله بين الشرعيّة والابتداع	السيد علي الشهرستاني	Rafed	3847	0.38768
		فضائل الصحابة - محمد حسن عبد الغفار	محمد حسن عبد الغفار	ShamAY	715	0.38765
		المراد الشرعي بالجماعة وأثر تحقيقه في إثبات الهوية الإسلامية أمام عولمة الإرهاب	صالح بن عبد الله العبود	ShamAY	33444	0.38762
		تاريخ مملكة الأغالبة	ابن وردان أو ابن أبي وردان	ShamAY	37131	0.38761
		 مقاتل الطالبيين ( فرزندان ابو طالب ) ( فارسي ) 	 أبي الفرج الأصفهاني ( مترجم : جواد فاضل ) 	ABLibrary	7770	0.38761
		إيضاح الوقف والابتداء	محمد بن القاسم بن محمد بن بشار، أبو بكر الأنباري (المتوفى: 328ه)	Sham19Y	14255	0.38754
		صَحِيحُ الأثَر وجَمَيلُ العبر من سيرة خير البشر (صلى الله عليه وسلم)	محمد بن صامل السلمي	ShamAY	31716	0.38752
		أشهد أنّ عليّاً ولي الله	السيد علي الشهرستاني	Rafed	440	0.38752
		نهاية الأرب في أخبار الفرس والعرب	مجهول من أهل القرن الثاني الهجري	ShamAY	33835	0.38745
		بر الوالدين للبخاري - ط البخاري ت الشرقاوي	أبو عبد الله محمد بن إسماعيل البخاري	ShamAY	38121	0.38744
		الآداب الشرعية والمنح المرعية	محمد بن مفلح بن محمد بن مفرج، أبو عبد الله، شمس الدين المقدسي الرامينى ثم الصالحي الحنبلي (المتوفى: 763هـ)	ShamAY	21582	0.38742
		الأرج المسكي في التاريخ المكي وتراجم الملوك والخلفاء	علي بن عبد القادر الطبري	Masaha	4487	0.38739
		تنزيه الأصحاب عن تنقص أبي تراب	حمود بن عبد الله بن حمود بن عبد الرحمن التويجري (المتوفى: 1413هـ)	ShamAY	23067	0.38737
		بناء القبور و زيارتها: رويه شرعيه	عباسعلي زارعي سبزواري	Ghbook	10924	0.38732
		 الذريعة 	 آقا بزرگ الطهراني 	ABLibrary	868	0.38726
		قبسات من حياة النبي صلي الله عليه و آله و اهل بيته عليهم السلام	حيدرعبدالكريم غدير	Ghbook	10935	0.38724
		الخلاصة في بيان رأي شيخ الإسلام ابن تيمية بالرافضة	علي بن نايف الشحود	ShamAY	35264	0.38718
		روضه المتقين	ملا محمدتقي علامه مجلسي اول	Ghbook	2442	0.38708
		جزء فيه من حديث علي بن عاصم عن شيوخه - مخطوط		ShamAY	32820	0.38707
		فضائل الصحابة - محمد حسن عبد الغفار	محمد حسن عبد الغفار	ShamelaY19	37678	0.38705
		شرح زيارة عاشوراء	عبدالرسول النوري الفيروزكوهي [ الفاضل المازندراني ]	Rafed	2628	0.38704
		أدب الطّف أو شعراء الحسين عليه السلام [ج ٤]	جواد شبّر	Rafed	365	0.38703
		الدرر المنتثرة في الأحاديث المشتهرة	عبد الرحمن بن أبي بكر، جلال الدين السيوطي (المتوفى: 911هـ)	ShamAY	21542	0.38701
		 الكوثر في أحوال فاطمة بنت النبي الأعظم ( ع ) 	 السيد محمد باقر الموسوي 	ABLibrary	7690	0.38697
		معاني القرآن للنحاس	أبو جعفر النحاس أحمد بن محمد (المتوفى: 338هـ)	ShamAY	940	0.38693
		الأعلاق الخطيرة في ذكر أمراء الشام و الجزيرة	ابن شداد، عز الدين أبو عبد الله محمد بن علي بن إبراهيم الأنصاري الحلبي (المتوفى: 684هـ)	ShamAY	758	0.38692
		التذكرة في أحوال الموتى وأمور الآخرة - ط العلمية	الواحدي :: القرطبي، شمس الدين	ShamAY	33749	0.3869
		احاديث ام المومنين عائشة	مرتضي عسكري	Ghbook	10417	0.38689
		 لله وللحقيقة ( رد على كتاب لله ثم للتاريخ ) 	 الشيخ علي آل محسن 	ABLibrary	8581	0.38688
		مصادقة الإخوان‏	الشيخ الصدوق	Masaha	4673	0.38687
		دروس في شرح البيقونية - سعد الحميد	سعد بن عبد الله بن عبد العزيز آل حميد	ShamelaY19	95663	0.38686
		الجانب العاطفي في شخصية عمر بن الخطاب رضي الله عنه قبل خلافته	إبراهيم عبد الفتاح المتناوي	ShamAY	35874	0.38684
		 رياض الأبرار في مناقب الأئمة الأطهار ( ع ) 	 السيد نعمة الله الجزائري 	ABLibrary	7539	0.38682
		الذّريعة إلى تصانيف الشّيعة [ج ٨]	الشيخ آقا بزرك الطهراني	Rafed	449	0.3868
		القبض ، بين البدعه و السنه	آيت الله العظمي جعفر سبحاني	Ghbook	5052	0.38671
		التصنيف في مصطلح الحديث بين مدرستي الحديث والفقه	أبو ذر عبد القادر بن مصطفى بن عبد الرزاق المحمدي	ShamAY	31659	0.3867
		عرف الطيب من اخبار مكة و مدينة الحبيب	ابن جزري ( پدر ) ، ابوالخير شمس الدين محمد بن محمد ( صاحب "طيبه النشر في القراءات العشر" - شافعي مذهب )	Ghbook	9212	0.38668
		كتاب الرؤيا	حمود بن عبد الله بن حمود بن عبد الرحمن التويجري (المتوفى: 1413هـ)	ShamAY	1008	0.38656
		الأنكحة الفاسدة والمختلف فيها (دراسة فقهية مقارنة)	عبد الرحمن الأهدل	ShamAY	36608	0.38655
		 بحار الأنوار 	 العلامة المجلسي 	ABLibrary	790	0.38654
		علم التخريج ودوره في خدمة السنة النبوية - عبد الغفور البوشلي	عبد الغفور بن عبد الحق حسين بر البلوشي	ShamAY	11296	0.38652
		المقتفى من سيرة المصطفى صلى الله عليه وسلم	الحسن بن عمر بن الحسن بن حبيب، أبو محمد، بدر الدين الحلبي (المتوفى: 779هـ)	ShamAY	6582	0.38637
		استنطاق آية الغار و إشكالية التنصيص الحديثي بين التثنية و التثليث	نبيل الحسني	Ghbook	15730	0.38637
		الزهد والرقائق لابن المبارك (يليه «مَا رَوَاهُ نُعَيْمُ بْنُ حَمَّادٍ فِي نُسْخَتِهِ زَائِدًا عَلَى مَا رَوَاهُ الْمَرْوَزِيُّ عَنِ ابْنِ الْمُبَارَكِ فِي كِتَابِ الزُّهْدِ» )	أبو عبد الرحمن عبد الله بن المبارك بن واضح الحنظلي، التركي ثم المرْوزي (المتوفى: 181هـ)	ShamAY	13028	0.38636
		السنة قبل التدوين	محمد عجاج بن محمد تميم بن صالح بن عبد الله الخطيب	ShamAY	1688	0.38636
		 الكوثر في أحوال فاطمة بنت النبي الأعظم ( ع ) 	 السيد محمد باقر الموسوي 	ABLibrary	7688	0.38636
		كشف اليقين فى فضائل أمير المؤمنين(ع)	العلامة الحلي	Masaha	4583	0.38636
		السنة قبل التدوين	محمد عجاج بن محمد تميم بن صالح بن عبد الله الخطيب	Sham19Y	96178	0.38629
		أعلام المدرسة الحديثية البغدادية المعاصرة - أصالة وإبداع	أبو ذر عبد القادر بن مصطفى بن عبد الرزاق المحمدي	ShamelaY19	95844	0.3862
		التَّنْبيهَاتُ المُسْتَنْبَطةُ على الكُتُبِ المُدَوَّنَةِ والمُخْتَلَطَةِ	عياض بن موسى بن عياض بن عمرون اليحصبي السبتي، أبو الفضل (المتوفى: 544هـ)	ShamAY	31967	0.38614
		استخراج المرام من استقصاء الافحام	آيت الله علي حسيني ميلاني	Ghbook	4779	0.38613
		الكنز الأكبر في الأمر بالمعروف والنهي عن المنكر [ضمن سلسلة لقاءات العشر برقم (252)]	تقي الدين أبو بكر بن عبد الله بن قاضي عجلون الدمشقي الشافعي (814 - 928 ه)	ShamelaY19	132427	0.38612
		الشرح الكبير (المطبوع مع المقنع والإنصاف)	شمس الدين أبو الفرج عبد الرحمن بن محمد بن أحمد بن قدامة المقدسي (المتوفى: 682 ه)	ShamelaY19	19188	0.38608
		أثر القراءات القرآنية في الدرس النحوي	الدكتور مزيد إسماعيل نعيم ـ روفائيل أنيس مرجان	ShamAY	37037	0.38599
		 ذخائر العقبى في مناقب ذوى القربى ( ع ) ( ط . ج ) 	 أحمد بن عبد الله الطبري ( المحب الطبري ) 	ABLibrary	7528	0.38599
		المنتخب من وصايا الآباء للأبناء	وائل حافظ خلف	ShamAY	978	0.38594
		شرح عقيدة السلف وأصحاب الحديث - الراجحي	عبد العزيز بن عبد الله بن عبد الرحمن الراجحي	ShamAY	47	0.38593
		بحار الأنوار [ج ٤]	الشيخ محمّد باقر بن محمّد تقي المجلسي	Rafed	507	0.38583
		حديث الثقلين	خليفه عبيد كلباني عماني	Ghbook	7627	0.38583
		مرآة العقول [ج ٥]	الشيخ محمّد باقر بن محمّد تقي المجلسي	Rafed	1018	0.3858
		البكاء علي الحسين عليه السلام في مصادر الفريقين	حسن بن محمد بن جمعه المطوري	Ghbook	12307	0.38579
		 معرفة الإمام 	 السيد محمد حسين الطهراني 	ABLibrary	8883	0.38568
		تنبيه الغافلين بأحاديث سيد الأنبياء والمرسلين للسمرقندي	أبو الليث نصر بن محمد بن أحمد بن إبراهيم السمرقندي (المتوفى: 373هـ)	ShamAY	10488	0.38567
		ذكر نسب العيدروسي		ShamAY	37024	0.38565
		إيضاح الوقف والابتداء	محمد بن القاسم بن محمد بن بشار، أبو بكر الأنباري (المتوفى: 328هـ)	ShamAY	32507	0.38558
		الانتصارات الإسلامية في كشف شبه النصرانية	سليمان بن عبد القوي بن الكريم الطوفي الصرصري، أبو الربيع، نجم الدين (المتوفى: 716هـ)	ShamAY	1125	0.38555
		الجنة والنار من الكتاب والسنة المطهرة	عبد الرحمن بن سعيد بن علي بن وهف القحطاني (المتوفى: 1422هـ)	ShamAY	1808	0.38554
		تاريخ اليمن	الشيخ عبد الواسع بن يحيى الواسعي اليماني	Rafed	2218	0.38553
		الرحلة المعينيّة	ماء العينين بن العتيق	Rafed	2198	0.38552
		الحاوي للفتاوي	عبد الرحمن بن أبي بكر، جلال الدين السيوطي (المتوفى: 911ه)	ShamelaY19	21723	0.3855
		 تسلية المجالس وزينة المجالس ( مقتل الحسين ع ) 	 السيد محمد بن أبي طالب الحسيني الكركي الحائري 	ABLibrary	7470	0.38546
		كتابة الحديث النبوي في عهد النبي صلى الله عليه وسلم بين النهي والإذن	حسناء بنت بكري نجار	ShamAY	11344	0.38544
		نهج الرشاد في نظم الاعتقاد	يوسف بن محمد بن مسعود بن محمد العبادي العقيلي، جمال الدين السرمري (المتوفى: 776هـ)	ShamAY	31919	0.38544
		شبهات حول الصحابة أم المؤمنين عائشة	ابن تيمية	ShamAY	37806	0.38537
		 إتحاف الورى بأخبار أم القرى 	 عمر بن محمد ابن فهد 	ABLibrary	8944	0.38537
		إدراك الركعة والجماعة والجمعة	محمد بن إبراهيم الغامدي	ShamAY	12139	0.38535
		إثارة الترغيب والتشويق إلى المساجد الثلاثة والبيت العتيق‏  - الجزء1	محمد بن إسحاق الخوارزمي	Masaha	4105	0.38533
		رسالة في صلاة ابى بكر	السيّد علي الحسيني الميلاني	Rafed	218	0.38528
		 بحار الأنوار 	 العلامة المجلسي 	ABLibrary	765	0.38527
		اقتضاء الصراط المستقيم مخالفة أصحاب الجحيم - ط السنة المحمدية	أحمد بن عبد الحليم بن تيمية الحراني أبو العباس	ShamAY	34358	0.38523
		العقيله زينب و الفواطم	حسين الشاكري	Ghbook	5931	0.38523
		الاستضعاف وأحكامه في الفقه الإسلامي	زياد بن عابد المشوخي	ShamAY	32284	0.38522
		الأربعون حديثاً عن الإمام الرضا في الإمام المهدي عليهما السلام	الشيخ محمّد جواد المروّجي الطبسي	Rafed	882	0.38522
		العقائد الاسلاميه:عرض مقارن لاهم موضوعاتها من مصادر السنه و الشيعه	آيت الله العظمي سيد علي حسيني سيستاني	Ghbook	10421	0.38518
		اجلي البرهان	آيت الله علي حسيني ميلاني	Ghbook	4801	0.38518
		مستدرك الوسائل [ج ٦]	الشيخ حسين النوري الطبرسي [ المحدّث النوري ]	Rafed	1146	0.38516
		التتمة الجلية لطبقات الحنفية لابن الحنائي	الدكتور صلاح محمد أبو الحاج	ShamAY	35845	0.38514
		الشماريخ في علم التاريخ	عبد الرحمن بن أبي بكر، جلال الدين السيوطي (المتوفى: 911هـ)	ShamAY	7650	0.38508
		سلمان الفارسي في مواجهة التحدّي	السيد جعفر مرتضى العاملي	Rafed	144	0.38507
		كناشة النوادر	عبد السلام محمد هارون (المتوفى: 1408هـ)	ShamAY	12733	0.38499
		منهج شيخ الإسلام محمد بن عبد الوهاب في التأليف	عبد المحسن بن حمد بن عبد المحسن بن عبد الله بن حمد العباد البدر	ShamAY	12101	0.38496
		التحصين	الشيخ جمال الدين أحمد بن محمد بن فهد الحلّي	Rafed	1743	0.38491
		ظاهره الاستقلاب في النص النبوي والتاريخي	نبيل قدوري الحسني	Ghbook	12348	0.38489
		أبو بكر الصديق أفضَلُ الصَّحَابة، وَأحقّهم بالخِلافة	محمد بن عبد الرحمن بن محمد بن عبد الله بن عبد الرحمن بن محمد بن قاسم العاصمي الحنبلي (المتوفى: 1421هـ)	ShamAY	25815	0.38488
		ضَعيفُ التَّرْغِيب وَالتَّرْهِيب	محمد ناصر الدّين الألباني	ShamAY	32121	0.38477
		الآثار المروية في صفة المعية	محمد بن خليفة بن علي التميمي	ShamAY	7523	0.38473
		ما اجتمع عندي من الأحاديث بيني وبين رسول الله أربعة رجال لابن شاهين - مخطوط	أبو حفص عمر بن أحمد بن عثمان بن شاهين	ShamAY	32909	0.3847
		أدب الطّف أو شعراء الحسين عليه السلام [ج ٣]	جواد شبّر	Rafed	361	0.38469
		ملاحظة سنية دمشقية حول كتاب الكافي	عبد الرحمن دمشقية	ShamAY	35687	0.38467
		المجتنى	أبو بكر محمد بن الحسن بن دريد الأزدي (المتوفى: 321هـ)	ShamAY	31930	0.38463
		جزء في كلام العلماء على الحديث المنسوب للنبي صلى الله عليه وسلم في تواجده وتمزيق ردائه عندما أنشد عنده: قد لسعت حية الهوى كبدي	محمد بن عبد الهادي المقدسي (744 هـ)	ShamAY	33571	0.38449
		روائع التفسير (الجامع لتفسير الإمام ابن رجب الحنبلي)	زين الدين عبد الرحمن بن أحمد بن رجب بن الحسن، السَلامي، البغدادي، ثم الدمشقي، الحنبلي (المتوفى: 795هـ)	ShamAY	10463	0.38443
		مدخل لفهم السيرة	يحيى بن إبراهيم اليحيى	ShamAY	37405	0.38441
		مسائل الإمام أبي عبد الله أحمد بن حنبل	صالح بن أحمد	ShamAY	34272	0.38437
		 الكوكب الأنور على عقد الجوهر في مولد النبي الأزهر ( ص ) 	 جعفر بن البرزنجي 	ABLibrary	7691	0.38432
		أعلام المدرسة الحديثية البغدادية المعاصرة - أصالة وإبداع	أبو ذر عبد القادر بن مصطفى بن عبد الرزاق المحمدي	ShamAY	1631	0.3843
		 بحار الأنوار 	 العلامة المجلسي 	ABLibrary	755	0.38427
		 الذريعة 	 آقا بزرگ الطهراني 	ABLibrary	847	0.38426
		تفسير كنز الدّقائق وبحر الغرائب [ج ٦]	الشيخ محمّد بن محمّد رضا القمّي المشهدي	Rafed	3007	0.38423
		التصنيف في مصطلح الحديث بين مدرستي الحديث والفقه	أبو ذر عبد القادر بن مصطفى بن عبد الرزاق المحمدي	ShamelaY19	117135	0.38422
		تفسير الماتريدي = تأويلات أهل السنة	محمد بن محمد بن محمود، أبو منصور الماتريدي (المتوفى: 333ه)	ShamelaY19	95590	0.3842
		عوالي اللئالي العزيزية - الجزء1	ابن أبي جمهور	Masaha	1108	0.38416
		مسألة في الصفات	الخطيب البغدادي	ShamAY	35653	0.38408
		الشرح المختصر لنخبة الفكر لابن حجر العسقلاني	أبو المنذر محمود بن محمد بن مصطفى بن عبد اللطيف المنياوي	ShamelaY19	37602	0.38407
		بحار الأنوار [ج ٣٩]	الشيخ محمّد باقر بن محمّد تقي المجلسي	Rafed	962	0.38407
		اهل البيت عليهم السلام سفينه النجاه	عادل علوي	Ghbook	4528	0.38398
		الحاوي للفتاوي	عبد الرحمن بن أبي بكر، جلال الدين السيوطي (المتوفى: 911هـ)	ShamAY	21723	0.38396
		الغدير في الكتاب والسنّة والأدب [ج ٤]	الشيخ عبد الحسين أحمد الأميني النجفي	Rafed	2003	0.38389
		غريب القرآن في شعر العرب ((مسائل نافع بن الأزرق لعبد الله بن عباس - رضي الله عنه وعن أبيه))	عن الصحابي عبد الله بن عباس بن عبد المطلب القرشي الهاشمي، أبو العباس (المتوفى: 68هـ) - رضي الله عنهما	ShamAY	23622	0.38385
		 بحار الأنوار 	 العلامة المجلسي 	ABLibrary	792	0.38385
		المهذب فيما وقع في القرآن من المعرب	عبد الرحمن بن أبي بكر، جلال الدين السيوطي (المتوفى: 911ه)	ShamelaY19	26097	0.38384
		السيرة النبوية على ضوء القرآن والسنة	محمد بن محمد بن سويلم أبو شُهبة (المتوفى: 1403هـ)	ShamAY	9896	0.38383
		الحقيقة الضائعة رحلتي نحو مذهب آل البيت(ع)	الشيخ معتصم سيد أحمد	Masaha	240	0.38373
		فقه النصيحة	محمد أبو صعيليك	ShamAY	36196	0.38371
		إيمان أبي طالب وسيرته	الشيخ عبد الحسين الأميني النجفي	Masaha	91	0.38368
		الذّريعة إلى تصانيف الشّيعة [ج ٤]	الشيخ آقا بزرك الطهراني	Rafed	443	0.38367
		منهج الإمام مسلم في ترتيب كتابه الصحيح ودحض شبهات حوله	ربيع بن هادي المدخلي	ShamAY	33012	0.38366
		الانتصار لحزب الله الموحدين والرد على المجادل عن المشركين	عبد الله بن عبد الرحمن بن عبد العزيز بن عبد الرحمن بن عبد الله بن سلطان بن خميس الملقب بـ"أبابطين" (المتوفى: 1282هـ)	ShamAY	7554	0.38366
		الصحابة ومكانتهم عند المسلمين	محمود عيدان أحمد الدليمي	ShamAY	35909	0.38364
		تغليظ الملام على المتسرعين إلى الفتيا وتغيير الأحكام	حمود بن عبد الله بن حمود بن عبد الرحمن التويجري (المتوفى: 1413هـ)	ShamAY	32267	0.38363
		الضياء الشارق في رد شبهات الماذق المارق	سليمان بن سحمان بن مصلح بن حمدان بن مصلح بن حمدان بن مسفر بن محمد بن مالك بن عامر الخثعمي , التبالي , العسيري , النجدي (المتوفى: 1349هـ)	ShamAY	7664	0.38363
		الجرح والتعديل بين النظرية والتطبيق	أيمن محمود مهدي	ShamAY	37311	0.38362
		الولاية في النكاح	عوض بن رجاء بن فريج العوفي	ShamAY	11821	0.38357
		الجمع بين الصحيحين لعبد الحق	أبو محمد عبد الحق بن عبد الرحمن الإشبيلي (المتوفى: 582 ه)	Sham19Y	20638	0.38356
		سلك الدرر في أعيان القرن الثاني عشر	محمد خليل بن علي بن محمد بن محمد مراد الحسيني، أبو الفضل (المتوفى: 1206هـ)	ShamAY	9607	0.38352
		اصطلاح المذهب عند المالكية	د/ محمد إبراهيم علي أستاذ الفقه والفقه المقارن (سابقا) بكلية الشريعة والدراسات الإسلامية جامعة أم القرى - مكة المكرمة	ShamelaY19	150934	0.38351
		روضة التقرير في اختلاف القراءات بين الإرشاد والتيسير	علي بن أبي محمد بن أبي سعد بن الحسن الواسطي المعروف بالديواني (663 - 743 ه)	Sham19Y	145211	0.38348
		رسالة في المتعتين	السيّد علي الحسيني الميلاني	Rafed	219	0.38346
		علم الجرح والتعديل	عبد المنعم السيد نجم	ShamAY	4895	0.38341
		حديث الضب الذي تكلم بين يدي النبي للطبراني	سليمان بن أحمد بن أيوب بن مطير اللخمي الشامي، أبو القاسم الطبراني (المتوفى: 360ه)	ShamelaY19	28925	0.38335
		الفرق بين الفرق وبيان الفرقة الناجية	عبد القاهر بن طاهر بن محمد بن عبد الله البغدادي التميمي الأسفراييني، أبو منصور (المتوفى: 429هـ)	ShamAY	6520	0.38332
		عبد الله بن الصديق الغماري الحافظ الناقد	د. فاروق حمادة	ShamAY	38600	0.38332
		مظاهر التعدي على النص الشرعي من قبل أتباع الفرق المبتدعة	عطا الله المعايطة	ShamAY	37606	0.3833
		أدب المجالسة وحمد اللسان وفضل البيان وذم العي وتعليم الإعراب	أبو عمر يوسف بن عبد الله بن محمد بن عبد البر بن عاصم النمري القرطبي (المتوفى: 463هـ)	ShamAY	6780	0.38325
		اعتقادات فرق المسلمين والمشركين	أبو عبد الله محمد بن عمر بن الحسن بن الحسين التيمي الرازي الملقب بفخر الدين الرازي خطيب الري (المتوفى: 606هـ)	ShamAY	6516	0.38322
		مصادر الشعر الجاهلي	ناصر الدين الأسد	ShamAY	2055	0.38314
		 مجموعة الوثائق السياسية للعهد النبوي والخلافة الراشدة 	 محمد حميد الله 	ABLibrary	7696	0.38314
		شرح كتاب الحج من بلوغ المرام	عبد الله العتيبي	ShamAY	35969	0.38313
		مسألة في منع ترميم الكنائس	الْعَلَّامَةُ الْحَافِظُ الْفَقِيهُ الْمُجْتَهِدُ القَاضِي تَقِيُّ الدِّينِ أَبُو الْحَسَنِ عَلِيُّ بْنُ عَبْدِ الْكَافِي السُّبْكِيُّ	ShamAY	38007	0.38311
		دليل النص بخبر الغدير على امامة امير المؤمنين(ع)	الشيخ القاضي أبي الفتح محمد بن علي الكراجكي	Masaha	259	0.38308
		مقام الرشاد بين التقليد والاجتهاد	فيصل بن عبد العزيز بن فيصل ابن حمد المبارك الحريملي النجدي (المتوفى: 1376هـ)	ShamAY	12867	0.38305
		حديث الضب الذي تكلم بين يدي النبي للطبراني	سليمان بن أحمد بن أيوب بن مطير اللخمي الشامي، أبو القاسم الطبراني (المتوفى: 360ه)	Sham19Y	28925	0.38304
		100 ضحكة وابتسامة للنبي صلى الله عليه وسلم	أبو إسلام أحمد بن علي	ShamAY	37454	0.38297
		ذم الملاهي لابن أبي الدنيا	أبو بكر عبد الله بن محمد بن عبيد بن سفيان بن قيس البغدادي الأموي القرشي المعروف بابن أبي الدنيا (المتوفى: 281هـ)	ShamAY	8230	0.38297
		نظرات في أشرطة قصص من التاريخ للدكتور طارق سويدان	أبو عبد الله الذهبي	ShamAY	35806	0.38297
		بحار الأنوار [ج ١٠٣]	الشيخ محمّد باقر بن محمّد تقي المجلسي	Rafed	1520	0.38297
		 دفع شبه التشبيه بأكف التنزيه 	 ابن الجوزي 	ABLibrary	995	0.38294
		لباب النقول في أسباب النزول	عبد الرحمن بن أبي بكر، جلال الدين السيوطي (المتوفى: 911هـ)	ShamAY	2247	0.38291
		عارضة الأحوذي بشرح صحيح الترمذي	محمد بن عبد الله بن محمد المعافري، أبو بكر ابن العربي (المتوفى: 543 هـ	ShamAY	35988	0.38291
		تنبيه الحذاق على بطلان ما شاع بين الأنام من حديث النور المنسوب لمصنف عبد الرزاق	محمد أحمد عبد القادر الشنقيطي المدني	ShamAY	10098	0.3829
		الإسرائيليات والموضوعات في كتب التفسير	محمد بن محمد بن سويلم أبو شُهبة (المتوفى: 1403هـ)	ShamAY	8671	0.38289
		جرح الرواة وتعديلهم ـ الأسس والضوابط	محمود الدليمي	ShamAY	37248	0.38288
		 ترتيب السلوك ( ويليها رسالة في أدب العلم / بيان فضل خيار الناس والكشف عن مكر الوسواس للغماري ) 	 ابن عطاء الله السكندري 	ABLibrary	8790	0.38283
		براءة الصحابة الأخيار من التبرك بالأماكن والآثار	ربيع بن هادي المدخلي	ShamAY	33027	0.38279
		كتابات أعداء الإسلام ومناقشتها	عماد السيد محمد إسماعيل الشربينى	ShamAY	1820	0.38274
		عوالي الليث بن سعد	زين الدين أبو العدل قاسم بن قطلوبغا السودوني (نسبة إلى معتق أبيه سودون الشيخوني) الجمالي الحنفي (المتوفى: 879هـ)	ShamAY	5676	0.38273
		بحار الأنوار [ج ٢٢]	الشيخ محمّد باقر بن محمّد تقي المجلسي	Rafed	891	0.3827
		تفسير الماتريدي = تأويلات أهل السنة	محمد بن محمد بن محمود، أبو منصور الماتريدي (المتوفى: 333هـ)	ShamAY	1549	0.38267
		علم فهرسة الحديث، نشأته، تطوره، أشهر ما دون فيه	يوسف عبد الرحمن المرعشلي	ShamelaY19	37635	0.38264
		المسائل الماردينية - وهي مسائل يكثر وقوعها ويحصل الابتلاء بها	تقي الدين أبو العباس أحمد بن عبد الحليم بن عبد السلام بن عبد الله بن أبي القاسم بن محمد ابن تيمية الحراني الحنبلي الدمشقي (المتوفى: 728ه)	ShamelaY19	96844	0.38263
		تحفة الأريب بما في القرآن من الغريب - ت عويضة	أثير الدين أبو حيان الأندلسي	ShamAY	36738	0.38262
		كتابات أعداء الإسلام ومناقشتها	عماد السيد محمد إسماعيل الشربينى	Sham19Y	1820	0.38262
		الصحيح من سيرة النبي الأعظم صلّى الله عليه وآله [ج ١٣]	السيد جعفر مرتضى العاملي	Rafed	2503	0.38262
		رسالة أبي داود إلى أهل مكة وغيرهم في وصف سننه	أبو داود سليمان بن الأشعث بن إسحاق بن بشير بن شداد بن عمرو الأزدي السَِّجِسْتاني (المتوفى: 275هـ)	ShamAY	6013	0.38258
		جمال الأسبوع بكمال العمل المشروع	السيد علي بن موسى بن طاووس	Masaha	701	0.38252
		أحكام القرآن [ج ٥]	أبي بكر أحمد بن علي الرازي الجصّاص	Rafed	2012	0.38252
		الرزق أبوابه ومفاتحه	عبد الملك بن محمد القاسم	ShamelaY19	95675	0.38251
		القرآن و فضائل اهل بيت (عليهم السلام)	محمد صالحي انديمشكي	Ghbook	9973	0.38248
		التبيان في آداب حملة القرآن (ط الوكالة العامة)	أبو زكريا يحيى بن شرف الدين النووي	ShamAY	34087	0.38247
		 بحار الأنوار 	 العلامة المجلسي 	ABLibrary	778	0.38243
		 الكامل في التاريخ 	 ابن الأثير 	ABLibrary	8255	0.38241
		فاجعة الطف	السيد محمد سعيد الطباطبائي الحكيم	Masaha	607	0.3824
		الفَرق بين الفِرق	عبدالقاهر بن طاهر البغدادي	Rafed	3488	0.38235
		أوجه التعارض في الحديث الشريف	لطفي بن محمد الزغير	ShamAY	37362	0.38233
		تاريخ اليمن‏	عبد الواسع الواسعي اليماني	Masaha	4356	0.38224
		أحاديث يزيد بن أبي حبيب المصري	يزيد بن أبى حبيب سويد الأزدى أبو رجاء المصرى مولى شريك بن الطفيل الأزدى (المتوفى: 128ه)	ShamelaY19	30310	0.38223
		القول المبين عن وجوب مسح الرجلين	أبي الفتح محمّد بن علي الكراجكي	Rafed	17	0.38223
		مستدرك الوسائل [ج ١٥]	الشيخ حسين النوري الطبرسي [ المحدّث النوري ]	Rafed	1222	0.38222
		التعصب المذهبي في التاريخ مظاهره، آثاره، أسبابه، علاجه	الدكتور خالد كبير علال	ShamAY	37142	0.3822
		دلالة الاقتران ووجه الاحتجاج بها عند الأصوليين	أبو عاصم الشحات شعبان محمود عبد القادر البركاتي المصري	Sham19Y	96269	0.3822
		بحار الأنوار [ج ٣١]	الشيخ محمّد باقر بن محمّد تقي المجلسي	Rafed	937	0.38215
		أطيب النشر في تفسير الوصايا العشر	مرزوق بن هياس الزهراني	ShamelaY19	22750	0.38214
		شبهات وردود	السيد سامي البدري	Masaha	310	0.38206
		أخبار ملوك بني عبيد وسيرتهم	محمد بن علي بن حماد بن عيسى الصنهاجي القلعي، نزيل بجاية، أبو عبد الله (المتوفى: 628هـ)	ShamAY	6625	0.38201
		التعليق الرشيق في التختم بالعقيق للناجي	إبراهيم بن محمد بن محمود بن بدر، برهان الدين، أبو إسحاق الحلبي القبيباتي الشافعي الناجي (المتوفى: 900ه)	Sham19Y	26961	0.38198
		مصادر الشعر الجاهلي	ناصر الدين الأسد	Sham19Y	2055	0.38197
		شرح كتاب الصوم من صحيح البخاري	أبو محمد، عبد الله بن مانع بن غلاب الغبيوي الروقي العتيبي	Sham19Y	14539	0.38196
		 إثارة الترغيب والتشويق ( ويليه زيارة بيت المقدس لابن تيمية ) 	 محمد بن اسحاق الخوارزمي 	ABLibrary	8947	0.38196
		فصول المهمه في اصول الائمه ( عليهم السلام )	محمد بن حسن حر عاملي	Ghbook	9989	0.38195
		التفقه في الدين والاندماج في أمة الإسلام عند القبائل العربية المجاورة للمدينة في العهد النبوي	عبد الرحمن السنيدي	ShamAY	37148	0.38189
		غرر الخصائص الواضحة، وعرر النقائض الفاضحة	أبو إسحق برهان الدين محمد بن إبراهيم بن يحيى بن علي المعروف بالوطواط (المتوفى: 718هـ)	ShamAY	1349	0.38188
		التبيان في آداب حملة القرآن	أبو زكريا محيي الدين يحيى بن شرف النووي (المتوفى: 676ه)	Sham19Y	1969	0.38186
		منزلة السنة في التشريع	إبراهيم عبد المقتدر	ShamAY	37592	0.38184
		دلالة الاقتران ووجه الاحتجاج بها عند الأصوليين	أبو عاصم الشحات شعبان محمود عبد القادر البركاتي المصري	ShamAY	1750	0.38183
		طرف من الأنباء و المناقب‏	السيد علي بن موسى بن طاووس	Masaha	2301	0.38183
		الطرق الحكمية في السياسة الشرعية	محمد بن أبي بكر أيوب الزرعي ابن القيم أبو عبد الله	ShamAY	34418	0.38181
		 الإحاطة في أخبار غرناطة 	 لسان الدين ابن الخطيب 	ABLibrary	8951	0.38181
		السيرة النبوية لأبي الحسن الندوي	علي أبو الحسن بن عبد الحي بن فخر الدين الندوي (المتوفى: 1420هـ)	ShamAY	9914	0.3818
		معالم المدرستين - الجزء1	السيد مرتضى العسكري	Masaha	3379	0.38178
		الشرح المختصر لنخبة الفكر لابن حجر العسقلاني	أبو المنذر محمود بن محمد بن مصطفى بن عبد اللطيف المنياوي	Sham19Y	37602	0.38176
		المقرر على أبواب المحرر	يوسف بن ماجد بن أبي المجد المقدسي الحنبلي	ShamelaY19	22884	0.38173
		شرح أبيات مغني اللبيب	عبد القادر بن عمر البغدادي (1030 ه - 1093 ه)	ShamelaY19	150966	0.3817
		 تاريخ اليمن ( فرجة الهموم والحزن في حوادث وتاريخ اليمن ) 	 الشيخ عبد الواسع الواسعي اليماني 	ABLibrary	9015	0.38165
		مصنف عبد الرزاق الصنعاني	أبو بكر عبد الرزاق بن همام بن نافع الحميري اليماني الصنعاني (المتوفى: 211هـ)	ShamAY	31637	0.38163
		السنة ومكانتها من التشريع لعبد الحليم محمود	عبد الحليم محمود (المتوفى: 1397هـ)	ShamAY	1164	0.38161
		 رياضة النفس ( ويليه نحو القلوب ) 	 الحكيم الترمذي 	ABLibrary	8695	0.38158
		مدخل إلى التفسير وعلوم القرآن	عبد الجواد خلف محمد عبد الجواد	ShamelaY19	21486	0.38156
		الحديث والمحدثون	محمد محمد أبو زهو رحمه الله	ShamAY	8656	0.38156
		المدينة المنوّرة بين الأدب والتاريخ	الدكتور عاصم حمدان علي حمدان	Rafed	2346	0.38156
		مدخل إلى التفسير وعلوم القرآن	عبد الجواد خلف محمد عبد الجواد	ShamAY	1441	0.38155
		تدوين القرآن	علي كوراني	Ghbook	5713	0.38153
		نداء الريان في فقه الصوم وفضل رمضان	أبو التراب سيد بن حسين بن عبد الله العفاني	ShamAY	22886	0.38148
		شبهات القرآنيين	عثمان بن معلم محمود بن شيخ علي	ShamAY	11242	0.38147
		روضة المتقين في شرح من لا يحضره الفقيه - الجزء1	العلامة المجلسي الأول	Masaha	1272	0.38145
		بحار الأنوار [ج ١١]	الشيخ محمّد باقر بن محمّد تقي المجلسي	Rafed	831	0.38138
		 المدينة المنورة بين الأدب والتاريخ 	 عاصم حمدان 	ABLibrary	9181	0.38137
		مدخل إلى التفسير وعلوم القرآن	عبد الجواد خلف محمد عبد الجواد	Sham19Y	21486	0.38133
		الفضائل‏	شاذان بن جبرئيل القمي‏	Masaha	2857	0.38132
		زاد المسير في علم التفسير [ج ١]	أبي الفرج عبدالرحمن ابن علي ابن الجوزي	Rafed	3324	0.38132
		زوجات النبي		ShamAY	34593	0.3813
		موسوعة تاريخ العراق بين احتلالين [ج ٢]	عباس العزاوي المحامي	Rafed	1920	0.3813
		 كامل البهائي في السقيفة 	 عماد الدين حسن بن علي الطبري ( تعريب : فاخر ) 	ABLibrary	7648	0.38129
		خطبة السيدة عائشة في الدفاع عن أبيها	ابن الأنباري	ShamAY	35243	0.38121
		البيان في عدّ آي القرآن	عثمان بن سعيد بن عثمان بن عمر أبو عمرو الداني (المتوفى: 444هـ)	ShamAY	5542	0.38117
		زيارات ذبيح آل محمد صلوات الله عليهم و سلم العاشورائيه	حيدر تربتي كربلايي	Ghbook	11956	0.3811
		قاعدة جليلة في التوسل والوسيلة	تقي الدين أبو العباس أحمد بن عبد الحليم بن عبد السلام بن عبد الله بن أبي القاسم بن محمد ابن تيمية الحراني الحنبلي الدمشقي (المتوفى: 728ه)	ShamelaY19	22649	0.38109
		الأحاديْثُ المُشْكِلَةُ الواردةُ في تفسير القرآنِ الكريم (عَرْضٌ وَدِراسَةٌ)	د. أحمد بن عبد العزيز بن مُقْرِن القُصَيِّر	ShamAY	121	0.38108
		معالم عصر الخلفاء الراشدين	علي بن نايف الشحود	ShamAY	35795	0.38107
		الامام السجاد ( عليه السلام ) قدوه و اسوه	آيت الله العظمي سيد محمد تقي مدرسي	Ghbook	6349	0.38107
		ثناء شيخ الإسلام على آل بيت النبوة		ShamAY	35526	0.38106
		فضل علم الوقف والابتداء وحكم الوقف على رؤوس الآيات	عبد الله علي الميموني	ShamelaY19	36539	0.38094
		المدينة المنورة بين الأدب والتاريخ‏	عاصم حمدان	Masaha	4558	0.38094
		العقائد الاسلامية [ج ١]	مركز المصطفى للدراسات الإسلامية	Rafed	85	0.38094
		 الدر المنثور في التفسير بالمأثور 	 جلال الدين السيوطي 	ABLibrary	914	0.38091
		الاتجاهات العامة للاجتهاد ومكانة الحديث الآحادي الصحيح فيها	نور الدين محمد عتر الحلبي	ShamelaY19	96230	0.3809
		جلباب المرأة المسلمة في الكتاب والسنة	أبو عبد الرحمن محمد ناصر الدين، بن الحاج نوح بن نجاتي بن آدم، الأشقودري الألباني (المتوفى: 1420ه)	Sham19Y	9994	0.38087
		الرسالة القبرصية - نسخة أخرى مشكولة	الواحدي :: ابن تيمية	ShamAY	34378	0.38086
		شذا الرياحين من أخبار الصالحين	أبو مالك محمد بن حامد بن عبد الوهاب	ShamAY	33737	0.38085
		ألفية ابن مالك منهجها وشروحها	غريب عبد المجيد نافع	ShamAY	22756	0.38084
		الروض الباسم في الذب عن سنة أبي القاسم - صلى الله عليه وسلم -	ابن الوزير، محمد بن إبراهيم بن علي بن المرتضى بن المفضل الحسني القاسمي، أبو عبد الله، عز الدين، من آل الوزير (المتوفى: 840ه)	ShamelaY19	36427	0.38082
		المساجد الأثرية في المدينة النبوية	محمد إلياس عبد الغني	ShamAY	38402	0.38081
		كلمه الامام الحسن ( عليه السلام )	حسن شيرازي	Ghbook	6090	0.38077
		جلباب المرأة المسلمة في الكتاب والسنة	أبو عبد الرحمن محمد ناصر الدين، بن الحاج نوح بن نجاتي بن آدم، الأشقودري الألباني (المتوفى: 1420هـ)	ShamAY	9994	0.38072
		جامع الأحاديث (ويشتمل على جمع الجوامع للسيوطى والجامع الأزهر وكنوز الحقائق للمناوى، والفتح الكبير للنبهانى)	عبد الرحمن بن أبي بكر، جلال الدين السيوطي (المتوفى: 911هـ)	ShamAY	1438	0.38071
		المقدمة الزهرا في إيضاح الإمامة الكبرى	شمس الدين أبو عبد الله محمد بن أحمد بن عثمان بن قايماز الذهبي (المتوفى: 748ه)	ShamelaY19	36949	0.38069
		الشيخ الإمام محمد بن عبد الوهاب ومنهجه في مباحث العقيدة	آمنة محمد نصير	ShamAY	7656	0.38068
		المفصل في شرح الشروط العمرية	الواحدي :: علي بن نايف الشحود	ShamAY	36098	0.38056
		الحج والعمرة في القرآن الكريم	بهجت بن فاضل	ShamAY	36668	0.38053
		جني الثمر بشرح نخبة الفكر	عصام السناني	ShamAY	37349	0.38052
		الكافي [ج ٥]	أبو جعفر محمّد بن يعقوب الكليني الرازي	Rafed	994	0.38052
		الحجاب أدلة الموجبين وشبه المخالفين	مصطفى العدوي	ShamAY	36187	0.38045
		قراءة جديدة لحروب الردة	علي كوراني	Ghbook	15122	0.38045
		المقدمة الزهرا في إيضاح الإمامة الكبرى	شمس الدين أبو عبد الله محمد بن أحمد بن عثمان بن قايماز الذهبي (المتوفى: 748ه)	Sham19Y	36949	0.38043
		الطرق الحكمية	محمد بن أبي بكر بن أيوب بن سعد شمس الدين ابن قيم الجوزية (المتوفى: 751هـ)	ShamAY	11495	0.3804
		الجامع لسيرة شيخ الإسلام ابن تيمية خلال سبعة قرون	محمد عزيز بن شمس وعلي بن محمد العمران	ShamAY	32317	0.3804
		رياض الأفهام في شرح عمدة الأحكام	أبو حفص عمر بن علي بن سالم بن صدقة اللخمي الإسكندري المالكي، تاج الدين الفاكهاني (المتوفى: 734هـ)	ShamAY	32274	0.38039
		 الإمامة 	 السيد محمد باقر الشفتي الجيلاني 	ABLibrary	8347	0.38039
		الاتجاهات الفقهية عند أصحاب الحديث في القرن الثالث الهجري	الدكتور عبد المجيد محمود عبد المجيد	ShamelaY19	122392	0.38037
		 حياة الإمام الحسين ( ع ) 	 الشيخ باقر شريف القرشي 	ABLibrary	7496	0.38034
		الوسيط في تفسير القرآن المجيد	أبو الحسن علي بن أحمد بن محمد بن علي الواحدي، النيسابوري، الشافعي (المتوفى: 468ه)	ShamelaY19	21821	0.38028
		التبيان في آداب حملة القرآن	أبو زكريا محيي الدين يحيى بن شرف النووي (المتوفى: 676هـ)	ShamAY	1969	0.38028
		 آداب الصحبه 	 عبد الوهاب الشعراني 	ABLibrary	8830	0.38028
		المستجاد من فعلات الأجواد	المحسن بن علي بن محمد بن أبي الفهم داود التنوخي البصري، أبو علي (المتوفى: 384ه)	Sham19Y	768	0.38024
		أصول الفقه لابن مفلح	محمد بن مفلح بن محمد بن مفرج، أبو عبد الله، شمس الدين المقدسي الرامينى ثم الصالحي الحنبلي (المتوفى: 763هـ)	ShamAY	31702	0.38021
		المصطلحات الأصولية في مباحث الأحكام وعلاقتها بالفكر الأصولي‏	عبد الله‏ بشير محمد	Masaha	3568	0.38018
		حياة امام محمد الجواد عليه السلام	باقر شريف القرشي	Rafed	109	0.38018
		الذّريعة إلى تصانيف الشّيعة [ج ١٧]	الشيخ آقا بزرك الطهراني	Rafed	476	0.38015
		الجامع في السنن والآداب والمغازي والتاريخ	أبو محمد عبد الله بن أبي زيد القيرواني (المتوفى 386 ه)	Sham19Y	18260	0.38014
		مثير الاحزان	جعفر بن هبه الله ابن نما حلي	Ghbook	2600	0.38013
		مسألة في الكنائس	تقي الدين أبو العباس أحمد بن عبد الحليم بن عبد السلام بن عبد الله بن أبي القاسم بن محمد ابن تيمية الحراني الحنبلي الدمشقي (المتوفى: 728هـ)	ShamAY	22651	0.3801
		بحار الأنوار [ج ٩٥]	الشيخ محمّد باقر بن محمّد تقي المجلسي	Rafed	1249	0.38007
		المستجاد من فعلات الأجواد	المحسن بن علي بن محمد بن أبي الفهم داود التنوخي البصري، أبو علي (المتوفى: 384هـ)	ShamAY	768	0.38006
		صلاه ابي بكر في مرض النبي ( صلي الله عليه و آله )	آيت الله علي حسيني ميلاني	Ghbook	7743	0.38006
		عقود الزبرجد على مسند الإمام أحمد في إعراب الحديث	عبد الرحمن بن أبي بكر، جلال الدين السيوطي (المتوفى: 911هـ)	ShamAY	23077	0.38001
		مناهج المحدثين (كامل)	سعد الحميد	ShamAY	37327	0.37982
		الجامع في الرسائل الدعوية	علي بن نايف الشحود	ShamAY	33260	0.37977
		المعجم الصغير لرواة الإمام ابن جرير الطبري	أكرم بن محمد زيادة الفالوجي الأثري	ShamAY	210	0.37976
		الاعتصام للشاطبي ت الشقير والحميد والصيني	إبراهيم بن موسى بن محمد اللخمي الغرناطي الشهير بالشاطبي (المتوفى: 790هـ)	ShamAY	445	0.37976
		التحصيل من المحصول	سراج الدين محمود بن أبي بكر الأرموي (المتوفى: 682 ه)	ShamelaY19	19235	0.37972
		 الانتصارات الإسلامية في كشف شبه النصرانية 	 سليمان بن عبد القوي الطوفي الصرصي الحنبلي 	ABLibrary	8312	0.37972
		أحكام أهل الذمة	محمد بن أبي بكر بن أيوب بن سعد شمس الدين ابن قيم الجوزية (المتوفى: 751ه)	ShamelaY19	21747	0.3797
		تحقيقات وأنظار في القرآن والسنة	محمد الطاهر ابن عاشور	ShamelaY19	133368	0.37969
		رفع الارتياب بتوهين الحارث الكذاب	محمد ملاح	ShamAY	35208	0.37969
		تحريم ذبائح أهل الكتاب	الشيخ المفيد	Masaha	993	0.37968
		الروض المعطار في خبر الأقطار	أبو عبد الله محمد بن عبد الله بن عبد المنعم الحميرى (المتوفى: 900ه)	Sham19Y	1043	0.37963
		أصول علم العربية في المدينة	عبد الرزاق بن فراج الصاعدي	ShamAY	11191	0.37962
		البكاء علي الميت	محمد جواد طبسي	Ghbook	11208	0.37959
		مشروعية الاجتهاد في فروع الاعتقاد	الخطيب الشربيني	ShamAY	35754	0.37953
		أحاديث ربا الفضل وأثرها في العلة والحكمة في تحريم الربا	محمد بن علي بن حسين الحريري	ShamAY	36462	0.37952
		مجلس في ختم كتاب الشفا بتعريف حقوق المصطفى صلى الله عليه وسلم	محمد بن عبد الله (أبي بكر) بن محمد ابن أحمد بن مجاهد القيسي الدمشقي الشافعي، شمس الدين، الشهير بابن ناصر الدين (المتوفى: 842ه)	ShamelaY19	27088	0.37951
		التحديد في الإتقان والتجويد لأبي عمرو الداني	عثمان بن سعيد بن عثمان بن عمر أبو عمرو الداني (المتوفى: 444 ه)	ShamelaY19	26458	0.37951
		حول سماع الميت و ادراكه	خليفه عبيد كلباني عماني	Ghbook	7638	0.37948
		ثمر الثمام شرح «غاية الإحكام في آداب الفهم والإفهام»	محمد بن محمد بن أحمد بن عبد القادر بن عبد العزيز السنباوي الأزهري، المعروف بالأمير (المتوفى: 1232ه)	Sham19Y	17091	0.37945
		الشّهيد مسلم بن عقيل عليه السلام	السيد عبد الرزاق الموسوي المقرّم	Rafed	558	0.37938
		التعليق الرشيق في التختم بالعقيق للناجي	إبراهيم بن محمد بن محمود بن بدر، برهان الدين، أبو إسحاق الحلبي القبيباتي الشافعي الناجي (المتوفى: 900ه)	ShamelaY19	26961	0.37935
		الإمام علي ( عليه السلام ) سيرة وتأريخ	اسلام الموسوي	Rafed	128	0.37933
		مراسم عاشوراء - شبهات و ردود	سيد جعفرمرتضي حسيني عاملي	Ghbook	5109	0.37932
		دلائل الامامه ( الامام السجاد عليه السلام )	طبري امامي ( صغير ) ابوجعفر محمد بن جرير بن رستم ( قرن 4و5 ق ) ( صاحب دلائل الامامه )	Ghbook	6381	0.37929
		الاعتصام للشاطبي ت الشقير والحميد والصيني	إبراهيم بن موسى بن محمد اللخمي الغرناطي الشهير بالشاطبي (المتوفى: 790ه)	Sham19Y	36558	0.37926
		الاتجاهات العامة للاجتهاد ومكانة الحديث الآحادي الصحيح فيها	نور الدين محمد عتر الحلبي	ShamAY	1701	0.37925
		الاصول التمهيديه في المعارف المهدويه	محمد علي الحلو	Ghbook	12283	0.37925
		شرح أبيات مغني اللبيب	عبد القادر بن عمر البغدادي (1030 ه - 1093 ه)	Sham19Y	150966	0.37922
		 بحار الأنوار 	 العلامة المجلسي 	ABLibrary	756	0.3792
		الروض المعطار في خبر الأقطار	أبو عبد الله محمد بن عبد الله بن عبد المنعم الحِميرى (المتوفى: 900هـ)	ShamAY	1043	0.37919
		ديوان عبد الله بن المبارك - دار اليقين	ابن المبارك	ShamAY	37919	0.37917
		صيد الأفكار في الأدب والأخلاق والحكم والأمثال	القاضي/حسين بن محمد المهدي - عضو المحكمة العليا للجمهورية اليمنية	ShamAY	8372	0.37904
		المقترح في أجوبة بعض أسئلة المصطلح - أكثر من 200 سؤال في المصطلح مع محاضرات في:	أَبِو عَبد الرَّحمَن مُقْبلُ بنُ هَادِي بنِ مُقْبِلِ بنِ قَائِدَةَ (اسم رجل) الهَمْدَاني الوادعِيُّ (المتوفى: 1422هـ)	ShamAY	1998	0.37902
		 روضة الحبور ومعدن السرور في مناقب الجنيد البغدادى وإبي يزيد طيفور 	 محمد بن احمد الأطعاني البسطامي 	ABLibrary	8808	0.379
		بحار الأنوار [ج ٦٣]	الشيخ محمّد باقر بن محمّد تقي المجلسي	Rafed	1062	0.37895
		دروس في شرح البيقونية - سعد الحميد	سعد بن عبد الله بن عبد العزيز آل حميد	Sham19Y	95663	0.37894
		المجالس السنيه في مناقب و مصائب العتره النبويه ( الامام السجاد عليه السلام )	محسن امين عاملي	Ghbook	6371	0.37894
		العتره في الكتاب و السنه و الصلاه عليهم	محمد حسن نائيني	Ghbook	5280	0.37893
		تيسير مصطلح الحديث	أبو حفص محمود بن أحمد بن محمود طحان النعيمي	ShamAY	8681	0.37892
		الملل والنحل	أبو الفتح محمد بن عبد الكريم بن أبى بكر أحمد الشهرستاني (المتوفى: 548ه)	Sham19Y	11812	0.37887
		التصنيف في مصطلح الحديث بين مدرستي الحديث والفقه	أبو ذر عبد القادر بن مصطفى بن عبد الرزاق المحمدي	Sham19Y	117135	0.37886
		الأحاديث القدسية	جمال محمد علي الشقيري	ShamelaY19	36348	0.37884
		حقيقه التشيع و نشاته	المجمع العالمي لاهل البيت عليهم السلام	Ghbook	7633	0.37884
		عوالم العلوم (الجزء 56) في الاذكار والصلوات	محمد باقر بن مرتضي موحد ابطحي اصفهاني	Ghbook	15277	0.37883
		جلاء العينين في محاكمة الأحمدين	نعمان بن محمود بن عبد الله، أبو البركات خير الدين، الآلوسي (المتوفى: 1317هـ)	ShamAY	9943	0.37876
		سفينة البحار - الجزء1	الشيخ عباس القمي	Masaha	4042	0.37875
		نوادر الاثر في علم عمر	عبدالحسين اميني ( علامه اميني )	Ghbook	4588	0.37875
		السنة ومكانتها من التشريع لعبد الحليم محمود	عبد الحليم محمود (المتوفى: 1397ه)	ShamelaY19	28040	0.37874
		فضل علم الوقف والابتداء وحكم الوقف على رؤوس الآيات	عبد الله علي الميموني	ShamAY	94	0.37873
		نفي ظاهرة التكفير عند الامامية	ابومحمد ساعدي	Ghbook	10522	0.37873
		أهل البيت في مصر	عدة من الباحثين و المفكرين المصريين	Masaha	1943	0.37872
		لباب النقول في أسباب النزول	عبد الرحمن بن أبي بكر بن محمد السيوطي أبو الفضل	ShamAY	34090	0.37868
		جمع الجوامع أو الجامع الكبير للسيوطي	السيوطي	ShamAY	33068	0.37864
		الإلمام بشرح عمدة الأحكام	الشيخ إسماعيل الأنصاري	ShamelaY19	151007	0.37863
		اتباع السنن واجتناب البدع	ضياء الدين أبو عبد الله محمد بن عبد الواحد المقدسي (المتوفى: 643هـ)	ShamAY	178	0.37863
		المفهم لما أشكل من تلخيص كتاب مسلم	أبو العباس أحمد بن عمر بن إبراهيم القرطبي (578 - 656 ه)	ShamelaY19	132524	0.37862
		 البكاء على الميت على ضوء السنة والسيرة 	 محمد جواد الطبسي 	ABLibrary	8370	0.37861
		أطيب النشر في تفسير الوصايا العشر	مرزوق بن هياس الزهراني	ShamAY	22750	0.3786
		أحكام تمني الموت (مطبوع ضمن مؤلفات الشيخ محمد بن عبد الوهاب، الجزء الثالث)	محمد بن عبد الوهاب بن سليمان التميمي النجدي (المتوفى: 1206هـ)	ShamAY	7489	0.37852
		الاستنفار للذب عن الصحابة الأخيار	سليمان بن ناصر العلوان	ShamAY	35657	0.37844
		علم فهرسة الحديث، نشأته، تطوره، أشهر ما دون فيه	يوسف عبد الرحمن المرعشلي	Sham19Y	37635	0.37844
		أبو الحسن الأشعري	حماد بن محمد الأنصاري الخزرجي السعدي (المتوفى: 1418هـ)	ShamAY	12159	0.37838
		لا تخونوا الله و الرسول !	صباح علي بياتي	Ghbook	4576	0.37837
		شرح ابن طولون علي الفية ابن مالك	محمد بن علي ابن  طولون	Ghbook	15580	0.37827
		الاحتجاج بالأثر على من أنكر المهدي المنتظر	حمود بن عبد الله بن حمود بن عبد الرحمن التويجري (المتوفى: 1413ه)	ShamelaY19	36046	0.37818
		 الكوثر في أحوال فاطمة بنت النبي الأعظم ( ع ) 	 السيد محمد باقر الموسوي 	ABLibrary	7686	0.37816
		السُّنّةُ النبويةُ وأثرُها في اختلافِ الفقهاء	علي بن نايف الشحود	ShamAY	37299	0.37815
		الاجتهاد والمجتهدون بالأندلس والمغرب	محمد إبراهيم بن أحمد بن جعفر الكتاني :: محمد إبراهيم بن أحمد الكتاني	ShamAY	37506	0.37813
		الإقناع لابن المنذر	أبو بكر محمد بن إبراهيم بن المنذر النيسابوري (المتوفى: 319ه)	Sham19Y	12843	0.37804
		رسالة فيمن يدعي أن من ذرية العباس بن عبد المطلب رضي الله عنه حمزة الخلف	إبراهيم بن محمد بن محمود بن بدر، برهان الدين، أبو إسحاق الحلبي القبيباتي الشافعي الناجي (المتوفى: 900ه)	ShamelaY19	27090	0.37803
		آل رسول الله وأولياؤه	محمد بن عبد الرحمن بن محمد بن عبد الله بن عبد الرحمن بن محمد بن قاسم العاصمي الحنبلي (المتوفى: 1421هـ)	ShamAY	7335	0.37803
		الملل والنحل	أبو الفتح محمد بن عبد الكريم بن أبى بكر أحمد الشهرستاني (المتوفى: 548هـ)	ShamAY	11812	0.37803
		 الذريعة 	 آقا بزرگ الطهراني 	ABLibrary	849	0.37802
		مستدرك الوسائل [ج ٧]	الشيخ حسين النوري الطبرسي [ المحدّث النوري ]	Rafed	1147	0.37791
		الأحاديث القدسية	جمال محمد علي الشقيري	ShamAY	87	0.37785
		مختصر المؤمل في الرد إلى الأمر الأول	أبو القاسم شهاب الدين عبد الرحمن بن إسماعيل بن إبراهيم المقدسي الدمشقي المعروف بأبي شامة (المتوفى: 665هـ)	ShamAY	6299	0.37784
		تاج العروس من جواهر القاموس	محمد مرتضي حسيني زبيدي	Ghbook	8169	0.37784
		مرآة العقول [ج ٢٤]	الشيخ محمّد باقر بن محمّد تقي المجلسي	Rafed	1087	0.37782
		البحرين في صدر الاسلام	عبدالرحمن عبدالكريم عاني	Ghbook	3875	0.37774
		المحرر في الحديث	شمس الدين محمد بن أحمد بن عبد الهادي الحنبلي (المتوفى : 744هـ)	ShamAY	5918	0.37771
		تفسير التابعين .. عرض ودراسة مقارِنة	د. محمد بن عبد الله بن علي الخضيري	ShamAY	34107	0.37771
		المعيار و الموازنة في فضائل الإمام أمير المؤمنين علي بن أبي طالب(ع)	جعفر بن محمد الإسكافي‏	Masaha	2874	0.37771
		الإقناع لابن المنذر	أبو بكر محمد بن إبراهيم بن المنذر النيسابوري (المتوفى: 319هـ)	ShamAY	12843	0.37769
		حياة السلف بين القول والعمل	أحمد بن ناصر الطيار	Sham19Y	17505	0.37764
		أحكام الصلاة على الجنازة في المسجد	أبو الفداء زين الدين قاسم بن قُطْلُوْبَغَا السُّوْدُوْنِي (نسبة إلى معتق أبيه سودون الشيخوني) الجمالي الحنفي (المتوفى: 879هـ)	ShamAY	2008	0.37763
		ديوان أبي طالب بن عبد المطلب	ابو هفان المهزمي	Masaha	2346	0.37759
		 رسائل ومقالات 	 الشيخ السبحاني 	ABLibrary	8438	0.37756
		تفضيل أمير المؤمنين(ع)	الشيخ المفيد	Masaha	4681	0.37755
		القناعة والتعفف	أبو بكر عبد الله بن محمد بن عبيد بن سفيان بن قيس البغدادي الأموي القرشي المعروف بابن أبي الدنيا (المتوفى: 281ه)	ShamelaY19	22347	0.37754
		ليالي بيشاور	السيّد محمّد الموسوي الشيرازي	Rafed	1918	0.37751
		شهر رمضان	آيت الله العظمي سيد محمد حسيني شيرازي	Ghbook	7895	0.37751
		التهذيب في فقه الإمام الشافعي	محيي السنة، أبو محمد الحسين بن مسعود بن محمد بن الفراء البغوي الشافعي (المتوفى: 516 ه)	Sham19Y	17885	0.3775
		نيل الأمل في ذيل الدول	زين الدين عبد الباسط بن أبي الصفاء غرس الدين خليل بن شاهين الظاهريّ الملطيّ ثم القاهري الحنفيّ (المتوفى: 920هـ)	ShamAY	32108	0.37748
		الإصباح على المصباح في معرفة الملك الفتاح	ابراهيم بن محمد بن أحمد المؤيدي	Rafed	3493	0.37744
		لله و للحقيقه رد علي كتاب الله ثم للتاريخ	علي آل محسن	Ghbook	10938	0.37744
		 كامل البهائي في السقيفة 	 عماد الدين حسن بن علي الطبري ( تعريب : فاخر ) 	ABLibrary	7649	0.37741
		 الإمام الصادق والمذاهب الأربعة 	 اسد حيدر 	ABLibrary	7425	0.37735
		 الذريعة 	 آقا بزرگ الطهراني 	ABLibrary	846	0.37734
		 رياض الأبرار في مناقب الأئمة الأطهار ( ع ) 	 السيد نعمة الله الجزائري 	ABLibrary	7538	0.37731
		المهذب فيما وقع في القرآن من المعرب	عبد الرحمن بن أبي بكر، جلال الدين السيوطي (المتوفى: 911هـ)	ShamAY	26097	0.37729
		القراءات المتواترة وأثرها في الرسم القرآني والأحكام الشرعية	محمد الحبش	ShamelaY19	38020	0.37727
		فضائل فلسطين وبيت المقدس في الكتاب والسنة	حسني محمد العطار	ShamAY	37119	0.37727
		عقيدة أهل الإيمان في خلق آدم على صورة الرحمن	حمود بن عبد الله بن حمود بن عبد الرحمن التويجري (المتوفى: 1413ه)	Sham19Y	17329	0.37726
		أسباب النّزول القرآني	دكتور غازي عناية	Rafed	3393	0.37726
		لباب الآداب للثعالبي	أبو منصور عبد الملك بن محمد بن إسماعيل الثعالبي النيسابوري	ShamAY	418	0.37724
		التصنيف في السنة النبوية	خلدون بن محمد سليم الأحدب	ShamAY	7580	0.37722
		علم فهرسة الحديث، نشأته، تطوره، أشهر ما دُوِّنَ فيه	يوسف عبد الرحمن المرعشلي	ShamAY	997	0.37713
		 معجم ما كتب عن الرسول ( ص ) وأهل بيته ( ع ) 	 عبد الجبار الرفاعي 	ABLibrary	7764	0.37711
		صوارم اليقين (رد على الزيدية في تشكيكهم في السنة النبوية)	يحيى المنصور بالله	ShamAY	35743	0.3771
		مصادقه الاخوان	محمد بن علي بن بابويه شيخ صدوق	Ghbook	11908	0.37709
		جلاء الأفهام في فضل الصلاة والسلام على خير الأنام صلى الله عليه وسلم	ابن القيم	ShamAY	38324	0.377
		الغريب المصنف	أبو عُبيد القاسم بن سلاّم بن عبد الله الهروي البغدادي (المتوفى: 224هـ)	ShamAY	1536	0.37697
		الرد على البردة	عبد الله بن عبد الرحمن بن عبد العزيز بن عبد الرحمن بن عبد الله بن سلطان بن خميس الملقب بـ"أبابطين" (المتوفى: 1282هـ)	ShamAY	7620	0.37693
		الاعتصام بالكتاب والسنة	الشيخ جعفر السبحاني	Masaha	4867	0.3769
		صرخه النور - حكايه الملحمه التي سطرتها السيده الزهراء ( عليها السلام )	مهدي خداميان آراني	Ghbook	9580	0.3769
		الأنوار الباهرة بفضائل أهل بيت النبوة و الذرية الطاهرة	أبو الفتوح عبد الله التليدي	Masaha	1918	0.37685
		الحج - العلوان	الواحدي :: سليمان العلوان	ShamAY	36666	0.37683
		المسالك والممالك للبكري	أبو عبيد عبد الله بن عبد العزيز بن محمد البكري الأندلسي (المتوفى: 487ه)	ShamelaY19	23849	0.37676
		 أدب الطف أو شعراء الحسين ( ع ) 	 جواد شبر 	ABLibrary	7402	0.3767
		الإتقان في علوم القرآن (ط مجمع الملك فهد)	أبو الفضل جلال الدين عبد الرحمن بن أبي بكر السيوطي	ShamAY	34111	0.37666
		معجم الاحاديث الامام المهدي عليه السلام	موسسه المعارف الاسلاميه	Ghbook	16259	0.37663
		النوادر	أبو جعفر الأشعري القمي	Masaha	543	0.37662
		الوسيط في تفسير القرآن المجيد	أبو الحسن علي بن أحمد بن محمد بن علي الواحدي، النيسابوري، الشافعي (المتوفى: 468هـ)	ShamAY	21821	0.37661
		أخبار الحمقى والمغفلين - المكتب التجاري	أبو الفرج عبد الرحمن بن علي بن الجوزي	ShamAY	33774	0.37656
		تراثنا ـ العدد [ 13 ]	مؤسسة آل البيت عليهم السلام لإحياء التراث ـ قم	Rafed	2723	0.37656
		مجلس في فضل يوم عرفة لابن ناصر الدين	ابن ناصر الدين (842 هـ)	ShamAY	33589	0.37654
		مسائل منثورة في التفسير والعربية والمعاني	عبد الله بن بري بن عبد الجبار المقدسي الأصل المصري، أبو محمد، ابن أبي الوحش (المتوفى: 582ه)	ShamelaY19	95580	0.37653
		مشيخة ابن حذلم	أبو الحسن القاضي أحمد بن سليمان بن أيوب بن داود بن عبد الله بن حَذْلَم الأسدي الدمشقي الأوزاعي (المتوفى: 347هـ)	ShamAY	29933	0.37653
		مسند عائشة لابن أبي داود	أبو بكر بن أبي داود، عبد الله بن سليمان بن الأشعث الأزدي السجستاني (المتوفى: 316هـ)	ShamAY	13167	0.37652
		حياة السلف بين القول والعمل	أحمد بن ناصر الطيار	ShamAY	32296	0.37652
		 حياة الإمام محمد الباقر ( ع ) 	 الشيخ باقر شريف القرشي 	ABLibrary	7503	0.37652
		بحار الأنوار [ج ٨٥]	الشيخ محمّد باقر بن محمّد تقي المجلسي	Rafed	1149	0.37649
		 ليالي بيشاور ( مناظرات وحوار ) 	 سلطان الواعظين ( السيد محمد الموسوي الشيرازي ) 	ABLibrary	8585	0.37641
		بحار الأنوار [ج ١٠٤]	الشيخ محمّد باقر بن محمّد تقي المجلسي	Rafed	1529	0.37639
		القناعة في تبيين شذوذ زيادة (لم يعملوا خيراً قط) في حديث الشفاعة	فوزي الأثري	ShamAY	33083	0.37632
		ابو الشهداء الحسين بن علي عليه السلام	عباس محمود العقاد	Masaha	4073	0.37623
		التهذيب في فقه الإمام الشافعي	محيي السنة، أبو محمد الحسين بن مسعود بن محمد بن الفراء البغوي الشافعي (المتوفى: 516 هـ)	ShamAY	32365	0.37615
		«خصائص سيد العالمين وما له من المناقب العجائب على جميع الأنبياء عليهم السلام» (مطبوع مع: منهج الإمام جمال الدين السُّرَّمَرِّي في تقرير العقيدة)	جمال الدين السُّرَّمَرِّي	ShamAY	38788	0.37597
		 نزهة الامم في العجائب والحكم 	 ابن إياس 	ABLibrary	9293	0.37595
		تمسك  العترة الطاهرة باقرآن  الكريم: دراسة تفصيلية حول الايات  التي تمسك بها  ال...	محمد جعفر طبسي	Ghbook	15964	0.37595
		فضل الجلد عند فقد الولد للسيوطي	السيوطي	ShamAY	34817	0.37594
		الخُلاصةُ في أحكامِ الاستغاثةِ والتَّوَسُّلِ -ط2	الواحدي :: علي بن نايف الشحود	ShamAY	36070	0.37593
		الثغور الباسمة في مناقب سيدتنا فاطمة بنت رسول الله صلى الله عليه وسلم	جلال الدين السيوطي (911)	ShamAY	34634	0.37591
		مقالات الإسلاميين واختلاف المصلين	أبو الحسن علي بن إسماعيل بن إسحاق بن سالم بن إسماعيل بن عبد الله بن موسى بن أبي بردة بن أبي موسى الأشعري (المتوفى: 324هـ)	ShamAY	1167	0.37591
		منهاج الكرامة في معرفة الإمامة	العلامة الحلي	Masaha	443	0.3759
		تعليق لطيف على آخر حديث في رياض الصالحين - لقاء العشر الأواخر بالمسجد الحرام (5)	قاسم بن صالح بن إسماعيل بن أبي بكر الشهير القاسمي الدمشقي (المتوفى: 1284 ه)	Sham19Y	17741	0.37585
		أحاديث يزيد بن أبي حبيب المصري	يزيد بن أبى حبيب سويد الأزدى أبو رجاء المصرى مولى شريك بن الطفيل الأزدى (المتوفى: 128هـ)	ShamAY	30310	0.37581
		أحكام أهل الذمة (العلمية)	الواحدي :: ابن القيم	ShamAY	34409	0.37581
		بحار الأنوار [ج ٧٠]	الشيخ محمّد باقر بن محمّد تقي المجلسي	Rafed	1082	0.37581
		المراح في المزاح	محمد بن محمد بن محمد الغزي العامري الدمشقي، أبو البركات، بدر الدين ابن رضي الدين (المتوفى: 984هـ)	ShamAY	4126	0.3758
		عقود الزبرجد على مسند الإمام أحمد في إعراب الحديث	عبد الرحمن بن أبي بكر، جلال الدين السيوطي (المتوفى: 911ه)	ShamelaY19	23077	0.37574
		المفصل في شرح حديث من بدل دينه فاقتلوه	علي بن نايف الشحود	ShamAY	35956	0.37571
		الانتصار للصحابة الأخيار في رد أباطيل حسن المالكي	عبد المحسن بن حمد بن عبد المحسن بن عبد الله بن حمد العباد البدر	ShamAY	1784	0.37569
		الجامع في السنن والآداب والمغازي والتاريخ	أبو محمد عبد الله بن أبي زيد القيرواني (المتوفى 386 هـ)	ShamAY	32680	0.37567
		الأحاديث السبعة عن سبعة من الصحابة الذين روى عنهم الإمام أبو حنيفة رحمه الله	أبو المكارم عبد الله بن حسين بن أبي بكر بن أبي القاسم النيسابوري الحنفي	ShamAY	33547	0.37566
		التفسير والمفسرون	الدكتور محمد السيد حسين الذهبي (المتوفى: 1398ه)	Sham19Y	12393	0.37564
		النوادر في اللغة لأبي زيد الأنصاري	أبو زيد الأنصاري	ShamelaY19	133417	0.37563
		عيون الغرر في فضائل الآيات والسور	مشتاق مظفر	Rafed	201	0.37561
		التعريف بكتاب محنة الإمام أحمد بن حنبل	محمد نغش	Sham19Y	10302	0.37559
		اقتضاء الصراط المستقيم لمخالفة أصحاب الجحيم	تقي الدين أبو العباس أحمد بن عبد الحليم بن عبد السلام بن عبد الله بن أبي القاسم بن محمد ابن تيمية الحراني الحنبلي الدمشقي (المتوفى: 728هـ)	ShamAY	11620	0.37555
		اللؤلؤ المكنون في سيرة النبي المأمون «دراسة محققة للسيرة النبوية»	موسى بن راشد العازمي	ShamelaY19	38114	0.37552
		سنن سعيد بن منصور	أبو عثمان سعيد بن منصور بن شعبة الخراساني الجوزجاني (المتوفى: 227هـ)	ShamAY	13122	0.37552
		قرارات المجمع الفقهي الإسلامي للرابطة ـ مكة	مجموعة من المؤلفين	ShamAY	36603	0.37546
		القراءات روايتا ورش وحفص دراسة تحليلية مقارنة	حليمة سال	ShamAY	31809	0.37542
		ثمر الثمام شرح «غاية الإحكام في آداب الفهم والإفهام»	محمد بن محمد بن أحمد بن عبد القادر بن عبد العزيز السَّنَباوي الأزهري، المعروف بالأمير (المتوفى: 1232هـ)	ShamAY	32106	0.37538
		امهات الائمه المعصومين عليهم السلام: دراسه تاريخيه،تحليليه،علميه	الدكتور السيد حسين الموسوي الصافي	Ghbook	15685	0.37538
		العثمانية	عمرو بن بحر بن محبوب الكناني بالولاء، الليثي، أبو عثمان، الشهير بالجاحظ (المتوفى: 255ه)	ShamelaY19	96338	0.37535
		 أعيان الشيعة 	 السيد محسن الأمين 	ABLibrary	81	0.37534
		الحجة للقراء السبعة	الحسن بن أحمد بن عبد الغفار الفارسيّ الأصل، أبو علي (المتوفى: 377هـ)	ShamAY	1068	0.37527
		طبقات صلحاء اليمن/ المعروف بتاريخ البريهي	عبد الوهاب بن عبد الرحمن البريهي السكسكي اليمني (المتوفى: 904ه)	Sham19Y	6641	0.37524
		رسم المصحف العثماني وأوهام المستشرقين في قراءات القرآن الكريم	الدكتور/ عبد الفتاح إسماعيل شلبي	ShamAY	10014	0.3752
		الجوهر النفيس في سياسة الرئيس	ابن الحداد محمد بن منصور بن حبيش (المتوفى: بعد 673هـ)	ShamAY	9681	0.37518
		أحكام أهل الذمة	محمد بن أبي بكر بن أيوب بن سعد شمس الدين ابن قيم الجوزية (المتوفى: 751هـ)	ShamAY	21747	0.37513
		ظاهره التحريف في التراث الاسلامي	آيت الله العظمي جعفر سبحاني	Ghbook	10557	0.3751
		تعدد الخلفاء ووحدة الأمَّة فقهاً وتاريخاً ومستقبلاً	الدكتور محمد خلدون أحمد نورس مالكي	ShamAY	1732	0.37505
		مبتدعون يتاجرون بالبدعه	لجنة البحوث و الدراسات بالطريقة العزمية	Ghbook	7699	0.37505
		الصلاة وحكم تاركها وسياق صلاة النبي من حين كان يكبر إلى أن يفرغ منها	محمد بن أبي بكر أيوب الزرعي ابن القيم أبو عبد الله	ShamAY	34415	0.37504
		الذخيرة في محاسن أهل الجزيرة	أبو الحسن علي بن بسام الشنتريني (المتوفى: 542هـ)	ShamAY	1035	0.37501
		البلاغة العمرية	محمد سالم الخضر	ShamAY	31954	0.37499
		روضة المحبين ونزهة المشتاقين - ط عالم الفوائد	ابن القيم	ShamAY	38393	0.37499
		الامام المهدي عليه السلام	آيت الله علي حسيني ميلاني	Ghbook	13966	0.37499
		الكافي [ج ١٢]	أبو جعفر محمّد بن يعقوب الكليني الرازي	Rafed	1131	0.37495
		بيان السبب الموجب لاختلاف القراءات و كثره الطرق و الروايات 	ابوالعباس احمد بن عمار مهدوي	Ghbook	2900	0.37491
		تسهيل الوصول إلى معرفة أسباب النزول	الناشر: دار المعرفة للطباعة والنشر والتوزيع	Rafed	3744	0.3749
		اختلاف الحديث (مطبوع ملحقا بالأم للشافعي)	الشافعي أبو عبد الله محمد بن إدريس بن العباس بن عثمان بن شافع بن عبد المطلب بن عبد مناف المطلبي القرشي المكي (المتوفى: 204هـ)	ShamAY	9348	0.37486
		التفسير والمفسرون	الدكتور محمد السيد حسين الذهبي (المتوفى: 1398هـ)	ShamAY	12393	0.37485
		الرَّوضُ البَاسمْ في الذِّبِّ عَنْ سُنَّةِ أبي القَاسِم - صَلَّى اللَّهُ عَلَيْهِ وَسَلَّمَ -	ابن الوزير، محمد بن إبراهيم بن علي بن المرتضى بن المفضل الحسني القاسمي، أبو عبد الله، عز الدين، من آل الوزير (المتوفى: 840هـ)	ShamAY	28	0.37481
		تاريخ مقام الامام المهدي (عج) في الحلة	احمد علي مجيد الحلي	Rafed	120	0.37479
		الحث على طلب العلم والاجتهاد في جمعه	أبو هلال الحسن بن عبد الله بن سهل بن سعيد بن يحيى بن مهران العسكري (المتوفى: نحو 395هـ)	ShamAY	6861	0.37474
		طبقات صلحاء اليمن/ المعروف بتاريخ البريهي	عبد الوهاب بن عبد الرحمن البريهي السكسكي اليمني (المتوفى: 904هـ)	ShamAY	6641	0.37455
		التعريف بكتاب محنة الإمام أحمد بن حنبل	محمد نغش	ShamAY	10302	0.37454
		ايمان ابي طالب عليه السلام و سيرته	عبدالحسين اميني ( علامه اميني )	Ghbook	7610	0.37452
		تسلية نفوس النساء والرجال عند فقد الأطفال	زين الدين عبد الرحمن بن أحمد بن رجب بن الحسن، السلامي، البغدادي، ثم الدمشقي، الحنبلي (المتوفى: 795ه)	Sham19Y	1519	0.37447
		الرد على شبهات المستعينين بغير الله	أحمد بن إبراهيم بن حمد بن محمد بن حمد بن عبد الله بن عيسى (المتوفى: 1327هـ)	ShamAY	7625	0.37438
		الشرح المختصر لنخبة الفكر لابن حجر العسقلاني	أبو المنذر محمود بن محمد بن مصطفى بن عبد اللطيف المنياوي	ShamAY	1109	0.37437
		العثمانية	عمرو بن بحر بن محبوب الكناني بالولاء، الليثي، أبو عثمان، الشهير بالجاحظ (المتوفى: 255هـ)	ShamAY	1785	0.37434
		تراثنا ـ العددان [ 83 و 84 ]	مؤسسة آل البيت عليهم السلام لإحياء التراث ـ قم	Rafed	3624	0.37432
		أحكام الصلاة على الجنازة في المسجد	أبو الفداء زين الدين قاسم بن قطلوبغا السودوني (نسبة إلى معتق أبيه سودون الشيخوني) الجمالي الحنفي (المتوفى: 879ه)	ShamelaY19	96848	0.37431
		إرشاد الحائر إلى معرفة قبيلة فلان في جنوب الجزائر	أبو عبد الله محمد عبد القادر بن محمد بن المختار بن أحمد العالم القبلوي الجزائري المالكي الشهير بالشيخ باي بلعالم (المتوفى: 1430ه)	ShamelaY19	95861	0.3743
		القطره من بحار مناقب النبي والعتره عليهم السلام	احمد مستنبط	Ghbook	11371	0.37426
		شرح كتاب الصوم من صحيح البخاري	أبو محمد، عبد الله بن مانع بن غلاب الغبيوي الروقي العتيبي	ShamAY	32003	0.37421
		التكبير عند ختم المصحف الشريف مفهومه وأحكامه بين القراء والفقهاء	محمد خالد منصور	ShamAY	36549	0.37421
		أخبار الحمقى والمغفلين	جمال الدين أبو الفرج عبد الرحمن بن علي بن محمد الجوزي (المتوفى: 597هـ)	ShamAY	11068	0.37416
		نضرة الإغريض في نصرة القريض	المظفر بن الفضل بن يحيى، أبو علي، العلوي الحسيني العراقي (المتوفى: 656ه)	Sham19Y	629	0.37415
		الإمامة في ضوء الكتاب والسنة	ابن تيمية	ShamAY	35288	0.37414
		معجم المؤلفات الأصولية الشافعية المبثوثة في كشف الظنون وإيضاح المكنون وهدية العارفين	ترحيب بن ربيعان الدوسري	ShamAY	3569	0.37414
		 الإمام السجاد جهاد وأمجاد 	 حسين الحاج حسن 	ABLibrary	7422	0.37413
		 نظرية وحدة الوجود بين ابن عربي والجيلي 	 سهيلة عبد الباعث الترجمان 	ABLibrary	8902	0.37409
		الإمام البخاري وكتابه الجامع الصحيح	عبد المحسن بن حمد بن عبد المحسن بن عبد الله بن حمد العباد البدر	ShamAY	8772	0.37407
		معجم المؤلفات الأصولية الشافعية المبثوثة في كشف الظنون وإيضاح المكنون وهدية العارفين	ترحيب بن ربيعان الدوسري	Sham19Y	3569	0.37407
		 الصحابي وعدالته 	 السيد مرتضى العسكري 	ABLibrary	8486	0.37406
		الذّريعة إلى تصانيف الشّيعة [ج ١١]	الشيخ آقا بزرك الطهراني	Rafed	459	0.37406
		الرسالة - ط الوفاء ت: عبد المطلب	محمد بن إدريس الشافعي	ShamAY	34203	0.374
		نضرة الإغريض في نصرة القريض	المظفر بن الفضل بن يحيى، أبو علي، العلوي الحسيني العراقي (المتوفى: 656هـ)	ShamAY	629	0.37399
		المزهر في علوم اللغة وأنواعها	عبد الرحمن بن أبي بكر، جلال الدين السيوطي (المتوفى: 911هـ)	ShamAY	6936	0.37396
		 المواعظ والإعتبار في ذكر الخطط والآثار ( ط لندن ) 	 المقريزي 	ABLibrary	9240	0.37396
		إفادة الفضلاء ببعض أحكام الحناء	خالد الغرباني	ShamAY	36713	0.37394
		تنبيه الإخوان على الأخطاء في مسألة خلق القرآن	حمود بن عبد الله بن حمود بن عبد الرحمن التويجري (المتوفى: 1413هـ)	ShamAY	32260	0.3739
		المهدي الموعود المنتظر عند علماء أهل السنة و الامامية - الجزء1	نجم الدين العسكري	Masaha	2511	0.3739
		محمد بن عبد الوهاب عقيدته السلفية ودعوته الإصلاحية وثناء العلماء عليه	أحمد بن حجر بن محمد بن حجر بن أحمد بن حجر بن طامي بن حجر بن سند بن سعدون آل بوطامي البنعلي (المتوفى: 1423هـ)	ShamAY	11382	0.37389
		بحار الأنوار [ج ٢١]	الشيخ محمّد باقر بن محمّد تقي المجلسي	Rafed	889	0.37388
		نبذة مفيدة عن حقوق ولاة الأمر	عبد العزيز بن إبراهيم العسكر	ShamAY	36558	0.37382
		الأندلس من الفتح إلى السقوط	راغب الحنفي راغب السرجاني	ShamelaY19	21877	0.3738
		نسخة نبيط بن شريط الأشجعي (نبيط بن شريط: له صحبة)	اللكي	ShamelaY19	26556	0.37376
		اقناع اللائم علي اقامه الماتم	محسن امين عاملي	Ghbook	5900	0.37374
		حياة الإمام محمّد الباقر عليه السلام دراسة وتحليل [ج ١]	باقر شريف القرشي	Rafed	613	0.37371
		 المسالك والممالك 	 أبي عبيد البكري 	ABLibrary	9204	0.37365
		الجامع لعلوم الإمام أحمد - شرح الأحاديث والآثار	إبراهيم النحاس	ShamAY	38859	0.37364
		 مسالك الأبصار في ممالك الأمصار 	 أحمد بن يحيى العمري 	ABLibrary	9193	0.37362
		 الموسوعة الكبرى عن فاطمة الزهراء ( س ) 	 اسماعيل الأنصاري الزنجاني الخوئيني 	ABLibrary	7835	0.37361
		الوفا بتعريف فضائل المصطفى - ط المعرفة	الواحدي :: ابن الجوزي	ShamAY	37387	0.37358
		الفروسية	محمد بن أبي بكر بن أيوب بن سعد شمس الدين ابن قيم الجوزية (المتوفى: 751هـ)	ShamAY	6275	0.37352
		السياسة الشرعية في إصلاح الراعي والرعية - ت العمران - ط عالم الفوائد	شيخ الإسلام أحمد بن عبد الحليم بن عبد السلام ابن تيمية (661 - 728 هـ)	ShamAY	38472	0.37352
		النفح الشذي في شرح جامع الترمذي	محمد بن محمد بن محمد بن أحمد، ابن سيد الناس، اليعمري الربعي، أبو الفتح، فتح الدين (المتوفى: 734 ه)	Sham19Y	7488	0.37351
		مستدركات اعيان الشيعه	حسن امين	Ghbook	7182	0.37348
		الرد على أصول الرافضة مفهرسا	علي بن نايف الشحود	ShamAY	35266	0.37347
		من عجائب الدعاء - الجزء الأول (قصص لقوم دعوا الله فاستجاب لهم من المتقدمين والمعاصرين)	خالد بن سليمان بن علي الربعي	ShamelaY19	36095	0.3734
		منهج الإمام الطاهر بن عاشور في التفسير	نبيل أحمد صقر	ShamAY	1237	0.37337
		شرح الأخبار في فضائل الأئمة الأطهار [ج ١]	القاضي النعمان بن محمّد التميميّ المغربي	Rafed	785	0.37336
		مجموعة الحديث على أبواب الفقه (مطبوع ضمن مؤلفات الشيخ محمد بن عبد الوهاب، الجزء السابع، الثامن، التاسع، العاشر)	محمد بن عبد الوهاب بن سليمان التميمي النجدي (المتوفى: 1206ه)	Sham19Y	12061	0.37332
		تفسير كنز الدّقائق وبحر الغرائب [ج ٧]	الشيخ محمّد بن محمّد رضا القمّي المشهدي	Rafed	3008	0.3733
		 أدب الطف أو شعراء الحسين ( ع ) 	 جواد شبر 	ABLibrary	7401	0.37328
		 الموسوعة الكبرى عن فاطمة الزهراء ( س ) 	 اسماعيل الأنصاري الزنجاني الخوئيني 	ABLibrary	7824	0.37325
		نزهة الأمم في العجائب والحكم	ابن إياس	Rafed	2538	0.37324
		كشف الغمه ( الامام الحسن المجتبي عليه السلام )	علي بن عيسي اربلي	Ghbook	6089	0.37324
		منهجية التأليف في السيرة عند ابن كثير	عبد الرحمن بن علي السنيدي	ShamAY	12103	0.37323
		تنبيهات على رسالتين للشيخ أبي بكر الجزائري	حمود بن عبد الله بن حمود بن عبد الرحمن التويجري (المتوفى: 1413ه)	Sham19Y	17402	0.37318
		إقامة الحجة على العالمين بنبوة خاتم النبيين	---	ShamAY	37417	0.37313
		زاد المسير في علم التفسير	جمال الدين أبو الفرج عبد الرحمن بن علي بن محمد الجوزي (المتوفى: 597هـ)	ShamAY	23619	0.37312
		التحفة الوفية بمعاني حروف العربية	إبراهيم بن محمد بن إبراهيم السفاقسي	ShamAY	37189	0.37312
		أضواء البيان في إيضاح القرآن بالقرآن	الشنقيطي، محمد الأمين	ShamelaY19	22918	0.37311
		العرف الوردي في الاخبار المهدي	جلال الدين عبدالرحمن بن ابي بكر سيوطي	Ghbook	9448	0.37308
		 تاريخ سني ملوك الارض والانبياء ( ع ) 	 حمزة بن الحسن الأصفهاني 	ABLibrary	8047	0.37304
		الاستخراج لأحكام الخراج	أبو الفرج عبد الرحمن بن أحمد بن رجب الحنبلي (المتوفى: 795هـ)	ShamAY	6238	0.37303
		موسوعه عاشوراء	جواد محدثي	Ghbook	10052	0.37299
		 نفح الطيب من غصن الأندلس الرطيب 	 أحمد بن محمد المقري التلمساني 	ABLibrary	9302	0.37298
		حديث المصراة	ذيب بن مصري بن ناصر القحطاني	ShamAY	10136	0.37294
		التعجب من أغلاط العامة في مسألة الإمامة	الشيخ القاضي أبي الفتح محمد بن علي الكراجكي	Masaha	201	0.37292
		خطط الشام	محمد بن عبد الرزاق بن محمَّد، كُرْد عَلي (المتوفى: 1372هـ)	ShamAY	451	0.37287
		بحار الأنوار [ج ٨٨]	الشيخ محمّد باقر بن محمّد تقي المجلسي	Rafed	1159	0.37286
		لمعة الاعتقاد	أبو محمد موفق الدين عبد الله بن أحمد بن محمد بن قدامة الجماعيلي المقدسي ثم الدمشقي الحنبلي، الشهير بابن قدامة المقدسي (المتوفى: 620ه)	ShamelaY19	30855	0.37282
		الخلاصة في أحكام الشهيد	الواحدي :: علي بن نايف الشحود	ShamAY	36073	0.37281
		الأندلس من الفتح إلى السقوط	راغب الحنفي راغب السرجاني	ShamAY	11	0.3728
		الرد على الوهابية	الشيخ محمد جواد البلاغي	Rafed	244	0.37279
		 المحيط في اللغة 	 الصاحب بن عباد 	ABLibrary	9786	0.37277
		مجموعة الحديث على أبواب الفقه (مطبوع ضمن مؤلفات الشيخ محمد بن عبد الوهاب، الجزء السابع، الثامن، التاسع، العاشر)	محمد بن عبد الوهاب بن سليمان التميمي النجدي (المتوفى: 1206هـ)	ShamAY	12061	0.37269
		شرح الرسالة	أبو محمد عبد الوهاب بن علي بن نصر الثعلبي البغدادي المالكي (المتوفى: 422 ه)	ShamelaY19	18609	0.37264
		 الموسوعة الكبرى عن فاطمة الزهراء ( س ) 	 اسماعيل الأنصاري الزنجاني الخوئيني 	ABLibrary	7817	0.37262
		البرهان في علوم القرآن للإمام الحَوفيِّ - سورة يوسف دارسة وتحقيقا	علي بن إبراهيم بن سعيد، أبو الحسن الحوفي (المتوفى: 430 هـ)	ShamAY	32385	0.3726
		ذم الخمر	الواحدي :: ابن رجب الحنبلي	ShamAY	36509	0.3726
		تفسير كنز الدّقائق وبحر الغرائب [ج ١]	الشيخ محمّد بن محمّد رضا القمّي المشهدي	Rafed	2084	0.37254
		الإتقان في علوم القرآن	عبد الرحمن بن أبي بكر، جلال الدين السيوطي (المتوفى: 911هـ)	ShamAY	11728	0.37252
		تراثنا ـ العدد [ 9 ]	مؤسسة آل البيت عليهم السلام لإحياء التراث ـ قم	Rafed	2638	0.37252
		شرح مسند أبي حنيفة	علي بن (سلطان) محمد، أبو الحسن نور الدين الملا الهروي القاري (المتوفى: 1014هـ)	ShamAY	1504	0.37251
		مسلمو أهل الكتاب من اليهود في صدر الإسلام الأول والطعون التي وجهت إليهم	د. محمد بن علي بن صالح الغامدي	ShamAY	36113	0.37245
		جزء ابن جريج	ابن جريج	ShamAY	33605	0.37244
		أحكام حضور المسجد	عبد الله العسكر	ShamAY	36220	0.37232
		التعريف بعلم العلل	هشام بن عبد العزيز الحلاف.	ShamAY	9557	0.37231
		الدر النثير والعذب النمير «في شرح مشكلات وحل مقفلات اشتمل عليها كتاب التيسير لأبي عمرو عثمان بن سعيد الداني (المتوفى 444 هـ)»	عبد الواحد بن محمد بن علي ابن أبي السداد الأموي المالقي (المتوفى: 705 هـ)	ShamAY	32449	0.37229
		رسوم دار الخلافة	هلال بن المحسن بن إبراهيم بن هلال الصابئ الحراني، أبو الحسين، أو أبو الحسن (المتوفى: 448ه)	Sham19Y	8173	0.37229
		التنبيه على حدوث التصحيف	حمزة بن الحسن الأصفهاني (280 - 360 ه)	Sham19Y	18257	0.37227
		النفح الشذي في شرح جامع الترمذي	محمد بن محمد بن محمد بن أحمد، ابن سيد الناس، اليعمري الربعي، أبو الفتح، فتح الدين (المتوفى: 734 هـ)	ShamAY	32325	0.3722
		بحار الأنوار [ج ٧٦]	الشيخ محمّد باقر بن محمّد تقي المجلسي	Rafed	1099	0.37214
		القرآنيون، نشأهم - عقائدهم - أدلتهم	علي محمد زينو	ShamelaY19	32184	0.37208
		تلحين النحويين للقراء	د. ياسين جاسم المحيميد	ShamAY	1548	0.37208
		إجمال الإصابة في أقوال الصحابة	صلاح الدين أبو سعيد خليل بن كيكلدي بن عبد الله الدمشقي العلائي (المتوفى: 761هـ)	ShamAY	6347	0.37204
		الإباضية في ميزان أهل السنة	عبد الله بن مسعود السني	ShamelaY19	96264	0.37201
		مسائل خلافيه حار فيها اهل السنه	علي آل محسن	Ghbook	7705	0.37198
		بحار الأنوار [ج ٨١]	الشيخ محمّد باقر بن محمّد تقي المجلسي	Rafed	1112	0.37197
		مختصر فضايل الخمسه من الصحاح السنه	مرتضي حسيني فيروزآبادي	Ghbook	10927	0.37185
		ذكر المدلسين	أبو عبد الرحمن أحمد بن شعيب بن علي الخراساني، النسائي (المتوفى: 303ه)	ShamelaY19	25868	0.37184
		فتح الباقي بشرح ألفية العراقي	زين الدين أبي يحيى زكريا بن محمد بن زكريا الأنصاري السنيكي (ت 926 هـ)	ShamAY	508	0.37183
		آيات الغدير	علي كوراني	Ghbook	7506	0.37181
		 الحور العين 	 أبو سعيد بن نشوان الحميري 	ABLibrary	8418	0.37175
		فتح القدير [ج ١]	محمد بن علي بن محمد الشوكاني	Rafed	3958	0.37175
		الانتصار لأهل السنة والحديث في رد أباطيل حسن المالكي	عبد المحسن بن حمد بن عبد المحسن بن عبد الله بن حمد العباد البدر	ShamAY	7553	0.37172
		زَهْرُ الخَمَائِل فِي تَرَاجِم عُلمَاءِ حَائِل	علي بن محمد الهندي	ShamAY	35876	0.37172
		الفتح الرباني من فتاوى الإمام الشوكاني	محمد بن علي بن محمد بن عبد الله الشوكاني اليمني (المتوفى: 1250ه)	ShamelaY19	36543	0.37165
		الشيعة والسنة	إحسان إلهي ظهير الباكستاني (المتوفى: 1407هـ)	ShamAY	951	0.37154
		منهاج السنة النبوية في نقض كلام الشيعة القدرية	تقي الدين أبو العباس أحمد بن عبد الحليم بن عبد السلام بن عبد الله بن أبي القاسم بن محمد ابن تيمية الحراني الحنبلي الدمشقي (المتوفى: 728هـ)	ShamAY	927	0.37149
		منهاج السنة النبوية في نقض كلام الشيعة القدرية	تقي الدين أبو العباس أحمد بن عبد الحليم بن عبد السلام بن عبد الله بن أبي القاسم بن محمد ابن تيمية الحراني الحنبلي الدمشقي (المتوفى: 728ه)	Sham19Y	927	0.37144
		مجموع رسائل الإمام الهادي إلى الحق القويم يحيى بن الحسين بن القاسم بن إبراهيم عليهم السلام	الناشر: مؤسسة الإمام زيد بن علي الثقافية	Rafed	3577	0.37144
		صوم عاشورا	الشيخ نجم الدين الطبسي	Masaha	5130	0.3714
		صفوة الملح بشرح منظومة البيقوني في فن المصطلح	العلامة شمس الدين محمد بن محمد البديري الدمياطي الشهير بابن الميت ت1140هـ	ShamAY	34018	0.37136
		الديباج على صحيح مسلم بن الحجاج	عبد الرحمن بن أبي بكر، جلال الدين السيوطي (المتوفى: 911هـ)	ShamAY	1712	0.37129
		وقفات مع كتاب المراجعات	عثمان الخميس	ShamAY	1895	0.37119
		المقتطف من أزاهر الطرف	أبو الحسن على بن موسى بن سعيد المغربي الأندلسي (المتوفى: 685هـ)	ShamAY	9100	0.37118
		الإلمام بشرح عمدة الأحكام	الشيخ إسماعيل الأنصاري	Sham19Y	151007	0.37116
		مسائل حرب الكرماني من كتاب النكاح إلى نهاية الكتاب - ت فايز حابس	أبو محمد حرب بن إسماعيل بن خلف الكرماني (المتوفى: 280 ه)	Sham19Y	12527	0.37115
		التعريف بالإسلام	مركز قطر للتعريف بالإسلام	ShamAY	144	0.37114
		الامام محمد جواد عليه السلام شبيه عيسي و يحيي و سليمان عليهم السلام	علي كوراني	Ghbook	15139	0.37106
		ألف سؤال وإشكال	الشيخ علي الكوراني	Masaha	185	0.37096
		أجوبة مسائل جار الله	السيد عبد الحسين شرف الدين	Masaha	75	0.37094
		جامع الاخبار او معارج اليقين في اصول الدين	محمد بن محمد [ شعيري ]	Ghbook	14703	0.37092
		التحديد في الإتقان والتجويد لأبي عمرو الداني	عثمان بن سعيد بن عثمان بن عمر أبو عمرو الداني (المتوفى: 444هـ)	ShamAY	26458	0.37087
		المكافأة وحسن العقبى	أحمد بن يوسف الكاتب ابن الداية (340 هـ)	ShamAY	34330	0.37087
		فتح القدير ، الجامع بين فني الروايه و الدرايه من علم التفسير	محمد بن علي بن محمد شوكاني	Ghbook	10118	0.37087
		 تاريخ مكة 	 أحمد السباعي 	ABLibrary	9006	0.37086
		اختلاف الحديث - ط الوفاء	محمد بن إدريس الشافعي	ShamAY	34043	0.37082
		حركة التجديد والإصلاح في نجد	عبد الله العجلان	ShamAY	11156	0.3708
		ومن النهاية كانت البداية	باسل محمد بن خضراء	Masaha	488	0.37079
		شرح أَلْفِيَّةِ السُّيوطي في الحديث المسمى «إسعاف ذوي الوَطَر بشرح نظم الدُّرَر في علم الأثر»	الشيخ محمد ابن العلامة علي بن آدم ابن موسى الأثيوبي الولوي	ShamAY	469	0.37073
		تاريخ مكة	أحمد السباعي	Masaha	4803	0.37066
		مسائل حرب الكرماني من كتاب النكاح إلى نهاية الكتاب - ت فايز حابس	أبو محمد حرب بن إسماعيل بن خلف الكرماني (المتوفى: 280 هـ)	ShamAY	32504	0.37062
		بحار الأنوار [ج ٨٦]	الشيخ محمّد باقر بن محمّد تقي المجلسي	Rafed	1155	0.37062
		ومن النّهاية كانت البداية	باسل محمّد بن خضراء	Rafed	1207	0.37062
		 مسالك الأبصار في ممالك الأمصار 	 أحمد بن يحيى العمري 	ABLibrary	9200	0.37059
		سيره الائمه الاثني عشر ( عليهم السلام ) - الامام الباقر ( عليه السلام )	هاشم معروف الحسني	Ghbook	6286	0.37059
		أجوبة مسائل و رسائل في مختلف فنون المعرفة	ابن إدريس الحلي	Masaha	1009	0.37056
		النفائس في أدلة هدم الكنائس	ابن الرفعة	ShamAY	36029	0.37053
		المنهج القويم	زيد بن محمد المدخلي	ShamAY	32978	0.37052
		سلسله المسائل الفقهيه [الحج]	آيت الله العظمي جعفر سبحاني	Ghbook	6737	0.37051
		علماء المغرب ومقاومتهم للبدع والتصوف والقبورية والمواسم	أبو سفيان مصطفى باحو السلاوي المغربي	ShamelaY19	96922	0.37049
		 النفحة المسكية في الرحلة المكية 	 عبد الله بن حسين السويدي البغدادي 	ABLibrary	9307	0.37049
		ردع الإخوان عن محدثات آخر جمعة رمضان - سلسلة لقاء العشر الأواخر بالمسجد الحرام (7)	محمد عبد الحي بن محمد عبد الحليم الأنصاري اللكنوي الهندي، أبو الحسنات (المتوفى: 1304 هـ)	ShamAY	32393	0.37046
		القراءة خلف الإمام للبخاري	محمد بن إسماعيل بن إبراهيم بن المغيرة البخاري، أبو عبد الله (المتوفى: 256هـ)	ShamAY	8218	0.37043
		 أبهى المداد في شرح مؤتمر علماء بغداد 	 مقاتل ابن عطية 	ABLibrary	8319	0.37038
		دلائل الصدق لنهج الحق [ج ٦]	الشيخ محمد حسن المظفر	Rafed	253	0.37036
		السنة ومكانتها للسباعي ط المكتب الإسلامي	مصطفى بن حسني السباعي (المتوفى: 1384هـ)	ShamAY	1004	0.37034
		القول العطر في نبوه سيدنا الخضر ( عليه السلام )	حسن بن علي سقاف	Ghbook	7127	0.37031
		الإمام محمد بن عبد الوهاب دعوته وسيرته	عبد العزيز بن عبد الله بن باز (المتوفى: 1420ه)	ShamelaY19	30914	0.37029
		 عبقات الأنوار في إمامة الأئمة الأطهار ( فارسي ) 	 السيد حامد النقوي 	ABLibrary	8507	0.37028
		 مسالك الأبصار في ممالك الأمصار 	 أحمد بن يحيى العمري 	ABLibrary	9191	0.37027
		عقيدة أهل الإيمان في خلق آدم على صورة الرحمن	حمود بن عبد الله بن حمود بن عبد الرحمن التويجري (المتوفى: 1413هـ)	ShamAY	32264	0.37025
		الإمام علي(ع) سيرة وتأريخ	اسلام الموسوي	Masaha	1666	0.37021
		التوسط والاقتصاد	علوي السقاف	ShamelaY19	22891	0.37016
		غريب الحديث للقاسم بن سلام	أبو عُبيد القاسم بن سلاّم بن عبد الله الهروي البغدادي (المتوفى: 224هـ)	ShamAY	1309	0.37015
		أقضية رسول الله(ص)	ابن طلاع القرطبي‏	Masaha	1838	0.37012
		الإيضاح والتبيين لما وقع فيه الأكثرون من مشابهة المشركين	حمود بن عبد الله بن حمود بن عبد الرحمن التويجري (المتوفى: 1413هـ)	ShamAY	32261	0.37007
		نداء الريان في فقه الصوم وفضل رمضان	سيد حسين العفاني	ShamelaY19	22886	0.37004
		الذّريعة إلى تصانيف الشّيعة [ج ١٤]	الشيخ آقا بزرك الطهراني	Rafed	466	0.37004
		الشيعة والسنة	إحسان إلهي ظهير الباكستاني (المتوفى: 1407ه)	ShamelaY19	37548	0.37
		مستدرك الوسائل [ج ١٨]	الشيخ حسين النوري الطبرسي [ المحدّث النوري ]	Rafed	1229	0.36999
		البر والصلة لابن الجوزي	جمال الدين أبو الفرج عبد الرحمن بن علي بن محمد الجوزي (المتوفى: 597هـ)	ShamAY	9379	0.36998
		مِنْ عَجَائِبِ الدُّعاء - الجزء الأول (قصَصٌ لِقَوْم دعوا اللهَ فَاسْتَجاب لَهُمْ مِن المُتقدِّمينَ والمُعاصِرين)	خالد بن سليمان بن علي الربعي	ShamAY	530	0.36998
		ليالي بيشاور	سلطان الواعظين	Masaha	2321	0.36998
		تاريخ النّياحة على الإمام الشهيد الحسين بن علي عليهما السلام [ج ١]	السيد صالح الشهرستاني	Rafed	281	0.36993
		المدينة النبوية في فجر الإسلام والعصر الراشدي الرواية الصحيحة للتاريخ الحضاري السياسي , والاقتصادي , والاداري , والاجتماعي , والعلمي للمدينة المنورة	محمد حسن شُرَّاب	ShamAY	38446	0.3698
		الإمام السجّاد جهاد وأمجاد	الدكتور حسين الحاج حسن	Rafed	689	0.36979
		تاج العروس [ج ١١]	محبّ الدين أبي فيض السيد محمّد مرتضى الحسيني الواسطي الزبيدي الحنفي	Rafed	1505	0.36975
		البصائر والذخائر	أبو حيان التوحيدي، علي بن محمد بن العباس (المتوفى: نحو 400ه)	ShamelaY19	26423	0.36973
		الكامل في التاريخ	أبو الحسن علي بن أبي الكرم محمد بن محمد بن عبد الكريم بن عبد الواحد الشيباني الجزري، عز الدين ابن الأثير (المتوفى: 630ه)	ShamelaY19	21712	0.36972
		 الإنصاف في مسائل دام فيها الخلاف 	 الشيخ السبحاني 	ABLibrary	9555	0.36972
		 موسوعة مرآة الحرمين الشريفين وجزيرة العرب 	 أيوب صبري باشا 	ABLibrary	9289	0.36971
		سبل الهدى والرشاد، في سيرة خير العباد، وذكر فضائله وأعلام نبوته وأفعاله وأحواله في المبدأ والمعاد	محمد بن يوسف الصالحي الشامي (المتوفى: 942هـ)	ShamAY	1693	0.3697
		النفحة المسكية في الرحلة المكية	عبد الله بن حسين السويدي البغدادي	Rafed	2252	0.3697
		المقصد السني في تفسير آية الكرسي	أحمد بن محمد الشرقاوى	ShamAY	33136	0.36964
		مفيد المستفيد في كفر تارك التوحيد (مطبوع ضمن مؤلفات الشيخ محمد بن عبد الوهاب، الجزء الأول)	محمد بن عبد الوهاب بن سليمان التميمي النجدي (المتوفى: 1206هـ)	ShamAY	12078	0.36959
		الأشربة وذكر اختلاف الناس فيها لابن قتيبة	أبو محمد عبد الله بن مسلم بن قتيبة الدينوري (المتوفى: 276ه)	ShamelaY19	25793	0.36957
		تاج العروس [ج ١٥]	محبّ الدين أبي فيض السيد محمّد مرتضى الحسيني الواسطي الزبيدي الحنفي	Rafed	1524	0.36954
		الشّهيد مسلم بن عقيل(ع)	السيد عبد الرزاق المقرم	Masaha	1702	0.36952
		المسالك والممالك للبكري	أبو عبيد عبد الله بن عبد العزيز بن محمد البكري الأندلسي (المتوفى: 487هـ)	ShamAY	23849	0.36951
		الصحابي و عدالته	السيد مرتضى العسكري	Masaha	326	0.36948
		الامامه (حجه الاسلام شفتي)	محمد باقر شفتي گيلاني	Ghbook	15561	0.36947
		حماسة الظرفاء، من أشعار المحدثين والقدماء	عبد الله بن محمد بن يوسف العبدلكاني الزوزني (المتوفى: 431هـ)	ShamAY	752	0.36945
		أجوبة التسولي عن مسائل الأمير عبد القادر في الجهاد	علي بن عبد السلام بن علي، أبو الحسن التُّسُولي المالكي (المتوفى: 1258هـ)	ShamAY	509	0.36942
		الروض المعطار في خبر الأقطار	محمد بن عبد المنعم الحميري	Masaha	4113	0.36942
		المذاهب والفرق في الإسلام	الدكتور صائب عبد الحميد	Rafed	21	0.36942
		علماء المغرب ومقاومتهم للبدع والتصوف والقبورية والمواسم	أبو سفيان مصطفى باحُّو السلاوي المغربي	ShamAY	2039	0.36941
		المسائل والأجوبة في الحديث والتفسير	أبو محمد عبد الله بن مسلم بن قتيبة الدينوري (213 - 276 ه)	ShamelaY19	151010	0.36938
		إيضاح المحجة في الرد على صاحب طنجة	حمود بن عبد الله بن حمود بن عبد الرحمن التويجري (المتوفى: 1413هـ)	ShamAY	32265	0.36938
		فتح القدير للشوكاني	محمد بن علي بن محمد بن عبد الله الشوكاني اليمني (المتوفى: 1250ه)	ShamelaY19	23623	0.36937
		حسن السلوك الحافظ دولة الملوك	محمد بن محمد بن عبد الكريم بن رضوان بن عبد العزيز البعلي شمس الدين، ابن الموصلي (المتوفى: 774ه)	Sham19Y	7241	0.36931
		 الانتصارات الإسلامية في كشف شبه النصرانية 	 سليمان بن عبد القوي الطوفي الصرصي الحنبلي 	ABLibrary	8313	0.36931
		ابو طالب عليه السلام ثالث من اسلم	نبيل قدوري الحسني	Ghbook	12300	0.36929
		علوم الحديث ومصطلحه - عرض ودراسة	د. صبحي إبراهيم الصالح (المتوفى: 1407ه)	ShamelaY19	96229	0.36924
		حقوق آل البيت عليهم السلام في الكتاب والسّنّة باتّفاق الأمّة	الشيخ محمّد حسين الحاج العاملي	Rafed	1763	0.36919
		أحكام الجنائز	أبو عبد الرحمن محمد ناصر الدين، بن الحاج نوح بن نجاتي بن آدم، الأشقودري الألباني (المتوفى: 1420هـ)	ShamAY	854	0.36914
		 في رحاب أهل البيت ( ع ) 	 لجنة بحوث المجمع العالمي لأهل البيت ( ع ) 	ABLibrary	8561	0.36914
		وصية الإمام الأعظم ابي حنيفة	أبو حنيفة النعمان	ShamAY	35261	0.3691
		خطط الشام	محمد بن عبد الرزاق بن محمد، كرد علي (المتوفى: 1372ه)	ShamelaY19	37063	0.36909
		مجمل اعتقاد أئمة السلف	عبد الله بن عبد المحسن بن عبد الرحمن التركي	ShamelaY19	30858	0.36908
		القاعدة الذهبية في المعاملات الإسلامية لا ضرر ولا ضرار	زين الدين عبد الرحمن بن أحمد بن رجب بن الحسن، السَلامي، البغدادي، ثم الدمشقي، الحنبلي (المتوفى: 795هـ)	ShamAY	10910	0.36899
		الأنوار الكاشفة لما في كتاب "أضواء على السنة" من الزلل والتضليل والمجازفة	عبد الرحمن بن يحيى بن علي المعلمي اليماني (المتوفى: 1386هـ)	ShamAY	9463	0.36899
		بهجة الناظرين إلى تراجم المتأخرين من الشافعية البارعين	رضي الدين أبو البركات محمد بن أحمد بن عبد الله الغزي العامري الشافعي (المتوفى: 864 ه)	Sham19Y	20578	0.36891
		إتحاف الجماعة بما جاء في الفتن والملاحم وأشراط الساعة	حمود بن عبد الله بن حمود بن عبد الرحمن التويجري (المتوفى: 1413هـ)	ShamAY	8573	0.3689
		آية التطهير ـ شبهات وردود	حسن عبد الله	Masaha	37	0.36888
		صلح الحسن عليه السلام	الشيخ راضي آل ياسين	Rafed	175	0.36887
		الإيضاح والتبيين لما وقع فيه الأكثرون من مشابهة المشركين	الواحدي :: التويجري، حمود بن عبد الله	ShamAY	36119	0.36885
		كلمة الامام الحسن ( عليه السلام )	آيت الله العظمي سيد محمد حسيني شيرازي	Ghbook	7981	0.36884
		جمهرة أشعار العرب	أبو زيد محمد بن أبي الخطاب القرشي (المتوفى: 170هـ)	ShamAY	1487	0.36882
		السنة ومكانتها في التشريع الإسلامي	مصطفى بن حسني السباعي (المتوفى: 1384هـ)	ShamAY	1005	0.36879
		 فضائل الثقلين من كتاب توضيح الدلائل على ترجيح الفضائل 	 شهاب الدين أحمد الإيجي 	ABLibrary	7637	0.36878
		من سيرة خير البشر ((فى غزوة أحد))	محمد المختار المهدي	ShamAY	37447	0.36877
		الشيعة والمتعة	محمد مال الله	ShamAY	35674	0.36875
		الاعتذار للعزيز الغفار والانتصار لأهل السنة الأبرار	عبد العزيز بن منصور الكناني	ShamAY	33429	0.36875
		حكم قراءة الجنب للقرآن	الواحدي :: سليمان العلوان	ShamAY	36523	0.3687
		الموشى = الظرف والظرفاء	محمد بن أحمد بن إسحاق بن يحيى، أبو الطيب، المعروف بالوشاء (المتوفى: 325ه)	ShamelaY19	26102	0.36867
		أصول السنة لأحمد بن حنبل	أبو عبد الله أحمد بن محمد بن حنبل بن هلال بن أسد الشيباني (المتوفى: 241هـ)	ShamAY	6418	0.36867
		نهاية الاقدام في وجوب المسح على الاقدام	الشهيد الثالث القاضي السيد التستري	Masaha	473	0.36865
		الرّوض المعطار في خبر الأقطار	محمّد عبدالمنعم الحميري	Rafed	3786	0.36865
		الاحتجَاج بالأثر على من أنكر المهدي المنتظر	حمود بن عبد الله بن حمود بن عبد الرحمن التويجري (المتوفى: 1413هـ)	ShamAY	517	0.36857
		التأليف في التفسير عند المحدثين	عبد الرزاق هرماس	ShamAY	34022	0.36852
		الامام علي بن ابي طالب عليه السلام 	مهدي آيت اللهي ( دادور )	Ghbook	8344	0.36844
		حكم الاتيان بقول آمين في الصلاه	المجمع العالمي لاهل البيت عليهم السلام	Ghbook	7641	0.36842
		 بحار الأنوار 	 العلامة المجلسي 	ABLibrary	757	0.36841
		مناهج المفسرين	الدكتور منيع عبد الحليم محمود	Rafed	876	0.36841
		الامام علي بن الحسين زين العابدين ( عليهما السلام ) و الخلافه الاسلاميه	اسحاق شاكر عشيي	Ghbook	6355	0.3684
		اللآلئ البهية في كيفية الاستفادة من الكتب الحنبلية		ShamAY	37378	0.36838
		 منتهى السؤل على وسائل الوصول إلى شمائل الرسول ( ص ) 	 عبد الله بن سعيد محمد عبادي اللحجي 	ABLibrary	7799	0.36832
		العقد التمام فيمن زوجه النبي عليه الصلاة والسلام	يوسف بن حسن بن أحمد بن حسن ابن عبد الهادي الصالحي، جمال الدين، ابن ابن المِبْرَد الحنبلي (المتوفى: 909هـ)	ShamAY	22341	0.36825
		 خطط الشام 	 محمد كرد علي 	ABLibrary	9054	0.36824
		تسلية المُجالس وزينة المَجالس [ج ١]	السيد محمد بن أبي طالب الحسيني الكركي الحائري	Rafed	158	0.3682
		القول المبين عن وجوب مسح الرجلين	محمد بن علي كراجكي	Ghbook	7583	0.3682
		الوصية الممنوعة	علي صادق الزبيدي	Masaha	1734	0.36818
		تربة الحسين عليه السلام [ج ١]	الشيخ أمين حبيب آل درويش	Rafed	2552	0.36812
		وصية النبي صلّى الله عليه وآله	علي موسى الكعبي	Masaha	1756	0.3681
		أضواء البيان في إيضاح القرآن بالقرآن	محمد الأمين بن محمد المختار بن عبد القادر الجكني الشنقيطي (المتوفى : 1393هـ)	ShamAY	22918	0.36809
		المهذب البارع في شرح المختصر النافع - الجزء1	جمال الدين أحمد بن محمد الحلي	Masaha	1065	0.36808
		شرح الرسالة	أبو محمد عبد الوهاب بن علي بن نصر الثعلبي البغدادي المالكي (المتوفى: 422 هـ)	ShamAY	32674	0.36793
		الألفاظ المصرحة بلفظ النكارة وصلتها بـ «منكر الحديث» دراسة نقدية	أبو ذر عبد القادر بن مصطفى بن عبد الرزاق المحمدي	ShamAY	1777	0.3679
		الشرح الكبير (المطبوع مع المقنع والإنصاف)	شمس الدين أبو الفرج عبد الرحمن بن محمد بن أحمد بن قدامة المقدسي (المتوفى: 682 هـ)	ShamAY	37988	0.36787
		اللآلي العبقريّة في شرح العينيّة الحميريّة	محمّد بهاء الدين الاصبهاني	Rafed	178	0.36784
		نسخة وكيع عن الأعمش	أبو سفيان وكيع بن الجراح بن مليح بن عدي بن فرس بن سفيان بن الحارث بن عمرو ابن عبيد بن رؤاس الرؤاسي (المتوفى: 197هـ)	ShamAY	23118	0.36779
		بحار الأنوار [ج ١٦]	الشيخ محمّد باقر بن محمّد تقي المجلسي	Rafed	857	0.36776
		دليل النص بخبر الغدير علي امامه اميرالمومنين عليه السلام	محمد بن علي كراجكي	Ghbook	4562	0.36775
		فدك	جاسم  هاتو الموسوي	Ghbook	10651	0.36774
		جمهرة تراجم الفقهاء المالكية	د. قاسم علي سعد	ShamAY	34657	0.3677
		الحلل الإبريزية من التعليقات البازية على صحيح البخاري	ابن باز	ShamelaY19	20872	0.36768
		الاتقان في علوم القرآن 	جلال الدين عبدالرحمن بن ابي بكر سيوطي	Ghbook	2793	0.3676
		بحار الأنوار [ج ١٨]	الشيخ محمّد باقر بن محمّد تقي المجلسي	Rafed	861	0.36758
		أحكام القرآن [ج ٣]	أبي بكر أحمد بن علي الرازي الجصّاص	Rafed	1989	0.36758
		كشف الخفاء ومزيل الإلباس عما اشتهر من الأحاديث على ألسنة الناس	إسماعيل بن محمد العجلوني الجراحي (المتوفى: 1162هـ)	ShamAY	856	0.36757
		فضائل الشام	محمد بن أحمد بن عبد الهادي المقدسي الحنبلي (744 هـ)	ShamAY	34310	0.36757
		 بحار الأنوار 	 العلامة المجلسي 	ABLibrary	749	0.3675
		المسائل التسع	حامد مرزا خان الفرغاني النمنكاني الحنفي (المتوفى: 1393هـ)	ShamAY	6254	0.36749
		عيون المسائل للقاضي عبد الوهاب المالكي	أبو محمد عبد الوهاب بن علي بن نصر الثعلبي البغدادي المالكي (المتوفى: 422هـ)	ShamAY	32157	0.36748
		 رحلة ابن بطوطة ( تحفة النظار في غرائب الأمصار وعجائب الأسفار ) 	 ابن بطوطة 	ABLibrary	9074	0.36747
		كشف الخفاء ومزيل الإلباس عما اشتهر من الأحاديث على ألسنة الناس	إسماعيل بن محمد العجلوني الجراحي (المتوفى: 1162ه)	Sham19Y	856	0.36743
		المهذب في فضائل الشام	الواحدي :: علي بن نايف الشحود	ShamAY	36099	0.36742
		 معجم ما كتب عن الرسول ( ص ) وأهل بيته ( ع ) 	 عبد الجبار الرفاعي 	ABLibrary	7758	0.36737
		الألفاظ المصرحة بلفظ النكارة وصلتها ب «منكر الحديث» دراسة نقدية	أبو ذر عبد القادر بن مصطفى بن عبد الرزاق المحمدي	ShamelaY19	96329	0.36735
		الصاحب بن عباد وشعره في الغدير	الشيخ عبد الحسين الأميني النجفي	Masaha	324	0.36732
		العُقُود اللُؤْلُؤيَّة فِي تَبْيِين رُجُوع السَّلَفِ عَنْ آرَائِهِمْ وَخَطَئِهِمْ فِي المسَائِلِ الفِقْهِيَّة	فوزي الأثري	ShamAY	36682	0.36729
		الرسائل الفقهيّة [ج ٢]	محمد اسماعيل بن الحسين بن محمد رضا المازندراني الخاجوئي	Rafed	1391	0.36728
		انيس الفقهاء في تعريفات الألفاظ المتداولة بين الفقهاء	قاسم بن عبد الله بن أمير علي القونوي الرومي الحنفي (المتوفى: 978ه)	Sham19Y	10930	0.36718
		الصبر والثبات في مواجهة الحصار	نعيم أسعد الصفدي	ShamAY	37434	0.3671
		مناهج المفسرين	منيع بن عبد الحليم محمود (المتوفى: 1430ه)	ShamelaY19	38093	0.36709
		تفسير ابن جزي = التسهيل لعلوم التنزيل	أبو القاسم، محمد بن أحمد بن محمد بن عبد الله، ابن جزي الكلبي الغرناطي (المتوفى: 741هـ)	ShamAY	23626	0.36709
		جمهرة تراجم الفقهاء المالكية	د. قاسم علي سعد	ShamAY	31752	0.36709
		تعليق لطيف على آخر حديث في رياض الصالحين - لقاء العشر الأواخر بالمسجد الحرام (5)	قاسم بن صالح بن إِسماعيل بن أبي بكر الشهير القاسمي الدِّمشقي (المتوفى: 1284 هـ)	ShamAY	32391	0.36708
		جهود الشيخ الألباني في بيان عقيدة السلف في الإيمان بالله	أحمد صالح حسين الجبوري	ShamAY	35768	0.36706
		تعظيم اولياء اللّه	يعقوب جعفري	Ghbook	10526	0.36704
		بحار الأنوار [ج ٩٩]	الشيخ محمّد باقر بن محمّد تقي المجلسي	Rafed	1405	0.367
		الباعث على شرح الحوادث	أبو عبد الرحمن مقبل بن هادي بن مقبل بن قائدة (اسم رجل) الهمداني الوادعي (المتوفى: 1422ه)	ShamelaY19	96842	0.36699
		الإمام موسى بن جعفر عليه السلام ضحية الإرهاب السياسي	الدكتور محمد حسين علي الصّغير	Rafed	3127	0.36697
		الباعث على شرح الحوادث	أبو عبد الرحمن مقبل بن هادي بن مقبل بن قائدة (اسم رجل) الهمداني الوادعي (المتوفى: 1422ه)	Sham19Y	96842	0.36695
		أبو هريرة صاحب رسول الله صلى الله عليه وسلم وخادمه دراسة حديثة تاريخية هادفة	حارث الضاري	ShamAY	35808	0.3669
		دفع المناواة عن التفضيل المساواة	سيدمهدي رجايي	Ghbook	15632	0.3669
		أخبار الوافدات من النساء على معاوية بن أبي سفيان	العباس بن بكار (أو ابن الوليد بن بكار) الضبي (المتوفى: 222هـ)	ShamAY	6717	0.36684
		طبقات مشاهير الدمشقيين من أهل القرن الرابع عشر الهجري	محمد جمال الدين القاسمي (1283 - 1332هـ)	ShamAY	34654	0.36681
		جواب أهل السنة النبوية في نقض كلام الشيعة والزيدية (مطبوع ضمن الرسائل والمسائل النجدية، الجزء الرابع، القسم الأول)	أبو سليمان عبد الله بن محمد بن عبد الوهاب بن سليمان التميمي النجدي (المتوفى: 1242هـ)	ShamAY	11146	0.36678
		الثاقب في المناقب	عماد الدين ابي جعفر محمدبن علي طوسي ابن حمزه	Ghbook	5226	0.36675
		بحوث ودراسات في اللهجات العربية من إصدارات مجمع اللغة العربية بالقاهرة	مجموعة من المؤلفين	ShamAY	37199	0.36673
		الخصال المكفرة للذنوب المتقدمة والمتأخرة- ت: عويضة	ابن حجر العسقلاني	ShamAY	33751	0.36671
		مرآة العقول [ج ١١]	الشيخ محمّد باقر بن محمّد تقي المجلسي	Rafed	1030	0.36671
		زكاة الحلي في الفقه الإسلامي	الواحدي :: عبد الله الطيار	ShamAY	36157	0.3667
		 تثبيت دلائل النبوة 	 القاضي عبد الجبار الهمذاني 	ABLibrary	7457	0.36664
		الإمام السجاد جهاد و أمجاد	أ. د. حسين الحاج حسن	Masaha	1854	0.36663
		الوسطية في القرآن الكريم	الدكتور عَلي مَحَّمد محمد الصَّلاَّبي	ShamAY	331	0.36662
		مسألة في التطوع بالصلوات في أحد المساجد الثلاثة هل فعلها فيها أفضل من فعلها في البيوت؟	صلاح الدين خليل بن كيكلدي العلائي (761 هـ)	ShamAY	34316	0.36661
		البديع في علم العربية	مجد الدين أبو السعادات المبارك بن محمد بن محمد بن محمد ابن عبد الكريم الشيباني الجزري ابن الأثير (المتوفى: 606 ه)	Sham19Y	17905	0.3666
		باب فاطمه صلوات الله وسلامه عليها بين سلطه الشريعه وشريعه السلطه	نبيل قدوري الحسني	Ghbook	12306	0.36659
		قصة المسيح الدجال ونزول عيسى عليه الصلاة والسلام	محمد ناصر الدين الألباني (المتوفى: 1420هـ)	ShamAY	692	0.36655
		 الرحلة الورثيلانية ( بنزهة الأنظار في فضل علم التاريخ والأخبار ) 	 الحسين بن محمد الورثيلاني 	ABLibrary	9110	0.36655
		الكنز الأكبر من الأمر بالمعروف والنهي عن المنكر لابن داود الحنبلي	عبد الرحمن بن أبي بكر بن داود الحنبلي الدمشقي الصالحي (المتوفى: 856 ه)	ShamelaY19	36110	0.36653
		الإمامة والنص	فيصل نور	ShamAY	35637	0.36642
		المسالك والممالك للبكري - الجزء1	عبد الله بن عبد العزيز البكري	Masaha	3951	0.36641
		التّفسير [ج ٢]	أبي النضر محمد بن مسعود بن عيّاش السلمي السمرقندي [ العيّاشي ]	Rafed	3385	0.36637
		مستقصي مدارك القواعد	ملا حبيب الله شريف كاشاني	Ghbook	11266	0.36634
		الإنصاف في مسائل دام فيها الخلاف [ج ٢]	الشيخ جعفر السبحاني	Rafed	1974	0.36632
		الحياة السياسية للإمام الرضا عليه السلام	السيد جعفر مرتضى العاملي	Rafed	628	0.36631
		فتح القدير للشوكاني	محمد بن علي بن محمد بن عبد الله الشوكاني اليمني (المتوفى: 1250هـ)	ShamAY	23623	0.36629
		إتحاف الأخِصّا بفَضَائل المسجد الأقصى	شمس الدين محمد بن أحمد بن علي بن عبد الخالق، المنهاجي الأسيوطي ثم القاهري الشافعي (المتوفى: 880 هـ)	ShamAY	32517	0.36628
		دستور معالم الحكم ومأثور مكارم الشيم	أبو عبد الله محمد بن سلامة بن جعفر بن علي بن حكمون القضاعي المصري (المتوفى: 454هـ)	ShamAY	35175	0.36627
		تفسير كنز الدّقائق وبحر الغرائب [ج ٣]	الشيخ محمّد بن محمّد رضا القمّي المشهدي	Rafed	2091	0.36627
		إرشاد الحكيم إلى حادثة التحكيم التي دارت في زمن الرعيل الأول	بندر بن عبد الله الثبيتي	ShamAY	37146	0.36625
		تاريخ المدينة المنوّرة	أبي محمّد عبد الله بن محمّد بن فرحون المالكي [ ابن فرحون ]	Rafed	2161	0.36623
		السيرة النبوية من خلال أهم كتب التفسير	عصام بن عبد المحسن الحميدان	ShamAY	7647	0.36622
		رحلة ابن بطوطة [ج ٢]	شمس الدين أبي عبد الله محمد بن عبد الله اللواتي الطنجي	Rafed	2358	0.36616
		دروس وعبر من غزوة أحد أربعون درساً من غزوة أحد	أمير بن محمد المدري	ShamAY	37399	0.36615
		بحار الأنوار [ج ٦٤]	الشيخ محمّد باقر بن محمّد تقي المجلسي	Rafed	1064	0.36615
		الحج في السنه	معاونية شوون التعليم و البحوث الاسلامية في الحج	Ghbook	3491	0.36607
		الخلاصة البهية في ترتيب أحداث السيرة النبوية	وحيد عبد السلام بالي	ShamelaY19	37425	0.36605
		واستقرّ بي النّوى	السيّد محمّد بن حمود العمدي	Rafed	1197	0.36598
		والثمن الجنة	عبد الملك بن محمد القاسم	ShamelaY19	95677	0.36597
		النكت الوفية بما في شرح الألفية	برهان الدين إبراهيم بن عمر البقاعي	ShamelaY19	23798	0.36596
		خبر الواحد وحجيته	أحمد بن محمود بن عبد الوهاب الشنقيطي	ShamAY	11172	0.36596
		سلسلة مصابيح الهدى	محمد بن إبراهيم بن إبراهيم بن حسان	ShamAY	7700	0.36593
		 المغرب في حلي المغرب 	 علي بن موسى الغرناطي الأندلسي 	ABLibrary	9221	0.36591
		كتاب الأيمان "ومعالمه، وسننه، واستكماله، ودرجاته"	أبو عُبيد القاسم بن سلاّم بن عبد الله الهروي البغدادي (المتوفى: 224هـ)	ShamAY	10638	0.3659
		الزيارة والتوسّل	الدكتور صائب عبد الحميد	Rafed	1190	0.36588
		تطبيق المعايير العلمية	السيد ثامر هاشم حبيب العميدي	Masaha	200	0.36587
		الرحلة الورثيلانيّة [ج ٢]	الحسين بن محمّد الورثيلاني	Rafed	2203	0.36587
		المرأة العالمة في عهد النبوة تأصيل وتميز	أميرة الصاعدي	ShamAY	33496	0.36584
		رسوم دار الخلافة	هلال بن المحسن بن إبراهيم بن هلال الصابئ الحراني، أبو الحسين، أو أبو الحسن (المتوفى: 448هـ)	ShamAY	8173	0.36581
		سلسلة مصابيح الهدى	محمد حسان	Sham19Y	7700	0.3658
		مفهوم عدالة الصحابة	أبو عبد الله الذهبي	ShamAY	35839	0.36578
		براءةُ الصَّحابة الأخيار من التبرُّك بالأماكن والآثَار	ربيع بن هادي المدخلي	ShamAY	33203	0.36576
		الموشى = الظرف والظرفاء	محمد بن أحمد بن إسحاق بن يحيى، أبو الطيب، المعروف بالوشاء (المتوفى: 325ه)	Sham19Y	26102	0.36574
		مناهج المفسرين	منيع بن عبد الحليم محمود (المتوفى: 1430ه)	Sham19Y	38093	0.36571
		شبهات شيعية والرد عليها	عثمان بن محمد آل خميس الناصري أبو محمد التميمي	ShamAY	37805	0.36568
		مجانبة أهل الثبور المصلين في المشاهد وعند القبور	عبد العزيز بن فيصل الراجحي	Sham19Y	21511	0.36558
		مجانبة أهل الثبور المصلين في المشاهد وعند القبور	عبد العزيز بن فيصل الراجحي	ShamAY	1508	0.36554
		مناهج المفسرين	منيع بن عبد الحليم محمود (المتوفى: 1430هـ)	ShamAY	1236	0.36549
		الفرائض للثوري	أبو عبد الله سفيان بن سعيد بن مسروق الثوري الكوفي (المتوفى: 161ه)	ShamelaY19	26488	0.36538
		عودوا الى خير الهدي	محمد بن أحمد بن إسماعيل المقدم	ShamelaY19	98141	0.36537
		قضيه الشيعه	آيت الله العظمي سيد محمد حسيني شيرازي	Ghbook	7776	0.36537
		دلائل الامامه	طبري امامي ( صغير ) ابوجعفر محمد بن جرير بن رستم ( قرن 4و5 ق ) ( صاحب دلائل الامامه )	Ghbook	10443	0.36537
		التعليق الرشيق في التختم بالعقيق للناجي	إبراهيم بن محمد بن محمود بن بدر، برهان الدين، أبو إسحاق الحلبي القبيباتي الشافعيّ الناجي (المتوفى: 900هـ)	ShamAY	26961	0.3653
		البصائر والذخائر	أبو حيان التوحيدي، علي بن محمد بن العباس (المتوفى: نحو 400ه)	Sham19Y	26423	0.36526
		فوائد حديث أبي عمير لابن القاص	أبو العباس أحمد بن أبي أحمد الطبري المعروف بـ ابن القاصِّ (المتوفى: 335هـ)	ShamAY	13148	0.36523
		لا جديد في أحكام الصلاة	بكر بن عبد الله أبو زيد بن محمد بن عبد الله بن بكر بن عثمان بن يحيى بن غيهب بن محمد (المتوفى: 1429هـ)	ShamAY	206	0.3652
		سبل السلام	محمد بن إسماعيل بن صلاح بن محمد الحسني، الكحلاني ثم الصنعاني، أبو إبراهيم، عز الدين، المعروف كأسلافه بالأمير (المتوفى: 1182ه)	ShamelaY19	21590	0.36517
		أسس بناء شخصية الطفل المسلم	علي بن نايف الشحود	ShamAY	34822	0.36515
		أبهى المداد في شرح مؤتمر علماء بغداد [ج ١]	مقاتل بن عطيّة	Rafed	3308	0.36514
		 خلاصة المفاخر في مناقب الشيخ عبد القادر ( تتمة روح الرياحين ) 	 عبد الله بن أسعد اليافعي اليمني المكي 	ABLibrary	8800	0.36511
		القول السديد شرح كتاب التوحيد ط النفائس	أبو عبد الله، عبد الرحمن بن ناصر بن عبد الله بن ناصر بن حمد آل سعدي (المتوفى: 1376ه)	Sham19Y	8529	0.36509
		خصائص المصطفى صلى الله عليه وسلم بين الغلو والجفاء	الصادق بن محمد بن إبراهيم	ShamAY	37396	0.36506
		والثمن الجنة	عبد الملك بن محمد القاسم	Sham19Y	95677	0.36505
		غاية المطلوب وأعظم المنة فيما يغفر الله به الذنوب ويوجب الجنة	الواحدي :: ابن الديبع الشيباني	ShamAY	33741	0.36504
		المجازر والتعصبات الطائفية في عهد الشيخ المفيد	الشيخ فارس الحسون	Masaha	398	0.36504
		 سمط الحقائق في عقائد الإسماعيلية 	 علي بن حنظلة ابن ابي سالم الوداعي 	ABLibrary	8447	0.36503
		البديع في علم العربية	مجد الدين أبو السعادات المبارك بن محمد بن محمد بن محمد ابن عبد الكريم الشيباني الجزري ابن الأثير (المتوفى: 606 هـ)	ShamAY	32520	0.36501
		من أعلام المجددين	صالح بن فوزان بن عبد الله الفوزان	Sham19Y	12066	0.36501
		تعريب منتهى الآمال في تواريخ النبي و الآل - الجزء1	السيد هاشم الميلاني‏	Masaha	2885	0.365
		الاربعون حديثا	السيد محمد صادق السيد محمدرضا الخرسان	Ghbook	12375	0.36499
		قرآن علي ( عليه السلام )	مركز المصطفي للدراسات الاسلامية	Ghbook	7687	0.36498
		الانشراحُ وَرَفعُ الضِّيق في سِيرة أبي بَكْر الصِّديق شخصيته وَعَصره	عَلي محمد محمد الصَّلاَّبي	ShamAY	255	0.36496
		 الموسوعة الكبرى عن فاطمة الزهراء ( س ) 	 اسماعيل الأنصاري الزنجاني الخوئيني 	ABLibrary	7832	0.36496
		مواقف الشيعة - الجزء1	الشيخ علي الأحمدي الميانجي	Masaha	451	0.36486
		بحار الأنوار [ج ٧٩]	الشيخ محمّد باقر بن محمّد تقي المجلسي	Rafed	1108	0.3648
		مرعاة المفاتيح شرح مشكاة المصابيح	أبو الحسن عبيد الله بن محمد عبد السلام بن خان محمد بن أمان الله بن حسام الدين الرحماني المباركفوري (المتوفى: 1414ه)	Sham19Y	8862	0.36479
		الموازنة بين المتقدمين والمتأخرين في تصحيح الأحاديث وتعليلها	حمزة عبد الله المليباري	ShamAY	37266	0.36477
		 الدر المنثور في التفسير بالمأثور 	 جلال الدين السيوطي 	ABLibrary	911	0.36477
		الحلل الإبريزية من التعليقات البازية على صحيح البخاري	ابن باز	ShamAY	38863	0.36475
		السيرة النبوية من خلال أهم كتب التفسير	عصام بن عبد المحسن الحميدان	Sham19Y	7647	0.36475
		تفسير ابن جزي = التسهيل لعلوم التنزيل	أبو القاسم، محمد بن أحمد بن محمد بن عبد الله، ابن جزي الكلبي الغرناطي (المتوفى: 741ه)	ShamelaY19	23626	0.36473
		عاشورائيات : بحوث حول نهضة الامام حسين عليه السلام	علي رضوي	Ghbook	11885	0.3647
		التعادل والترجيح‏	السيد روح الله الموسوي الخميني	Masaha	2421	0.36466
		النوادر في اللغة لأبي زيد الأنصاري	أبو زيد الأنصاري	Sham19Y	133417	0.36465
		أشراط الساعة	عبد الله بن سليمان الغفيلي	ShamelaY19	30813	0.3646
		مرعاة المفاتيح شرح مشكاة المصابيح	أبو الحسن عبيد الله بن محمد عبد السلام بن خان محمد بن أمان الله بن حسام الدين الرحماني المباركفوري (المتوفى: 1414هـ)	ShamAY	8862	0.3646
		اشهر المصطلحات في فن الاداء و علم القراءات 	احمد محمود عبد السميع شافعي حفيان	Ghbook	170	0.3646
		رسالة في أن القرآن غير مخلوق ويليه رسالة الإمام أحمد إلى الخليفة المتوكل في مسألة القرآن	أبو إسحاق إبراهيم بن إسحاق بن إبراهيم بن بشير بن عبد الله البغدادي الحَرْبي (المتوفى: 285هـ)	ShamAY	6474	0.36457
		 العقائد الجعفرية 	 الشيخ جعفر كاشف الغطاء 	ABLibrary	8515	0.36457
		عقيلة بني هاشم	علي بن الحسين الهاشمي الخطيب	Rafed	1533	0.36457
		الروضة الريا فيمن دفن بداريا	عبد الرحمن بن علي بن عبد الرحمن بن علي أفندي العمادي الدمشقي الحنفي (المتوفى: 1223هـ)	ShamAY	5864	0.36453
		الأمالي في آثار الصحابة لعبد الرزاق الصنعاني	أبو بكر عبد الرزاق بن همام بن نافع الحميري اليماني الصنعاني (المتوفى: 211هـ)	ShamAY	25782	0.36452
		تحفة الراكع والساجد بأحكام المساجد	أبو بكر بن زيد الجراعي الصالحي الحنبلي (المتوفى: 883 ه)	Sham19Y	17419	0.36452
		حدائق الأنوار ومطالع الأسرار في سيرة النبي المختار	محمد بن عمر بن مبارك الحميري الحضرمي الشافعي، الشهير ب «بحرق» (المتوفى: 930ه)	Sham19Y	9795	0.36451
		كتاب من لا يحضره الفقيه [ج ٤]	أبي جعفر محمّد بن علي بن الحسين بن بابويه القمّي [ الشيخ الصدوق ]	Rafed	1432	0.36449
		ضعيف الأدب المفرد للإمام البخاري	محمد بن إسماعيل بن إبراهيم بن المغيرة البخاري، أبو عبد الله (المتوفى: 256ه)	Sham19Y	1346	0.36448
		 منتهى الآمال في تواريخ النبي والآل ( ع ) 	 الشيخ عباس القمي 	ABLibrary	7796	0.36448
		زيد الشهيد والشيعة الإمامية الإثني عشرية	الشيخ عبد الحسين الأميني النجفي	Masaha	297	0.3644
		مستدرك الوسائل [ج ١٧]	الشيخ حسين النوري الطبرسي [ المحدّث النوري ]	Rafed	1227	0.3644
		لوامع الأنوار البهية وسواطع الأسرار الأثرية لشرح الدرة المضية في عقد الفرقة المرضية	شمس الدين، أبو العون محمد بن أحمد بن سالم السفاريني الحنبلي (المتوفى: 1188ه)	Sham19Y	8353	0.36439
		 غيث المواهب العلية في شرح الحكم العطائية 	 محمد بن ابراهيم النفزي الرندي 	ABLibrary	8804	0.36439
		الكامل في التاريخ	أبو الحسن علي بن أبي الكرم محمد بن محمد بن عبد الكريم بن عبد الواحد الشيباني الجزري، عز الدين ابن الأثير (المتوفى: 630هـ)	ShamAY	21712	0.36438
		لوامع الأنوار البهية وسواطع الأسرار الأثرية لشرح الدرة المضية في عقد الفرقة المرضية	شمس الدين، أبو العون محمد بن أحمد بن سالم السفاريني الحنبلي (المتوفى: 1188هـ)	ShamAY	8353	0.36437
		 المراتب في فضائل أميرالمؤمنين وسيد الوصيين ( ع ) 	 أبى القاسم اسماعيل بن احمد البستي المعتزلي 	ABLibrary	7700	0.36435
		سيّدة عشّ آل محمد صلى الله عليه وآله	السيد أبو الحسن الهاشمي	Rafed	1342	0.36435
		حدائق الأنوار ومطالع الأسرار في سيرة النبي المختار	محمد بن عمر بن مبارك الحميري الحضرمي الشافعي، الشهير بـ «بَحْرَق» (المتوفى: 930هـ)	ShamAY	9795	0.36433
		حقيقه السنة والبدعة = الأمر بالاتباع والنهي عن الابتداع	عبد الرحمن بن أبي بكر، جلال الدين السيوطي (المتوفى: 911ه)	Sham19Y	248	0.3643
		 تاريخ المدينة المنورة ( نصيحة المشاور وتسلية المجاور ) ( ط بيروت ) 	 ابن فرحون 	ABLibrary	9000	0.36425
		الدر النقي في شرح ألفاظ الخرقي	جمال الدين أبو المحاسن يوسف بن حسن بن عبد الهادي الحنبلي الدمشقي الصالحي المعروف ب «ابن المبرد» (المتوفى: 909 ه)	ShamelaY19	131003	0.36422
		رفقاء طريق	عبد الملك بن محمد القاسم	ShamelaY19	95685	0.36421
		العبدي الكوفي وشعره في الغدير	الشيخ عبد الحسين الأميني النجفي	Masaha	336	0.36418
		الموشى = الظرف والظرفاء	محمد بن أحمد بن إسحاق بن يحيى، أبو الطيب، المعروف بالوشاء (المتوفى: 325هـ)	ShamAY	26102	0.36417
		البصائر والذخائر	أبو حيان التوحيدي، علي بن محمد بن العباس (المتوفى: نحو 400هـ)	ShamAY	26423	0.36416
		جواب في الحلف بغير الله والصلاة إلى القبور، ويليه: فصل في الاستغاثة	تقي الدين أبو العباس أحمد بن عبد الحليم بن عبد السلام بن عبد الله بن أبي القاسم بن محمد ابن تيمية الحراني الحنبلي الدمشقي (المتوفى: 728ه)	ShamelaY19	21565	0.36414
		قاعدة تتضمن ذكر ملابس النبي صلى الله عليه وسلم وسلاحه ودوابه - القرمانية - جواب فتيا في لبس النبي صلى الله عليه وسلم	تقي الدين أبو العباس أحمد بن عبد الحليم بن عبد السلام بن عبد الله بن أبي القاسم بن محمد ابن تيمية الحراني الحنبلي الدمشقي (المتوفى: 728ه)	ShamelaY19	22648	0.36413
		مجموعة أبحاث في مناهج المفسرين		ShamAY	36986	0.36412
		 مخطوط نادر من رسائل ابن عربي 	 ابن عربي 	ABLibrary	8754	0.36412
		 تسلية المجالس وزينة المجالس ( مقتل الحسين ع ) 	 السيد محمد بن أبي طالب الحسيني الكركي الحائري 	ABLibrary	7469	0.36408
		مجالس ثعلب	أحمد بن يحيى بن زيد بن سيار الشيباني بالولاء، أبو العباس، المعروف بثعلب (المتوفى: 291هـ)	ShamAY	605	0.36407
		 شرح العقيدة الإصفهانية 	 ابن تيميه 	ABLibrary	8459	0.36407
		تنبيه و سن العين بتنزيه الحسن و الحسين عليهماالسلام عن مفاخره السبطين	سيدمهدي رجايي	Ghbook	15613	0.36407
		الخلاصة في أحكام الاجتهاد والتقليد	الواحدي :: علي بن نايف الشحود	ShamAY	36069	0.36402
		فتاوى الأئمة في النوازل المدلهمة، وتبرئة دعوة وأتباع محمد بن عبدالوهاب من تهمة التطرف والإرهاب	محمد بن حسين بن سعيد بن هادي بن عبد الرحمن بن محمد بن حسن بن سفران القحطاني	ShamAY	847	0.364
		الألفاظ المصرحة بلفظ النكارة وصلتها ب «منكر الحديث» دراسة نقدية	أبو ذر عبد القادر بن مصطفى بن عبد الرزاق المحمدي	Sham19Y	96329	0.364
		الثالث من الفوائد المنتقاة للحربي	علي بن عمر بن محمد بن الحسين ابن شاذان، أبو الحسن السكري الحربي الصيرفي الكيال (المتوفى: 386هـ)	ShamAY	29979	0.36399
		 الكامل في التاريخ 	 ابن الأثير 	ABLibrary	8246	0.36393
		قصيدة السلفي	صدر الدين، أبو طاهر السلفي أحمد بن محمد بن أحمد بن محمد بن إبراهيم سلفه الأصبهاني (المتوفى: 576ه)	ShamelaY19	26670	0.36391
		الحجج البالغه في حقانيه التشيع	عطائي اصفهاني	Ghbook	13877	0.36391
		مسائل حرب الكرماني من أول كتاب الصلاة إلى باب الإمام يحدث فيقدم من سبقه بركعة دراسة وتحقيق	أبو محمد حرب بن إسماعيل بن خلف الكرماني (المتوفى: 280 ه)	Sham19Y	13262	0.36389
		شرح نونية القرني	كَامِلَةُ الكَوارِي	ShamAY	35708	0.36387
		إفادة المبتدي المستفيد فى حكم إتيان المأموم بالتسميع وجهره به إذا بلغ وإسراره بالتحميد - سلسلة لقاء العشر الأواخر بالمسجد الحرام (29)	إبراهيم بن محمد بن محمود بن بدر، برهان الدين، أبو إسحاق الحلبي القبيباتي الشافعي الناجي (المتوفى: 900 ه)	Sham19Y	17845	0.36386
		 أبهى المداد في شرح مؤتمر علماء بغداد 	 مقاتل ابن عطية 	ABLibrary	8320	0.36385
		 حوار مع الشيخ صالح بن عبدالله الدرويش ( حول تأملات في نهج البلاغة ) 	 الشيخ السبحاني 	ABLibrary	8416	0.36385
		الامام المهدي (عجل الله تعالي فرجه الشريف)	آيت الله العظمي سيد محمد حسيني شيرازي	Ghbook	6582	0.36385
		مقدمات في علم مختلف الحديث	علي العويشز	ShamAY	37291	0.36382
		رحمة للعالمين	محمد سليمان المنصورفوري (المتوفى: 1348هـ)	ShamAY	31836	0.36378
		 سيرة المصطفى ( ص ) ( نظرة جديدة ) 	 هاشم معروف الحسني 	ABLibrary	7577	0.36374
		قاعدة مختصرة في وجوب طاعة الله ورسوله وولاة الأمور	تقي الدين أبو العباس أحمد بن عبد الحليم بن عبد السلام بن عبد الله بن أبي القاسم بن محمد ابن تيمية الحراني الحنبلي الدمشقي (المتوفى: 728ه)	Sham19Y	11290	0.36372
		كلمه الامام المهدي ( عليه السلام )	حسن شيرازي	Ghbook	6560	0.36361
		تراثنا ـ العددان [ 35 و 36 ]	مؤسسة آل البيت عليهم السلام لإحياء التراث ـ قم	Rafed	2789	0.3636
		فتح المغيث بشرح الفية الحديث للعراقي	شمس الدين أبو الخير محمد بن عبد الرحمن بن محمد بن أبي بكر بن عثمان بن محمد السخاوي (المتوفى: 902هـ)	ShamAY	5963	0.36358
		نظم درر السمطين في فضائل المصطفى و المرتضى و البتول و السبطين(ع)	محمد بن عز الدين الزرندي‏	Masaha	3104	0.36358
		 رسائل في ولاية الفقيه 	 رحمان ستايش ومحمد كاظم 	ABLibrary	9633	0.36352
		 ذخائر العقبى في مناقب ذوى القربى ( ع ) ( ط . ج ) 	 أحمد بن عبد الله الطبري ( المحب الطبري ) 	ABLibrary	7527	0.3635
		أبهى المداد في شرح مؤتمر علماء بغداد [ج ٢]	مقاتل بن عطيّة	Rafed	3309	0.3635
		رساله في المتعتين	آيت الله علي حسيني ميلاني	Ghbook	4794	0.3635
		مجموعة من بحوث ومقالات موقع فيصل نور		ShamAY	35636	0.36349
		انيس الفقهاء في تعريفات الألفاظ المتداولة بين الفقهاء	قاسم بن عبد الله بن أمير علي القونوي الرومي الحنفي (المتوفى: 978هـ)	ShamAY	10930	0.36347
		الكامل في التاريخ - العلمية	أبو الحسن علي بن أبي الكرم محمد بن محمد بن عبد الكريم الشيباني الجزري، عز الدين ابن الأثير (المتوفى: 630هـ)	ShamAY	34612	0.36346
		 طرف من الأنباء والمناقب في شرف سيد الأنبياء 	 السيد ابن طاووس 	ABLibrary	7606	0.36346
		 حدائق الأنوار ومطالع الأسرار في سيرة النبي المختار ( المسمى تبصرة الحضرة الأحمدية الشّاهدية بسيرة الحضرة الأحمدية النبوية ) 	 محمد بن عمر بحرق الحضرمي الشّافعي 	ABLibrary	7483	0.36344
		الناسخ والمنسوخ - وتنزيل القرآن بمكة والمدينة	محمد بن مسلم بن عبد الله بن شهاب الزهري (المتوفى: 124ه)	ShamelaY19	26887	0.36341
		آداب الحوار من خلال سيرة مصعب بن عمير رضي الله عنه	عدنان بن سليمان بن مسعد الجابري	ShamAY	31922	0.36341
		جواهر التاريخ	علي كوراني	Ghbook	15259	0.36336
		التحف والهدايا	الخالديان أبو بكر محمد بن هاشم الخالدي، (المتوفى: نحو 380هـ) ، و أبو عثمان سعيد بن هاشم الخالدي (المتوفى: 371هـ)	ShamAY	5429	0.36333
		مقدمة في أصول البحث العلمي وتحقيق التراث	السيد رزق الطويل	ShamAY	7323	0.36332
		واستقر بي النوى	السيد محمد بن حمود العمدي	Masaha	479	0.36328
		 شمس العلوم ودواء كلام العرب من الكلوم 	 نشوان بن سعيد الحميري 	ABLibrary	9798	0.36326
		جواهر العقدين	علي بن عبدالله حسن سمهودي	Ghbook	9203	0.36325
		الكشف والبيان [ج ٦]	أبو إسحاق أحمد [ الثّعلبي ]	Rafed	1668	0.36323
		ذيل كشف الظنون	آقا بزرگ تهراني	Ghbook	7086	0.3632
		كشف الريبة	الشهيد الثاني	Masaha	4651	0.36318
		تأويل مختلف الحديث - الجيل	عبدالله بن مسلم بن قتيبة أبو محمد الدينوري	ShamAY	33526	0.36315
		تهذيب اللغة [ج ١]	محمّد بن أحمد الأزهري	Rafed	1937	0.36313
		مجانبة أهل الثبور المصلين في المشاهد وعند القبور	عبد العزيز بن فيصل الراجحي	ShamelaY19	21511	0.36312
		محمد بن عبد الوهاب وأئمة الدعوة النجدية وموقفهم من آل البيت عليهم السلام		ShamAY	35584	0.36305
		تسمية من تشيع أو رمي بالتشيع من رواة الكتب الستة	مشهور بن مرزوق بن محمد الحرازي	ShamAY	35802	0.363
		 الرد على الأخنائي قاضي المالكية 	 ابن تيميه 	ABLibrary	8426	0.363
		أحكام القرآن  [ج ١]	أبي بكر أحمد بن علي الرازي الجصّاص	Rafed	1987	0.363
		عودوا الى خير الهدي	محمد بن أحمد بن إسماعيل المقدم	Sham19Y	98141	0.36299
		مرآة العقول [ج ١]	الشيخ محمّد باقر بن محمّد تقي المجلسي	Rafed	944	0.36292
		الدعوة في كلمة التوحيد	الشيخ محمّد صالح	Rafed	1956	0.36286
		كشف الرموز في شرح مختصر النافع - الجزء1	الحسن بن أبي طالب اليوسفي	Masaha	1044	0.36285
		آداب الزفاف في السنة المطهرة	أبو عبد الرحمن محمد ناصر الدين، بن الحاج نوح بن نجاتي بن آدم، الأشقودري الألباني (المتوفى: 1420هـ)	ShamAY	7494	0.36281
		الذّريعة إلى تصانيف الشّيعة [ج ١٢]	الشيخ آقا بزرك الطهراني	Rafed	462	0.36277
		إرشاد الحائر إلى معرفة قبيلة فلان في جنوب الجزائر	أبو عبد الله محمد عبد القادر بن محمد بن المختار بن أحمد العالم القبلوي الجزائري المالكي الشهير بالشيخ باي بلعالم (المتوفى: 1430هـ)	ShamAY	1633	0.36276
		بحار الأنوار [ج ٩٤]	الشيخ محمّد باقر بن محمّد تقي المجلسي	Rafed	1218	0.36274
		فتاوى الأئمة في النوازل المدلهمة، وتبرئة دعوة وأتباع محمد بن عبدالوهاب من تهمة التطرف والإرهاب	محمد بن حسين بن سعيد بن هادي بن عبد الرحمن بن محمد بن حسن بن سفران القحطاني	ShamelaY19	36570	0.36271
		مسائل حرب الكرماني من أول كتاب الصلاة إلى باب الإمام يُحْدِث فيقدّم من سبقه بركعة دراسة وتحقيق	أبو محمد حرب بن إسماعيل بن خلف الكرماني (المتوفى: 280 هـ)	ShamAY	32505	0.36268
		الرسائل الفقهيه	ملا اسماعيل خواجوئي	Ghbook	6721	0.36265
		الهجرة ومقدماتها	يحيى بن إبراهيم اليحيى	ShamAY	37437	0.36264
		آيه التطهير شبهات و ردود	حسن عبدالله	Ghbook	7507	0.36262
		نسخة الزبير بن عدي	الزُّبَيْرُ بنُ عَدِيٍّ أَبُو عَدِيٍّ الهَمْدَانِيُّ اليَامِيُّ الكُوْفِيُّ، قَاضِي الرَّيِّ (المتوفى: 131هـ)	ShamAY	29699	0.36261
		أحكام القرآن للجصاص ط العلمية	أحمد بن علي أبو بكر الرازي الجصاص الحنفي (المتوفى: 370هـ)	ShamAY	7370	0.36261
		وفاء الوفا بأخبار دار المصطفى [ج ٤]	نور الدين علي بن أحمد السّمهودي	Rafed	2521	0.36257
		الدولة الفاطمية	عَلي محمد محمد الصَّلاَّبي	ShamAY	245	0.36256
		إستقصاء الإعتبار [ج ٦]	الشيخ محمّد بن الحسن بن الشّهيد الثّاني	Rafed	575	0.36256
		أوثق عرى الإيمان	سليمان بن عبد الله آل الشيخ	ShamAY	35451	0.36253
		الإقبال بالأعمال الحسنة فيما يعمل مرّة في السنة [ج ١]	السيّد رضي الدين أبو القاسم علي بن موسى بن جعفر بن طاووس الحسني الحلّي [ السيّد بن طاووس ]	Rafed	1398	0.36253
		 مسند الإمام الباقر ( ع ) 	 الشيخ عزيز الله عطاردي 	ABLibrary	7710	0.36251
		مجمل اعتقاد أئمة السلف	عبد الله بن عبد المحسن بن عبد الرحمن التركي	ShamAY	30858	0.36248
		شرح ألفية العراقي في علوم الحديث	عبد الرحمن بن أبي بكر بن محمد، زين الدين المعروف بابن العيني الحنفي (المتوفى: 893هـ)	ShamAY	1973	0.36244
		فتح القدير [ج ٢]	محمد بن علي بن محمد الشوكاني	Rafed	3964	0.36244
		التمسك بالسنن والتحذير من البدع (السنة 27 -- العددان103 -104)	شمس الدين أبو عبد الله محمد بن أحمد بن عثمان بن قَايْماز الذهبي (المتوفى: 748هـ)	ShamAY	10321	0.36242
		تهذيب الرياسة وترتيب السياسة	أبو عبد الله محمد بن علي بن الحسن القَلْعي الشافعي (المتوفى: 630هـ)	ShamAY	7240	0.36238
		الرصف لما روي عن النبي - صلى الله عليه وسلم - من الفعل والوصف ويليه شرح الغريب	محمد بن محمد بن عبد الله العاقولي (733 - 797 ه)	ShamelaY19	127700	0.36234
		تذكير العابد بحكم المسألة في المساجد (دراسة فقهية مقارنة)	أبو مالك عدنان عبده المقطري	ShamAY	36723	0.36234
		الموطأ كتاب القضاء في البيوع	أبو محمد عبد الله بن وهب بن مسلم المصري القرشي (المتوفى: 197ه)	ShamelaY19	30522	0.3623
		كتاب من لا يحضره الفقيه [ج ٢]	أبي جعفر محمّد بن علي بن الحسين بن بابويه القمّي [ الشيخ الصدوق ]	Rafed	1418	0.36229
		 مجموع رسائل الإمام الهادي إلى الحق القويم يحيى بن الحسين بن قاسم بن إبراهيم 	 الإمام يحيى بن الحسين 	ABLibrary	8590	0.36228
		كتاب القضاء لسريج بن يونس	أبو الحارث سُرَيج بن يونس بن إبراهيم البغدادي (المتوفى: 235هـ)	ShamAY	8219	0.36227
		الرحلة المعينية	ماء العينين ابن العتيق	Masaha	4349	0.36221
		 في رحاب أهل البيت ( ع ) 	 لجنة بحوث المجمع العالمي لأهل البيت ( ع ) 	ABLibrary	8549	0.36218
		عوالم العلوم و المعارف و الاحوال ، من الآيات و الاخبار و الاقوال	محمد باقر بن مرتضي موحد ابطحي اصفهاني	Ghbook	3785	0.36214
		غيث العقيدة السلفية شرح منظومة الحائية	خالد بن إبراهيم الصقعبي	ShamAY	35552	0.36213
		 الحسين وبطلة كربلاء 	 محمد جواد مغنيه 	ABLibrary	7484	0.3621
		الامامه عهد الهي،بحوث قرآنيه في الامامه	علي جبوري	Ghbook	11930	0.36206
		تاريخ الأدب الأندلسي (عصر سيادة قرطبة)	دكتور إحسان عباس (المتوفى: 1424ه)	Sham19Y	1016	0.36202
		تاريخ الأدب الأندلسي (عصر سيادة قرطبة)	دكتور إحسان عباس (المتوفى: 1424هـ)	ShamAY	1016	0.36201
		 دفاع عن التشيع 	 السيد نذير يحيى الحسني 	ABLibrary	966	0.36198
		الأمر بالمعروف والنهي عن المنكر	أبو يعلى محمد بن الحسين بن محمد بن خلف الفراء الحنبلي	ShamelaY19	36112	0.36197
		سمط النجوم العوالي في أنباء الأوائل والتوالي	عبد الملك بن حسين بن عبد الملك العصامي المكي (المتوفى: 1111هـ)	ShamAY	6617	0.36193
		الشيخ محمد بن عبد الوهاب حياته ودعوته في الرؤية الاستشراقية	ناصر بن إبراهيم بن عبد الله التويم	ShamelaY19	31079	0.36189
		تسمية مشايخ أبي عبد الرحمن أحمد بن شعيب بن علي النسائي وذكر المدلسين (وغير ذلك من الفوائد)	أبو عبد الرحمن أحمد بن شعيب بن علي الخراساني، النسائي (المتوفى: 303ه)	ShamelaY19	25946	0.36187
		مختصر اختلاف العلماء	أبو جعفر أحمد بن محمد بن سلامة بن عبد الملك بن سلمة الأزدي الحجري المصري المعروف بالطحاوي (المتوفى: 321ه)	Sham19Y	6222	0.36187
		بحار الأنوار [ج ١٧]	الشيخ محمّد باقر بن محمّد تقي المجلسي	Rafed	859	0.36187
		الكافي [ج ٩]	أبو جعفر محمّد بن يعقوب الكليني الرازي	Rafed	1125	0.36183
		بحار الأنوار [ج ٧٢]	الشيخ محمّد باقر بن محمّد تقي المجلسي	Rafed	1086	0.36182
		شرح التجريد الصريح لأحاديث الجامع الصحيح - عبد الكريم الخضير	عبد الكريم الخضير	ShamelaY19	21700	0.3618
		تهذيب اللغة	محمد بن أحمد بن الأزهري الهروي، أبو منصور (المتوفى: 370هـ)	ShamAY	7031	0.36174
		الغدير في التراث الإسلامي	السيد عبد العزيز الطباطبائي	Masaha	365	0.36173
		القول الفاضل في الرد علي مدعي التحريف	آيت الله العظمي سيد شهاب الدين مرعشي نجفي	Ghbook	8740	0.36173
		أحكام القرآن للجصاص ت قمحاوي	أحمد بن علي أبو بكر الرازي الجصاص الحنفي (المتوفى: 370ه)	ShamelaY19	23579	0.36171
		مع المصطفي	الواحدي :: عائشة عبد الرحمن بنت الشاطئ	ShamAY	34436	0.36171
		حديث إسحاق الدبري عن عبد الرزاق	أبو يعقوب إسحاق بن إبراهيم بن عباد الصنعاني الدبري (المتوفى: 285ه)	ShamelaY19	30427	0.36169
		 شمس العلوم ودواء كلام العرب من الكلوم 	 نشوان بن سعيد الحميري 	ABLibrary	9787	0.36169
		دروس الشيخ عبد المحسن العباد	عبد المحسن بن حمد بن عبد المحسن بن عبد الله بن حمد العباد البدر	ShamelaY19	36993	0.36167
		الدرر الحسان في أحكام الحج على مذهب الإمام أبي حنيفة النعمان	أحمد الحجي الكردي	ShamAY	36720	0.36155
		مطمح الأنفس ومسرح التأنس في ملح أهل الأندلس	أبي نصر الفتح بن محمد بن عبيد الله بن خاقان ابن عبد الله القيسي الإشبيلي	ShamAY	1566	0.36154
		الزاهر في معاني كلمات الناس	محمد بن القاسم بن محمد بن بشار، أبو بكر الأنباري (المتوفى: 328هـ)	ShamAY	5644	0.36151
		أولئك الأخيار	عبد الملك بن محمد القاسم	ShamelaY19	36557	0.36149
		الوهابيه و اصول الاعتقاد	محمد جواد بلاغي	Ghbook	7601	0.36145
		امام سوم حسين بن علي عليه السلام	فواد كاظم مقدادي	Ghbook	5911	0.3614
		الذب عن مذهب الإمام مالك	أبو محمد عبد الله بن (أبي زيد) عبد الرحمن النفزي، القيرواني، المالكي (المتوفى: 386 ه)	ShamelaY19	18606	0.36136
		التيسير بشرح الجامع الصغير	زين الدين محمد المدعو بعبد الرؤوف بن تاج العارفين بن علي بن زين العابدين الحدادي ثم المناوي القاهري (المتوفى: 1031هـ)	ShamAY	5769	0.36136
		تاريخ الحديث النبوي وموثرات الهوى والموروث الجاهلي عليه	السيد علي الشهرستاني	Masaha	194	0.36136
		مختصر اختلاف العلماء	أبو جعفر أحمد بن محمد بن سلامة بن عبد الملك بن سلمة الأزدي الحجري المصري المعروف بالطحاوي (المتوفى: 321هـ)	ShamAY	6222	0.36135
		 الدر المنثور في التفسير بالمأثور 	 جلال الدين السيوطي 	ABLibrary	915	0.36134
		شفاء العليل	شمس الدّين محمّد بن أبي بكر بن أيّوب الزّرعي [ ابن قيّم الجوزيّة ]	Rafed	3602	0.36134
		تفسير القرآن العظيم [ج ١٠]	عبد الرحمن بن محمّد ابن إدريس الرازي ابن أبي حاتم	Rafed	1840	0.36123
		حماسة القرشي	عباس القرشي	Sham19Y	2512	0.36121
		الأمالي في آثار الصحابة لعبد الرزاق الصنعاني	أبو بكر عبد الرزاق بن همام بن نافع الحميري اليماني الصنعاني (المتوفى: 211ه)	ShamelaY19	25782	0.3612
		شرح مقدمة التفسير لابن تيمية - العثيمين	محمد بن صالح بن محمد العثيمين (المتوفى: 1421ه)	ShamelaY19	21521	0.3612
		شرح مختصر الطحاوي للجصاص	أحمد بن علي أبو بكر الرازي الجصاص الحنفي (المتوفى: 370 هـ)	ShamAY	32355	0.36117
		الزاهر في معاني كلمات الناس	محمد بن القاسم بن محمد بن بشار، أبو بكر الأنباري (المتوفى: 328ه)	Sham19Y	5644	0.36117
		اعلام الهدايه (الامام علي بن محمد الهادي عليه السلام)	مجمع جهاني اهل بيت عليهم السلام	Ghbook	4021	0.36112
		الإخنائية أو الرد على الإخنائي ت زهوي	تقي الدين أبو العباس أحمد بن عبد الحليم بن عبد السلام بن عبد الله بن أبي القاسم بن محمد ابن تيمية الحراني الحنبلي الدمشقي (المتوفى: 728هـ)	ShamAY	1152	0.3611
		الاعتصام بالكتاب و السنه	آيت الله العظمي جعفر سبحاني	Ghbook	7525	0.36107
		الخطاب القرآني لأهل الكتاب وموقفهم منه قديما وحديثا	هود محمد منصور قباص أبو راس	Sham19Y	132385	0.36104
		تراثنا ـ العدد [ 34 ]	مؤسسة آل البيت عليهم السلام لإحياء التراث ـ قم	Rafed	2785	0.36104
		موسوعه خديجه بنت خويلد عليها السلام	شعبه التحقيق في قسم الشوون الفكريه والثقافيه في العتبه الحسينيه المقدسه	Ghbook	16476	0.36103
		معالم الإصلاح عند أهل البيت عليهم السلام	علي موسى الكعبي	Rafed	799	0.36102
		سورة آل عمران، مصدرا عن الإسلام قبل البعثة النبوية، دراسة في الآيات /19، 85، 39	علي المحمداوي	ShamAY	33140	0.361
		علم الأصول تاريخاً وتطوراً	الشيخ علي القائيني	Masaha	4002	0.361
		أسماء وألقاب أمير المؤمنين علي بن أبي طالب عليه السلام	علي أصغر شكوهي قوچاني	Rafed	2434	0.361
		الذب عن مذهب الإمام مالك	أبو محمد عبد الله بن (أبي زيد) عبد الرحمن النفزي، القيرواني، المالكي (المتوفى: 386 ه)	Sham19Y	18606	0.36097
		حقيقه السنة والبدعة = الأمر بالاتباع والنهي عن الابتداع	عبد الرحمن بن أبي بكر، جلال الدين السيوطي (المتوفى: 911هـ)	ShamAY	248	0.36094
		العدة في أصول الفقه	القاضي أبو يعلى ، محمد بن الحسين بن محمد بن خلف ابن الفراء (المتوفى : 458هـ)	ShamAY	38640	0.36089
		شرح ديوان الحماسة (ديوان الحماسة: اختاره أبو تمام حبيب بن أوس ت 231 هـ)	يحيى بن علي بن محمد الشيبانيّ التبريزي، أبو زكريا (المتوفى: 502هـ)	ShamAY	6907	0.36088
		الصواعق المحرقة على أهل الرفض والضلال والزندقة	أحمد بن محمد بن علي بن حجر الهيتمي السعدي الأنصاري، شهاب الدين شيخ الإسلام، أبو العباس (المتوفى: 974هـ)	ShamAY	6544	0.36084
		الموسوعة الحديثية بين الواقع والمأمول	زهير الناصر	ShamAY	8574	0.36081
		المفصل في أحاديث الفتن	الواحدي :: علي بن نايف الشحود	ShamAY	36094	0.36077
		حسن السلوك الحافظ دولة الملوك	محمد بن محمد بن عبد الكريم بن رضوان بن عبد العزيز البعلي شمس الدين، ابن الموصلي (المتوفى: 774هـ)	ShamAY	7241	0.36077
		سبل السلام	محمد بن إسماعيل بن صلاح بن محمد الحسني، الكحلاني ثم الصنعاني، أبو إبراهيم، عز الدين، المعروف كأسلافه بالأمير (المتوفى: 1182ه)	Sham19Y	21590	0.36072
		سيد العبيد جون بن حوي	الشيخ ماجد بن احمد العطيه	Ghbook	12338	0.3607
		سيرة المصطفى نظرة جديدة	هاشم معروف الحسني‏	Masaha	2224	0.36069
		الصلاة على النبي صلى الله عليه وسلم فضلها وكيفيتها	عبد المحسن بن حمد بن عبد المحسن بن عبد الله بن حمد العباد البدر	Sham19Y	10418	0.36066
		القول السديد شرح كتاب التوحيد ط النفائس	أبو عبد الله، عبد الرحمن بن ناصر بن عبد الله بن ناصر بن حمد آل سعدي (المتوفى: 1376هـ)	ShamAY	8529	0.36064
		تفسير كنز الدّقائق وبحر الغرائب [ج ٥]	الشيخ محمّد بن محمّد رضا القمّي المشهدي	Rafed	3001	0.36064
		الحجه الغراء علي شهاده الزهراء	آيت الله العظمي جعفر سبحاني	Ghbook	3777	0.36061
		ما هكذا تورد ياسعد الإبل حوار علمي مع الدكتور ربيع حول منهج المحدثين النقاد القدامى في نقد الأحاديث	الواحدي :: حمزة عبد الله المليباري	ShamAY	36631	0.36059
		شرح ديوان الحماسة (ديوان الحماسة: اختاره أبو تمام حبيب بن أوس ت 231 ه)	يحيى بن علي بن محمد الشيباني التبريزي، أبو زكريا (المتوفى: 502ه)	Sham19Y	6907	0.36059
		بلاغات النساء	ابوالفضل احمد بن ابي طاهر طيفور	Ghbook	2478	0.36056
		فتاوى ورسائل سماحة الشيخ محمد بن إبراهيم بن عبد اللطيف آل الشيخ	محمد بن إبراهيم بن عبد اللطيف آل الشيخ (المتوفى: 1389هـ)	ShamAY	8476	0.36055
		المعالم الأثيرة في السنة و السيرة	محمد حميد الله‏	Masaha	2873	0.36052
		حجية السنة النبوية ومكانتها في التشريع الإسلامي	عبد القادر بن حبيب الله السندي	ShamAY	10132	0.36039
		الحجج القاطعة على أن الروافض ضد الإسلام على ممر التاريخ بلا مدافعة		ShamAY	35608	0.36038
		أشراط الساعة	عبد الله بن سليمان الغفيلي	ShamAY	30813	0.36037
		 الكامل في التاريخ 	 ابن الأثير 	ABLibrary	8254	0.36036
		الذب عن مذهب الإمام مالك	أبو محمد عبد الله بن (أبي زيد) عبد الرحمن النفزي، القيرواني، المالكي (المتوفى: 386 هـ)	ShamAY	32672	0.36034
		من كرامات الاولياء	آيت الله العظمي سيد محمد حسيني شيرازي	Ghbook	7841	0.36034
		شأن الدعاء	عبد الرحمن السحيم	ShamAY	35109	0.36031
		أقوال أهل العلم في مسألة قنوت الوتر	عبد العزيز الجربوع	ShamAY	36476	0.3603
		التّحقيق في نفي التّحريف عن القرآن الشّريف	السيّد علي الحسيني الميلاني	Rafed	4052	0.36029
		الحديث المعلول قواعد وضوابط	حمزة عبد الله المليباري	ShamAY	37260	0.36028
		 شفاء العليل في مسائل القضاء والقدر والحكمة والتعليل 	 ابن قيم الجوزية 	ABLibrary	8482	0.36028
		المفَصَّلُ في أحاديث الملاحِم	الواحدي :: علي بن نايف الشحود	ShamAY	36095	0.36025
		غذاء الأرواح بالمحادثة والمزاح	زين الدين مرعي بن يوسف الكرمي المقدسي	ShamelaY19	147065	0.36024
		 نظرة في كتاب الوشيعة ( من فيض الغدير ) 	 الشيخ الأميني 	ABLibrary	8665	0.36024
		موسوعه كلمات الامام الحسين ( عليه السلام ) 	محمود شريفي	Ghbook	5993	0.36024
		 رسائل ومقالات 	 الشيخ السبحاني 	ABLibrary	8439	0.36023
		في آيتي الشوري و ما يتعلق بنظريه الشوري	خليفه عبيد كلباني عماني	Ghbook	7511	0.36016
		ما له حكم الرفع من أقوال الصحابة وأفعالهم	أبو ياسر محمد بن مطر بن عثمان آل مطر الزهراني (المتوفى: 1427ه)	Sham19Y	11367	0.36015
		المعالم الأثيرة في السنة والسيرة	محمد محمد حسن الشراب	Masaha	4773	0.36006
		من حياه الامام الحسين عليه السلام	آيت الله العظمي سيد محمد حسيني شيرازي	Ghbook	16074	0.36004
		إيضاح المقالة فيما ورد بالإمالة لابن عبد الهادي	يوسف بن عبد الهادي (909 هـ)	ShamAY	34299	0.36002
		سبل السلام	محمد بن إسماعيل بن صلاح بن محمد الحسني، الكحلاني ثم الصنعاني، أبو إبراهيم، عز الدين، المعروف كأسلافه بالأمير (المتوفى: 1182هـ)	ShamAY	32028	0.36001
		الإلمام بأحاديث الأحكام	تقي الدين أبو الفتح محمد بن علي بن وهب بن مطيع القشيري، المعروف بابن دقيق العيد (المتوفى: 702هـ)	ShamAY	5919	0.35998
		الشيعه هم اهل السنه	محمد تيجاني سماوي	Ghbook	7567	0.35987
		من أنا حتى أكتب عن أحمد	إسلام المازني	ShamAY	37408	0.35983
		 الديباج على مسلم 	 جلال الدين السيوطي 	ABLibrary	883	0.35981
		أغلو في بعض القرابة وجفاء في الأنبياء والصحابة	عبد المحسن بن حمد بن عبد المحسن بن عبد الله بن حمد العباد البدر	ShamAY	7514	0.3598
		 الاستغاثة في بدع الثلاثة 	 ابو القاسم الكوفي 	ABLibrary	8309	0.35979
		 وفاء الوفاء بأخبار دار المصطفى ( ص ) 	 نورالدين علي بن أحمد السمهودي 	ABLibrary	7887	0.35978
		أحكام النساء	الواحدي :: ابن الجوزي	ShamAY	34338	0.35976
		 نسمات الأسحار 	 علي بن عطية الهيتي ( شيخ علوان ) 	ABLibrary	8829	0.35976
		رسائل القاري	علي بن سلطان القاري الهروي (ت1014هـ)	ShamAY	36182	0.35974
		شرح مقدمة التفسير لابن تيمية - العثيمين	محمد بن صالح بن محمد العثيمين (المتوفى: 1421ه)	Sham19Y	21521	0.35973
		 معجم ما كتب عن الرسول ( ص ) وأهل بيته ( ع ) 	 عبد الجبار الرفاعي 	ABLibrary	7763	0.35968
		شرح كتاب العلم لأبي خيثمة - عبد الكريم الخضير	عبد الكريم الخضير	ShamelaY19	21627	0.35965
		رجال حول الرسول	خالد محمد خالد ثابت (المتوفى: 1416هـ)	ShamAY	9835	0.35961
		آل الجرباء في التاريخ والأدب	محمد بن عمر بن عبد الرحمن العقيل المعروف بأبي عبد الرحمن ابن عقيل الظاهري	ShamAY	318	0.3596
		الحسين عليه السلام وبطلة كربلاء	محمّد جواد مغنية	Rafed	3216	0.35959
		أحكام القرآن للجصاص ت قمحاوي	أحمد بن علي أبو بكر الرازي الجصاص الحنفي (المتوفى: 370هـ)	ShamAY	23579	0.35956
		قضية التحكيم قي موقعة صفين بين الحقائق و الأباطيل	خالد كبير علال	ShamAY	37143	0.35956
		جمع الفوائد من جامع الأصول ومجمع الزَّوائِد	محمد بن محمد بن سليمان بن الفاسي بن طاهر السوسي الردواني المغربي المالكي (المتوفى: 1094هـ)	ShamAY	90	0.35953
		شفاء العليل في اختصار إبطال التحليل - البعلي - ت العمران - ط عالم الفوائد	محمد بن علي بن أحمد بن عمر بن يعلى، أبو عبد الله، بدر الدين البعليّ (المتوفى: 778هـ)	ShamAY	38464	0.35952
		الكافي [ج ١٤]	أبو جعفر محمّد بن يعقوب الكليني الرازي	Rafed	1135	0.35952
		 دلائل الصدق لنهج الحق 	 الشيخ محمد حسن المظفر 	ABLibrary	944	0.35949
		رسائل السنة والشيعة لرشيد رضا	محمد رشيد بن علي رضا بن محمد شمس الدين بن محمد بهاء الدين بن منلا علي خليفة القلموني الحسيني (المتوفى: 1354هـ)	ShamAY	12723	0.35947
		الهادي والمهتدي	مرزوق بن هياس آل مرزوق الزهراني	ShamelaY19	36102	0.35945
		فتح المعبود في الرد على ابن محمود	حمود بن عبد الله بن حمود بن عبد الرحمن التويجري (المتوفى: 1413هـ)	ShamAY	32118	0.3594
		الانتصار للصحب والآل من افتراءات السماوي الضال	إبراهيم بن عامر بن عليّ الرّحيلي	ShamAY	1790	0.3594
		المعالم الأثيرة في السنة والسيرة	محمد بن محمد حسن شراب	ShamelaY19	23677	0.35932
		الأربعون الحسان في الاجتماع على الطعام	يحي الحجوري	ShamAY	35048	0.35932
		مختلف الشيعة في أحكام الشريعة - الجزء1	العلامة الحلي	Masaha	841	0.35923
		علامات المهدي المنتظر في خطب الامام علي و رسائله و احاديثه	مهدي حمد الفتلاوي	Masaha	4063	0.3592
		تحفة المجيب على أسئلة الحاضر والغريب	أبو عبد الرحمن مقبل بن هادي بن مقبل بن قائدة (اسم رجل) الهمداني الوادعي (المتوفى: 1422ه)	ShamelaY19	96784	0.35918
		السلوك لمعرفة دول الملوك	أحمد بن علي بن عبد القادر، أبو العباس الحسيني العبيدي، تقي الدين المقريزي (المتوفى: 845هـ)	ShamAY	6667	0.35918
		هذا القرآن في مائة حديث نبوي	الدكتور محمد زكي محمد خضر	ShamAY	36846	0.35916
		مرآة العقول [ج ٢]	الشيخ محمّد باقر بن محمّد تقي المجلسي	Rafed	1001	0.35914
		شرح العقيدة الأصفهانية	تقي الدين أبو العباس أحمد بن عبد الحليم بن عبد السلام بن عبد الله بن أبي القاسم بن محمد ابن تيمية الحراني الحنبلي الدمشقي (المتوفى: 728هـ)	ShamAY	1137	0.35912
		تمام المنة في التعليق على فقه السنة	أبو عبد الرحمن محمد ناصر الدين، بن الحاج نوح بن نجاتي بن آدم، الأشقودري الألباني (المتوفى: 1420هـ)	ShamAY	11122	0.3591
		قواعد التحديث من فنون مصطلح الحديث	محمد جمال الدين بن محمد سعيد بن قاسم الحلاق القاسمي (المتوفى: 1332هـ)	ShamAY	9993	0.3591
		شرح أصول اعتقاد أهل السنة للالكائي - حسن أبو الأشبال	أبو الأشبال حسن الزهيري آل مندوه المنصوري المصري	ShamelaY19	37437	0.35909
		مسند زيد بن علي	زيد بن علي	Masaha	544	0.35908
		الأصول العامة والقواعد الجامعة للفتاوى الشرعية	حسين بن عبد العزيز آل الشيخ	ShamAY	37552	0.35907
		أزهار الرياض في أخبار القاضي عياض	شهاب الدين أحمد بن محمد بن أحمد بن يحيى، أبو العباس المقري التلمساني (المتوفى: 1041ه)	ShamelaY19	26350	0.35905
		الحديث النبوي في النحو العربي	الدكتور محمود فجال	Rafed	1991	0.35902
		الإباضية في ميزان أهل السنة	عبد الله بن مسعود السني	ShamAY	1746	0.359
		الكامل في التاريخ ط صادر	أبو الحسن علي بن أبي الكرم محمد بن محمد بن عبد الكريم الشيباني الجزري، عز الدين ابن الأثير (المتوفى: 630هـ)	ShamAY	33808	0.35894
		 صفة جزيرة العرب 	 الحسن الهمداني ( ابن الحائك ) 	ABLibrary	9129	0.35888
		جمع القرآن الكريم حفظا وكتابة	أ. د. علي بن سليمان العبيد	ShamAY	11131	0.35886
		موسوعة الأسئلة العقائديّة [ج ٥]	مركز الأبحاث العقائديّة	Rafed	1394	0.35885
		الرسائل السياسية	عمرو بن بحر بن محبوب الكناني بالولاء، الليثي، أبو عثمان، الشهير بالجاحظ (المتوفى: 255ه)	Sham19Y	10709	0.35878
		تربة الحسين عليه السلام الإستشفاء والتبرّك بها ـ السجود عليها دراسة وتحليل [ج ٢]	الشيخ أمين حبيب آل درويش	Rafed	2553	0.35877
		سعد السّعود	السيّد رضي الدين أبو القاسم علي بن موسى بن جعفر بن طاووس الحسني الحلّي [ السيّد بن طاووس ]	Rafed	4013	0.35874
		الحسن ابن علي عليه السلام الامامه المنسيه	صالح الطاني	Ghbook	12811	0.3587
		بحار الأنوار [ج ٩٦]	الشيخ محمّد باقر بن محمّد تقي المجلسي	Rafed	1279	0.35867
		المعرفة والمعرِف	حسام الدين أبو المجد	Masaha	426	0.35866
		لله وللحقيقة [ج ١ ـ ٢]	الشيخ علي آل محسن	Rafed	3508	0.35866
		الإمام الصادق عليه السلام [ج ١]	الشيخ محمّد حسين المظفّر	Rafed	685	0.35864
		المعرفة والمعرّف	حسام الدين أبو المجد	Rafed	1191	0.35863
		دروس الشيخ عبد المحسن العباد	عبد المحسن بن حمد بن عبد المحسن بن عبد الله بن حمد العباد البدر	Sham19Y	36993	0.35861
		بحار الأنوار [ج ٦]	الشيخ محمّد باقر بن محمّد تقي المجلسي	Rafed	519	0.35858
		شرح البيقونية - محمد حسن عبد الغفار	محمد حسن عبد الغفار	ShamelaY19	37667	0.35856
		دراسه في تبليغ آيات البرائه	هاشم موسوي	Ghbook	4557	0.35853
		أقصى الأماني في علم البيان والبديع والمعاني	الأنصاري، زكريا	ShamAY	34489	0.35852
		الرسائل السياسية	عمرو بن بحر بن محبوب الكناني بالولاء، الليثي، أبو عثمان، الشهير بالجاحظ (المتوفى: 255هـ)	ShamAY	10709	0.35852
		المحرر في أسباب نزول القرآن من خلال الكتب التسعة دراسة الأسباب رواية ودراية	خالد بن سليمان المزيني	ShamelaY19	95559	0.35841
		الرفع والتكميل في الجرح والتعديل	محمد عبد الحي بن محمد عبد الحليم الأنصاري اللكنوي الهندي، أبو الحسنات (المتوفى: 1304هـ)	ShamAY	5973	0.35837
		القناعة والتعفف	أبو بكر عبد الله بن محمد بن عبيد بن سفيان بن قيس البغدادي الأموي القرشي المعروف بابن أبي الدنيا (المتوفى: 281هـ)	ShamAY	22347	0.35837
		صلاة أمير المؤمنين(ع) في اليوم والليلة ألف ركعة	الشيخ عبد الحسين الأميني النجفي	Masaha	329	0.35837
		الصّحابة في حجمهم الحقيقي	الهاشمي بن علي	Rafed	1189	0.35835
		الفصول المهمة في تأليف الأمة	السيد عبدالحسين شرف الدين الموسوي	Rafed	167	0.35835
		تهذيب اللغه	ابي منصور محمدبن احمد الازهري	Ghbook	16225	0.35835
		الخلاصة البهية في ترتيب أحداث السيرة النبوية	وحيد عبد السلام بالي	ShamAY	460	0.35825
		الأشربة وذكر اختلاف الناس فيها لابن قتيبة	أبو محمد عبد الله بن مسلم بن قتيبة الدينوري (المتوفى: 276هـ)	ShamAY	25793	0.35823
		التحقيق في نفي التحريف عن القرآن الشريف 	آيت الله علي حسيني ميلاني	Ghbook	4783	0.35818
		قاعدة في الصبر	تقي الدين أبو العباس أحمد بن عبد الحليم بن عبد السلام بن عبد الله بن أبي القاسم بن محمد ابن تيمية الحراني الحنبلي الدمشقي (المتوفى: 728هـ)	ShamAY	12153	0.35816
		القول الفصل في العمل بالحديث المرسل	حسن مظفر رزق	ShamAY	8875	0.35813
		دعاوى الطاعنين في القرآن الكريم = الطعن في القرآن الكريم والرد على الطاعنين	عبد المحسن بن زبن بن متعب المطيري	ShamAY	9438	0.3581
		المعالم الأثيرة في السنة والسيرة	محمد بن محمد حسن شراب	Sham19Y	23677	0.35807
		 أنوار النبي ( ص ) أسرارها وأنواعها 	 ابن سبعين 	ABLibrary	7431	0.35807
		الأنس الجليل بتاريخ القدس والخليل [ج ١]	مجير الدين الحنبلي العليمي	Rafed	2088	0.35807
		إغاثة اللهفان في مصايد الشيطان ط عالم الفوائد	أبو عبد الله محمد بن أبي بكر بن أيوب ابن قيم الجوزية (691 - 751)	ShamAY	38513	0.35805
		تاريخ التشريع الإسلامي	مناع بن خليل القطان (المتوفى: 1420هـ)	ShamAY	9995	0.35787
		 حياة الإمام موسى بن جعفر ( ع ) 	 الشيخ باقر شريف القرشي 	ABLibrary	7505	0.35787
		محاضرتان في الفقه الكلامي	علي شهرستاني	Ghbook	16150	0.35785
		من تواضع لله رفعه	عبد الملك بن محمد القاسم	ShamelaY19	95670	0.35783
		فتح الغفار الجامع لأحكام سنة نبينا المختار	الحسن بن أحمد بن يوسف بن محمد بن أحمد الرُّباعي الصنعاني (المتوفى: 1276هـ)	ShamAY	6610	0.35782
		فتح الغفار الجامع لأحكام سنة نبينا المختار	الرباعي	Sham19Y	6610	0.35782
		 الدر المنثور في التفسير بالمأثور 	 جلال الدين السيوطي 	ABLibrary	912	0.35775
		أخبار الظراف والمتماجنين	جمال الدين أبو الفرج عبد الرحمن بن علي بن محمد الجوزي (المتوفى: 597هـ)	ShamAY	6952	0.35774
		نشاه التشيع و الشيعه	محمد باقر صدر	Ghbook	7118	0.35773
		غربة الإسلام	حمود بن عبد الله بن حمود بن عبد الرحمن التويجري (المتوفى: 1413هـ)	ShamAY	32000	0.35766
		نظرة تاريخية في حدوث المذاهب الفقهية الأربعة: الحنفي - المالكي - الشافعي - الحنبلي وانتشارها عند جمهور المسلمين	أحمد بن إسماعيل بن محمد تيمور (المتوفى: 1348ه)	ShamelaY19	96605	0.35764
		تأثر الخوارج المعاصرين بأصول الخوارج المتقدمين	فهد الفهيد	ShamAY	33491	0.35764
		مطمع الأنفس ومسرح التأنس في ملح أهل الأندلس	الفتح بن محمد بن عبيد الله بن خاقان ابن عبد الله القيسي، أبو نصر (المتوفى: 528هـ)	ShamAY	6910	0.35762
		فتاوى اللجنة الدائمة - المجموعة الأولى	اللجنة الدائمة للبحوث العلمية والإفتاء	ShamAY	8381	0.35759
		فتاوى الشيخ عبد الرزاق عفيفي	الواحدي :: عبد الرزاق عفيفي	ShamAY	37661	0.35755
		بحار الأنوار [ج ٧٤]	الشيخ محمّد باقر بن محمّد تقي المجلسي	Rafed	1095	0.35753
		إثبات علو الله ومباينته لخلقه	حمود بن عبدالله بن حمود التويجري	ShamAY	35411	0.35751
		اتحاف السادة المتقين بشرح إحياء علوم الدين	محمد بن محمد بن الحسيني الزبيدي الشهير بمرتضى	ShamAY	35035	0.3575
		المغرب في حلى المغرب [ج ٢]	علي بن موسى بن محمّد بن عبد الملك بن سعيد الغرناطي الأندلسي	Rafed	2304	0.35746
		التّفسير [ج ١]	أبي النضر محمد بن مسعود بن عيّاش السلمي السمرقندي [ العيّاشي ]	Rafed	3384	0.35745
		دعوة أهل البدع	خالد بن أحمد الزهراني	ShamAY	33317	0.35743
		 بحار الأنوار 	 العلامة المجلسي 	ABLibrary	771	0.35743
		 دراسات في علم الدراية 	 علي أكبر غفاري 	ABLibrary	923	0.35735
		مباحث في علوم القرآن - ط وهبة	مناع القطان	ShamAY	34076	0.35733
		تسبيح ومناجاة وثناء على ملك الأرض والسماء	محمد بن حسن بن عقيل موسى الشريف	Sham19Y	36529	0.35733
		 تلخيص الشافي 	 الشيخ الطوسي 	ABLibrary	8392	0.35733
		السنة ومكانتها للسباعي ط المكتب الإسلامي	مصطفى بن حسني السباعي (المتوفى: 1384ه)	ShamelaY19	37638	0.3573
		تفسير كتاب الله العزيز [ج ١]	هود بن محكم الهوّاري الأوراسي	Rafed	3818	0.35728
		مواقف العلماء عبر العصور في الدعوة إلى اللَّه تعالى	د. سعيد بن علي بن وهف القحطاني	ShamAY	1896	0.35725
		فتح العلي الحميد في شرح كتاب مفيد المستفيد في كفر تارك التوحيد	مدحت بن الحسن آل فراج	ShamAY	32146	0.35724
		قصص وعبر وعظات من سيرة الصحابيات	ماجد البنكاني	ShamAY	35114	0.35722
		ظروف اقامه سيد الشهداء عليه السلام في مكه المكرمه	سيد علي جمال أشرف	Ghbook	16509	0.35721
		شعر الخوارج	دكتور إحسان عباس (المتوفى: 1424هـ)	ShamAY	1013	0.35718
		زغل العلم	شمس الدين أبو عبد الله محمد بن أحمد بن عثمان بن قايماز الذهبي (المتوفى: 748ه)	Sham19Y	6342	0.35717
		نصائح الهدى والدين	الشيخ محمد جواد البلاغي	Masaha	449	0.35715
		حديث أبي بكر الأنباري_2	محمد بن جعفر بن محمد بن الهيثم، أبو بكر الأنباري، البُنْدار (المتوفى: 360هـ)	ShamAY	29867	0.35709
		أحكام السلام	الواحدي :: عبد السلام بن برجس آل عبد الكريم	ShamAY	36680	0.35706
		جزء في مرويات ختم القرآن	الواحدي :: بكر أبو زيد	ShamAY	36498	0.35703
		السنة ومكانتها في التشريع الإسلامي	مصطفى بن حسني السباعي (المتوفى: 1384ه)	ShamelaY19	37639	0.35702
		غربة الإسلام	الواحدي :: التويجري، حمود بن عبد الله	ShamAY	33333	0.35702
		ظن السوء بمن سلم من الأنام في ضوء الكتاب والسنة بإجمال	ابتسام الجابري	ShamAY	36647	0.357
		أهل الفترة ومن في حكمهم	موفق أحمد شكري	ShamelaY19	117360	0.35697
		معجم ما استعجم من أسماء البلاد والمواضع [ج ٢]	أبي عبيد عبد الله بن عبد العزيز البكري الأندلسي	Rafed	2533	0.35696
		ظلامة أبي طالب (تاريخ ودراسة)	السيد جعفر مرتضى العاملي	Masaha	332	0.35694
		شرح أصول اعتقاد أهل السنة للالكائي - حسن أبو الأشبال	أبو الأشبال حسن الزهيري آل مندوه المنصوري المصري	ShamAY	647	0.35693
		المجيد في إعراب القرآن المجيد	إبراهيم بن محمد بن إبراهيم القيسي السفاقسي، أبو إسحاق: برهان الدين (المتوفى: 742ه)	ShamelaY19	95571	0.35687
		نخبة الفكر - دراسة عنها وعن منهجها	إبراهيم بن محمد نور سيف	ShamAY	4134	0.35684
		الكامل في التاريخ - الجزء1	ابن الأثير الجزري	Masaha	2823	0.35683
		الإجابات الجليّة عن الشُّبُهات الرافضية	عبدالرحمن بن عبدالله السحيم	ShamAY	35606	0.35678
		أكمل البيان في شرح حديث النجد قرن الشيطان	محمد سندهو	ShamAY	35953	0.35678
		تحرير الأقوال في صوم الست من شوال - سلسلة لقاء العشر الأواخر بالمسجد الحرام (26)	أبو الفداء زين الدين قاسم بن قُطْلُوْبَغَا السُّوْدُوْنِي الجمالي الحنفي (المتوفى: 879 هـ)	ShamAY	32497	0.35678
		الامام الصادق ( عليه السلام ) علم و عقيده	رمضان لاوند	Ghbook	4982	0.35678
		دعاوى المناوئين لشيخ الإسلام ابن تيمية - عرض ونقد	د. عبد الله بن صالح بن عبد العزيز الغصن	ShamAY	9585	0.35677
		نزهة الأفكار في شرح قرة الأبصار	عبد القادر بن محمد بن محمد سالم المجلسي الشنقيطي المالكي الأشعري (المتوفى: 1337 ه)	ShamelaY19	145166	0.35676
		صور من ابتلاء العلماء ((مواقف مشرقة من تاريخ أمتنا الإسلامية))	الواحدي :: وحيد عبد السلام بالي	ShamAY	35106	0.35674
		شرح أصول اعتقاد أهل السنة للالكائي - حسن أبو الأشبال	أبو الأشبال حسن الزهيري آل مندوه المنصوري المصري	Sham19Y	37437	0.35672
		 العوالم ، السيدة الزهراء ( س ) 	 الشيخ عبد الله البحراني 	ABLibrary	7613	0.35671
		نصب المجانيق لنسف قصة الغرانيق	أبو عبد الرحمن محمد ناصر الدين، بن الحاج نوح بن نجاتي بن آدم، الأشقودري الألباني (المتوفى: 1420هـ)	ShamAY	7329	0.35669
		 بحوث في الملل والنحل 	 الشيخ السبحاني 	ABLibrary	8357	0.35669
		المعالم الأثيرة في السنة والسيرة	محمد بن محمد حسن شُرَّاب	ShamAY	23677	0.35661
		رد الشبهات عن تاريخ الام الحسن عليه السلام و الثوره الحسينيه	الدكتور هادي التميمي	Ghbook	15397	0.3566
		 الموسوعة الكبرى عن فاطمة الزهراء ( س ) 	 اسماعيل الأنصاري الزنجاني الخوئيني 	ABLibrary	7828	0.35659
		شرح نهج البلاغه ابن ابي الحديد	ابن ابي الحديد معتزلي	Ghbook	2641	0.35658
		المحرر في أسباب نزول القرآن من خلال الكتب التسعة دراسة الأسباب رواية ودراية	خالد بن سليمان المزيني	ShamAY	1542	0.35654
		من حديث عبد الصمد الطستي	أبو الحسين عبد الصمد بن علي بن محمد بن مكرم البغدادي، الطستي، الوكيل (المتوفى: 346ه)	ShamelaY19	28853	0.35651
		طيب المذاق من ثمرات الأوراق - دار الفتح	تقي الدين أبو بكر بن علي بن عبد الله التقي الحموي المعروف بابن حجة	ShamAY	33786	0.35642
		الكبائر لمحمد بن عبد الوهاب ت الجوابرة	محمد بن عبد الوهاب بن سليمان التميمي النجدي (المتوفى: 1206هـ)	ShamAY	1467	0.35641
		شرح الأخبار في فضائل الأئمة الأطهار(ع) - الجزء1	القاضي نعمان المغربي‏	Masaha	2225	0.35639
		ضعيف موارد الظمآن إلى زوائد ابن حبان	أبو عبد الرحمن محمد ناصر الدين، بن الحاج نوح بن نجاتي بن آدم، الأشقودري الألباني (المتوفى: 1420 هـ)	ShamAY	32336	0.35638
		نكت وتنبيهات في تفسير القرآن المجيد	أبو العباس البسيلي التونسي (المتوفي 830 هـ)	ShamAY	983	0.35635
		تأويلات أهل السنّة [ج ٢]	أبي منصور محمّد بن محمّد بن محمود الماتريدي	Rafed	3963	0.35635
		المنهاج النبوي في تربية الأطفال	علي بن نايف الشحود	ShamAY	34838	0.35634
		ذي قار وبطائحها في العصر الإسلامي (1 - 656هـ / 622 - 1258م) دراسة في أحوالها الاجتماعية والاقتصادية	ميادة العكيلي	ShamAY	37158	0.35633
		تسوية الصفوف .. دراسة فقهية حديثية	محمد حامد محمد	ShamAY	36527	0.35632
		شرح الصدور بشرح حال الموتى والقبور	عبد الرحمن بن أبي بكر، جلال الدين السيوطي (المتوفى: 911ه)	Sham19Y	6485	0.35627
		تفسير غرائب القرآن ورغائب الفرقان [ج ١]	نظام الدين الحسن بن محمّد بن حسين القمي النيسابوري	Rafed	1792	0.35626
		الأربعون النووية (مع زيادات ابن رجب رحمهما الله)	محيي الدين النووي (631 - 676 ه) وابن رجب الحنبلي (736 - 795 ه)	ShamelaY19	147927	0.35625
		الإصابة في الذب عن الصحابة - رضي الله عنهم -	الشيخ الدكتور مازن بن محمد بن عيسى	ShamAY	1709	0.35624
		مخالفة الوهابيّة للقرآن والسنّة	عمر عبدالسلام	Rafed	3683	0.35623
		الموطأ كتاب القضاء في البيوع	أبو محمد عبد الله بن وهب بن مسلم المصري القرشي (المتوفى: 197هـ)	ShamAY	30522	0.35621
		طبقات الحنفية	لعلي بن أمر الله الحنائي (ت979هـ)	ShamAY	35844	0.3562
		الأذكار النووية أو «حلية الأبرار وشعار الأخيار في تلخيص الدعوات والأذكار المستحبة في الليل والنهار»	أبو زكريا محيي الدين يحيى بن شرف النووي (المتوفى: 676هـ)	ShamAY	31844	0.35616
		حماسة القرشي	عباس بن محمد بن مسعود القرشي النجفي (المتوفى : 1299هـ)	ShamAY	2512	0.35616
		 الموسوعة الكبرى عن فاطمة الزهراء ( س ) 	 اسماعيل الأنصاري الزنجاني الخوئيني 	ABLibrary	7825	0.35615
		من أقوال المنصفين في الصحابي الخليفة معاوية رضي الله عنه	الواحدي :: عبد المحسن العباد	ShamAY	35829	0.35614
		جامع المقدمات العلمية لمهمات الكتب والمصنفات الشرعية	أبو يعلى البيضاوي	ShamAY	37617	0.35614
		النبي صلي الله عليه وآله وسلم ومستقبل الدعوه	محمد علي الحلو	Ghbook	12331	0.35611
		المحرر في أسباب نزول القرآن من خلال الكتب التسعة دراسة الأسباب رواية ودراية	خالد بن سليمان المزيني	Sham19Y	95559	0.3561
		شرح الصدور بشرح حال الموتى والقبور	عبد الرحمن بن أبي بكر، جلال الدين السيوطي (المتوفى: 911هـ)	ShamAY	6485	0.35609
		 تنبيه المغترين 	 عبد الوهاب الشعراني 	ABLibrary	8838	0.35605
		الميزان في تفسير القرآن [ج ٩]	آية الله السيد محمد حسين الطباطبائي	Rafed	1438	0.356
		 أخبار نيل مصر 	 شهاب الدين بن العماد الأقفهسي 	ABLibrary	8927	0.35598
		تبرئة الخليفة العادل والرد على المجادل بالباطل	حمود بن عبد الله بن حمود بن عبد الرحمن التويجري (المتوفى: 1413هـ)	ShamAY	32266	0.35597
		الشيخ عز الدين بن عبد السلام - سلطان العلماء وبائع الأمراء	عَلي محمد محمد الصَّلاَّبي	ShamAY	256	0.35594
		عدالة الصحابة تقطع بصحة المتعة	أبو عبادة الحسيني	Masaha	472	0.35592
		 الحياة الفكرية والسياسية لأئمة أهل البيت ( ع ) 	 الشيخ رسول جعفريان 	ABLibrary	7511	0.35591
		إعراب القرآن [ج ٤]	أبي جعفر أحمد بن محمّد بن إسماعيل النحّاس [ ابن النحّاس ]	Rafed	3323	0.35591
		 بحار الأنوار 	 العلامة المجلسي 	ABLibrary	766	0.35587
		منائح الكرم في أخبار مكة والبيت وولاة الحرم [ج ٥]	علي بن تاج الدين بن تقي الدين السنجاري	Rafed	2699	0.35587
		صوم عاشورا	نجم الدين طبسي	Ghbook	9560	0.35581
		علم التخريج ودوره في حفظ السنة النبوية - محمد محمود بكار	محمد محمود بكار	ShamAY	11295	0.35575
		 موسوعة الإمام أمير المؤمنين على بن أبى طالب ( ع ) 	 الشيخ باقر شريف القرشي 	ABLibrary	7806	0.35575
		تفسير مقاتل بن سليمان	مقاتل بن سليمان بلخي	Ghbook	10770	0.35566
		اللؤلؤ النظيم في روم التعلم والتعليم	الأنصاري، زكريا	ShamAY	36162	0.35562
		موسوعة المفاهيم الإسلامية العامة	المجلس الأعلى للشئون الإسلامية - مصر	ShamAY	433	0.35558
		الامام علي خليفة الله	علي رضوي	Ghbook	11886	0.35555
		الجزء الأول من حديث سفيان بن عيينة رواية علي بن حرب الطائي	سفيان بن عيينة (198 هـ)	ShamAY	33714	0.35554
		المقنع في رسم مصاحف الأمصار	عثمان بن سعيد بن عثمان بن عمر أبو عمرو الداني (المتوفى: 444هـ)	ShamAY	10918	0.35554
		الإشارة في معرفة الأصول والوجازة في معنى الدليل	أبو الوليد سليمان بن خلف الباجي الأندلسي (المتوفى: سنة 474 هـ)	ShamAY	38890	0.35548
		البيان والإشهار لكشف زيغ الملحد الحاج مختار	فوزان بن سابق بن فوزان (المتوفى: 1373هـ)	ShamAY	7569	0.35547
		لمعة الاعتقاد	أبو محمد موفق الدين عبد الله بن أحمد بن محمد بن قدامة الجماعيلي المقدسي ثم الدمشقي الحنبلي، الشهير بابن قدامة المقدسي (المتوفى: 620هـ)	ShamAY	30855	0.35546
		رأس الحسين	تقي الدين أبو العباس أحمد بن عبد الحليم بن تيمية الحراني (المتوفى: 728ه)	Sham19Y	892	0.35546
		وفاء الوفا بأخبار دار المصطفى  - الجزء1	علي بن أحمد السمهودي‏	Masaha	4101	0.35546
		تمييز المهمل من السفيانين ( من خلال الرواة عنهما )	محمد بن تركي التركي	ShamAY	34029	0.35545
		الإمام المهدي عليه السلام في القرآن و السنة	سعيد ابو معاش	Masaha	2369	0.35544
		الهمة طريق إلى القمة	محمد بن حسن بن عقيل موسى الشريف	ShamelaY19	36525	0.35543
		مطالب السؤول في مناقب آل الرسول‏	محمد بن طلحة الشافعي‏	Masaha	2488	0.35538
		 تلخيص الشافي 	 الشيخ الطوسي 	ABLibrary	8393	0.35536
		تاج العروس [ج ١٧]	محبّ الدين أبي فيض السيد محمّد مرتضى الحسيني الواسطي الزبيدي الحنفي	Rafed	1589	0.35536
		حكم تقنين الشريعة الإسلامية	عبد الرحمن بن سعد الشثري	ShamAY	36342	0.35531
		خلاصة الوفا بأخبار دار المصطفى	علي بن عبد الله بن أحمد الحسني السمهودي (المتوفى: 911ه)	ShamelaY19	31372	0.3553
		مسائل فقهية	السيد عبد الحسين شرف الدين	Masaha	420	0.35526
		منار الهدى في بيان الوقف والابتدا ت عبد الرحيم الطرهوني	أحمد بن عبد الكريم بن محمد بن عبد الكريم الأشموني المصري الشافعي (المتوفى: نحو 1100هـ)	ShamAY	1291	0.35525
		كيف تحفظ العلم	أبو حسام الدين الطرفاوي	ShamAY	34925	0.35519
		 موسوعة الإمام العسكري ( ع ) 	 الشيخ أبو القاسم الخزعلي 	ABLibrary	7851	0.35519
		الشيعة وصكوك الغفران	محمد مال الله	ShamAY	35675	0.35518
		دلائل الامامه ( الامام الباقر عليه السلام )	طبري امامي ( صغير ) ابوجعفر محمد بن جرير بن رستم ( قرن 4و5 ق ) ( صاحب دلائل الامامه )	Ghbook	6284	0.35518
		شهيد باخمري (دراسة موجزة عن الشهيد الثائر)	ظافر عبيس الجياشي	Ghbook	15734	0.35512
		الممارسة العملية في علاج حالات السحر والمس الشيطاني	عبد الفتاح عبد الغني الهمص	ShamAY	36133	0.35508
		قواعد الحديث	محي الدين الموسوي الغريفي	Rafed	151	0.35507
		كشف كذب اللئيم حول الإسلام العظيم		ShamAY	35352	0.35506
		عمارة المساجد المعنوية وفضلها	عبد العزيز عبد الله الحميدي	ShamelaY19	31287	0.35502
		الاستغاثة في الرد على البكري	شيخ الإسلام أحمد بن تيمية (المتوفى: 728 هـ)	ShamAY	38483	0.35502
		إرشاد الأذهان إلى أحكام الإيمان - الجزء1	العلامة الحلي	Masaha	749	0.35501
		القطع والائتناف	أبو جعفر أحمد بن محمد بن إسماعيل النحاس	ShamelaY19	20966	0.35498
		لأكون مع الصّادقين	الدكتور محمّد التيجاني السماوي	Rafed	1215	0.35497
		وفاء الوفاء بأخبار دار المصطفى‏ - الجزء1	نصر بن مزاحم المنقري‏	Masaha	3028	0.35495
		إعراب القرآن [ج ٥]	أبي جعفر أحمد بن محمّد بن إسماعيل النحّاس [ ابن النحّاس ]	Rafed	3333	0.35495
		لا جديد في أحكام الصلاة - ط السنة	بكر بن عبد الله أبو زيد	ShamAY	34324	0.35493
		فتح القدير الجامع بين فني الرواية والدراية من علم التفسير	ابن الشوكاني	ShamAY	34054	0.35488
		الدر الفريد وبيت القصيد	محمد بن أيدمر المستعصمي (639 ه - 710 ه)	ShamelaY19	20762	0.35481
		العقوبات الماليَّة	عبد الرحمن السحيم	ShamAY	36616	0.35481
		تفسير كنز الدقائق وبحر الغرائب‏  - الجزء1	محمد بن محمد رضا القمي المشهدي	Masaha	4778	0.35475
		تسمية مشايخ أبي عبد الرحمن أحمد بن شعيب بن علي النسائي وذكر المدلسين (وغير ذلك من الفوائد)	أبو عبد الرحمن أحمد بن شعيب بن علي الخراساني، النسائي (المتوفى: 303هـ)	ShamAY	25946	0.35471
		شفاء العليل في مسائل القضاء والقدر والحكمة والتعليل - ط الجيل	محمد بن أبي بكر بن أيوب بن سعد شمس الدين ابن قيم الجوزية (المتوفى: 751هـ)	ShamAY	34403	0.35471
		شيعة ممدوحة .. وأشياع مذمومة	أحمد بن محمد السعيد	ShamAY	37811	0.3547
		فوائد ابن دحيم	ابْنُ دُحَيْمٍ أَبُو جَعْفَرٍ مُحَمَّدُ بنُ عَلِيِّ بنِ دُحَيْمٍ الشَّيْبَانِيُّ، الكُوْفِيُّ (المتوفى: 352هـ)	ShamAY	30543	0.35469
		أزهار الرياض في أخبار القاضي عياض	شهاب الدين أحمد بن محمد بن أحمد بن يحيى، أبو العباس المقري التلمساني (المتوفى: 1041ه)	Sham19Y	26350	0.35469
		المهدي المنتظر عند الشيعة الإثنى عشرية	دودو ابو العيد	Masaha	2317	0.35467
		البديع في علم العربية - الجزء1_1	ابن الأثير الجزري	Masaha	3375	0.35461
		إبراز الغي الواقع في شفاء العي	الإمام محمد عبد الحي اللكنوي (ت1304هـ)	ShamAY	35998	0.35459
		الاقتراح في بيان الاصطلاح	تقي الدين أبو الفتح محمد بن علي بن وهب بن مطيع القشيري، المعروف بابن دقيق العيد (المتوفى: 702ه)	Sham19Y	5968	0.35456
		فتح القدير [ج ٤]	محمد بن علي بن محمد الشوكاني	Rafed	3966	0.35455
		الموالاة والمعاداة في الشريعة الإسلامية	محماس بن عبد الله بن محمد الجلعود	ShamAY	485	0.35454
		العلاقة المثلى بين الدعاة ووسائل الإتصال الحديثة في ضوء الكتاب والسنة	د. سعيد بن علي بن وهف القحطاني	ShamelaY19	96470	0.35452
		الثالث من الفوائد المنتقاة للحربي	علي بن عمر بن محمد بن الحسين ابن شاذان، أبو الحسن السكري الحربي الصيرفي الكيال (المتوفى: 386ه)	ShamelaY19	29979	0.35442
		ابن الحجاج البغدادي وشعره في الغدير	الشيخ عبد الحسين الأميني النجفي	Masaha	14	0.35441
		كتاب السير من التهذيب	محيي السنة، أبو محمد الحسين بن مسعود بن محمد بن الفراء البغوي الشافعي (المتوفى: 516هـ)	ShamAY	3637	0.35435
		جزء سعدان	سعدان بن نصر بن منصور، أبو عثمان الثقفي المخرمي البزاز (المتوفى: 265ه)	ShamelaY19	26816	0.35434
		العقائد الاسلامية	علي كوراني	Ghbook	15126	0.35434
		انتفاع الأموات بإهداء التلاوات والصدقات وسائر القربات	أبو إسحاق إبراهيم بن المظفر الحربي الموصلي المعروف بابن البرني (622 هـ)	ShamAY	34331	0.3543
		 معجم ما كتب عن الرسول ( ص ) وأهل بيته ( ع ) 	 عبد الجبار الرفاعي 	ABLibrary	7757	0.3543
		مسارُّ الشيعة في مختصر تواريخ الشريعة	الشيخ المفيد	Masaha	1008	0.35429
		تفسير البحر المحيط ـ موافق للمطبوع	محمد بن يوسف الشهير بأبي حيان الأندلسي دار النشر: دار الكتب العلمية - لبنان/ بيروت - 1422 هـ - 2001 م	ShamAY	34064	0.35427
		التذكرة الحمدونية	محمد بن الحسن بن محمد بن علي بن حمدون، أبو المعالي، بهاء الدين البغدادي (المتوفى: 562ه)	Sham19Y	10646	0.35426
		استفتائات حول القرآن الكريم و الشعائر الحسينيه	آيت الله العظمي سيد محمد حسيني شيرازي	Ghbook	7872	0.35413
		المجيد في إعراب القرآن المجيد	إبراهيم بن محمد بن إبراهيم القيسي السَّفَاقُسِي، أبو إسحاق: برهان الدين (المتوفى: 742هـ)	ShamAY	1557	0.35411
		التذكرة الحمدونية	محمد بن الحسن بن محمد بن علي بن حمدون، أبو المعالي، بهاء الدين البغدادي (المتوفى: 562هـ)	ShamAY	10646	0.3541
		ابراز المعاني من حرز الاماني في القراءات السبع، المقدمه	عبدالرحمن بن اسماعيل بن ابراهيم	Ghbook	2762	0.35408
		معجم المناهي اللفظية وفوائد في الألفاظ	بكر بن عبد الله أبو زيد بن محمد بن عبد الله بن بكر بن عثمان بن يحيى بن غيهب بن محمد (المتوفى: 1429ه)	ShamelaY19	26385	0.35407
		وصف المحلى	الشريف أبي محمد بن علي الكتاني الأثري	ShamAY	33195	0.35404
		ضعيف الأدب المفرد للإمام البخاري	محمد بن إسماعيل بن إبراهيم بن المغيرة البخاري، أبو عبد الله (المتوفى: 256هـ)	ShamAY	1346	0.35403
		من أعلام المجددين	صالح بن فوزان بن عبد الله الفوزان	ShamAY	12066	0.35403
		ظلامة أبي طالب عليه السلام « تاريخ و دراسة »	السيد جعفر مرتضى العاملي	Rafed	1592	0.35395
		 حياة الإمام الحسين ( ع ) 	 الشيخ باقر شريف القرشي 	ABLibrary	7495	0.35391
		التاريخ القويم لمكة وبيت الله الكريم‏  - الجزء1	محمد طاهر الكردي	Masaha	4343	0.35387
		نزهة الأفكار في شرح قرة الأبصار	عبد القادر بن محمد بن محمد سالم المجلسي الشنقيطي المالكي الأشعري (المتوفى: 1337 ه)	Sham19Y	145166	0.35385
		موسوعة الأسئلة العقائديّة [ج ٢]	مركز الأبحاث العقائديّة	Rafed	1379	0.35384
		المسانيد نشأتها، وأنواعها، وطريقة ترتيبها	دخيل بن صالح اللحيدان	ShamAY	34024	0.35383
		 الهدايا لشيعة أئمة الهدى ( شرح اصول الكافى ) 	 شرف الدين مجذوب التبريزي 	ABLibrary	7927	0.35381
		المدائح النبوية في أدب القرنين السادس والسابع للهجرة	ا. د. / ناظم رشيد	ShamAY	23672	0.3538
		 النكت الإعتقادية 	 الشيخ المفيد 	ABLibrary	7901	0.35379
		مستدرك عوالم العلوم و المعارف‏ - الجزء11-1	الشيخ عبد الله البحراني الأصفهاني‏	Masaha	2228	0.35379
		الكفاية في التفسير بالمأثور والدراية	د. عبد الله خضر حمد	ShamelaY19	151008	0.35378
		السيرة الحلبية - الجزء1	أبو الفرج الحلبي الشافعي‏	Masaha	2041	0.3536
		عمدة الأحكام من كلام خير الأنام صلى الله عليه وسلم	عبد الغني بن عبد الواحد بن علي بن سرور المقدسي الجماعيلي الدمشقي الحنبلي، أبو محمد، تقي الدين (المتوفى: 600ه)	Sham19Y	6075	0.35359
		شمس العلوم [ج ١]	نشوان بن سعيد الحميري	Rafed	1366	0.35359
		عمر والتشيع		ShamAY	35310	0.35357
		التبيان في أيمان القرآن ط عالم الفوائد	أبو عبد الله محمد بن أبي بكر بن أيوب ابن قيم الجوزية (691 - 751)	ShamAY	38512	0.35357
		إفادة المبتدي المستفيد فى حكم إتيان المأموم بالتسميع وجهره به إذا بلغ وإسراره بالتحميد - سلسلة لقاء العشر الأواخر بالمسجد الحرام (29)	إبراهيم بن محمد بن محمود بن بدر، برهان الدين، أبو إسحاق الحلبي القبيباتي الشافعيّ الناجي (المتوفى: 900 هـ)	ShamAY	32495	0.35355
		 نظرة في كتاب الصراع بين الإسلام والوثنية ( من فيض الغدير ) 	 الشيخ الأميني 	ABLibrary	8664	0.35355
		أزهار الرياض في أخبار القاضي عياض	شهاب الدين أحمد بن محمد بن أحمد بن يحيى، أبو العباس المقري التلمساني (المتوفى: 1041هـ)	ShamAY	26350	0.35354
		مباحث في علوم القرآن لصبحي الصالح	صبحي الصالح	ShamAY	7317	0.35353
		مصادر السيرة النبوية	ضيف الله بن يحي الزهراني	Sham19Y	11576	0.3535
		 سامرا 	 أحمد عبد الباقي 	ABLibrary	9119	0.35349
		تاج العروس [ج ١٣]	محبّ الدين أبي فيض السيد محمّد مرتضى الحسيني الواسطي الزبيدي الحنفي	Rafed	1522	0.35347
		عجاله المعرفه في اصول الدين	قطب الدين سعيد بن هبة الله راوندي	Ghbook	14624	0.35346
		قاعدة في الأموال السلطانية	شيخ الإسلام أحمد بن عبد الحليم بن تيمية	ShamAY	34357	0.35344
		الامام الباقر ( عليه السلام ) قدوه و اسوه	آيت الله العظمي سيد محمد تقي مدرسي	Ghbook	6274	0.35342
		التحفة المدنية في العقيدة السلفية (وطبع الكتاب باسم: الفواكه العذاب في معتقد الشيخ محمد بن عبد الوهاب (في الصفات) بتحقيق الشيخ عبد الله بن عبد المحسن التركي - مؤسسة الرسالة)	حمد بن ناصر بن عثمان بن معمر النجدي التميمي الحنبلي (المتوفى: 1225هـ)	ShamAY	8585	0.3534
		مفتاح الجنة في الاحتجاج بالسنة	عبد الرحمن بن أبي بكر، جلال الدين السيوطي (المتوفى: 911ه)	Sham19Y	4864	0.3534
		الروضة الفيحاء في أعلام النساء	ياسين بن خير الله بن محمود بن موسى الخطيب العمري (المتوفى: بعد 1232هـ)	ShamAY	5455	0.35331
		التبصير في الدين وتمييز الفرقة الناجية عن الفرق الهالكين	طاهر بن محمد الأسفراييني، أبو المظفر (المتوفى: 471هـ)	ShamAY	6376	0.35331
		أحكام السوق أو النظر والأحكام في جميع أحوال السوق	أبو زكريا الكناني	ShamAY	36466	0.35329
		الصارم المسلول على شاتم الرسول	تقي الدين أبو العباس أحمد بن عبد الحليم بن عبد السلام بن عبد الله بن أبي القاسم بن محمد ابن تيمية الحراني الحنبلي الدمشقي (المتوفى: 728هـ)	ShamAY	7344	0.35326
		نظرة تاريخية في حدوث المذاهب الفقهية الأربعة: الحنفي - المالكي - الشافعي - الحنبلي وانتشارها عند جمهور المسلمين	أحمد بن إسماعيل بن محمد تيمور (المتوفى: 1348هـ)	ShamAY	1945	0.35326
		الصلاة وأحكام تاركها	محمد بن أبي بكر بن أيوب بن سعد شمس الدين ابن قيم الجوزية (المتوفى: 751ه)	Sham19Y	7661	0.35326
		إرشاد الأخيار إلى حكم نكاح الشغار	محمد بن عبد الله الإمام	ShamAY	36716	0.35319
		شرح مقدمة التفسير لابن تيمية - العثيمين	محمد بن صالح بن محمد العثيمين (المتوفى: 1421هـ)	ShamAY	21521	0.35318
		معجم المناهي اللفظية وفوائد في الألفاظ	بكر بن عبد الله أبو زيد بن محمد بن عبد الله بن بكر بن عثمان بن يحيى بن غيهب بن محمد (المتوفى: 1429ه)	Sham19Y	26385	0.35317
		أصل زيد الزراد	زيد الزراد	Masaha	536	0.35315
		حديث إسحاق الدبري عن عبد الرزاق	أَبُو يَعْقُوْب إِسْحَاق بن إِبْرَاهِيْم بنِ عَبَّاد الصَّنْعَانِيّ الدَّبَرِي (المتوفى: 285هـ)	ShamAY	30427	0.35312
		الحباء في الإيصاء	العلامة الفقيه السيّد نعمان خير الدين بن أبي الثناء السيد محمود الآلوسي	ShamAY	36128	0.35312
		المتعة	السيّد علي الحسيني الميلاني	Rafed	19	0.35311
		تراثنا ـ العددان [ 47 و 48 ]	مؤسسة آل البيت عليهم السلام لإحياء التراث ـ قم	Rafed	3186	0.3531
		 المهدي المنتظر عند الشيعة الإثني عشرية 	 جواد على 	ABLibrary	7865	0.35307
		تحذير المسلمين من القبوريين	محمد بن عبد الله الإمام	ShamAY	35733	0.35305
		الديباج الوضي في الكشف عن أسرار كلام الوصي (شرح نهج البلاغة)	يحيي بن حمزه الحسيني	Ghbook	15848	0.35305
		جامع المسائل لابن تيمية ط عالم الفوائد - المجموعة التاسعة	شيخ الإسلام أحمد بن عبد الحليم بن عبد السلام ابن تيمية (661 - 728 ه)	ShamelaY19	145376	0.35302
		المولاة والمعاداة في الشريعة الإسلامية	محماس بن عبد الله بن محمد الجلعود	ShamAY	35925	0.35301
		تفسير النيسابوري = غرائب القرآن ورغائب الفرقان	نظام الدين الحسن بن محمد بن حسين القمي النيسابوري (المتوفى: 850ه)	ShamelaY19	23613	0.353
		 كتاب الصدق أو الطريق السالمة 	 أحمد الخراز البغدادي 	ABLibrary	8687	0.353
		الإمامة العظمى عند أهل السنة والجماعة		ShamAY	35286	0.35299
		هذه هي الصوفية في حضرموت - للشيخ علي بابكر	الشيخ علي بابكر	ShamAY	35391	0.35298
		 معرفة الإمام 	 السيد محمد حسين الطهراني 	ABLibrary	8893	0.35298
		بين يدي الرسول الاعظم صلي الله عليه و آله	محمد بحرالعلوم	Ghbook	5287	0.35292
		 وفاء الوفاء بأخبار دار المصطفى ( ص ) 	 نورالدين علي بن أحمد السمهودي 	ABLibrary	7884	0.35291
		جامع العلوم والحكم في شرح خمسين حديثا من جوامع الكلم	زين الدين عبد الرحمن بن أحمد بن رجب بن الحسن، السَلامي، البغدادي، ثم الدمشقي، الحنبلي (المتوفى: 795هـ)	ShamAY	4268	0.3529
		الصلاة وأحكام تاركها	محمد بن أبي بكر بن أيوب بن سعد شمس الدين ابن قيم الجوزية (المتوفى: 751هـ)	ShamAY	7661	0.35288
		أهل الفترة ومن في حكمهم	موفق أحمد شكري	ShamAY	31662	0.35283
		منهج العلامة ابن العثيمين في كتاب القول المفيد شرح كتاب التوحيد	أحمد بن عثمان المزيد	ShamAY	35760	0.35281
		المجموع شرح المهذب ((مع تكملة السبكي والمطيعي))	أبو زكريا محيي الدين يحيى بن شرف النووي (المتوفى: 676هـ)	ShamAY	2186	0.3528
		 غاية المرام بأخبار سلطنة البلد الحرام 	 عبد العزيز بن عمر ابن فهد 	ABLibrary	9148	0.3528
		مصادر السيرة النبوية	ضيف الله بن يحي الزهراني	ShamAY	11576	0.35279
		 الأنوار الباهرة بفضائل أهل بيت النبوي والذرية الطاهرة 	 ابو الفتوح عبد الله بن عبد القادر التليدي المغربي 	ABLibrary	7430	0.35275
		شعر الفتوح الإسلامية في صدر الإسلام	الدكتور/ النعمان عبد المتعال القاضي	ShamAY	10001	0.35273
		كشف الستور في نهي النساء عن زيارة القبور	حماد بن محمد الأنصاري الخزرجي السعدي (المتوفى: 1418ه)	Sham19Y	5046	0.35272
		عقيدة السلف - مقدمة أبي زيد القيرواني لكتابه الرسالة	أبو محمد عبد الله بن (أبي زيد) عبد الرحمن النفزي، القيرواني، المالكي (المتوفى: 386ه)	ShamelaY19	97806	0.35271
		المنهج الصحيح وأثره في الدعوة إلى الله تعالى	د. حمود بن أحمد بن فرج الرحيلي	ShamAY	8955	0.3527
		اتقاء الحرام والشبهات في طلب الرزق	أحمد بن أحمد محمد عبد الله الطويل	ShamAY	32090	0.3527
		سامرا عاصمة الدولة العربية في عهد العباسيين [ج ٢]	أحمد عبد الباقي	Rafed	2440	0.3527
		التعليق على الدرة المضيئة في السيرة النبوية للمقدسي	أبو هاشم صالح بن عواد بن صالح المغامسي	ShamelaY19	37731	0.35267
		ذخائر العقبى في مناقب ذوي القربى	محب الدين أحمد بن عبد الله الطبري (المتوفى: 694هـ)	ShamAY	1001	0.35265
		نظرة في كتاب الوشيعة لموسى جار الله	العلامة الأميني	Rafed	3499	0.35265
		معجم ما كتب عن الرسول و اهل البيت صلوات الله عليهم	عبدالجبار رفاعي	Ghbook	10437	0.35265
		الرد على الجهمية والزنادقة	أبو عبد الله أحمد بن محمد بن حنبل بن هلال بن أسد الشيباني (المتوفى: 241هـ)	ShamAY	7623	0.35262
		الطعن في القرآن الكريم و الرد على الطاعنين في القرن الرابع عشر الهجري	عبدالمحسن بن زبن بن متعب المطيري	ShamAY	36872	0.35261
		صلاة التراويح	الدكتور الشيخ جعفر الباقري [ سامي صبيح علي ]	Rafed	1230	0.35261
		البحور الزاخرة في علوم الآخرة	محمد بن أحمد بن سالم بن سليمان السفاريني الحنبلي (1114 - 1188 ه)	ShamelaY19	132973	0.3526
		البخاري وصحيحه	الشيخ حسين غلامي الهرساوي	Masaha	89	0.3526
		غاية الأماني في الرد على النبهاني	أبو المعالي محمود شكري بن عبد الله بن محمد بن أبي الثناء الألوسي (المتوفى: 1342ه)	Sham19Y	12034	0.35259
		 منائح الكرم 	 علي بن تاج الدين السنجاري 	ABLibrary	9229	0.35257
		الصارم المسلول على شاتم الرسول - ط ابن حزم	تقي الدين أبو العباس أحمد بن عبد الحليم بن تيمية الحراني	ShamAY	34362	0.35256
		الزمِن في الديون وأحكامه الفقهية	سعد الخثلان	ShamAY	36610	0.35255
		تفسير التّستري	أبي محمّد سهل بن عبدالله التستري	Rafed	3266	0.35255
		تراثنا ـ العدد [ 16 ]	مؤسسة آل البيت عليهم السلام لإحياء التراث ـ قم	Rafed	2736	0.35255
		التفسير المأمون على منهج التنزيل والصحيح المسنون	الأستاذ الدكتور مأمون حموش	ShamelaY19	147666	0.35254
		تسلية نفوس النساء والرجال عند فقد الأطفال	زين الدين عبد الرحمن بن أحمد بن رجب بن الحسن، السَلامي، البغدادي، ثم الدمشقي، الحنبلي (المتوفى: 795هـ)	ShamAY	1519	0.35254
		وفاء الوفا بأخبار دار المصطفى [ج ١]	نور الدين علي بن أحمد السّمهودي	Rafed	2518	0.35249
		من قصص التاريخ	آيت الله العظمي سيد محمد حسيني شيرازي	Ghbook	7839	0.35244
		جمع الوسائل في شرح الشمائل	علي بن (سلطان) محمد، أبو الحسن نور الدين الملا الهروي القاري (المتوفى : 1014هـ)	ShamAY	2569	0.35238
		صلح الحسن(ع)	الشيخ راضي آل ياسين	Masaha	2315	0.35238
		أنوار النبي(ص) أسرارها و أنواعها	عبد الحق بن سبعين المرسي‏	Masaha	1941	0.35235
		معجم ما استعجم من أسماء البلاد والمواضع [ج ٤]	أبي عبيد عبد الله بن عبد العزيز البكري الأندلسي	Rafed	3366	0.35235
		التراث العقائدي لعلي بن ابراهيم القمي	محمد جواد مروجي طبسي	Ghbook	16059	0.35235
		أخبار نيل مصر	شهاب الدين بن العماد الأقفهسي	Rafed	2708	0.3523
		نهضة الحسين عليه السلام في المنظور السني	عبد المجيد الناصري الداودي	Ghbook	15408	0.3523
		وفاء الوفاء بأخبار دار المصطفى	علي بن عبد الله بن أحمد الحسني الشافعي، نور الدين أبو الحسن السمهودي (المتوفى: 911ه)	ShamelaY19	23695	0.35229
		الانتصار لكتاب العزيز الجبار ولأصحاب محمد صلى الله عليه وسلم الأخيار رضي الله عنهم على أعدائهم الأشرار	ربيع بن هادي المدخلي	ShamAY	33026	0.35226
		انتشار الإسلام الفتوحات الإسلامية زمن الراشدين	جميل عبد الله محمد المصري	ShamAY	9013	0.35224
		 الكلمة الغراء في تفضيل الزهراء ( ع ) وعقيلة الوحي زينب ( ع ) 	 السيد شرف الدين 	ABLibrary	7684	0.35219
		 المسائل 	 الحارث المحاسبي 	ABLibrary	8683	0.35218
		هداية الحيارى في أجوبة اليهود والنصارى	محمد بن أبي بكر بن أيوب بن سعد شمس الدين ابن قيم الجوزية (المتوفى: 751ه)	ShamelaY19	22707	0.35217
		شمس العلوم [ج ٦]	نشوان بن سعيد الحميري	Rafed	1395	0.35216
		خلاصة الوفا بأخبار دار المصطفى	علي بن عبد الله بن أحمد الحسني السمهودي (المتوفى: 911هـ)	ShamAY	31372	0.35213
		حقيقة دعوة الإمام الشيخ محمد بن عبد الوهاب السلفية	عبد الله بن سعد الرويشد	Sham19Y	11164	0.35213
		تسْبّيحٌ ومُناجاةُ وثناءٌ عَلَى مَلِكِ الأَرْضِ وَالسَّمَاءِ	مُحَمَّد بن حَسَن بْن عَقيل مُوسَى الشَّريْف	ShamAY	332	0.35212
		التحقيق في نفي التحريف عن القرآن الشريف	السيّد علي الحسيني الميلاني	Rafed	232	0.35211
		معجم المناهي اللفظية وفوائد في الألفاظ	بكر بن عبد الله أبو زيد بن محمد بن عبد الله بن بكر بن عثمان بن يحيى بن غيهب بن محمد (المتوفى: 1429هـ)	ShamAY	26385	0.35209
		ثمرات الأوراق (مطبوع بهامش المستطرف في كل فن مستظرف للشهاب الأبشيهي)	ابن حجة الحموي، تقي الدين أبو بكر بن علي (المتوفى: 837هـ)	ShamAY	11056	0.35207
		من سيرة الإمام أبو حنيفة	الدكتور صباح قاسم الإمامي	ShamAY	35830	0.35202
		البيوع القديمة والمعاصرة والبورصات المحلية والدولية	يوسف أحمد محمود السباتين	ShamAY	36547	0.35197
		الامام علي عليه السلام سيرته وقيادته في ضوء المنهج التحليلي	الدكتور محمد حسين علي الصّغير	Rafed	274	0.35197
		فصول ومسائل تتعلق بالمساجد	عبد الله بن عبد الرحمن بن عبد الله بن إبراهيم بن فهد بن حمد بن جبرين (المتوفى: 1430ه)	ShamelaY19	31288	0.35195
		مسائل مجله جيش الصحابه ( اجوبه علي مسائل وجهتها الي علماء الشيعه )	علي كوراني	Ghbook	7707	0.35194
		سيره الائمه الاثني عشر ( عليهم السلام ) - الامام الصادق ( عليه السلام )	هاشم معروف الحسني	Ghbook	6246	0.35188
		غاية الأماني في الرد على النبهاني	أبو المعالي محمود شكري بن عبد الله بن محمد بن أبي الثناء الألوسي (المتوفى: 1342هـ)	ShamAY	12034	0.3518
		 منتهى السؤل على وسائل الوصول إلى شمائل الرسول ( ص ) 	 عبد الله بن سعيد محمد عبادي اللحجي 	ABLibrary	7800	0.35179
		تفسير القاسمي [ج ٤]	محمّد جمال الدين القاسمي	Rafed	3912	0.35178
		المدونة	مالك بن أنس بن مالك بن عامر الأصبحي المدني (المتوفى: 179هـ)	ShamAY	587	0.35176
		 السلطان المفرج عن أهل الإيمان 	 السيد بهاء الدين علي النيلي النجفي 	ABLibrary	7546	0.35174
		السبحة تاريخها وحكمها	بكر بن عبد الله أبو زيد بن محمد بن عبد الله بن بكر بن عثمان بن يحيى بن غيهب بن محمد (المتوفى: 1429ه)	ShamelaY19	96768	0.35171
		قاعدة لاضر ولاضرار / تقريرات	السيد مرتضى الموسوي الخلخالي	Masaha	4034	0.35168
		تحفة المحتاج إلى أدلة المنهاج (على ترتيب المنهاج للنووي)	ابن الملقن سراج الدين أبو حفص عمر بن علي بن أحمد الشافعي المصري (المتوفى: 804هـ)	ShamAY	5911	0.35167
		 شمس العلوم ودواء كلام العرب من الكلوم 	 نشوان بن سعيد الحميري 	ABLibrary	9792	0.35164
		إرشاد السؤول إلى حروب الرسول صلى الله عليه وسلم	أبو الحارث الأنصاري	ShamAY	37431	0.35162
		نشأة النحو وتاريخ أشهر النحاة	الشيخ محمد الطنطاوي رحمه الله	ShamAY	7328	0.35157
		نزول القرآن الكريم والعناية به في عهد النبي صلى الله عليه وسلم	عبد الودود مقبول حنيف	ShamAY	12114	0.35154
		 عبقات الأنوار في إمامة الأئمة الأطهار ( فارسي ) 	 السيد حامد النقوي 	ABLibrary	8492	0.35151
		التعليق الكبير في المسائل الخلافية بين الأئمة ت الفريح	أبو يعلى الفراء محمد بن الحسين بن محمد بن خلف البغدادي الحنبلي (المولود ببغداد سنة 380 ه والمتوفى بها سنة 458 ه)	ShamelaY19	127663	0.35149
		قاعدة في الانغماس في العدو وهل يباح	تقي الدين أبو العباس أحمد بن عبد الحليم بن عبد السلام بن عبد الله بن أبي القاسم بن محمد ابن تيمية الحراني الحنبلي الدمشقي (المتوفى: 728ه)	Sham19Y	11288	0.35148
		السيرة الحلبية = إنسان العيون في سيرة الأمين المأمون	علي بن إبراهيم بن أحمد الحلبي، أبو الفرج، نور الدين ابن برهان الدين (المتوفى: 1044هـ)	ShamAY	9873	0.35145
		منهج الإمام الطاهر بن عاشور في التفسير	نبيل أحمد صقر	ShamelaY19	38095	0.35139
		خلافة الرسول بين الشورى والنص	مركز الرسالة	Masaha	248	0.35138
		منادمة الأطلال ومسامرة الخيال	عبد القادر بن أحمد بن مصطفى بن عبد الرحيم بن محمد بدران (المتوفى: 1346ه)	Sham19Y	6710	0.35137
		بحوث في الملل والنّحل [ج ٣]	الشيخ جعفر السبحاني	Rafed	61	0.35136
		 البراهين القاطعة في شرح تجريد العقائد الساطعة 	 محمد جعفر استر آبادى ( شريعتمدار ) 	ABLibrary	8368	0.35132
		اعلام الهدايه (الامام الحسن بن علي العسكري عليه السلام)	مجمع جهاني اهل بيت عليهم السلام	Ghbook	6216	0.35131
		تسبيح ومناجاة وثناء على ملك الأرض والسماء	محمد بن حسن بن عقيل موسى الشريف	ShamelaY19	36529	0.3513
		بحث التوثيق القرآني لغزوة الخندق	أحمد بن محمد الشرقاوى	ShamAY	37395	0.3513
		الرد على الرافضة أو القضاب المشتهر على رقاب ابن المطهر - رسالة في الرد على علامة الشيعة في وقته ابن مطهر الحلي	مجد الدين أبو طاهر محمد بن يعقوب الفيروزآبادى (المتوفى: 817ه)	ShamelaY19	37554	0.35129
		هداية الحيارى في أجوبة اليهود والنصارى	شمس الدّين محمّد بن أبي بكر بن أيّوب الزّرعي [ ابن قيّم الجوزيّة ]	Rafed	3470	0.35128
		مفتاح الجنة في الاحتجاج بالسنة	عبد الرحمن بن أبي بكر، جلال الدين السيوطي (المتوفى: 911هـ)	ShamAY	4864	0.35126
		التطبيقات الفقهية لقاعدة اليسير مغتفر في البيوع	هاكيا كانوريتش	ShamAY	37514	0.35126
		الأماکن أو ما اتفق لفظه وافترق مسماه من الأمکنة	الحازمي	Rafed	2453	0.35121
		مشيخة أبي الحسن السكري	علي بن عمر بن محمد بن الحسين ابن شاذان، أبو الحسن السكري الحربي الصيرفي الكيال (المتوفى: 386هـ)	ShamAY	30075	0.3512
		الشيخ محمد بن عبد الوهاب حياته ودعوته في الرؤية الاستشراقية	ناصر بن إبراهيم بن عبد الله التويم	ShamAY	31079	0.35119
		تاج العروس [ج ٤]	محبّ الدين أبي فيض السيد محمّد مرتضى الحسيني الواسطي الزبيدي الحنفي	Rafed	1494	0.35119
		تعدد الخلفاء ووحدة الأمة فقها وتاريخا ومستقبلا	الدكتور محمد خلدون أحمد نورس مالكي	ShamelaY19	96234	0.35115
		فقه التعامل مع الأخطاء على ضوء منهج السلف	عبد الرحمن بن أحمد علوش المدخلي	ShamAY	36404	0.35111
		تحفة المحتاج إلى أدلة المنهاج (على ترتيب المنهاج للنووي)	ابن الملقن سراج الدين أبو حفص عمر بن علي بن أحمد الشافعي المصري (المتوفى: 804ه)	Sham19Y	5911	0.35105
		حياة ابن أبي عقيل و فقهه	ابن أبي عقيل النعماني	Masaha	995	0.35103
		فوائد ابن دحيم	ابن دحيم أبو جعفر محمد بن علي بن دحيم الشيباني، الكوفي (المتوفى: 352ه)	ShamelaY19	30543	0.35101
		نثر الورود شرح حائية ابن أبي داود	د. عبد الرحمن بن عبد العزيز العقل	ShamelaY19	145171	0.35095
		غذاء الألباب شرح منظومة الآداب - ط العلمية	محمد بن أحمد بن سالم السفاريني الحنبلي	ShamAY	33742	0.35095
		 المواعظ والإعتبار في ذكر الخطط والآثار ( ط بيروت ) 	 المقريزي 	ABLibrary	9235	0.35095
		الاستيعاب فيما قيل في الحجاب	فريح بن صالح البهلال	ShamAY	36480	0.35094
		منادمة الأطلال ومسامرة الخيال	عبد القادر بن أحمد بن مصطفى بن عبد الرحيم بن محمد بدران (المتوفى: 1346هـ)	ShamAY	6710	0.35094
		بحار الأنوار [ج ٨٣]	الشيخ محمّد باقر بن محمّد تقي المجلسي	Rafed	1143	0.35091
		كشف الرّموز [ج ١]	الشيخ حسن بن أبي طالب اليوسفي [ الفاضل الآبي ]	Rafed	1326	0.35091
		مستدرك الوسائل [ج ١٤]	الشيخ حسين النوري الطبرسي [ المحدّث النوري ]	Rafed	1210	0.3508
		التنبيهات على أغاليط الرواة	علي بن حمزة البصري، أبو القاسم (المتوفى: 375هـ)	ShamAY	226	0.35079
		الحوادث والبدع	محمد بن الوليد بن محمد بن خلف القرشى الفهرى الأندلسي، أبو بكر الطرطوشى المالكي (المتوفى: 520هـ)	ShamAY	8590	0.35078
		 الأماكن 	 محمد بن موسى الحازمي 	ABLibrary	8936	0.35078
		الجمع بين الصحيحين لعبد الحق	أبو محمد عبد الحق بن عبد الرحمن الإشبيلي (المتوفى: 582 ه)	ShamelaY19	20638	0.35075
		الرد على الرافضة أو القضاب المشتهر على رقاب ابن المطهر - رسالة في الرد على علامة الشيعة في وقته ابن مطهر الحلي	مجد الدين أبو طاهر محمد بن يعقوب الفيروزآبادى (المتوفى: 817ه)	Sham19Y	37554	0.35073
		مع الركب الحسيني من المدينه الي المدينه	محمد جواد طبسي	Ghbook	9686	0.35072
		صفة جزيرة العرب	الحسن بن أحمد بن يعقوب الهمداني	Rafed	2485	0.35071
		فتاوى الشيخ عبد الله بن عقيل	عبد الله بن عقيل	ShamAY	37663	0.35068
		الانْتِصار لِكتَابِ العَزيز الْجبَّار ولأصحابِ مُحَمَّد - صلى الله عليه وسلم - الأَخْيار - رضي الله عنهم - على أعدائهم الأشرار	ربيع بن هادي المدخلي	ShamAY	35656	0.35066
		تفسير الامام الحسين عليه السلام	محمد علي الحلو	Ghbook	15679	0.35066
		البحر المحيط في التفسير	أبو حيان محمد بن يوسف بن علي بن يوسف بن حيان أثير الدين الأندلسي (المتوفى: 745ه)	ShamelaY19	23591	0.35063
		إرهاب المستأمنين وموقف الإسلام منه	بدر بن ناصر البدر	ShamAY	1170	0.35063
		تاريخ الشيعه و عقيدتهم	آيت الله العظمي جعفر سبحاني	Ghbook	11233	0.35063
		الفصول المهمه في معرفه الائمه (الامام العسكري عليه السلام)	ابن صباغ علي بن محمد	Ghbook	6224	0.35053
		فتح العلي الحميد في شرح كتاب مفيد المستفيد في كفر تارك التوحيد	مدحت بن الحسن آل فراج	ShamelaY19	35760	0.35052
		المنهج المقترح لفهم المصطلح	حاتم بن عارف بن ناصر الشريف العوني	Sham19Y	9247	0.3505
		 هداية الحيارى في أجوبة اليهود والنصارى 	 ابن قيم الجوزية 	ABLibrary	8676	0.35048
		مكارم الأخلاق‏	الحسن بن الفضل‏ الطبرسي	Masaha	4687	0.35047
		وفاء الوفاء بأخبار دار المصطفى	علي بن عبد الله بن أحمد الحسني الشافعي، نور الدين أبو الحسن السمهودي (المتوفى: 911هـ)	ShamAY	23695	0.35046
		اهتمام المحدثين بالسنة المطهرة	الخشوعي محمد الخشوعي	ShamAY	37344	0.35045
		الشماريخ في علم التاريخ - الدار السلفية	جلال الدين عبد الرحمن بن أبي بكر السيوطي (المتوفى : 911 هـ	ShamAY	33817	0.35045
		 خلافة الإمام علي ( ع ) بين النصوص الدينية والتغطية الإعلامية 	 الشيخ علي البامياني 	ABLibrary	8419	0.35044
		تفسير النيسابوري = غرائب القرآن ورغائب الفرقان	نظام الدين الحسن بن محمد بن حسين القمي النيسابوري (المتوفى: 850هـ)	ShamAY	23613	0.35039
		مذكرة مختصرة في تخريج الأحاديث النبوية	سامي بن محمد بن جاد الله	ShamAY	37288	0.35039
		عمدة الأحكام من كلام خير الأنام صلى الله عليه وسلم	عبد الغني بن عبد الواحد بن علي بن سرور المقدسي الجماعيلي الدمشقي الحنبلي، أبو محمد، تقي الدين (المتوفى: 600هـ)	ShamAY	6075	0.35037
		القول في علم النجوم للخطيب	أبو بكر أحمد بن علي بن ثابت بن أحمد بن مهدي الخطيب البغدادي (المتوفى: 463ه)	ShamelaY19	21491	0.35035
		الاعتصام للشاطبي ت الشقير والحميد والصيني	إبراهيم بن موسى بن محمد اللخمي الغرناطي الشهير بالشاطبي (المتوفى: 790ه)	ShamelaY19	36558	0.35035
		اتحاف البررة بما سكت عنه نشر العشرة المسمى ب «تحرير النشر»	مصطفى بن عبد الرحمن بن محمد الإزميري (المتوفى: 1156ه)	ShamelaY19	122170	0.35031
		انتشار الإسلام الفتوحات الإسلامية زمن الراشدين	جميل عبد الله محمد المصري	Sham19Y	9013	0.35031
		إتحاف ذوي الألباب في قوله - تعالى -: {يمحو الله ما يشاء ويثبت وعنده أم الكتاب}	مرعي بن يوسف بن أبى بكر بن أحمد الكرمى المقدسي الحنبلى (المتوفى: 1033ه)	ShamelaY19	96271	0.3503
		اعلام الهدايه (الامام موسي بن جعفر الكاظم عليه السلام)	مجمع جهاني اهل بيت عليهم السلام	Ghbook	6408	0.35029
		جمع الوسائل في شرح الشمائل ط المطبعة الأدبية	علي بن سلطان محمد الهروي المشهور بملا علي القارئ المتوفى سنة 1014هـ	ShamAY	34445	0.35026
		أسواق العرب في الجاهلية والإسلام	سعيد بن محمد بن أحمد الأفغاني (المتوفى: 1417هـ)	ShamAY	9999	0.35026
		عقوبتا الزاني والمرتد ودفع الشبهات في ضوء القرآن والسنة ودفع الشبهات	عماد السيد محمد إسماعيل الشربينى	ShamAY	1837	0.35025
		تحرير المنقول وتهذيب علم الأصول	علاء الدين أبو الحسن علي بن سليمان المرداوي الدمشقي الصالحي الحنبلي (المتوفى: 885 هـ)	ShamAY	32445	0.35024
		 مسالك الأبصار في ممالك الأمصار 	 أحمد بن يحيى العمري 	ABLibrary	9192	0.35022
		أخبار نيل مصر	شهاب الدين بن عماد الأقفهسي	Masaha	4129	0.35019
		دعائم التمكين للمملكة العربية السعودية على ضوء قوله تعالى: {الذين إن مكناهم في الأرض أقاموا الصلاة وآتوا الزكاة وأمروا بالمعروف ونهوا عن المنكر ولله عاقبة الأمور}	حمد بن حمدي الصاعدي	Sham19Y	10223	0.35018
		المنهج الحركي للسيرة النبوية	منير محمد الغضبان (المتوفى: 1435هـ)	ShamAY	31848	0.35016
		البرهان على أن تارك العمل - اختيارا - فاقد لأصل الإيمان، وأن الكفر كما يكون بالقلب، يكون بالعمل واللسان	عبد الرحمن بن عبد الخالق	ShamAY	35752	0.35014
		مختصر التحفة الاثني عشرية	الألوسي، محمود شكري	ShamelaY19	36091	0.35013
		روضة الواعظين و بصيرة المتعظين - الجزء1	فتال النيشابوري‏	Masaha	2201	0.35012
		الاقتراح في بيان الاصطلاح	تقي الدين أبو الفتح محمد بن علي بن وهب بن مطيع القشيري، المعروف بابن دقيق العيد (المتوفى: 702هـ)	ShamAY	5968	0.35008
		حياة الإمام الحسن بن علي عليهما السلام دراسة وتحليل [ج ٢]	باقر شريف القرشي	Rafed	611	0.35006
		الكلمة الغراء في تفضيل الزهراء(ع) وعقيلة الوحي‏	السيد عبد الحسين شرف الدين	Masaha	2858	0.35005
		حوار مع الشيخ صالح بن عبد الله الدرويش	جعفر السبحاني	Rafed	1506	0.35005
		الأشاعرة في ميزان أهل السنة	أبو عثمان فيصل بن قزار الجاسم	ShamAY	1974	0.34999
		المنهج المقترح لفهم المصطلح	حاتم بن عارف بن ناصر الشريف العوني	ShamAY	9247	0.34999
		رسالة الغفران ـ موافقا للمطبوع	أحمد بن عبد الله بن سليمان بن محمد التنوخي، المعروف بأبي العلاء	ShamAY	33783	0.34999
		القطع والائتناف	أبو جعفر أحمد بن محمد بن إسماعيل النَّحَّاس	ShamAY	38962	0.34997
		الموسوعة الميسرة في الأديان والمذاهب والأحزاب المعاصرة	الندوة العالمية للشباب الإسلامي	ShamAY	9582	0.34996
		الإنصاف في بيان أسباب الاختلاف للدهلوي	أحمد بن عبد الرحيم بن الشهيد وجيه الدين بن معظم بن منصور المعروف بـ «الشاه ولي الله الدهلوي» (المتوفى: 1176هـ)	ShamAY	422	0.34995
		تكملة الجامع لسيرة شيخ الاسلام ابن تيمية خلال سبعة قرون - العمران - ط عالم الفوائد	علي العمران	ShamAY	38473	0.34992
		مشيخة أبي الحسن السكري	علي بن عمر بن محمد بن الحسين ابن شاذان، أبو الحسن السكري الحربي الصيرفي الكيال (المتوفى: 386ه)	Sham19Y	30075	0.34992
		بستان العارفين	أبو الليث السمرقندي نصر بن محمد بن أحمد بن إبراهيم الفقيه الحنفي (373 هـ)	ShamAY	33731	0.34989
		تنبيهات على رسالتين للشيخ أبي بكر الجزائري	حمود بن عبد الله بن حمود بن عبد الرحمن التويجري (المتوفى: 1413هـ)	ShamAY	32257	0.34986
		موسوعة الامام الحسين عليه السلام في الكتاب و السنة و التاريخ	محمد محمدي ري شهري	Ghbook	16215	0.34986
		إرهاب المستأمنين وموقف الإسلام منه	بدر بن ناصر البدر	Sham19Y	1170	0.34985
		الصحيح من سيرة النبي الأعظم صلّى الله عليه وآله [ج ٨]	السيد جعفر مرتضى العاملي	Rafed	2496	0.34982
		معالم الدين وملاذ المجتهدين [ج ١]	الشيخ حسن بن زين الدين العاملي	Rafed	1352	0.34982
		أحكام ولد الزنا	إبراهيم القصير	ShamAY	36221	0.3498
		مفسدات الأخوة	هشام آل عقدة	ShamAY	35202	0.34979
		الصحابي و عدالته	مرتضي عسكري	Ghbook	7571	0.34978
		منهج الامام الطاهر بن عاشور في التفسير	نبيل احمد صقر	Ghbook	9476	0.34978
		نافذة على زيارة القبور	السيّد فاروق الموسوي	Rafed	2701	0.34975
		فضائل الخمسه من الصحاح السته و غيرها من الكتب المعتبره عند اهل السنه والجماعه	مرتضي حسيني فيروز آبادي يزدي	Ghbook	10442	0.34974
		حياة الإمام الحسن بن علي عليهما السلام دراسة وتحليل [ج ١]	باقر شريف القرشي	Rafed	609	0.34972
		غرر الاخبار و درر الاثار في مناقب ابي الائمه الاطهار ( عليهم السلام )	حسن بن ابي الحسن ديلمي	Ghbook	9467	0.34971
		كتاب جمل الغرائب للنيسابوري وأهميته في علم غريب الحديث	محمد أجمل بن محمد أيوب الإصلاحي	ShamAY	11339	0.34969
		الصحيح من سيرة النبي الأعظم - الجزء1	السيد جعفر مرتضى العاملي	Masaha	2754	0.34967
		دعائم التمكين للمملكة العربية السعودية على ضوء قوله تعالى: {الذين إن مكناهم في الأرض أقاموا الصلاة وآتوا الزكاة وأمروا بالمعروف ونهوا عن المنكر ولله عاقبة الأمور}	حمد بن حمدي الصاعدي	ShamAY	10223	0.34964
		الرد على من قال بفناء الجنة والنار وبيان الأقوال في ذلك	تقي الدين أبو العباس أحمد بن عبد الحليم بن عبد السلام بن عبد الله بن أبي القاسم بن محمد ابن تيمية الحراني الحنبلي الدمشقي (المتوفى: 728ه)	Sham19Y	2908	0.34964
		 حياة الإمام الحسن بن علي ( ع ) 	 الشيخ باقر شريف القرشي 	ABLibrary	7491	0.34962
		الإقبال بالأعمال الحسنة (ط - الحديثة) - الجزء1	السيد علي بن موسى بن طاووس	Masaha	1012	0.34962
		الجهود التفسيرية عند الامام الحسين عليه السلام	عبدالحسين راشد معارج	Ghbook	15672	0.34962
		الفتح الرباني لترتيب مسند الإمام أحمد بن حنبل الشيباني ومعه بلوغ الأماني من أسرار الفتح الرباني	أحمد بن عبد الرحمن بن محمد البنا الساعاتي (المتوفى: 1378 ه)	ShamelaY19	124910	0.34952
		لماذا اخترت مذهب الشيعة مذهب أهل البيت(ع)	الشيخ محمد مرعي الأنطاكي	Masaha	455	0.3495
		 التوضيح الأنور بالحجج الواردة لدفع شبه الأعور 	 الشيخ خضر الرازي الحبلرودي 	ABLibrary	8399	0.34946
		معالم الدين و ملاذ المجتهدين (قسم الفقه) - الجزء1	جمال الدين الحسن بن زين الدين العاملي	Masaha	1209	0.34943
		واقع التقيّة عند المذاهب والفرق الإسلاميّة من غير الشيعة الإماميّة	السيد ثامر هاشم العميدي	Rafed	3528	0.34943
		الشورى في الإمامة	السيّد علي الحسيني الميلاني	Rafed	1176	0.34943
		 الموسوعة الكبرى عن فاطمة الزهراء ( س ) 	 اسماعيل الأنصاري الزنجاني الخوئيني 	ABLibrary	7829	0.34942
		الفرائض للثوري	أبو عبد الله سفيان بن سعيد بن مسروق الثوري الكوفي (المتوفى: 161هـ)	ShamAY	26488	0.34939
		فتح الغفور بوضع اليدين على الصدور	جلال الدين السيوطي	ShamAY	36027	0.34939
		266 سؤال في فضائل الأعمال		ShamAY	36223	0.34937
		مطالع البدور ومنازل السرور	علي بن عبد الله الغزولي البهائي الدمشقي (المتوفى: 815ه)	Sham19Y	5390	0.34935
		أبحاث هيئة كبار العلماء	هيئة كبار العلماء بالمملكة العربية السعودية	Sham19Y	21759	0.34931
		شروط قبول الأخبار دراسة تأصيلية تاريخية حديثية من خلال تقريرات المحدثين وتطبيقاتهم	حسان آل شعبان	ShamAY	37354	0.34925
		لأكون مع الصادقين	الدكتور محمّد التيجاني السماوي	Rafed	3416	0.34922
		 أخبار الحلاج أو مناجيات الحلاج 	 حسين بن منصور الحلاج 	ABLibrary	8692	0.34921
		شرح التجريد الصريح لأحاديث الجامع الصحيح - عبد الكريم الخضير	عبد الكريم الخضير	ShamAY	62	0.34918
		فقه السيرة للغزالي	محمد الغزالي السقا (المتوفى: 1416هـ)	ShamAY	23659	0.34918
		فوائد أبي علي الصواف	محمد بن أحمد بن الحسن بن إسحاق ابن الصواف، أبو علي البغدادي (المتوفى: 359هـ)	ShamAY	13144	0.34916
		أدب الاختلاف في الإسلام	طه جابر فياض العلواني	ShamAY	1523	0.34916
		مخطوطات الخزانة الهاشمية الخاصة فهرس تحليلي		ShamAY	38661	0.34914
		الحسام الماحق لكل مشرك ومنافق	أبو شكيب محمد تقي الدين بن عبد القادر الهلالي (المتوفى: 1407ه)	Sham19Y	1702	0.34909
		التنجيم والمنجمون وحكم ذلك في الإسلام	عبد المجيد بن سالم المشعبي	ShamAY	7591	0.34908
		أدب الاختلاف في الإسلام	طه جابر فياض العلواني	Sham19Y	1523	0.34907
		 مع الركب الحسيني 	 مجموعة مؤلفين 	ABLibrary	7743	0.34907
		عوالي الحارث بن أبي أسامة	أبو محمد الحارث بن محمد بن داهر التميمي البغدادي الخصيب المعروف بابن أبي أسامة (المتوفى: 282هـ)	ShamAY	9808	0.34905
		الشمائل الشريفة	عبد الرحمن بن أبي بكر، جلال الدين السيوطي (المتوفى: 911هـ)	ShamAY	6589	0.34905
		أهداف دعوة الشيخ محمد بن عبد الوهاب	إبراهيم بن عثمان الفارس	ShamAY	10847	0.34905
		اختصار صحيح البخاري وبيان غريبه	أبو العباس القرطبي ضياء الدين أحمد بن عمر الأنصاري الأندلسي القرطبي (578 ه - 656 ه)	ShamelaY19	127656	0.34904
		شرح البيقونية - محمد حسن عبد الغفار	محمد حسن عبد الغفار	ShamAY	709	0.34902
		شرح رسالة أبي داود لأهل مكة	عبد الكريم الخضير	ShamelaY19	23424	0.34901
		مسائل منثورة في التفسير والعربية والمعاني	عبد الله بن بَرّي بن عبد الجبار المقدسي الأصل المصري، أبو محمد، ابن أبي الوحش (المتوفى: 582هـ)	ShamAY	1564	0.34899
		الدر الثمين في أسماء المصنفين	علي بن أنجب بن عثمان بن عبد الله أبو طالب، تاج الدين ابن السَّاعي (المتوفى: 674هـ)	ShamAY	31998	0.34898
		نظرة عابرة الى الصحاح الستة	عبد الصمد شاكر	Rafed	132	0.34896
		نزهة الأنام فى تاريخ الإسلام	صارم الدين إبراهيم بن محمد بن أيدمر العلائي القاهري الملقب بابن دقماق (المتوفى: 809 ه)	Sham19Y	16363	0.34895
		زيارة الام الحسين بحث استدلالي في روايات الوجوب	رافد التميمي	Ghbook	15409	0.34891
		اتحاف الفقهاء في تحقيق مسألة اختلاف القراءات والقرّاء	الميرزا محسن آل عصفور	Rafed	95	0.3489
		عمارة المساجد المعنوية وفضلها	عبد العزيز عبد الله الحميدي	ShamAY	31287	0.34889
		تاج العروس [ج ١٢]	محبّ الدين أبي فيض السيد محمّد مرتضى الحسيني الواسطي الزبيدي الحنفي	Rafed	1510	0.34887
		شمس العلوم [ج ١٢]	نشوان بن سعيد الحميري	Rafed	1473	0.34882
		مطالع البدور ومنازل السرور	علي بن عبد الله الغزولي البهائي الدمشقي (المتوفى: 815هـ)	ShamAY	5390	0.34881
		الهدي النبوي في تربية الأولاد في ضوء الكتاب والسنة	د. سعيد بن علي بن وهف القحطاني	ShamAY	1828	0.3488
		البراهين القاطعة [ج ٤]	محمّد جعفر الأسترآبادي	Rafed	720	0.34876
		الحلل في شرح أبيات الجمل	أبو محمد عبد الله بن محمد بن السيد البطليوسي (المتوفى: 521هـ)	ShamAY	634	0.34875
		الامام المهدي (عجل الله تعالي فرجه الشريف) في القرآن و السنه	سعيد ابومعاش	Ghbook	6583	0.3487
		حقيقة دعوة الإمام الشيخ محمد بن عبد الوهاب السلفية	عبد الله بن سعد الرويشد	ShamAY	11164	0.34864
		قطب السرور في أوصاف الأنبذة والخمور	الرقيق القيرواني، أبو اسحاق إبراهيم بن القاسم المعروف بالرقيق النديم (المتوفى: نحو 425ه)	Sham19Y	672	0.34864
		موسوعة حديث الثقلين [ج ٤]	مركز الأبحاث العقائديّة	Rafed	1421	0.34855
		 الدر المنثور في التفسير بالمأثور 	 جلال الدين السيوطي 	ABLibrary	910	0.34854
		 النص الجلي في إثبات ولاية علي ( ع ) 	 السيد محمدحسين البروجردي 	ABLibrary	8662	0.34846
		الوهابيه دعاوي و ردود	نجم الدين طبسي	Ghbook	7597	0.34846
		رحلة ابن معصوم المدني	سيد عليخان بن احمد مدني شيرازي حسيني	Ghbook	9505	0.34844
		عظمة القرآن وتعظيمه وأثره في النفوس في ضوء الكتاب والسنة - مفهوم، وعظمة، وأثر، وتدبر، وفضائل، وعلم، وعمل، وتعاهد، وآداب، وأخلاق	د. سعيد بن علي بن وهف القحطاني	ShamelaY19	96510	0.34842
		شفاء الصّدور في شرح زيارة العاشور [ج ١]	ميرزا أبي الفضل الطهراني	Rafed	3232	0.34839
		أبحاث هيئة كبار العلماء	هيئة كبار العلماء بالمملكة العربية السعودية	ShamAY	21759	0.34836
		قطب السرور في أوصاف الأنبذة والخمور	الرقيق القيرواني، أبو اسحاق إبراهيم بن القاسم المعروف بالرقيق النديم (المتوفى: نحو 425هـ)	ShamAY	672	0.34835
		خلافة الرسول صلّى الله عليه وآله بين الشورى والنصّ	الدكتور صائب عبد الحميد	Rafed	740	0.34834
		السنة النبوية وحي من الله محفوظة كالقران الكريم	شيخة بنت مفرج المفرج	ShamAY	7600	0.34832
		نظرية العلة عند المحدثين	رضا أحمد صمدي	ShamAY	35217	0.34831
		صلاة الغائب - دراسة فقهية مقارنة	حسام الدين بن موسى محمد بن عفانة	ShamAY	982	0.34828
		روض الأخيار المنتخب من ربيع الأبرار	محمد بن قاسم بن يعقوب الأماسي الحنفي، محيي الدين، ابن الخطيب قاسم (المتوفى: 940ه)	Sham19Y	10512	0.34826
		مرويات الهجرة	الواحدي :: سلمان العودة	ShamAY	37446	0.34824
		إمامة بقية الائمة(ع)	السيد علي الحسيني الميلاني	Masaha	93	0.34819
		أدب الطّف أو شعراء الحسين عليه السلام [ج ٢]	جواد شبّر	Rafed	318	0.34817
		هِدايةُ الِمرتابِ إلى فضائلِ الآلِ والأصحابِ		ShamAY	35642	0.34816
		موقف الصحابة من أحداث العنف في عهد الخلفاء الراشدين	د. حصة بنت عبد الكريم الزيد	ShamAY	1220	0.34807
		شوائب التفسير في القرن الرابع عشر الهجري	عبد الرحيم فارس ابو علبة :: عبد الرحيم أبو علبة	ShamAY	36750	0.34804
		أمالي المرتضى غرر الفوائد ودرر القلائد (معتزلي)	الشريف المرتضى علي بن الحسين الموسوي العلوي (355 - 436 هـ)	ShamAY	38873	0.34803
		 الإمام الصادق والمذاهب الأربعة 	 اسد حيدر 	ABLibrary	7426	0.34801
		البيان والتعريف في أسباب ورود الحديث الشريف	إبراهيم بن محمد بن محمد كمال الدين ابن أحمد بن حسين، برهان الدين ابن حَمْزَة الحُسَيْني الحنفي الدمشقيّ (المتوفى: 1120هـ)	ShamAY	6000	0.34798
		المحرّر الوجيز في تفسير الكتاب العزيز [ج ٢]	أبي محمّد عبدالحقّ بن غالب بن عطيّة الأندلسي	Rafed	3294	0.34798
		جمهرة مقالات العلامة الشيخ أحمد محمد شاكر - مع أهم تعقبات الشيخ على دائرة المعارف الإسلامية	أحمد محمد شاكر	ShamelaY19	20642	0.34797
		بحار الأنوار [ج ٥٧]	الشيخ محمّد باقر بن محمّد تقي المجلسي	Rafed	1045	0.34795
		سلوة الكئيب بوفاة الحبيب صلى الله عليه وسلم	محمد بن عبد الله (أبي بكر) بن محمد ابن أحمد بن مجاهد القيسي الدمشقي الشافعي، شمس الدين، الشهير بابن ناصر الدين (المتوفى: 842هـ)	ShamAY	6594	0.34794
		مكتبة الطالب (2) قرآن علي (عليه السلام) 	علي كوراني	Ghbook	15142	0.34794
		 أبناء الرسول في كربلاء 	 خالد محمد خالد 	ABLibrary	87	0.34793
		المجتنى من الدعاء المجتبى	السيد علي بن موسى بن طاووس	Masaha	1024	0.34792
		إفادة الخير في الاستياك بسواك الغير	الإمام محمد عبد الحي اللكنوي (ت1304هـ)	ShamAY	36001	0.34791
		الروضة في فضائل أمير المؤمنين علي بن أبي طالب (عليهما السلام)	شاذان بن جبرئيل القمي‏	Masaha	2035	0.34788
		الأساس في السنة وفقهها - العبادات في الإسلام	سعيد حوى (المتوفى 1409 ه)	ShamelaY19	18339	0.34787
		التفسير من سنن سعيد بن منصور - مخرجا	أبو عثمان سعيد بن منصور بن شعبة الخراساني الجوزجاني (المتوفى: 227هـ)	ShamAY	13008	0.34787
		روض الأخيار المنتخب من ربيع الأبرار	محمد بن قاسم بن يعقوب الأماسي الحنفي، محيي الدين، ابن الخطيب قاسم (المتوفى: 940هـ)	ShamAY	10512	0.34787
		الحسين ريحانة النبي (ص)	الشيخ كمال معاش	Rafed	1532	0.34786
		مسائل فقهيه	عبدالحسين شرف الدين	Ghbook	7706	0.34782
		منهج الدعوة والحسبة بين أهل السنة وأهل البدعة	صالح بن علي بن فهد بن غصون (المتوفى: 1419ه)	ShamelaY19	30908	0.3478
		 بحار الأنوار 	 العلامة المجلسي 	ABLibrary	784	0.3478
		الزواج المؤقت في الإسلام	السيد مرتضى العسكري	Masaha	293	0.34772
		نزهة الأنام فى تاريخ الإسلام	صارم الدين إبراهيم بن محمد بن أيدمر العلائي القاهري الملقب بابن دُقْماق (المتوفى: 809 هـ)	ShamAY	32327	0.34763
		المتعتان	الشيخ عبد الحسين الأميني النجفي	Masaha	397	0.34759
		موسوعة مسائل الجمهور في الفقه الإسلامي	محمد نعيم محمد هاني ساعي	ShamelaY19	123511	0.34756
		بداية المحتاج في شرح المنهاج	بدر الدين أبو الفضل محمد بن أبي بكر الأسدي الشافعي ابن قاضي شهبة (798 - 874 ه)	Sham19Y	132962	0.34756
		هذه مفاهيمنا	صالح بن عبد العزيز بن محمد بن إبراهيم آل الشيخ	ShamAY	12120	0.3475
		التصريح بما تواتر في نزول المسيح	محمد أنور شاه بن معظم شاه الكشميري الهندي (المتوفى: 1353ه)	Sham19Y	8575	0.3475
		السنة النبوية وحي من الله محفوظة كالقران الكريم	شيخة بنت مفرج المفرج	Sham19Y	7600	0.34747
		 من ائمة الموحدين الإمام محيي الدين بن عربي 	 عبد الرحمن حسن محمود 	ABLibrary	8913	0.34746
		الطواف في الطابق الاعلي من الكعبه	محمد جواد فاضل لنكراني	Ghbook	15212	0.34746
		 نفح الطيب من غصن الأندلس الرطيب 	 أحمد بن محمد المقري التلمساني 	ABLibrary	9303	0.34744
		 خريدة العجائب وفريدة الغرائب 	 سراج الدين بن الوردي 	ABLibrary	9042	0.34742
		بحار الأنوار [ج ١٢]	الشيخ محمّد باقر بن محمّد تقي المجلسي	Rafed	833	0.34742
		شرح كلمة الإخلاص لابن رجب	عبد الرحمن بن ناصر البراك	ShamAY	32532	0.34741
		اتحاف البررة بما سكت عنه نشر العشرة المسمى بـ «تحرير النشر»	مصطفى بن عبد الرحمن بن محمد الإزميري (المتوفى: 1156هـ)	ShamAY	31692	0.34735
		شهر رجب	آيت الله العظمي سيد محمد حسيني شيرازي	Ghbook	7893	0.34734
		تاريخ الحديث النبوي و موثرات الهوي و الموروث الجاهلي عليه	علي شهرستاني	Ghbook	16145	0.34732
		المنار المنيف في الصحيح والضعيف - ط عالم الفوائد	ابن القيم	ShamAY	38386	0.34731
		ذكريات شهري الحج (ذي الققعده و ذي الحجه)	ايوب حائري	Ghbook	10558	0.34731
		مُخْتَصَر صَحِيحُ الإِمَامِ البُخَارِي	أبو عبد الرحمن محمد ناصر الدين، بن الحاج نوح بن نجاتي بن آدم، الأشقودري الألباني (المتوفى: 1420هـ)	ShamAY	31686	0.34722
		دروس في تاريخ الفقه و ادواره	آيت الله العظمي جعفر سبحاني	Ghbook	15062	0.34722
		شبهة حول حروب الردة والفتوحات الإسلامية	أبو عبد الله الذهبي	ShamAY	37145	0.34721
		هداية الحيارى في أجوبة اليهود والنصارى	محمد بن أبي بكر بن أيوب بن سعد شمس الدين ابن قيم الجوزية (المتوفى: 751هـ)	ShamAY	22707	0.3472
		بحار الأنوار [ج ٤٣]	الشيخ محمّد باقر بن محمّد تقي المجلسي	Rafed	972	0.34719
		أعمال الكفار والجزاء عليها	محمد باكريم	ShamAY	36696	0.34718
		شرح القواعد السعدية	عبد المحسن بن عبد الله بن عبد الكريم الزامل	Sham19Y	16820	0.34718
		الاربعينات في القرآن و الحديث و التاريخ و الادب	محمود اكبرزاده الخراساني	Ghbook	13979	0.34717
		تفسير آيه الموده	آيت الله علي حسيني ميلاني	Ghbook	4790	0.34714
		الإمام مسلم وصحيحه	عبد المحسن بن حمد بن عبد المحسن بن عبد الله بن حمد العباد البدر	ShamAY	8775	0.34712
		زيادة الإيمان ونقصانه وحكم الاستثناء فيه	عبد الرزاق بن عبد المحسن البدر	Sham19Y	11234	0.34711
		كتاب الله عز وجل ومكانته العظيمة	عبد العزيز بن عبد الله بن محمد بن عبد اللطيف بن عبد الرحمن بن حسن بن الشيخ محمد بن عبد الوهاب	ShamelaY19	21767	0.3471
		درر الحكم لأبي منصور الثعالبي	عبد الملك بن محمد بن إسماعيل أبو منصور الثعالبي (المتوفى: 429ه)	Sham19Y	1399	0.34708
		موسوعة التفسير قبل عهد التدوين	محمد عمر الحاجى	ShamelaY19	38099	0.34706
		نقد الصحابة والتابعين للتفسير	عبد السلام بن صالح الجار الله	ShamelaY19	148083	0.34705
		من مشاهير المجددين في الإسلام	صالح بن فوزان بن عبد الله الفوزان	Sham19Y	31084	0.34705
		الأحاديث الواردة في الصحيحين في الجن والشياطين	فيصل سعيد محمد الصاعدي	ShamAY	36051	0.34697
		خزانة التّواريخ النجديّة [ج ١٠]	عبد الله بن عبد الرحمن بن صالح آل بسام	Rafed	2176	0.34695
		شرح الزيارة الجامعة الكبيرة	الشيخ محمّد باقر بن محمّد تقي المجلسي	Rafed	2804	0.34693
		الذخائر والعبقريات - معجم ثقافي جامع	عبد الرحمن بن عبد الرحمن بن سيد بن أحمد البرقوقي الأديب المصري (المتوفى: 1363ه)	ShamelaY19	36072	0.34688
		فقهيات بين السنة والشيعة	عاطف سلام	Masaha	350	0.34688
		التفسير من سنن سعيد بن منصور - مخرجا	أبو عثمان سعيد بن منصور بن شعبة الخراساني الجوزجاني (المتوفى: 227ه)	Sham19Y	13008	0.34676
		السبحة تاريخها وحكمها	بكر بن عبد الله أبو زيد بن محمد بن عبد الله بن بكر بن عثمان بن يحيى بن غيهب بن محمد (المتوفى: 1429ه)	Sham19Y	96768	0.34674
		الصحيح من سيرة النبي الأعظم صلّى الله عليه وآله [ج ٥]	السيد جعفر مرتضى العاملي	Rafed	2486	0.34674
		غزوة بدر الكبرى دروس وعبر	الواحدي :: أمير بن محمد المدري	ShamAY	37443	0.34673
		السنة النبوية المصدر الثاني للتشريع الإسلامي ومكانتها من حيث الإحتجاج والعمل	محمد بن عبد الله باجمعان	ShamAY	7538	0.34673
		الانتماء في الشعر الجاهلي * دراسة *	فاروق أحمد اسليم	ShamAY	34462	0.34672
		دروس من الهجره	آيت الله العظمي سيد محمد حسيني شيرازي	Ghbook	8154	0.34671
		رسم المصحف وضبطه بين التوقيف والاصطلاحات الحديثة	شعبان محمد إسماعيل	Sham19Y	11528	0.3467
		 شرح فروع الكافي 	 محمد هادي المازندراني 	ABLibrary	9345	0.3467
		من ضوابط فهم السنة النبوية : جمع الروايات في الموضوع الواحد وفقهها	أحمد بن محمد فكير	ShamAY	37292	0.34665
		دفاع عن التشيع	السيد نذير الحسني	Masaha	255	0.34665
		توضيح الأفكار لمعاني تنقيح الأنظار	محمد بن إسماعيل بن صلاح بن محمد الحسني، الكحلاني ثم الصنعاني، أبو إبراهيم، عز الدين، المعروف كأسلافه بالأمير (المتوفى: 1182هـ)	ShamAY	11990	0.34664
		فاطمه الزهراء ( سلام الله عليها ) في القرآن	آيت الله العظمي حسيني	Ghbook	7921	0.34659
		منهج الشيخ عبد الرزاق عفيفي وجهوده في تقرير العقيدة والرد على المخالفين	أحمد بن علي الزاملي	ShamAY	31966	0.34658
		الصحيح من سيرة النبي الأعظم صلّى الله عليه وآله [ج ٣]	السيد جعفر مرتضى العاملي	Rafed	2481	0.34657
		بحث التوثيق القرآني لغزوة الأحزاب	الواحدي	ShamAY	36900	0.3465
		ظاهرة الإرجاء في الفكر الإسلامي	سفر الحوالي	Sham19Y	23586	0.34644
		شرح القواعد السعدية	عبد المحسن بن عبد الله بن عبد الكريم الزامل	ShamAY	32453	0.34643
		في سبيل العقيدة الإسلامية	عبد اللطيف بن علي بن أحمد بن محمد السلطاني القنطري الجزائري (المتوفى: 1404ه)	ShamelaY19	115132	0.34642
		موقف ابن تيمية من الأشاعرة	عبد الرحمن بن صالح المحمود	ShamAY	12766	0.34642
		اتحاف الفقهاء في تحقيق مسألة اختلاف القراءات والقرّاء	الميرزا محسن آل عصفور	Masaha	1649	0.3464
		هداية الحيارى في أجوبة اليهود والنصارى	الواحدي :: ابن القيم	ShamAY	34430	0.34632
		زيادة الإيمان ونقصانه وحكم الاستثناء فيه	عبد الرزاق بن عبد المحسن البدر	ShamAY	11234	0.3463
		من حديث أبي زكريا يحيى بن أبي منصور الصيرفي الحراني - مخطوط	ابن الصيرفي، جمال الدين	ShamAY	32811	0.34629
		أهمية العناية بالتفسير والحديث والفقه	عبد المحسن بن حمد بن عبد المحسن بن عبد الله بن حمد العباد البدر	Sham19Y	10871	0.34626
		 خزانة التواريخ النجدية 	 عبد الله بن عبد الرحمن آل بسام 	ABLibrary	9052	0.34625
		البدر في فضل سلامة الصدر	نايف بن أحمد الحمد	ShamAY	35052	0.34624
		غيبة الامام المهدي عند الامام الصادق عليهما السلام	السيد ثامر هاشم العميدي	Rafed	100	0.34624
		البرهان في متشابه القرآن	محمود بن حمزة بن نصر الكرماني	Rafed	3806	0.34624
		الثمرات الجنية في شرح البيقونية	سعد السعدان	ShamAY	37338	0.34618
		أحاديث المعازف حجيتها وأثرها في الفقه الإسلامي	طارق الطواري	ShamAY	36533	0.34618
		إسفار الفصيح	محمد بن علي بن محمد، أبو سهل الهروي (المتوفى: 433هـ)	ShamAY	11724	0.34611
		فضائل الثقلين من كتاب توضيح الدلائل على ترجيح الفضائل‏	شهاب الدين أحمد الشافعي الإيجي‏	Masaha	2872	0.34611
		معاجز الامام الصادق ( عليه السلام )	هاشم البحراني	Ghbook	5019	0.34604
		 بحار الأنوار 	 العلامة المجلسي 	ABLibrary	798	0.34602
		بحار الأنوار [ج ٣]	الشيخ محمّد باقر بن محمّد تقي المجلسي	Rafed	505	0.34602
		 المال ، أخذا وعطاء وصرفا 	 السيد محمد الحسيني الشيرازي 	ABLibrary	9488	0.34594
		ظاهرة الإرجاء في الفكر الإسلامي	سفر بن عبد الرحمن الحوالي	ShamAY	23586	0.34593
		لقطة العجلان مما تمس إلى معرفته حاجة الإنسان	أبو الطيب محمد صديق خان بن حسن بن علي ابن لطف الله الحسيني البخاري القِنَّوجي (المتوفى: 1307هـ)	ShamAY	10739	0.34589
		الروضة في فضائل امير المؤمنين علي بن أبي طالب عليهما السلام	شاذان بن جبرئيل قمي	Ghbook	9568	0.34585
		دور الخطاب الديني في تغيير البنيه الفكريه بين الاصلاح والافساد	نبيل قدوري الحسني	Ghbook	12309	0.34585
		فرحة الزهراء	شيخ ابو علي الاصفهاني	Ghbook	15931	0.34584
		حدائق الأنوار و مطالع الأسرار في سيرة النبي المختار	محمد بن بحر الحضرمي‏	Masaha	1958	0.34581
		سراج الملوك	أبو بكر محمد بن محمد ابن الوليد الفهري الطرطوشي المالكي (المتوفى: 520هـ)	ShamAY	1585	0.34579
		إفراد أحاديث اسماء الله وصفاته - غير صفات الأفعال - في الكتب الستة	حصة بنت عبد العزيز الصغير	ShamelaY19	133370	0.34578
		الإسرائيليات في تفسير آية الكرسي عرض ونقد	أحمد بن محمد الشرقاوى	ShamAY	33130	0.34577
		الاستقامة	تقي الدين أبو العباس أحمد بن عبد الحليم بن عبد السلام بن عبد الله بن أبي القاسم بن محمد ابن تيمية الحراني الحنبلي الدمشقي (المتوفى: 728ه)	Sham19Y	6820	0.34572
		صحيح الأدب المفرد للإمام البخاري	محمد بن إسماعيل بن إبراهيم بن المغيرة البخاري، أبو عبد الله (المتوفى: 256هـ)	ShamAY	1341	0.34568
		عبر من السيرة	عبد الله عزام	ShamAY	37442	0.34566
		مشيخة أبي الحسن السكري	علي بن عمر بن محمد بن الحسين ابن شاذان، أبو الحسن السكري الحربي الصيرفي الكيال (المتوفى: 386ه)	ShamelaY19	30075	0.34561
		التروك النبوية «تأصيلا وتطبيقا»	محمد صلاح محمد الإتربي	ShamAY	32324	0.34561
		الاستقامة	تقي الدين أبو العباس أحمد بن عبد الحليم بن عبد السلام بن عبد الله بن أبي القاسم بن محمد ابن تيمية الحراني الحنبلي الدمشقي (المتوفى: 728هـ)	ShamAY	6820	0.34558
		من مشاهير المجددين في الإسلام	صالح بن فوزان بن عبد الله الفوزان	ShamelaY19	31084	0.34553
		الإمام الصادق(ع) - الجزء1	الشيخ محمد حسين المظفر	Masaha	1859	0.34553
		 الرحلات المغربية والأندلسية 	 عواطف محمد يوسف نواب 	ABLibrary	9071	0.34552
		اغتنام الفرص	آيت الله العظمي سيد محمد حسيني شيرازي	Ghbook	8073	0.3455
		الحكايات في مخالفات المعتزلة من العدلية والفرق بينهم وبين الشيعة الإمامية	الشيخ المفيد	Masaha	4544	0.34549
		المفصل في شرح آية الولاء والبراء	علي بن نايف الشحود	ShamAY	33095	0.34548
		 حياة الإمام الحسن بن علي ( ع ) 	 الشيخ باقر شريف القرشي 	ABLibrary	7490	0.34548
		 الشيخ محيي الدين بن عربي ترجمة حياته من كلامه 	 محمود محمود الغراب 	ABLibrary	8910	0.34544
		اختلاف أقوال مالك وأصحابه	أبو عمر يوسف بن عبد الله بن محمد بن عبد البر بن عاصم النمري القرطبي (المتوفى: 463 هـ)	ShamAY	32563	0.34543
		كشف أسرار الباطنية وأخبار القرامطة	أبو عبد الله محمد بن مالك بن أبي الفضائل الحمادي المعافري اليماني (المتوفى: نحو 470ه)	ShamelaY19	38186	0.34541
		التعليق على الدرة المضيئة في السيرة النبوية للمقدسي	أبو هاشم صالح بن عوّاد بن صالح المغامسي	ShamAY	756	0.34534
		الإصابة في الذب عن الصحابة - رضي الله عنهم -	الشيخ الدكتور مازن بن محمد بن عيسى	ShamelaY19	96240	0.34531
		البحر المحيط في التفسير [ج ١]	محمّد بن يوسف [ أبي حيّان الأندلسي الغرناطي ]	Rafed	2415	0.34529
		فتاوى الطب والمرضى	مجموعة من المؤلفين	ShamelaY19	21760	0.34526
		حديث أبي بكر الأنباري_2	محمد بن جعفر بن محمد بن الهيثم، أبو بكر الأنباري، البندار (المتوفى: 360ه)	ShamelaY19	29867	0.34525
		إرشاد الفحول إلى تحقيق الحق من علم الأصول	محمد بن علي بن محمد بن عبد الله الشوكاني اليمني (المتوفى: 1250هـ)	ShamAY	11437	0.34525
		الحسام الماحق لكل مشرك ومنافق	أبو شكيب محمد تقي الدين بن عبد القادر الهلالي (المتوفى: 1407هـ)	ShamAY	1702	0.34522
		تحرير الكلام في مسائل الإلتزام	شمس الدين أبو عبد الله محمد بن محمد بن عبد الرحمن الطرابلسي المغربي، المعروف بالحطاب الرعيني المالكي (المتوفى: 954ه)	Sham19Y	14552	0.34521
		عارفا بحقكم	علي شهرستاني	Ghbook	16157	0.34512
		العقائد الاسلامية [ج ٣]	مركز المصطفى للدراسات الإسلامية	Rafed	87	0.3451
		شرح كتاب العلم لأبي خيثمة - عبد الكريم الخضير	عبد الكريم الخضير	ShamAY	155	0.34505
		تاريخ الخلفاء الراشدين الفتوحات والإنجازات السياسية	د محمد سهيل طقوش	ShamAY	9911	0.34503
		اعلام الهدايه (الامام الحسين بن علي عليه السلام)	مجمع جهاني اهل بيت عليهم السلام	Ghbook	5899	0.34497
		حياه الامام الحسين بن علي ( عليهما السلام ) - دراسه و تحليل	باقر شريف قرشي	Ghbook	9269	0.34496
		المنار في علوم القرآن مع مدخل في أصول التفسير ومصادره	الدكتور محمد علي الحسن، كلية الدراسات الإسلامية بجامعة الإمارات العربية المتحدة	ShamAY	1235	0.34495
		اتباع اهل البيت عليهم السلام	علي آل محسن	Ghbook	11220	0.34495
		 بحار الأنوار 	 العلامة المجلسي 	ABLibrary	774	0.34492
		التوهم في وصف أحوال الآخرة	الحارث بن أسد المحاسبي، أبو عبد الله (المتوفى: 243ه)	ShamelaY19	21799	0.3449
		أبوذر الغفاري رمز اليقظة في الضمير الإنساني	الشيخ محمد جواد الفقيه	Rafed	3	0.34488
		تاريخ التراث العربي (الشعر إلى حوالي سنة 430 ه)	الدكتور فؤاد سزكين	ShamelaY19	143162	0.34486
		الرسائل العشر (للشيخ الطوسي)	الشيخ الطوسي	Masaha	1023	0.34486
		مقالات العلامة الدكتور محمود محمد الطناحي	محمود محمد الطناحي	ShamAY	38630	0.34484
		و استقر بي النوي	محمد بن محمود عمدي	Ghbook	4606	0.34483
		مَسَائِلُ الإِمَامِ أَبِي عبد اللهِ أَحْمَدَ بْنِ حَنْبَلٍ	أحمد بن حنبل	ShamAY	38134	0.34479
		فتاوى الطب والمرضى	مجموعة من المؤلفين	ShamAY	21760	0.34479
		شعب الإيمان لابن كثير	الحافظ عماد الدين أبي الفداء إسماعيل بن عمر بن كثير القرشي الدمشقي الشافعي	ShamAY	34307	0.34477
		ذخائر العقبي في مناقب ذوي القربي	طبري ، محب الدين ، ابوالعباس احمد بن عبدالله ( قرن 7ق ) ( صاحب ذخائر العقبي و الرياض النضره - شافعي مذهب )	Ghbook	9222	0.34477
		الحسين و بطلة كربلاء	الشيخ محمد جواد مغنية	Masaha	1940	0.34467
		عقيدة أهل السنة والجماعة في الصحابة الكرام رضي الله عنهم (أصل الكتاب رسالة دكتوراه)	ناصر بن علي عائض حسن الشيخ	Sham19Y	12038	0.34464
		رسائل آل طوق القطيفي [ج ٤]	الشيخ أحمد آل طوق	Rafed	1410	0.34464
		رفع النقاب عن تنقيح الشهاب	أبو عبد الله الحسين بن علي بن طلحة الرجراجي ثم الشوشاوي السملالي (المتوفى: 899ه)	Sham19Y	14313	0.34463
		مرآة العقول [ج ١٠]	الشيخ محمّد باقر بن محمّد تقي المجلسي	Rafed	1028	0.34461
		بيان فساد المعيار حوار مع حزبي متستر	ربيع بن هادي المدخلي	ShamAY	32998	0.3446
		فيض الرحمن تفسير جواهر القرآن	أبو يوسف محمد زايد	ShamAY	33116	0.34453
		الدر النضيد على أبواب التوحيد		ShamAY	35610	0.34452
		شرح مقدمة في أصول التفسير لابن تيمية	د. مُساعِدُ بن سُلَيْمَان بن نَاصِر الطَّيَّار	ShamAY	31802	0.34449
		كتاب المراتب في فضائل أمير المؤمنين و سيد الوصيين(ع)	أبو القاسم إسماعيل بن أحمد البستي‏	Masaha	2490	0.34447
		عناية المسلمين باللغة العربية خدمة للقرآن الكريم - سليمان بن إبراهيم بن محمد العايد	أ. د. سليمان بن إبراهيم بن محمد العايد	ShamAY	11311	0.34446
		إتحاف ذوي الألباب في قوله - تعالى -: {يمحو الله ما يشاء ويثبت وعنده أم الكتاب}	مرعي بن يوسف بن أبى بكر بن أحمد الكرمى المقدسي الحنبلى (المتوفى: 1033هـ)	ShamAY	1754	0.34444
		الدر المنثور في التفسير بالمأثور	جلال الدين السيوطي	ShamAY	34057	0.34443
		مواعظ الصحابة - رضي الله عنهم - «مواعظ علمية منهجية وتربوية»	عمر بن عبد الله بن محمد المقبل	Sham19Y	17082	0.34443
		 ديوان دعبل الخزاعي 	 دعبل الخزاعي 	ABLibrary	927	0.34442
		أبو ذر	الشيخ عبد الحسين الأميني النجفي	Masaha	9	0.34442
		اللمع في أسباب ورود الحديث	عبد الرحمن بن أبي بكر، جلال الدين السيوطي (المتوفى: 911هـ)	ShamAY	976	0.34441
		محاضرات في الاعتقادات - الجزء2	السيد علي الحسيني الميلاني	Masaha	402	0.34437
		بئر رومة وقف الخليفة الراشد عثمان بن عفان	عبد الله الحجيلي	ShamAY	36587	0.34429
		الإمام النووي	الواحدي :: أحمد فريد	ShamAY	35811	0.34425
		جامع العلوم والحكم - ط المعرفة	أبو الفرج عبد الرحمن بن أحمد بن رجب الحنبلي	ShamAY	33527	0.34421
		شرح المبرد على لامية العرب	الواحدي :: محمد بن يزيد المبرد	ShamAY	37226	0.34416
		المدخل الي تاريخ التفسير والمفسرين	حسين علوي مهر	Ghbook	14948	0.34415
		دروس للشيخ أبي إسحاق الحويني	أبو إسحاق الحويني الأثري حجازي محمد شريف	ShamAY	898	0.34414
		نظره في كتاب الوشيعه لموسي جارالله	عبدالحسين اميني ( علامه اميني )	Ghbook	10923	0.34414
		المُقَدِّمَةُ الزّهْرا في إيضَاحِ الإمامَةِ الكُبرى	شمس الدين أبو عبد الله محمد بن أحمد بن عثمان بن قَايْماز الذهبي (المتوفى: 748هـ)	ShamAY	36	0.34413
		نظرة في كتاب الصراع بين الإسلام والوثنيّة لعبدالله علي القصيمي	العلامة الأميني	Rafed	3519	0.34411
		عقيدة أهل السنة والجماعة في الصحابة الكرام رضي الله عنهم (أصل الكتاب رسالة دكتوراه)	ناصر بن علي عائض حسن الشيخ	ShamAY	12038	0.3441
		المستخرج على صحيح البخاري للإمام الحافظ أبي بكر بن إبراهيم الإسماعيلي (ت 371 هـ) (دراسة وتحليل)	الواحدي :: محمد رستم	ShamAY	34025	0.34408
		الانتصار للصحب والآل من افتراءات السماوي الضال	إبراهيم بن عامر بن علي الرحيلي	ShamelaY19	21551	0.34407
		نسخة نبيط بن شريط الأشجعي (نبيط بن شريط: له صحبة)	اللُّكِّيُّ	ShamAY	26556	0.34406
		التجارة الرابحة	أبو مالك محمد بن حامد بن عبد الوهاب	ShamAY	33735	0.34406
		مصدر التشريع عند مذهب الجعفرية	محمد باب العلوم	Masaha	496	0.34405
		الفتوى الحموية الكبرى	تقي الدين أبو العباس أحمد بن عبد الحليم بن عبد السلام بن عبد الله بن أبي القاسم بن محمد ابن تيمية الحراني الحنبلي الدمشقي (المتوفى: 728ه)	ShamelaY19	18381	0.34404
		المتعة	السيد علي الحسيني الميلاني	Masaha	396	0.34404
		غذاء الألباب في شرح منظومة الآداب	السفاريني	ShamelaY19	25791	0.34401
		الأسرار المرفوعة في الأخبار الموضوعة المعروف بالموضوعات الكبرى	علي بن (سلطان) محمد، أبو الحسن نور الدين الملا الهروي القاري (المتوفى: 1014هـ)	ShamAY	6056	0.34401
		تربية الأطفال في الحديث الشريف	الدكتور / خالد أحمد الشنتوت	ShamAY	35089	0.34399
		التنبيه والإشراف	أبو الحسن على بن الحسين بن على المسعودي (المتوفى: 346هـ)	ShamAY	23718	0.34397
		موقف الأمة من منكر الحكام في ظل التحديات المعاصرة	أ. خالد تربان - أ. محمود عجور	ShamAY	36644	0.34397
		فتاوى الطب والمرضى	مجموعة من المؤلفين	Sham19Y	21760	0.34395
		 رسائل ومقالات 	 الشيخ السبحاني 	ABLibrary	8442	0.34395
		 تسهيل السبيل بالحجة في انتخاب كشف المحجة لثمرة المهجة 	 الفيض الكاشاني 	ABLibrary	8385	0.34395
		التنبيه والإشراف	أبو الحسن على بن الحسين بن على المسعودي (المتوفى: 346ه)	ShamelaY19	23718	0.3439
		نور الطرف ونور الظرف	إبراهيم بن علي بن تميم الأنصاري، أبو إسحاق الحصري (المتوفى: 453هـ)	ShamAY	5351	0.3439
		سكب الأدب على لامية العرب	سليمان بك الشاوي	ShamAY	37109	0.3439
		القصص التربوية	الشيخ محمد تقي الفلسفي	Masaha	562	0.34388
		رَفْعُ النِّقَابِ عَن تنقِيح الشّهابِ	أبو عبد الله الحسين بن علي بن طلحة الرجراجي ثم الشوشاوي السِّمْلالي (المتوفى: 899هـ)	ShamAY	32190	0.34384
		حاشية كتاب التوحيد	عبد الرحمن بن محمد بن قاسم العاصمي القحطاني الحنبلي النجدي (المتوفى: 1392هـ)	ShamAY	11149	0.34383
		إتحاف النبلاء بأخبار الثقلاء (ت: عويضة)	السيوطي	ShamAY	36024	0.3438
		نظره في كتاب الصراع بين الاسلام و الوثنيه	عبدالحسين اميني ( علامه اميني )	Ghbook	4545	0.34378
		التعيين في شرح الأربعين	سليمان بن عبد القوي بن عبد الكريم الطوفي الصرصري، أبو الربيع، نجم الدين (المتوفى: 716 هـ)	ShamAY	32456	0.34376
		الشورى فريضة إسلامية	عَلي محمد محمد الصَّلاَّبي	ShamAY	215	0.34376
		مواعظ الصحابة - رضي الله عنهم - «مواعظ علمية منهجية وتربوية»	عمر بن عبد الله بن محمد المقبل	ShamAY	32103	0.34374
		تحرير الكلام في مسائل الإلتزام	شمس الدين أبو عبد الله محمد بن محمد بن عبد الرحمن الطرابلسي المغربي، المعروف بالحطاب الرُّعيني المالكي (المتوفى: 954هـ)	ShamAY	32006	0.34371
		النصّ الجليّ في إثبات ولاية علي عليه السلام	محمد حسين بن الآقا باقر بروجردي	Rafed	3534	0.34371
		التوضيح عن توحيد الخلاق في جواب أهل العراق وتذكرة أولي الألباب في طريقة الشيخ محمد بن عبد الوهاب	سليمان بن عبد الله بن محمد بن عبد الوهاب (المتوفى: 1233ه)	Sham19Y	7597	0.3437
		 بحار الأنوار 	 العلامة المجلسي 	ABLibrary	785	0.34369
		جزء من حديث خيثمة الأطرابلسي	أبو الحسن خيثمة بن سليمان بن حيدرة بن سليمان القرشي الشامي الأطرابلسي (المتوفى: 343ه)	ShamelaY19	29862	0.34366
		 العوالم ، السيدة الزهراء ( س ) 	 الشيخ عبد الله البحراني 	ABLibrary	7612	0.34364
		الأنوار في سيرة النبي المختار بطريقة سؤال وجواب	سليمان اللهيميد	ShamAY	37391	0.34362
		رسالة لشيخ الإسلام تقي الدين ابن تيمية أجاب فيها عن أسئلة في علم القراءات = فتوى في علم القراءات	شيخ الإسلام أبو العباس أحمد ابن تيمية	ShamAY	34398	0.34362
		الدر المنثور في التفسير بالمأثور	عبد الرحمن بن أبي بكر، جلال الدين السيوطي (المتوفى: 911هـ)	ShamAY	12884	0.34361
		وسطية أهل السنة بين الفرق (رسالة دكتوراة)	محمد با كريم محمد با عبد الله	ShamAY	7334	0.34357
		نظرة عابرة الى الصحاح الستة	عبد الصمد شاكر	Masaha	489	0.34354
		المعتبر في شرح المختصر - الجزء1	المحقق الحلي	Masaha	1026	0.34354
		طرف من الأنباء والمناقب	السيّد رضي الدين أبو القاسم علي بن موسى بن جعفر بن طاووس الحسني الحلّي [ السيّد بن طاووس ]	Rafed	770	0.34354
		مسائل علي بن جعفر ومستدركاتها	الناشر: المؤتمر العالمي للامام الرضا عليه السلام	Rafed	298	0.34352
		السّقيفة امّ الفتن	الدكتور جواد جعفر الخليلي	Rafed	1729	0.34352
		سبل السلام - البابي الحلبي	محمد بن إسماعيل الأمير الكحلاني الصنعاني (المتوفى : 1182هـ)	ShamAY	34278	0.3435
		طلائع الصوفية	أبو العزايم جاد الكريم بكير	ShamAY	35399	0.34349
		فتاوى كبار العلماء في التصوير	عبد الرحمن بن سعد الشثري	ShamAY	36597	0.34345
		عدة المريد الصادق	شهاب الدين أبو العباس أحمد بن أحمد بن محمد بن عيسى البرنسي الفاسي، المعروف بـ زروق (المتوفى: 899هـ)	ShamAY	31741	0.3434
		التوضيح عن توحيد الخلاق في جواب أهل العراق وتذكرة أولي الألباب في طريقة الشيخ محمد بن عبد الوهاب	سليمان بن عبد الله بن محمد بن عبد الوهاب (المتوفى: 1233هـ)	ShamAY	7597	0.34339
		علي خطي الحسين ( عليه السلام )	احمد راسم نفيس	Ghbook	4571	0.34338
		الخلاصة في بيان أسباب اختلاف الفقهاء	الواحدي :: علي بن نايف الشحود	ShamAY	36080	0.34337
		مستدرك الوسائل [ج ١٠]	الشيخ حسين النوري الطبرسي [ المحدّث النوري ]	Rafed	1152	0.34337
		 مسند الإمام الصادق ( ع ) 	 الشيخ عزيز الله عطاردي 	ABLibrary	7722	0.34332
		خريدة العجائب وفريدة الغرائب	سراج الدين بن الوردي	Rafed	2213	0.3433
		الوارف في مشروعية التثريب على المخالف	عبد العزيز الجربوع	ShamAY	36190	0.34329
		 المواهب اللدنية بالمنح المحمدية 	 الشيخ أحمد بن محمد القسطلانى 	ABLibrary	7804	0.34328
		البحر المحيط في التفسير	أبو حيان محمد بن يوسف بن علي بن يوسف بن حيان أثير الدين الأندلسي (المتوفى: 745ه)	Sham19Y	23591	0.34327
		الوشيعة في كشف شنائع عقائد الشيعة	د. صالح الرقب	ShamAY	35294	0.34324
		دليل المرشدين الي الحق اليقين	آيت الله العظمي جعفر سبحاني	Ghbook	10942	0.34319
		صحيح موارد الظمآن إلى زوائد ابن حبان	أبو عبد الرحمن محمد ناصر الدين، بن الحاج نوح بن نجاتي بن آدم، الأشقودري الألباني (المتوفى: 1420 هـ)	ShamAY	32335	0.34317
		الخلاصة في شرح الخمسين الشامية	الواحدي :: علي بن نايف الشحود	ShamAY	36085	0.34315
		في سبيل العقيدة الإسلامية	عبد اللطيف بن علي بن أحمد بن محمد السلطاني القنطري الجزائري (المتوفى: 1404ه)	Sham19Y	115132	0.34311
		الذخائر والعبقريات - معجم ثقافي جامع	عبد الرحمن بن عبد الرحمن بن سيد بن أحمد البرقوقي الأديب المصري (المتوفى: 1363هـ)	ShamAY	819	0.34308
		المختصر المفيد في عقائد أئمة التوحيد	أبو يوسف مدحت بن حسن آل فراج المصري (المتوفى: 1435هـ)	ShamAY	32277	0.34304
		أثر تعدد الآراء النحوية في تفسير الآيات القرآنية	الدكتور سامي عوض ـ ياسر محمّد مطره جي	ShamAY	37038	0.34302
		وسطية أهل السنة بين الفرق (رسالة دكتوراة)	محمد با كريم محمد با عبد الله	Sham19Y	7334	0.34302
		هوية التشيع	الشيخ أحمد الوائلي	Masaha	478	0.34302
		إخبار العلماء بأخبار الحكماء	جمال الدين أبو الحسن علي بن يوسف بن إبراهيم الشيباني القفطي (المتوفى: 646 ه)	ShamelaY19	26336	0.34299
		مصابيح الجامع	محمد بن أبي بكر بن عمر بن أبي بكر بن محمد، المخزومي القرشي، بدر الدين المعروف بالدماميني، وبابن الدماميني (المتوفى: 827 هـ)	ShamAY	32455	0.34295
		خلاصة الكلام شرح عمدة الأحكام	فيصل بن عبد العزيز بن فيصل ابن حمد المبارك الحريملي النجدي (المتوفى: 1376هـ)	ShamAY	8197	0.34291
		استدراك وتعقيب على الشيخ شعيب الأرنؤوط في تأويله بعض أحاديث الصفات	خالد بن عبد الرحمن بن حمد الشايع	ShamelaY19	122231	0.34289
		المنار في علوم القرآن مع مدخل في أصول التفسير ومصادره	الدكتور محمد علي الحسن، كلية الدراسات الإسلامية بجامعة الإمارات العربية المتحدة	ShamelaY19	38092	0.34285
		المنظومة الحائية في السنة	الواحدي	ShamAY	35408	0.34285
		المختصر المفيد في عقائد أئمة التوحيد	مدحت آل فراج	ShamAY	35502	0.3428
		الصحيح من سيرة النبي الأعظم صلّى الله عليه وآله [ج ١]	السيد جعفر مرتضى العاملي	Rafed	1092	0.34279
		تاريخ ابن حجي «حوادث ووفيات: 796 ه - 815 ه»	شهاب الدين أبو العباس أحمد بن حجي السعدي الحسباني الدمشقي (751 ه - 816 ه)	ShamelaY19	19065	0.34278
		إسماعيل بن علي الأكوع علامة اليمن ومؤرخها	إبراهيم باجس عبد المجيد المقدسي	ShamAY	38598	0.34278
		سليم الرازي وآراؤه الأصولية	إسماعيل السامرائي	ShamAY	37465	0.34278
		الفوائد المصطفاة بمذاهب العلماء في حكم تارك الصلاة	محمد مصطفى الشنقيطي	ShamAY	36623	0.34276
		الجهاد في سبيل الله تعالى - مفهومه، وحكمه، ومراتبه، وضوابطه، وأنواعه، وأهدافه، وفضله، وأسباب النصر على الأعداء في ضوء الكتاب والسنة	د. سعيد بن علي بن وهف القحطاني	ShamelaY19	96462	0.34275
		الصحيح من سيرة النبي الأعظم صلّى الله عليه وآله [ج ٢٧]	السيد جعفر مرتضى العاملي	Rafed	2633	0.34275
		مع المصطفي ( صلي الله عليه و آله و سلم )	عائشة عبدالرحمن بنت شاطي	Ghbook	5302	0.34273
		 التبرك 	 علي الأحمدي الميانجي 	ABLibrary	8374	0.34272
		أثر معاملة الرسول - صلى الله عليه وسلم - في نشر الدين الإسلامي	يحي البكري	ShamAY	35023	0.34271
		في سبيل العقيدة الإسلامية	عبد اللطيف بن علي بن أحمد بن محمد السلطاني القنطري الجزائري (المتوفى: 1404هـ)	ShamAY	31655	0.3427
		الشوري في الامامه	آيت الله علي حسيني ميلاني	Ghbook	4541	0.34266
		30 سببا لتنال رحمة الله تعالى	أبو عبد الرحمن سلطان علي	ShamAY	35137	0.34258
		المنازل المحاسنيّة في الرحلة الطرابلسيّة	يحيى بن أبي الصفا بن أحمد [ ابن محاسن ]	Rafed	2287	0.34258
		نحو منهج أمثل لتفسير القرآن مؤتمر ماليزيا	الواحدي	ShamAY	36903	0.34255
		دعاء الامام الحسين في يوم عاشوراء	نبيل الحسني	Ghbook	15255	0.34255
		مسند أبي حنيفة رواية الحصكفي	أبو حنيفة النعمان بن ثابت بن زوطي بن ماه (المتوفى: 150ه)	ShamelaY19	29120	0.34253
		الشوري في الامامه	آيت الله علي حسيني ميلاني	Ghbook	4797	0.34252
		صيد الخاطر	جمال الدين أبو الفرج عبد الرحمن بن علي بن محمد الجوزي (المتوفى: 597هـ)	ShamAY	12028	0.34251
		الحاكم الجشمي ومنهجه في التفسير	عدنان محمد زرزور	Sham19Y	37682	0.34249
		فاعتبروا يا اولي الابصار	آيت الله العظمي سيد محمد حسيني شيرازي	Ghbook	7770	0.34249
		مناهج المفسرين	عبدالحليم محمود	Ghbook	9472	0.34248
		رسائل و مقالات: تبحث في مواضيع فقهيه، اصوليه، كلاميه، تراجم، و مكاتبات و حورات م...	آيت الله العظمي جعفر سبحاني	Ghbook	7650	0.34245
		المتعتان بين النص و الاجتهاد، من كتاب الغدير للشيخ الاميني	طاهر موسوي	Ghbook	4553	0.34243
		نساء حول الرسول	محمد برهان	ShamAY	35831	0.34239
		الحاكم الجشمي ومنهجه في التفسير	عدنان محمد زرزور	ShamAY	1091	0.34239
		شبهات الرافضة حول الصحابة والخلفاء الراشدين	علي بن نايف الشحود	ShamAY	35272	0.34236
		مجالس في رحاب الإمام المعذّب في قعر السجون	الشيخ عبدالأمير عبدالزهره « أبو علي البصري »	Rafed	2567	0.34231
		البحر المحيط في التفسير	أبو حيان محمد بن يوسف بن علي بن يوسف بن حيان أثير الدين الأندلسي (المتوفى: 745هـ)	ShamAY	23591	0.34229
		سير الائمه ( عليهم السلام ) - في رحاب ائمه اهل البيت ( عليهم السلام ) - الامام ا...	محسن امين عاملي	Ghbook	4044	0.34229
		تراثنا ـ العددان [ 30 و 31 ]	مؤسسة آل البيت عليهم السلام لإحياء التراث ـ قم	Rafed	2783	0.34225
		الأحاديث الورادة في خبر القحطاني	فيصل سعيد محمد الصاعدي	ShamAY	431	0.34224
		الأماكن أو ما اتفق لفظه وافترق مسماه من الأمكنة	أبو بكر محمد بن موسى بن عثمان الحازمي الهمداني، زين الدين (المتوفى: 584هـ)	ShamAY	122	0.34219
		اجوبه علي اسئله بعض علماء الطالبان	علي كوراني	Ghbook	7515	0.34218
		بغية المتطوع في صلاة التطوع	محمد بن عمر بن سالم بازمول	ShamAY	9103	0.34216
		الأماكن أو ما اتفق لفظه وافترق مسماه من الأمكنة	محمد بن موسى الحازمي	Masaha	4107	0.34211
		الحياة السياسية للإمام الرضا(ع)	السيد جعفر مرتضى العاملي	Masaha	510	0.3421
		ذلك الشيخ الوقور	كمال السيد	Rafed	2803	0.34208
		شبهات الرافضة حول الصحابة رضي الله عنهم وردها	علي بن نايف الشحود	ShamAY	35271	0.34207
		الشيعه في القرآن	آيت الله العظمي حسيني	Ghbook	7966	0.34207
		رأي شيخ الإسلام ابن تيمية في التفاسير المطبوعة	بشير جواد القيسي :: ابن تيمية	ShamAY	34376	0.34206
		رسالة فيمن يدعي أن من ذرية العباس بن عبد المطلب رضي الله عنه حمزة الخلف	إبراهيم بن محمد بن محمود بن بدر، برهان الدين، أبو إسحاق الحلبي القبيباتي الشافعيّ الناجي (المتوفى: 900هـ)	ShamAY	27090	0.34198
		دراسات في علوم القرآن - محمد بكر إسماعيل	محمد بكر إسماعيل (المتوفى: 1426هـ)	ShamAY	10002	0.34198
		إخبار العلماء بأخبار الحكماء	جمال الدين أبو الحسن علي بن يوسف بن إبراهيم الشيباني القفطي (المتوفى: 646 هـ)	ShamAY	32322	0.34198
		موجز عن النهضه الحسينيه	آيت الله العظمي سيد محمد حسيني شيرازي	Ghbook	7850	0.34195
		المنهج العلمي لطلاب العلم الشرعي	أبو صفوان ذياب بن سعد بن علي بن حمدان بن أحمد بن محفوظ آل حمدان الغامدي الأزدي نسبا، ثم الطائفي مولدا	ShamAY	32420	0.34192
		توضيح المقاصد وتصحيح القواعد في شرح قصيدة الإمام ابن القيم	أحمد بن إبراهيم بن حمد بن محمد بن حمد بن عبد الله بن عيسى (المتوفى: 1327ه)	Sham19Y	6362	0.34191
		الترغيب والترهيب من الحديث الشريف	عبد العظيم بن عبد القوي بن عبد الله، أبو محمد، زكي الدين المنذري (المتوفى: 656 هـ)	ShamAY	32539	0.34189
		دلائل الصدق لنهج الحق [ج ٥]	الشيخ محمد حسن المظفر	Rafed	252	0.34189
		أحاديث لا تصح	سليمان بن صالح الخراشي	ShamAY	33055	0.34185
		لمحات في المكتبة والبحث والمصادر	محمد عجاج بن محمد تميم بن صالح بن عبد الله الخطيب	ShamAY	11365	0.34185
		بغيه النبلاء في تاريخ كربلاء	عبدالحسين الكليدار آل طعمه	Ghbook	5942	0.34185
		 بلاد العرب 	 الحسن بن عبد الله الأصفهاني 	ABLibrary	8969	0.34184
		الرد على من ذهب إلى تصحيح علم الغيب من جهة الحظ	أبو الوليد محمد بن أحمد بن رشد القرطبي (المتوفى: 520ه)	Sham19Y	6542	0.34178
		مختصر منهاج السنة	تقي الدين أبو العباس أحمد بن عبد الحليم بن عبد السلام بن عبد الله بن أبي القاسم بن محمد ابن تيمية الحراني الحنبلي الدمشقي (المتوفى: 728ه)	ShamelaY19	21512	0.34176
		مسائل الإمام أحمد بن حنبل رواية ابن أبي الفضل صالح [203هـ - 266هـ]	أبو عبد الله أحمد بن محمد بن حنبل بن هلال بن أسد الشيباني (المتوفى: 241هـ)	ShamAY	6106	0.34176
		المدرج إلى المدرج (مطبوع ضمن مجموعة رسائل في الحديث: المدرج الى المدرج للسيوطي، مسند المقلين عن الامراء والسلاطين لتمام الرازي)	عبد الرحمن بن أبي بكر، جلال الدين السيوطي (المتوفى: 911هـ)	ShamAY	5955	0.34173
		مفرج الكروب في أخبار بني أيوب	محمَّد بن سالم بن نصرالله بن سالم ابن واصل، أبو عبد الله المازني التميمي الحموي، جمال الدين (المتوفى: 697هـ)	ShamAY	32278	0.34173
		الترغيب والترهيب من الحديث الشريف	عبد العظيم بن عبد القوي بن عبد الله، أبو محمد، زكي الدين المنذري (المتوفى: 656 ه)	Sham19Y	13223	0.34173
		الخرائج و الجرائح - الجزء1	القطب الراوندي	Masaha	1018	0.34173
		حقائق عن الشيعه	آيت الله العظمي حسيني	Ghbook	8030	0.34171
		توضيح المقاصد وتصحيح القواعد في شرح قصيدة الإمام ابن القيم	أحمد بن إبراهيم بن حمد بن محمد بن حمد بن عبد الله بن عيسى (المتوفى: 1327هـ)	ShamAY	6362	0.34165
		المفهم لما أشكل من تلخيص كتاب مسلم	أبو العبَّاس أحمَدُ بنُ عُمَرَ بنِ إبراهيمَ الحافظ، الأنصاريُّ القرطبيُّ ت 656 هـ	ShamAY	35976	0.34158
		صور العناية بتعليم القرآن في المغرب العربي	أحمد الزهراني	ShamAY	36855	0.34157
		المسائل السروية	الشيخ المفيد	Masaha	4537	0.34148
		قواعد الأحكام في معرفة الحلال و الحرام - الجزء1	العلامة الحلي	Masaha	760	0.34146
		دلائل الامامه ( الامام الجواد عليه السلام )	طبري امامي ( صغير ) ابوجعفر محمد بن جرير بن رستم ( قرن 4و5 ق ) ( صاحب دلائل الامامه )	Ghbook	6485	0.34142
		المؤمن	الشيخ الحسين بن سعيد الكوفي الأهوازي	Rafed	18	0.3414
		تفسير سورة الفاتحة لابن رجب	أبو الفرج عبد الرحمن بن أحمد بن رجب الدمشقي الحنبلي (المتوفى: 795 ه)	ShamelaY19	29574	0.34138
		أحكام وضوابط العورات في الطب الإسلامي	الأستاذ الدكتور حسان حتحوت	ShamAY	36123	0.34136
		صلاح البيوت في جهد الرسول - صلى الله عليه وسلم	محمد علي محمد إمام	ShamAY	1175	0.34134
		ثم اهـتديت	د. محمد التيجاني السماوي	Masaha	227	0.34132
		حديث المنزلة	السيد علي الحسيني الميلاني	Masaha	234	0.34132
		صَحِيحُ التَّرْغِيب وَالتَّرْهِيب	محمد ناصر الدين الألباني	ShamAY	32126	0.34131
		شرح السنة معتقد إسماعيل بن يحيى المزني	إسماعيل بن يحيى بن إسماعيل، أبو إبراهيم المزني (المتوفى: 264هـ)	ShamAY	6484	0.34127
		نسخة السري بن سهل	السري بن سهل الجنديسابوري (المتوفى: 346ه)	ShamelaY19	28851	0.34124
		سبع مسائل فقهيه	آيت الله العظمي جعفر سبحاني	Ghbook	7658	0.34122
		التصريح بما تواتر في نزول المسيح	محمد أنور شاه بن معظم شاه الكشميري الهندي (المتوفى: 1353هـ)	ShamAY	8575	0.34119
		الانتصار للقرآن 	ابوبكر محمد بن طيب باقلاني	Ghbook	2849	0.34119
		كف الرعاع عن محرمات اللهو والسماع	أحمد بن محمد بن علي بن حجر الهيتمي السعدي الأنصاري، شهاب الدين شيخ الإسلام، أبو العباس (المتوفى: 974ه)	ShamelaY19	37886	0.34118
		تراثنا ـ العددان [ 79 و 80 ]	مؤسسة آل البيت عليهم السلام لإحياء التراث ـ قم	Rafed	3603	0.34117
		جمع الفوائد من جامع الأصول ومجمع الزوائد	محمد بن محمد بن سليمان بن الفاسي بن طاهر السوسي الردواني المغربي المالكي (المتوفى: 1094ه)	ShamelaY19	36446	0.34111
		 المنازل المحاسنية في الرحلة الطرابلسية 	 ابن محاسن 	ABLibrary	9231	0.3411
		محاضرات في الاعتقادات - الجزء1	السيد علي الحسيني الميلاني	Masaha	401	0.3411
		المعونة على مذهب عالم المدينة «الإمام مالك بن أنس»	أبو محمد عبد الوهاب بن علي بن نصر الثعلبي البغدادي المالكي (المتوفى: 422هـ)	ShamAY	31806	0.34109
		ألوية النصر في الرد على خوارج العصر	سعود بن صالح السعدي	ShamAY	37779	0.34108
		 إلى المجمع العلمي العربي بدمشق 	 السيد شرف الدين 	ABLibrary	8679	0.34108
		سبع مسائل فقهية	الشيخ جعفر السبحاني	Masaha	298	0.34104
		مطالع التمام ونصائح الأنام ومنجاة الخواص والعوام في رد إباحة إغرام ذوي الجنايات والإجرام زيادة على ما شرع الله من الحدود والأحكام	القاضي أبي العباس أحمد الشماع الهنتاتي (ت 833هـ)	ShamAY	36197	0.34103
		مُسكّن الفؤاد عند فقد الأحبّة والأولاد	الشهيد الثاني	Masaha	4835	0.34101
		الأخلاق النبوية في الصراعات السياسية والعسكرية	الحموي، ياقوت	ShamAY	36107	0.34099
		منهج الشيعة في فضائل وصي خاتم الشريعة	السيد جلال الدين الحسيني	Masaha	445	0.34098
		الدرر اللوامع في شرح جمع الجوامع	شهاب الدين أحمد بن إسماعيل الكوراني (812 - 893 ه)	Sham19Y	132415	0.34093
		المنتقى شرح الموطإ	أبو الوليد سليمان بن خلف بن سعد بن أيوب بن وارث التجيبي القرطبي الباجي الأندلسي (المتوفى: 474هـ)	ShamAY	6684	0.34087
		التوهم في وصف أحوال الآخرة	الحارث بن أسد المحاسبي، أبو عبد الله (المتوفى: 243هـ)	ShamAY	21799	0.34085
		القول المبين في أخطاء المصلين	أبو عبيدة مشهور بن حسن بن محمود آل سلمان	ShamAY	8855	0.34081
		الهمة طريق إلى القمة	مُحَمَّد بن حَسَن بْن عَقيل مُوسَى الشَّريْف	ShamAY	330	0.3408
		غذاء الألباب في شرح منظومة الآداب	شمس الدين، أبو العون محمد بن أحمد بن سالم السفاريني الحنبلي (المتوفى : 1188هـ)	ShamAY	25791	0.34074
		هداية الحيارى في أجوبة اليهود والنصارى	محمد بن أبي بكر أبو عبد الله	ShamAY	34429	0.3407
		مصدر التشريع عند مذهب الجعفريّة	محمّد باب العلوم	Rafed	1193	0.34069
		البدر الزاهر في صلاه الجمعه و المسافر	آيت الله العظمي سيد حسين طباطبايي بروجردي	Ghbook	11120	0.34063
		حديث لوين المصيصي	أبو جعفر محمد بن سليمان بن حبيب بن جبير الأسدي المصيصي المعروف بـ لوين (المتوفى: 245هـ)	ShamAY	29848	0.34058
		الأحاديث القدسية الأربعينية ت عبد العزيز مختار	علي بن (سلطان) محمد، أبو الحسن نور الدين الملا الهروي القاري (المتوفى: 1014ه)	ShamelaY19	37652	0.34056
		التكملة والذيل والصلة لكتاب تاج اللغة وصحاح العربية	الحسن بن محمد بن الحسن الصغاني (المتوفى: 650 ه)	Sham19Y	18254	0.34052
		قضاء حقوق المومنين	حسين بن طاهر صوري	Ghbook	4636	0.3405
		العقد المفصل في قبيلة المجد المؤثل	حيدر بن سليمان بن داود الحلي الحسيني (المتوفى: 1304هـ)	ShamAY	5448	0.34042
		كتاب صفة الصلاة من شرح العمدة للإمام موفق الدين ابن قدامة	تقي الدين أبو العباس أحمد بن عبد الحليم بن عبد السلام بن عبد الله بن أبي القاسم بن محمد ابن تيمية الحراني الحنبلي الدمشقي (المتوفى: 728 ه)	Sham19Y	17073	0.34042
		الإفادات والإنشادات	إبراهيم بن موسى بن محمد اللخمي الغرناطي الشهير بالشاطبي (المتوفى: 790هـ)	ShamAY	584	0.34038
		الناسخ والمنسوخ - وتنزيل القرآن بمكة والمدينة	محمد بن مسلم بن عبد الله بن شِهَاب الزهري (المتوفى: 124هـ)	ShamAY	1210	0.34038
		السّلام في القرآن والحديث	الشيخ محمد الغروي	Rafed	289	0.34033
		زغل العلم	شمس الدين أبو عبد الله محمد بن أحمد بن عثمان بن قَايْماز الذهبي (المتوفى: 748هـ)	ShamAY	6342	0.34031
		جزء من حديث خيثمة الأطرابلسي	أبو الحسن خيثمة بن سليمان بن حيدرة بن سليمان القرشي الشامي الأطرابلسي (المتوفى: 343هـ)	ShamAY	29862	0.3403
		الرحلات المغربية والأندلسية	عواطف محمّد يونس نواب	Rafed	2258	0.34027
		نزول القران الكريم وتاريخه وما يتعلق به	الدكتور محمد عمر حويه	ShamAY	12112	0.34023
		إلى المجمع العلمي العربي بدمشق	السيد عبدالحسين شرف الدين الموسوي	Rafed	3436	0.34022
		الرسول الاعظم (ص) مع خلفائه	مهدي قرشي	Ghbook	5278	0.34022
		حياة الإمام الحسين عليه السلام [ج ٢]	باقر شريف القرشي	Rafed	1613	0.3402
		من قتل الحسين رضي الله عنه ؟	عبد الله بن عبد العزيز	ShamAY	35690	0.34019
		الإمام محمد بن عبد الوهاب دعوته وسيرته	عبد العزيز بن عبد الله بن باز (المتوفى: 1420هـ)	ShamAY	30914	0.34017
		التوضيح لمباحث المنظومة المبيقونية في علوم الحديث	الدكتور عبد الله جاسم الجنابي	ShamAY	37337	0.34016
		موجز عن الفتوحات الإسلامية	د طه عبد المقصود عبد الحميد أبو عُبيَّة	ShamAY	9990	0.34014
		العلاقة المثلى بين الدعاة ووسائل الإتصال الحديثة في ضوء الكتاب والسنة	د. سعيد بن علي بن وهف القحطاني	Sham19Y	96470	0.34013
		رد شبهات حول عصمة النبى صلى الله عليه وسلم فى ضوء السنة النبوية الشريفة	عماد السيد محمد إسماعيل الشربينى	ShamAY	1824	0.34012
		 غاية المرام بأخبار سلطنة البلد الحرام 	 عبد العزيز بن عمر ابن فهد 	ABLibrary	9149	0.34011
		الفتح العمري للقدس نموذج للدعوة بالعمل والقدوة	شفيق جاسر أحمد محمود	ShamAY	8851	0.34009
		أضواء على التقيّة	السيد علي الحسيني الصدر	Rafed	1769	0.34007
		معجم ما استعجم من أسماء البلاد والمواضع [ج ٣]	أبي عبيد عبد الله بن عبد العزيز البكري الأندلسي	Rafed	2537	0.34006
		عمدة الأحكام ت الزهيري	عبد الغني بن عبد الواحد بن علي بن سرور المقدسي الجماعيلي الدمشقي الحنبلي، أبو محمد، تقي الدين (المتوفى: 600هـ)	ShamAY	32112	0.34004
		فتاوى اللجنة الدائمة - المجموعة الثانية	اللجنة الدائمة للبحوث العلمية والإفتاء	ShamelaY19	21772	0.33996
		شرح أصول السنة للإمام أحمد للشيخ عمر الحربي		ShamAY	35425	0.33994
		لمحة عن الفرق الضالة	صالح الفوزان	ShamAY	35579	0.33994
		الكلام على مسألة السماع	أبو عبد الله محمد بن أبي بكر بن أيوب ابن قيم الجوزية (المتوفى: 751 هـ)	ShamAY	38482	0.33992
		تحرير الكلام في مسائل الالتزام	الرعيني، الحطاب	ShamAY	34234	0.33988
		سيد البطحاء ابوطالب ( عليه السلام )	المجمع العالمي لاهل البيت عليهم السلام	Ghbook	7660	0.33986
		العناية بالقرآن الكريم في العهد النبوي الشريف	يوسف بن عبد الله الحاطي	ShamAY	8515	0.33983
		مدافع الفقهاء التطرف بين فقهاء السلف و فقهاء الخلف	صالح ورداني	Ghbook	7703	0.3398
		مساله فدك	آيت الله علي حسيني ميلاني	Ghbook	4792	0.33976
		الأدلة الرضية لمتن الدرر البهية في المسائل الفقهية	أبو مصعب محمد صبحي بن حسن حلاق	ShamAY	6400	0.33974
		تفسير اهل البيت عليهم السلام	نجاح الطائي	Ghbook	15823	0.33972
		دلائل الأثر على تحريم التمثيل بالشعر	حمود بن عبد الله بن حمود بن عبد الرحمن التويجري (المتوفى: 1413هـ)	ShamAY	32269	0.3397
		السِّيرةُ النّبوية - عرضُ وقائع وَتحليل أحدَاث	عَلي محمد محمد الصَّلاَّبي	ShamAY	168	0.3397
		فضائل آل الرسول ( صلي الله عليه و آله و سلم ) من الصواعق المحرقه ( لابن حجر المك...	آيت الله العظمي سيد محمد حسيني شيرازي	Ghbook	8082	0.33968
		كشف أسرار الباطنية وأخبار القرامطة	أبو عبد الله محمد بن مالك بن أبي الفضائل الحمادي المعافري اليماني (المتوفى: نحو 470هـ)	ShamAY	1283	0.33966
		الصناعتين: الكتابة والشعر	أبو هلال الحسن بن عبد الله بن سهل بن سعيد بن يحيى بن مهران العسكري (المتوفى: نحو 395ه)	ShamelaY19	23787	0.33965
		مسألة فى المرابطة بالثغور أفضل أم المجاورة بمكة شرفها الله تعالى	تقي الدين أبو العباس أحمد بن عبد الحليم بن عبد السلام بن عبد الله بن أبي القاسم بن محمد ابن تيمية الحراني الحنبلي الدمشقي (المتوفى: 728هـ)	ShamAY	11578	0.33965
		فقهيات بين السنه و الشيعه	عاطف سلام	Ghbook	7683	0.33962
		عدة الصابرين وذخيرة الشاكرين	محمد بن أبي بكر بن أيوب بن سعد شمس الدين ابن قيم الجوزية (المتوفى: 751هـ)	ShamAY	11274	0.33958
		الحجج اللطاف في الرد على الغماري والسقاف	محمد عادل ملاح	ShamAY	36382	0.33955
		بزوغ الهلال في الخصال الموجبة للظلال	عبد الرحمن بن أبي بكر، جلال الدين السيوطي (المتوفى: 911هـ)	ShamAY	213	0.33954
		زهير بن القين	سيد علي جمال أشرف	Ghbook	16568	0.33951
		فقه أشراط الساعة	محمد بن أحمد بن إسماعيل المقدم	ShamAY	31964	0.33949
		الرد القويم على المجرم الأثيم	حمود بن عبد الله بن حمود بن عبد الرحمن التويجري (المتوفى: 1413هـ)	ShamAY	32270	0.33947
		رسالة الشرك ومظاهره	مبارك بن محمد الميلي الجزائري (المتوفى: 1364هـ)	ShamAY	625	0.33943
		 ختم الأولياء 	 الحكيم الترمذي 	ABLibrary	8693	0.33943
		المجالس السنيه في مناقب و مصائب العتره النبويه ( الامام الصادق عليه السلام )	محسن امين عاملي	Ghbook	6242	0.33939
		مباحث في علوم القرآن لمناع القطان	مناع بن خليل القطان (المتوفى: 1420هـ)	ShamAY	11368	0.3393
		الأساس في السنة وفقهها - العبادات في الإسلام	سعيد حوّى (المتوفى 1409 هـ)	ShamAY	38487	0.33924
		أَطْوَاقُ الحمَامَة في حَمل الصَّحابةِ عَلى السَّلامة	أبو إدريس يحيى بن حمزة بن علي بن إبراهيم، الزيدي الحسيني العلويّ الطالبي الملقب بالمؤيد باللَّه (المتوفى: 745هـ)	ShamAY	1057	0.33924
		تأويل مشكل القرآن	أبي محمّد عبدالله بن مسلم بن قتيبة الدينوري	Rafed	3792	0.33916
		الفصول المهمه في معرفه الائمه (الامام الحسن عليه السلام)	ابن صباغ علي بن محمد	Ghbook	6096	0.33913
		فصول من تاريخ المدينة المنورة	علي حافظ	ShamAY	38420	0.33907
		إرشاد السالك إلى أفعال المناسك	برهان الدين إبراهيم بن فرحون المدني المالكي (المتوفى: 799 ه / 1397 م)	ShamelaY19	132974	0.33906
		تعريب كامل البهائي - الجزء1	عماد الدين الطبري‏	Masaha	2883	0.33906
		كشف الستور في نهي النساء عن زيارة القبور	حماد بن محمد الأنصاري الخزرجي السعدي (المتوفى: 1418هـ)	ShamAY	5046	0.33905
		المفصل في تخريج حديث افتراق الأمة	علي بن نايف الشحود	ShamAY	33073	0.33903
		الفوائد المنتقاة من حديث مثل القائم	عبد الآخر الغنيمي	ShamAY	35978	0.33903
		أسباب ورود الحديث ((تحليل و تأسيس))	الدكتور محمد رأفت سعيد	ShamAY	37332	0.33902
		مقالات الطناحي (صفحات في التراث والتراجم واللغة والأدب) = مقالات العلامة الدكتور محمود محمد الطناحي	محمود محمد الطناحي، أبو أروى (المتوفى: 1419 ه)	ShamelaY19	148533	0.33901
		شرح الفصول النصيرية	عبد الوهاب بن علي الاسترآبادي	Ghbook	15258	0.33899
		عجالة المعرفة في اصول الدين	الشيخ ظهير الدين الراوندي	Masaha	338	0.33898
		علي ( عليه السلام ) في القرآن	مرتضي عسكري	Ghbook	7677	0.33898
		ندوة علوم الحديث علوم وآفاق	بحوث لمجموعة من المؤلفين	Sham19Y	1398	0.33896
		عدة الصابرين وذخيرة الشاكرين	محمد بن أبي بكر أيوب الزرعي أبو عبد الله	ShamAY	34428	0.33895
		تفسير سورة الفاتحة لابن رجب	أبو الفرج عبد الرحمن بن أحمد بن رجب الدمشقي الحنبلي (المتوفى: 795 ه)	Sham19Y	29574	0.33892
		موسوعة الأسئلة العقائديّة [ج ٤]	مركز الأبحاث العقائديّة	Rafed	1389	0.33891
		العقيقة في الفقه الإسلامي	مريم إبراهيم هندي	ShamAY	36393	0.33888
		قواعد مهمة في الأمر بالمعروف والنهي عن المنكر على ضوء الكتاب والسنة	د. حمود بن أحمد الرحيلي	ShamAY	1980	0.33888
		الفوائد المدنيّة	محمّد أمين الإسترابادي	Rafed	1325	0.33888
		رأس الحسين	تقي الدين أبو العباس أحمد بن عبد الحليم بن تيمية الحراني (المتوفى: 728هـ)	ShamAY	892	0.33886
		النصيحة بالتحذير من تخريب «ابن عبد المنان» لكتب الأئمة الرجيحة وتضعيفه لمئات الأحاديث الصحيحة	محمد ناصر الدين الألباني	ShamelaY19	150846	0.33884
		الايات الناسخه و المنسوخه	علي بن الحسين شريف مرتضي ( سيد مرتضي )	Ghbook	2790	0.33884
		الصحابه في حجمهم الحقيقي	بن علي هاشمي	Ghbook	4543	0.33882
		ما اخفاه الرواه من ليله المبيت علي فراش النبي صلي الله عليه وآله وسلم	نبيل قدوري الحسني	Ghbook	12321	0.33877
		الا علي او اصلب من الايام	كمال السيد	Ghbook	8374	0.33877
		 بحار الأنوار 	 العلامة المجلسي 	ABLibrary	767	0.33871
		مجتمع المدينة في عهد الرسول صلى الله عليه وسلم	عبد الله بن عبد العزيز بن إدريس	ShamAY	38426	0.33867
		الكافي [ج ١٠]	أبو جعفر محمّد بن يعقوب الكليني الرازي	Rafed	1129	0.33865
		إثبات علو الله ومباينته لخلقه والرد على من زعم أن معية الله للخلق ذاتية	حمود بن عبد الله بن حمود بن عبد الرحمن التويجري (المتوفى: 1413هـ)	ShamAY	32258	0.33864
		المحرر في علوم القرآن	د مساعد بن سليمان بن ناصر الطيار	ShamAY	31797	0.33855
		المنور في راجح المحرر	تقي الدين أحمد بن محمّد بن عليّ البغدادي، المقرئ الأَدَمي الحنبلي (المتوفى: حوالي 749 هـ)	ShamAY	32441	0.33854
		الدر الثمين في معالم دار الرسول الأمين صلى الله عليه وسلم	غالي الشنقيطي	ShamAY	38442	0.3385
		الحدائق الناضرة [ج ١٨]	الشيخ يوسف بن أحمد البحراني [ صاحب الحدائق ]	Rafed	2870	0.33847
		الامام زين العابدين عليه السلام قدوه الصالحين	آيت الله العظمي سيد محمد حسيني شيرازي	Ghbook	6351	0.33847
		ثورة الحسين ظروفها الإجتماعيّة وآثارها الإنسانيّة	الشيخ محمّد مهدي شمس الدّين	Rafed	1552	0.33846
		شرح أبيات سيبويه [ج ٢]	أبي محمّد يوسف بن أبي سعيد السيرافي	Rafed	2244	0.33845
		جامع المسائل لابن تيمية ط عالم الفوائد - المجموعة السابعة	شيخ الإسلام أحمد بن عبد الحليم بن عبد السلام ابن تيمية (661 - 728 هـ)	ShamAY	37973	0.33841
		التوضيحات الجلية، لأبيات البردة المردية	محمد بوخبزة	ShamAY	35696	0.33841
		بحار الأنوار [ج ١٤]	الشيخ محمّد باقر بن محمّد تقي المجلسي	Rafed	851	0.33839
		 المواهب اللدنية بالمنح المحمدية 	 الشيخ أحمد بن محمد القسطلانى 	ABLibrary	7803	0.33834
		الزواج الموقت في الاسلام	مرتضي عسكري	Ghbook	6732	0.33834
		 عبقات الأنوار في إمامة الأئمة الأطهار ( فارسي ) 	 السيد حامد النقوي 	ABLibrary	8503	0.33833
		تراثنا ـ العددان [ 71 و 72 ]	مؤسسة آل البيت عليهم السلام لإحياء التراث ـ قم	Rafed	3304	0.33832
		كنز العرفان في فقه القرآن [ج ١]	جمال الدين مقداد بن عبد الله السيوري الحلّي	Rafed	1262	0.33831
		بحار الأنوار [ج ١٠٢]	الشيخ محمّد باقر بن محمّد تقي المجلسي	Rafed	1513	0.33825
		المفصل في أحكام الهجرة	الواحدي :: علي بن نايف الشحود	ShamAY	36097	0.33821
		 أدب الطف أو شعراء الحسين ( ع ) 	 جواد شبر 	ABLibrary	7400	0.3382
		النظر الفسيح عند مضائق الأنظار في الجامع الصحيح	محمد الطاهر ابن عاشور	ShamelaY19	133359	0.33819
		الداء والدواء = الجواب الكافي ط عالم الفوائد	أبو عبدالله محمد بن أبي بكر بن أيوب ابن قيم الجوزية (691 - 751)	ShamelaY19	98093	0.33819
		الأخبار النبوية الفاصلة في الأحداث العالمية المقبلة	محمد أحمد عبد الغني	ShamAY	36491	0.33818
		غاية المريد شرح كتاب التوحيد	د. عبد الرحمن بن عبد العزيز العقل	ShamelaY19	145172	0.33816
		ما له حكم الرفع من أقوال الصحابة وأفعالهم	أبو ياسر محمد بن مطر بن عثمان آل مطر الزهراني (المتوفى: 1427هـ)	ShamAY	11367	0.33815
		الإفصاح عن معاني الصحاح	يحيى بن (هُبَيْرَة بن) محمد بن هبيرة الذهلي الشيبانيّ، أبو المظفر، عون الدين (المتوفى: 560هـ)	ShamAY	31846	0.33812
		مسكن الفواد في فقد الاحبه و الاولاد	شيخ زين الدين عاملي شهيد ثاني	Ghbook	16506	0.33809
		العقد الثمين في شرح أحاديث أصول الدين	حسين بن غنام (أو ابن أبي بكر بن غنام) النجدي الأحسائي المالكي (المتوفى: 1225ه)	Sham19Y	8514	0.33806
		العقد الثمين في شرح أحاديث أصول الدين	حسين بن غنّام (أو ابن أبي بكر بن غنام) النجدي الأحسائي المالكي (المتوفى: 1225هـ)	ShamAY	8514	0.33801
		أذكار الجهاد و الدعاء على الكفار الصحيحة	وَائِلُ بْنُ عَلِيٍّ الدِّسُوقِيُّ	ShamAY	35151	0.338
		جمهرة مقالات العلامة الشيخ أحمد محمد شاكر - مع أهم تعقبات الشيخ على دائرة المعارف الإسلامية	أحمد محمد شاكر	Sham19Y	20642	0.33798
		أخبار الراضي بالله والمتقي لله = تاريخ الدولة العباسية، من كتاب الأوراق	أبو بكر محمد بن يحيى بن عبد الله الصولي (المتوفى: 335ه)	Sham19Y	8184	0.33796
		وجوب محبة النبي صلى الله عليه وسلم وأصحابه	العلامة الشيخ عبد الرزاق عفيفي	ShamAY	35588	0.33793
		إلى المجمع العالمي بدمشق	السيد عبد الحسين شرف الدين	Masaha	83	0.33793
		القراءة خلف الإمام للبخاري - ط الصميعي	محمد بن إسماعيل البخاري	ShamAY	38117	0.33791
		ندوة علوم الحديث علوم وآفاق	بحوث لمجموعة من المؤلفين	ShamAY	38477	0.3379
		الرد على الدكتور عبد الواحد وافي في كتابه بين الشيعة وأهل السنة	إحسان إلهي ظهير الباكستاني (المتوفى: 1407ه)	ShamelaY19	37553	0.33789
		ظاهرة الإرجاء في الفكر الإسلامي	سفر الحوالي	ShamelaY19	23586	0.33787
		أبوبكر الصديق رضي الله عنه شخصيته وعصره	علي محمد الصلابي	ShamAY	35785	0.33787
		ابن تيميّة وامامة علي عليه السلام	السيّد علي الحسيني الميلاني	Rafed	91	0.33787
		شرح ألفية العراقي في علوم الحديث	عبد الرحمن بن أبي بكر بن محمد، زين الدين المعروف بابن العيني الحنفي (المتوفى: 893ه)	ShamelaY19	96618	0.33786
		تاريخ بخارى / تعريب	أبو بكر محمد بن جعفر النرشخي (المتوفى: 348 هـ)	ShamAY	33828	0.33786
		تطور كتابة المصحف الشريف وطباعته	أ. د/ محمد سالم بن شديد العوفي	ShamAY	5465	0.33785
		تصحيح القراءة في نهج البلاغة	الشيخ خالد البغدادي	Rafed	1255	0.33782
		استدراك وتعقيب على الشيخ شعيب الأرنؤوط في تأويله بعض أحاديث الصفات	خالد بن عبد الرحمن بن حمد الشايع	Sham19Y	122231	0.33778
		المُفصَّلُ في علوم الحديث	علي بن نايف الشحود	ShamAY	37295	0.33777
		الآيات البينات في عدم سماع الأموات على مذهب الحنفية السادات	نعمان بن محمود الألوسي (المتوفى: 1317هـ)	ShamAY	247	0.33777
		فتح العلام بشرح الإعلام بأحاديث الأحكام	شيخ الإسلام أبو يحيى زكريا الأنصاري الشافعي الخزرجي (المتوفى: 925 ه)	ShamelaY19	20590	0.33776
		الخلاصة في آفات اللسان	علي بن نايف الشحود	ShamAY	34859	0.33773
		التعرف لمذهب أهل التصوف	أبو بكر محمد بن أبي إسحاق بن إبراهيم بن يعقوب الكلاباذي البخاري الحنفي (المتوفى: 380ه)	Sham19Y	6518	0.33768
		آثَار الشّيخ العَلّامَة عَبْد الرّحمن بْن يحْيَي المُعَلّمِيّ اليَماني	عبد الرحمن المعلمي اليماني	ShamAY	31839	0.33765
		مكتبه العلامه الحلي	عبدالعزيز طباطبايي	Ghbook	7075	0.33764
		دحر افتراءات أهل الزيغ والارتياب عن دعوة الإمام محمد بن عبدالوهاب "رحمه الله" (نقد لحسن المالكي)	ربيع بن هادي المدخلي	ShamAY	33021	0.33761
		السلطان المفرج عن أهل الإيمان فيمن رأى صاحب الزمان(عج)	علي بن علي بن محمد الفقعاني	Masaha	2040	0.3376
		الفوائد المدنية و بذيله الشواهد المكية	السيد نور الدين العاملي	Masaha	1264	0.33757
		لأكون مع الصادقين	د. محمد التيجاني السماوي	Masaha	388	0.33756
		 شرح فروع الكافي 	 محمد هادي المازندراني 	ABLibrary	9344	0.33755
		الروض الفسيح في بيان الفوارق بين المهدي والمسيح	الشيخ محمد باقر الالهي	Masaha	287	0.33755
		بذل المجهود في تحرير أسئلة تغير النقود	شمس الدين محمد بن عبد الله بن أحمد، الخطيب العمري التمرتاشي الغزي الحنفي (المتوفى: 1004 هـ)	ShamAY	436	0.33754
		تَكْمِلَةُ الجَامِع لِسِيْرَةِ شَيْخِ الإِسْلَامِ ابْن تَيْمِيَّة خِلَال سَبْعَة قرُون	علي بن محمد بن حسين العِمران	ShamAY	38478	0.33752
		مقدمه كاظم بن الحسين الشانه چي علي الصحيفه السجاديه ( بروايه ابن مالك )	كاظم مدير شانه چي	Ghbook	6399	0.33752
		الصحابة في القرآن والسُنّة والتأريخ	مركز الرسالة	Masaha	325	0.33751
		جزء سعدان	سعدان بن نصر بن منصور، أبو عثمان الثقفي المخرمي البزاز (المتوفى: 265هـ)	ShamAY	1365	0.3375
		الصلاة للامام أحمد	الإمام أحمد بن حنبل	ShamAY	35233	0.33749
		كشف اليقين في فضائل أمير المؤمنين(ع)	العلامة الحلي	Masaha	385	0.33748
		دلائل الصدق لنهج الحق [ج ٧]	الشيخ محمد حسن المظفر	Rafed	1598	0.33748
		التفسير و المفسرون 	محمد حسين ذهبي	Ghbook	4807	0.33748
		 أعلام النبوة 	 علي بن محمد البغدادي الماوردي 	ABLibrary	8340	0.33747
		الرد على من قال بفناء الجنة والنار وبيان الأقوال في ذلك	تقي الدين أبو العباس أحمد بن عبد الحليم بن عبد السلام بن عبد الله بن أبي القاسم بن محمد ابن تيمية الحراني الحنبلي الدمشقي (المتوفى: 728هـ)	ShamAY	2908	0.33746
		المسائل النحوية والصرفية في شرح أبي العلاء المعري على ديوان ابن أبي حصينة	هاني القزاز	ShamAY	37054	0.33743
		أهم صناعات الجاهليين كما تبدت في أشعارهم	د. حمدي منصور	ShamAY	35920	0.3374
		التدريب في الفقه الشافعي المسمى ب «تدريب المبتدي وتهذيب المنتهي»	سراج الدين أبي حفص عمر بن رسلان البلقيني الشافعي	ShamelaY19	19230	0.33738
		أخبار الراضي بالله والمتقي لله = تاريخ الدولة العباسية، من كتاب الأوراق	أبو بكر محمد بن يحيى بن عبد الله الصولي (المتوفى: 335هـ)	ShamAY	8184	0.33735
		السّلطان المفرّج عن أهل الإيمان	السيد بهاء الدين علي بن عبد الكريم النيلي النجفي	Rafed	750	0.33731
		جمهرة الأمثال	أبو هلال الحسن بن عبد الله بن سهل بن سعيد بن يحيى بن مهران العسكري (المتوفى: نحو 395هـ)	ShamAY	6897	0.33728
		إمامة بقيّة الأئمّة عليهم السلام	السيّد علي الحسيني الميلاني	Rafed	1557	0.33728
		السنة النبوية وحي من الله محفوظة كالقرآن الكريم	الحسين بن محمد آيت سعيد	ShamAY	7599	0.33725
		تاج المواليد	الشيخ ابو علي الفضل بن الحسن الطبرسي	Masaha	1949	0.33725
		الأذكار للنووي ت الأرنؤوط	أبو زكريا محيي الدين يحيى بن شرف النووي (المتوفى: 676ه)	Sham19Y	1956	0.33722
		 موسوعة الإمام أمير المؤمنين على بن أبى طالب ( ع ) 	 الشيخ باقر شريف القرشي 	ABLibrary	7815	0.33722
		الاجابات الواضحات لسوالات القرائات 	احمد محمود عبد السميع شافعي حفيان	Ghbook	2794	0.33721
		 معرفة الإمام 	 السيد محمد حسين الطهراني 	ABLibrary	8885	0.33719
		 الملل والنحل 	 عبد القاهر بن طاهر البغدادي 	ABLibrary	8642	0.33719
		في رحاب وليد الكعبة	السيد عادل العلوي	Masaha	344	0.33718
		توضيح الرشاد في تاريخ حصر الاجتهاد	الشيخ آقا بزرك الطهراني	Masaha	3620	0.33715
		صلاح البيوت في جهد الرسول - صلى الله عليه وسلم	محمد علي محمد إمام	ShamelaY19	37831	0.33713
		الأذكار للنووي - ط الفكر	يحيى بن شرف النووي	ShamAY	33747	0.33706
		الداني مفسراً من خلال كتابه : (المكتفى في الوقف والابتدا)	السالم الشنقيطي	ShamAY	36826	0.33705
		مقتل الشيخ جميل الرحمن الأفغاني، ومعه (حول كلمة وهابي)	أبو عبد الرحمن مقبل بن هادي بن مقبل بن قائدة (اسم رجل) الهمداني الوادعي (المتوفى: 1422ه)	ShamelaY19	96789	0.33702
		 كيفية السلوك إلى رب العالمين 	 الحكيم الترمذي 	ABLibrary	8697	0.33702
		بحوث في مباني علم الرجال	محمّد صالح التبريزي	Rafed	2651	0.33701
		وجوب العمل بسنة الرسول صلى الله عليه وسلم وكفر من أنكرها	عبد العزيز بن عبد الله بن باز (المتوفى: 1420ه)	ShamelaY19	30889	0.337
		 في رحاب أهل البيت ( ع ) 	 لجنة بحوث المجمع العالمي لأهل البيت ( ع ) 	ABLibrary	8551	0.337
		شرح التّسهيل المسمّى تمهيد القواعد بشرح تسهيل الفوائد [ج ١]	محمّد بن يوسف بن أحمد [ ناظر الجيش ]	Rafed	1881	0.337
		آراء الإمام أبي الحسن الأشعري في رسالته إلى أهل الثغر	موسى بن محمد هجاد :: موسى هجاد	ShamAY	35712	0.33695
		الصحابة في القرآن والسنّة والتاريخ	الناشر: مركز الرسالة	Rafed	119	0.33692
		جزء في زيارة النساء للقبور	بكر بن عبد الله أبو زيد	ShamAY	34322	0.33691
		التبرك	علي احمدي ميانجي	Ghbook	3346	0.33685
		نساء النبي صلى الله عليه وآله وسلم	السيد الجميلى	ShamelaY19	23687	0.33679
		مختصر منهاج السنة	تقي الدين أبو العباس أحمد بن عبد الحليم بن عبد السلام بن عبد الله بن أبي القاسم بن محمد ابن تيمية الحراني الحنبلي الدمشقي (المتوفى: 728هـ)	ShamAY	21512	0.33678
		الرسائل الفقهيّة [ج ١]	محمد اسماعيل بن الحسين بن محمد رضا المازندراني الخاجوئي	Rafed	1384	0.33678
		حقوق النبي صلى الله عليه وسلم على أمته في ضوء الكتاب والسنة	محمد بن خليفة بن علي التميمي	ShamAY	2275	0.33675
		التكملة والذيل والصلة لكتاب تاج اللغة وصحاح العربية	الحسن بن محمد بن الحسن الصغاني (المتوفى: 650 هـ)	ShamAY	38957	0.33674
		الفتوى الحموية الكبرى	تقي الدين أبو العَباس أحمد بن عبد الحليم بن عبد السلام بن عبد الله بن أبي القاسم بن محمد ابن تيمية الحراني الحنبلي الدمشقي (المتوفى: 728هـ)	ShamAY	18381	0.33672
		الحياة السياسية للامام الحسن عليه السلام	السيد جعفر مرتضى العاملي	Rafed	108	0.33661
		... ومن الحوار اكتشفت الحقيقة	الأستاذ هشام آل قطيط	Masaha	487	0.33657
		تاريخ القرآن الكريم	محمد طاهر بن عبد القادر الكردي المكي الشافعي الخطاط (المتوفى: 1400ه)	Sham19Y	2228	0.33653
		تاريخ العقيده الشيعيه و فرقها	فضل الله زنجاني	Ghbook	13985	0.33653
		إمامة بقيّة الأئمّة عليهم السلام	السيّد علي الحسيني الميلاني	Rafed	1174	0.33652
		جمهرة مقالات العلامة الشيخ أحمد محمد شاكر - مع أهم تعقبات الشيخ على دائرة المعارف الإسلامية	أحمد محمد شاكر	ShamAY	38847	0.3365
		ثم أبصرت الحقيقة	محمد سالم الخضر	ShamAY	31977	0.33646
		شفاء العليل في مسائل القضاء والقدر والحكمة والتعليل	محمد بن أبي بكر بن أيوب بن سعد شمس الدين ابن قيم الجوزية (المتوفى: 751ه)	Sham19Y	12021	0.33645
		دعائم الإسلام - الجزء1	ابو حنيفة	Masaha	996	0.33645
		الأربعون النووية (مع زيادات ابن رجب رحمهما الله)	محيي الدين النووي (631 - 676 ه) وابن رجب الحنبلي (736 - 795 ه)	Sham19Y	147927	0.33642
		رحلة المكانسي‏	محمد بن عبد الوهاب المكانسي	Masaha	4382	0.33642
		مقتل الحسين ( عليه السلام )	عبدالرزاق موسوي مقدم	Ghbook	5987	0.33642
		تحفة الأمين فيمن يقبل قوله بلا يمين	صالح بن عمر بن رسلان البلقيني الشافعيّ شيخ الإسلام (المتوفى: 868هـ)	ShamAY	10049	0.3364
		الأحاديث القدسية الأربعينية ت عبد العزيز مختار	علي بن (سلطان) محمد، أبو الحسن نور الدين الملا الهروي القاري (المتوفى: 1014هـ)	ShamAY	1051	0.33634
		سبع مسائل في علم الخلاف	أبو مجاهد عبد العزيز بن عبد الفتاح بن عبد الرحيم بن الملا محمد عظيم القارئ المدني	Sham19Y	4811	0.33634
		إنكار التكبير الجماعي وغيره	حمود بن عبد الله بن حمود بن عبد الرحمن التويجري (المتوفى: 1413هـ)	ShamAY	32263	0.33631
		الأذكار للنووي ت الأرنؤوط	أبو زكريا محيي الدين يحيى بن شرف النووي (المتوفى: 676هـ)	ShamAY	1956	0.3363
		مدارك النظر في السياسة بين التطبيقات الشّرعية والانفعالات الحَمَاسية	عبد المالك رمضاني	ShamAY	33171	0.33628
		 معرفة المعاد 	 السيد محمد حسين الطهراني 	ABLibrary	8873	0.33627
		بحوث ومقالات في اللغة والأدب وتقويم النصوص (مقالات محمد أجمل الإصلاحي)	د. محمد أجمل أيوب الإصلاحي	Sham19Y	18270	0.33626
		الجامع اللطيف في فضل مكة وأهلها وبناء البيت الشريف‏	محمد بن محمد ابن ظهيرة	Masaha	4755	0.33625
		المؤمن	الحسين بن سعيد الكوفي الأهوازي	Masaha	564	0.33624
		فضائل الخمسة من الصحّاح الستّة [ج ٢]	السيد مرتضى الفيروزآبادي	Rafed	1338	0.33616
		القصاص دراسة في الفقه الجنائي المقارن	هاني السباعي	ShamAY	36397	0.33615
		سلسلة الذهب فيما رواه الشافعي عن مالك عن نافع عن ابن عمر	أبو الفضل أحمد بن علي بن محمد بن أحمد بن حجر العسقلاني (المتوفى: 852ه)	Sham19Y	6023	0.33612
		تفسير القاسمي [ج ٣]	محمّد جمال الدين القاسمي	Rafed	3909	0.33612
		هويه التشيع	احمد وائلي	Ghbook	7734	0.33609
		داعية التوحيد محمد بن عبد الوهاب	عبد العزيز شلبي سيد الأهل (المتوفى: 1402هـ)	ShamAY	11177	0.33608
		هل هناك فرق بين الخمينية والشيعة الإمامية ؟		ShamAY	35319	0.33607
		مسائل الفروع الواردة في مسائل العقيدة - جمعا ودراسة	عبد العزيز بن محمد آل عبد اللطيف	ShamAY	35420	0.33607
		أحصاه الله ونسوه	عبد الملك بن محمد القاسم	ShamelaY19	95681	0.33606
		نساء النبي صلى الله عليه وآله وسلم	السيد الجميلى	ShamAY	23687	0.33604
		دُرَرُ الحِكَمِ لأبي منصور الثعالبي	عبد الملك بن محمد بن إسماعيل أبو منصور الثعالبي (المتوفى: 429هـ)	ShamAY	1399	0.33604
		فقه الحرب النفسية في ضوء سورة الأنفال	أحمد قطران	ShamAY	36999	0.33604
		معالي السبطين	محمد مهدي مازندراني حائري	Ghbook	6085	0.33604
		الجهاد في سبيل الله تعالى - مفهومه، وحكمه، ومراتبه، وضوابطه، وأنواعه، وأهدافه، وفضله، وأسباب النصر على الأعداء في ضوء الكتاب والسنة	د. سعيد بن علي بن وهف القحطاني	Sham19Y	96462	0.33603
		حاشية الإرشاد ـ مقدمة	الشهيد الثاني	Masaha	1152	0.33601
		النكت الوفية بما في شرح الألفية	برهان الدين إبراهيم بن عمر البقاعي	Sham19Y	23798	0.33596
		المبادئ المستنبطة من آيتي (58، 59) من سورة النساء لإقامة المجتمع الإسلامي		ShamAY	36908	0.33595
		ذخائر العقبى في مناقب ذوي القربى(ع) - الجزء1	أحمد بن عبد الله الطبري‏	Masaha	2195	0.33594
		فتاوى اللجنة الدائمة - المجموعة الثانية	اللجنة الدائمة للبحوث العلمية والإفتاء	ShamAY	21772	0.33589
		الحدائق النديّة في شرح الفوائد الصمديّة	السيد علي خان المدني الشيرازي	Rafed	1952	0.33587
		الرد على سير الأوزاعي	أبو يوسف يعقوب بن إبراهيم بن حبيب بن سعد بن حبتة الأنصاري (المتوفى: 182هـ)	ShamAY	7225	0.33584
		العين الحاسدة دراسة شرعية	حمدان بن محمد الحمدان	ShamAY	34897	0.33584
		امّ البنين عليها السلام النّجم الساطع في مدينة النبيّ الأمين	الشيخ علي ربّاني الخلخالي	Rafed	1810	0.33584
		شرح مقدمة صحيح مسلم	عبد الكريم الخضير	ShamelaY19	23737	0.33578
		 الكشف الوافي في شرح أصول الكافي 	 محمد هادي الشيرازي ( آصف شيرازي ) 	ABLibrary	7920	0.33576
		مقابس الأنوار و نفائس الأسرار	الشيخ اسد الله التستري	Masaha	1493	0.33574
		اعلام الهدايه (الامام محمد بن علي الجواد عليه السلام)	مجمع جهاني اهل بيت عليهم السلام	Ghbook	6502	0.33574
		الاعتقاد القادري	الخليفة العباسي أبو العباس القادر بالله أبو العباس احمد بن إسحاق بن المقتدر	ShamAY	35722	0.33572
		اعتماد فقه دعوة الشيخ محمد بن عبد الوهاب على الكتاب والسنة (مطبوع ضمن بحوث ندوة دعوة الشيخ محمد بن عبد الوهاب، الجزء الأول)	صالح بن عبد الرحمن بن عبد الله الأطرم (المتوفى: 1428هـ)	ShamAY	7507	0.33571
		 في رحاب أهل البيت ( ع ) 	 لجنة بحوث المجمع العالمي لأهل البيت ( ع ) 	ABLibrary	8545	0.33568
		الشعر في ضوء الشريعة الإسلامية	محمد عبد الرحمن شميلة الأهدل	ShamAY	10409	0.33567
		إقامة البرهان في الرد على من أنكر خروج المهدي والدجال ونزول المسيح في آخر الزمان	حمود بن عبد الله بن حمود بن عبد الرحمن التويجري (المتوفى: 1413ه)	Sham19Y	17394	0.33567
		شفاء العليل في مسائل القضاء والقدر والحكمة والتعليل	محمد بن أبي بكر بن أيوب بن سعد شمس الدين ابن قيم الجوزية (المتوفى: 751هـ)	ShamAY	12021	0.33562
		الاعتصام ـ للشاطبى موافق للمطبوع	الشاطبي، إبراهيم بن موسى	ShamAY	33844	0.33562
		الموسوعة القرآنيّة [ج ٥]	ابراهيم الأبياري	Rafed	3814	0.33561
		المختصر في علم الأثر (مطبوع ضمن كتاب: رسالتان في المصطلح)	محمد بن سليمان بن سعد بن مسعود الرومي الحنفي محيي الدين، أبو عبد الله الكافِيَجي (المتوفى: 879هـ)	ShamAY	5975	0.33555
		الكشف المبين عن حقيقة القبوريين ، زيارة هود عليه السلام وما فيها من ضلالات ومنكرات	أحمد بن حسن المعلم	ShamAY	37770	0.33554
		النكت الوفية بما في شرح الألفية	برهان الدين إبراهيم بن عمر البقاعي	ShamAY	72	0.33552
		المسند للدارمي - ط التأصيل	أبو محمد عبد الله بن عبد الرحمن الدارمي	ShamAY	38095	0.33551
		أيلتقي النقيضان؟!	محمد مال الله	ShamAY	35282	0.33549
		امامه بقيه الائمه عليهم السلام	آيت الله علي حسيني ميلاني	Ghbook	4605	0.33549
		أدب الغرباء	أبو الفرج الأصبهاني	ShamAY	34452	0.33545
		 بحار الأنوار 	 العلامة المجلسي 	ABLibrary	760	0.33545
		قرب الاسناد	الشيخ ابي العباس الحميري	Masaha	546	0.33545
		شرح الزرقاني على المواهب اللدنية بالمنح المحمدية	أبو عبد الله محمد بن عبد الباقي بن يوسف بن أحمد بن شهاب الدين بن محمد الزرقاني المالكي (المتوفى: 1122هـ)	ShamAY	26568	0.33543
		اعلام الهدايه (الامام جعفر بن محمد الصادق عليه السلام)	مجمع جهاني اهل بيت عليهم السلام	Ghbook	4970	0.33543
		فتح القدير للكمال ابن الهمام	كمال الدين محمد بن عبد الواحد السيواسي المعروف بابن الهمام (المتوفى: 861ه)	ShamelaY19	21744	0.33542
		التبرك	سيد جعفرمرتضي حسيني عاملي	Ghbook	7503	0.33541
		النكت على نزهة النظر في توضيح نخبة الفكر	علي بن حسن الحلبي	ShamAY	34042	0.33539
		خريدة القصر وجريدة العصر - قسم شعراء العراق جـ 4 المجلد الثاني 2	عماد الدين الكاتب الأصبهاني، محمد بن محمد صفي الدين بن نفيس الدين حامد بن أله، أبو عبد الله (المتوفى: 597هـ)	ShamAY	12833	0.33537
		إتحاف القاري بسد بياضات فتح الباري	أبو الأشبال صغير أحمد شاغف البهاري الباكستاني	ShamelaY19	115119	0.33533
		المدخل المفصل لمذهب الإمام أحمد	بكر أبو زيد	ShamelaY19	23611	0.33532
		غرر التبيان لمبهمات القرآن	قاضي القضاة , شيخ الإسلام , العلّامة بدر الدين , محمد بن إبراهيم بن سعد الله بن جماعة الكناني , الحموي الشافعي (المتوفّى سنة 733هـ)	ShamAY	36739	0.33531
		 تاريخ دمشق 	 سهيل زكار 	ABLibrary	8990	0.33531
		الأحكام الشرعية للثورات العربية	علي بن نايف الشحود	ShamAY	1579	0.3353
		تذييل سلافة العصر	عبد الله بن علي نور الدين بن نعمة الله الموسوي الجزائري التستري (المتوفى: 1173هـ)	ShamAY	9085	0.33529
		وجوب تحكيم الرسول صلى الله عليه وسلم في كل شيء من أحوالنا	الواحدي :: علي بن نايف الشحود	ShamAY	36103	0.33525
		تفسير التستري	أبو محمد سهل بن عبد الله بن يونس بن رفيع التُستري (المتوفى: 283هـ)	ShamAY	23600	0.33525
		مهج الدعوات و منهج العبادات	السيد علي بن موسى بن طاووس	Masaha	1041	0.33525
		المراهقة ألم وأمل	وليد كمال شكر	ShamAY	35165	0.33518
		مع الائمه الهداه في شرح الزياره الجامعه الكبيره	آيت الله علي حسيني ميلاني	Ghbook	9470	0.33515
		أصول في التفسير	محمد بن صالح بن محمد العثيمين (المتوفى: 1421ه)	Sham19Y	21796	0.33513
		 درر الأخبار من بحار الأنوار 	 سيد مهدي حجازي 	ABLibrary	977	0.33512
		الرد على الرافضة أو القضاب المشتهر على رقاب ابن المطهر - رسالة في الرد على علامة الشيعة في وقته ابن مطهر الحلي	مجد الدين أبو طاهر محمد بن يعقوب الفيروزآبادى (المتوفى: 817هـ)	ShamAY	961	0.33511
		ثم أبصرت الحقيقة	محمد سالم الخضر	ShamAY	35303	0.33511
		زاد المسير في علم التفسير [ج ٣]	أبي الفرج عبدالرحمن ابن علي ابن الجوزي	Rafed	3326	0.33509
		البراهين الإسلامية في رد الشبهة الفارسية	عبد اللطيف بن عبد الرحمن بن حسن بن محمد بن عبد الوهاب آل الشيخ (المتوفى: 1293هـ)	ShamAY	7567	0.33508
		حقيقة البدعة وأحكامها	سعيد بن ناصر الغامدي	ShamelaY19	21539	0.33506
		أعلام النبوة للماوردي	أبو الحسن علي بن محمد بن محمد بن حبيب البصري البغدادي، الشهير بالماوردي (المتوفى: 450هـ)	ShamAY	9768	0.33506
		شرح التسهيل المسمى «تمهيد القواعد بشرح تسهيل الفوائد»	محمد بن يوسف بن أحمد، محب الدين الحلبي ثم المصري، المعروف بناظر الجيش (المتوفى: 778 هـ)	ShamAY	32525	0.33505
		ديوان أبي دهبل الجمحي (رواية أبي عمرو الشيباني)	أبو دهبل الجمحي	ShamelaY19	149016	0.33503
		البلغة الى أصول اللغة	أبو الطيب محمد صديق خان بن حسن بن علي ابن لطف الله الحسيني البخاري القنوجي (المتوفى: 1307ه)	ShamelaY19	35073	0.33499
		المصطلحات الأصولية في مباحث الأحكام وعلاقتها بالفكر الأصولي	عبد الله البشير محمد	ShamAY	34201	0.33495
		الترغيب والترهيب من الحديث الشريف	عبد العظيم بن عبد القوي بن عبد الله، أبو محمد، زكي الدين المنذري (المتوفى: 656ه)	Sham19Y	6847	0.33495
		 الموسوعة الكبرى عن فاطمة الزهراء ( س ) 	 اسماعيل الأنصاري الزنجاني الخوئيني 	ABLibrary	7819	0.33495
		مسند أبي حنيفة رواية الحصكفي	أبو حنيفة النعمان بن ثابت بن زوطي بن ماه (المتوفى: 150هـ)	ShamAY	29120	0.33493
		المكتبة الالكترونية للشيخ محمد أمان الجامي	محمد أمان الجامي	ShamAY	34757	0.33492
		الذهب الأبيض حقيقته وأحكامه الشرعية	عبد الرحمن بن فهد الدوسري	ShamAY	36327	0.33492
		 من تاريخ الطب الإسلامي 	 أحمد ابراهيم الهواري 	ABLibrary	9986	0.33492
		أسئلة قادت شباب الشيعة إلى الحق (نسخة معدلة)	سليمان الخراشي	ShamAY	35669	0.33485
		المدائح النبوية في أدب القرنين السادس والسابع للهجرة	ا. د. / ناظم رشيد	ShamelaY19	23672	0.33482
		الترغيب والترهيب من الحديث الشريف	عبد العظيم بن عبد القوي بن عبد الله، أبو محمد، زكي الدين المنذري (المتوفى: 656هـ)	ShamAY	32207	0.33481
		أوجز الخطاب في بيان موقف الشيعة من الأصحاب		ShamAY	35660	0.33478
		الملل والنحل	عبدالقاهر بن طاهر البغدادي	Rafed	3506	0.33477
		 أدب النفس 	 الحكيم الترمذي 	ABLibrary	8694	0.33471
		الضيافة في الكتاب و السنة	محمد محمدي ري شهري	Ghbook	15986	0.33471
		تاريخ البيمارستانات في الإسلام	الدكتور أحمد عيسى (المتوفى: 1365ه)	ShamelaY19	36083	0.3347
		الأسباب الحقيقية لحرق إحياء علوم الدين من قبل أمير المؤمنين ابن تاشفين	محمد بن عبد الرحمن المغراوي	ShamAY	35719	0.33468
		السنة المفترى عليها	سالم البهنساوي (المتوفى: 1427هـ)	ShamAY	1632	0.33464
		الفصول العشره في الغيبه	ابن صباغ علي بن محمد	Ghbook	6067	0.33462
		صور من حياة الصحابيات	عبد الرحمن رأفت الباشا (المتوفى: 1406ه)	Sham19Y	14542	0.3346
		عاشوراء بين الصّلح الحسني والكيد السّفياني	السيد جعفر مرتضى العاملي	Rafed	1538	0.33459
		المنتقى من كتاب الترغيب والترهيب	يوسف عبد الله القرضاوي	ShamAY	32192	0.33456
		في رحاب الزيارة الجامعة	السيد علي الحسيني الصدر	Rafed	3231	0.33448
		وقفات مع أحاديث تربية النبي صلى الله عليه وسلم لصحابته	عبد الرحمن بن عبد الكريم الزيد	ShamAY	4272	0.33444
		مشكاة الأنوار في غرر الأخبار	علي بن الحسن‏ الطبرسي	Masaha	4741	0.33441
		التبرك والتوسل والصلح مع العدو الصهيوني في رسالتين	فتح الله محمدي نجارزادگان	Ghbook	3347	0.33441
		الرؤى عند أهل السنة والجماعة والمخالفين	سهل بن رفاع بن سهيل الروقي العتيبي	ShamAY	32145	0.33434
		شرح مقدمة صحيح مسلم	عبد الكريم الخضير	Sham19Y	23737	0.33434
		ديوان أبي الأسود الدؤلي	أبو سعيد السكري	Sham19Y	148539	0.33433
		تظلم الزهراء من اهراق دماء آل العباء	رضي بن نبي قزويني	Ghbook	5950	0.33432
		جمهرة مقالات ورسائل الشيخ الإمام محمد الطاهر ابن عاشور	ابن عاشور	ShamelaY19	147597	0.33424
		نظريّة عدالة الصّحابة والمرجعيّة السياسيّة في الإسلام	احمد حسين يعقوب	Rafed	299	0.33419
		أصول في التفسير	محمد بن صالح بن محمد العثيمين (المتوفى: 1421ه)	ShamelaY19	21796	0.33417
		الخراج ليحيى بن آدم	أبو زكرياء يحيى بن آدم بن سليمان القرشي بالولاء، الكوفي الأحول (المتوفى: 203ه)	ShamelaY19	26647	0.33408
		بحار الأنوار [ج ٣٠]	الشيخ محمّد باقر بن محمّد تقي المجلسي	Rafed	913	0.33407
		عظمة القرآن وتعظيمه وأثره في النفوس في ضوء الكتاب والسنة - مفهوم، وعظمة، وأثر، وتدبر، وفضائل، وعلم، وعمل، وتعاهد، وآداب، وأخلاق	د. سعيد بن علي بن وهف القحطاني	ShamAY	1862	0.33403
		النور الكاشف في بيان حكم الغناء والمعازف	أحمد بن حسين الأزهري	ShamAY	36630	0.33401
		 كشف المحجوب 	 علي الهجويري 	ABLibrary	8710	0.33401
		بلاد العرب‏	حسن بن عبد الله الأصفهاني	Masaha	4355	0.33401
		مرآة العقول [ج ٧]	الشيخ محمّد باقر بن محمّد تقي المجلسي	Rafed	1022	0.334
		منهاج أهل الحق والاتباع في مخالفة أهل الجهل والابتداع	سليمان بن سحمان بن مصلح بن حمدان بن مصلح بن حمدان بن مسفر بن محمد بن مالك بن عامر الخثعمي , التبالي , العسيري , النجدي (المتوفى: 1349هـ)	ShamAY	12091	0.33398
		سير الحاث إلى علم الطلاق الثلاث	الواحدي :: يوسف بن عبد الهادي	ShamAY	34305	0.33397
		مختصر شعب الإيمان للبيهقي	عمر بن عبد الرحمن بن عمر بن أحمد، إمام الدين، أبو القاسم الكرخي التميمي القزويني الشافعيّ (المتوفى: 699هـ)	ShamAY	6850	0.33395
		الفن ومذاهبه في النثر العربي	أحمد شوقي عبد السلام ضيف الشهير بشوقي ضيف (المتوفى: 1426هـ)	ShamAY	11544	0.33393
		الفكر السامي في تاريخ الفقه الإسلامي	محمد بن الحسن بن العربي بن محمد الحجوي الثعالبي الجعفري الفاسي (المتوفى: 1376ه)	Sham19Y	10013	0.33393
		عمده المقال في كفر اهل الضلال	حسن بن علي كركي عاملي	Ghbook	15643	0.33392
		تنزيه القرآن الكريم عن دعاوى المبطلين	منقذ بن محمود السقار	ShamAY	1558	0.3339
		الكشف الوافي في شرح أصول الكافي	الشريف محمد هادي الشيرازي	Masaha	4564	0.33385
		المطلع على ألفاظ المقنع	محمد بن أبي الفتح بن أبي الفضل البعلي، أبو عبد الله، شمس الدين (المتوفى: 709هـ)	ShamAY	11809	0.33383
		دراسة في السيرة	عماد الدين خليل	ShamAY	9802	0.33381
		الاغتراب في أحكام الكلاب	الواحدي :: يوسف بن عبد الهادي	ShamAY	34288	0.3338
		نور الاقتباس في مشكاة وصية النبي صلى الله عليه وسلم لابن عباس	الواحدي :: ابن رجب الحنبلي	ShamAY	34320	0.33378
		مشاهير النساء المسلمات	علي بن نايف الشحود	ShamAY	35794	0.33376
		أصول وتاريخ الفرق الإسلامية	مصطفى بن محمد بن مصطفى	ShamAY	35717	0.33375
		فضل الإسلام (مطبوع ضمن مؤلفات الشيخ محمد بن عبد الوهاب، الجزءالأول)	محمد بن عبد الوهاب بن سليمان التميمي النجدي (المتوفى: 1206ه)	Sham19Y	11221	0.33375
		تتمة الأعلام للزركلي [وفيات (1396 - 1415 ه) = (1976 - 1995 م)	محمد خير رمضان يوسف	ShamelaY19	133395	0.33374
		الفرقان في تفسير القرآن بالقرآن والسنّة [ج ٢٤]	الشيخ محمد الصادقي	Rafed	3047	0.33369
		التعرف لمذهب أهل التصوف	أبو بكر محمد بن أبي إسحاق بن إبراهيم بن يعقوب الكلاباذي البخاري الحنفي (المتوفى: 380هـ)	ShamAY	6518	0.33366
		تاريخ دمشق [ج ٢]	الناشر: التكوين للتأليف والترجمة والنشر	Rafed	2263	0.33365
		أثر المحتسب في الدراسات النحويّة	الدكتور حازم الحلّي	Rafed	3041	0.33363
		تحقيق رياض الصالحين للألباني	أبو زكريا محيي الدين يحيى بن شرف النووي (المتوفى: 676هـ)	ShamAY	512	0.33362
		النصيحة بالتحذير من تخريب «ابن عبد المنان» لكتب الأئمة الرجيحة وتضعيفه لمئات الأحاديث الصحيحة	محمد ناصر الدين الألباني	Sham19Y	150846	0.33361
		الأدب المفرد بالتعليقات	محمد بن إسماعيل بن إبراهيم بن المغيرة البخاري، أبو عبد الله (المتوفى: 256هـ)	ShamAY	9647	0.3336
		الفكر السامي في تاريخ الفقه الإسلامي	محمد بن الحسن بن العربيّ بن محمد الحجوي الثعالبي الجعفري الفاسي (المتوفى: 1376هـ)	ShamAY	10013	0.33357
		 معرفة الإمام 	 السيد محمد حسين الطهراني 	ABLibrary	8882	0.33357
		مع الامام موسي بن جعفر ( عليه السلام ) و التغيير في العراق	آيت الله العظمي سيد محمد حسيني شيرازي	Ghbook	8125	0.33354
		 موسوعة العتبات المقدسة 	 جعفر الخليلي 	ABLibrary	9249	0.33353
		تاريخ الشيعة بين المؤرخ والحقيقة	الدكتور نور الدين الهاشمي	Rafed	1351	0.3335
		الفصول المهمه في معرفه الائمه (الامام الباقر عليه السلام)	ابن صباغ علي بن محمد	Ghbook	6279	0.33344
		بحار الأنوار [ج ٨٩]	الشيخ محمّد باقر بن محمّد تقي المجلسي	Rafed	1164	0.33342
		مصطلحات أئمة الحديث الخاصة ويليه القرائن الموصلة إلى فهم مقاصدهم في الجرح والتعديل	إبراهيم بن عبد الله بن عبد الرحمن المديهش	ShamelaY19	145429	0.3334
		أحكام السلام والمصافحة بين الجنسين في ضوء القرآن والسنة	رياض المسيميري	ShamAY	36692	0.33337
		السنة النبوية في مواجهة التحديات والشبهات المعاصرة	أيمن محمود مهدي	ShamAY	37313	0.33336
		الحبائك في أخبار الملائك	عبد الرحمن بن أبي بكر، جلال الدين السيوطي (المتوفى: 911ه)	ShamelaY19	21944	0.33333
		شرح صحيح مسلم - حسن أبو الأشبال	أبو الأشبال حسن الزهيري آل مندوه المنصوري المصري	ShamelaY19	37026	0.33333
		الصناعتين: الكتابة والشعر	أبو هلال الحسن بن عبد الله بن سهل بن سعيد بن يحيى بن مهران العسكري (المتوفى: نحو 395هـ)	ShamAY	23787	0.33333
		لكود القشعم	محمد منير عبد المجيد لكود	ShamAY	37114	0.33333
		توضيح المقاصد والمسالك بشرح ألفية ابن مالك	أبو محمد بدر الدين حسن بن قاسم بن عبد الله بن عليّ المرادي المصري المالكي (المتوفى : 749هـ)	ShamAY	9988	0.33331
		تحفه الكرام في تاريخ مكه و بيت الله الحرام	محمد مهدي بحرالعلوم	Ghbook	10653	0.33322
		آثار البلاد وأخبار العباد	زكريّا بن محمّد بن محمود القزويني	Rafed	349	0.33319
		 دعوة إلى سبيل المؤمنين 	 طارق زين العابدين 	ABLibrary	880	0.33316
		بحار الأنوار [ج ٦٧]	الشيخ محمّد باقر بن محمّد تقي المجلسي	Rafed	1071	0.33311
		الفصيحة العجما في الكلام على حديث «أحبب حبيبك هونا ما» - سلسلة لقاء العشر الأواخر بالمسجد الحرام (10)	أحمد بن عبد اللطيف بن أحمد البَرْبِير الحسني، أبو الفيض (المتوفى: 1226 هـ)	ShamAY	32388	0.33308
		الرسالة البديعة فى الرد على أهل المجلة الخليعة	التويجري، حمود بن عبد الله	ShamAY	37750	0.33306
		الاستغاثة [ج ١]	أبو القاسم علي بن أحمد الكوفي	Rafed	1755	0.33304
		المدخل إلى علم القراءات، لفضيلة الشيخ محمد بن محمود حوا		ShamAY	36964	0.33303
		 الطراز الأول والكناز لما عليه من لغة العرب المعول 	 ابن معصوم المدني 	ABLibrary	7949	0.33303
		حجه المحققين في الرد علي المتشدقين	لجنة البحوث و الدراسات بالطريقة العزمية	Ghbook	7625	0.33303
		التحالف السياسي في الإسلام	منير محمد الغضبان	ShamelaY19	95662	0.33302
		مختصر السواك لأبي الخير القزويني - مخطوط	أبو الخير أحمد بن إسماعيل الطالقاني القزويني	ShamAY	38070	0.33299
		ديوان أبي الأسود الدؤلي	أبو سعيد السكري	ShamelaY19	148539	0.33298
		كتاب المواعظ والإعتبار بذكر الخطط والآثار المعروف بالخطط المقريزيّة [ج ٣]	تقي الدين احمد بن علي المقريزي	Rafed	2324	0.33296
		 شرح فروع الكافي 	 محمد هادي المازندراني 	ABLibrary	9346	0.33295
		التنبيه على مبادئ التوجيه - قسم العبادات	أبو الطاهر إبراهيم بن عبد الصمد بن بشير التنوخي المهدوي (المتوفى: بعد 536ه)	ShamelaY19	121378	0.33293
		مظلوميّة الزهراء(ع)	السيد علي الحسيني الميلاني	Masaha	399	0.33287
		كشف موقف الغزالي من السنة وأهلها ونقد بعض آرائه	ربيع بن هادي المدخلي	ShamAY	33004	0.33285
		التيار  السلفي الزيدي	سيد محمد مهدي عمادي	Ghbook	16036	0.33285
		كنز الدرر وجامع الغرر	أبو بكر بن عبد الله بن أيبك الدواداري	ShamAY	32597	0.33283
		نهاية المرام في شرح مختصر شرائع الإسلام - الجزء1	محمد بن علي الموسوي العاملي	Masaha	1227	0.33283
		حقائق السقيفة في دراسة رواية أبي مخنف	جليل تاري	Rafed	795	0.33283
		الطّراز الأوّل [ج ٤]	السيّد علي بن أحمد بن محمّد معصوم الحسيني	Rafed	487	0.33281
		موسوعة كشّاف إصطلاحات الفنون والعلوم [ج ١]	محمّد علي التهانوي	Rafed	1548	0.33279
		 فضائل القدس 	 ابن الجوزي 	ABLibrary	9153	0.33277
		الامامه و الحكومه	محمد حسين انصاري	Ghbook	7124	0.33276
		عقيدة أهل السنة والجماعة في الصحابة الكرام رضي الله عنهم وأرضاهم	عبد المحسن بن حمد بن عبد المحسن بن عبد الله بن حمد العباد البدر	Sham19Y	11291	0.33272
		أسرار الحروف	كاظم محمّد علي شكر	Rafed	3111	0.33264
		المتعه	آيت الله علي حسيني ميلاني	Ghbook	4552	0.33264
		فتاوى في التوحيد	عبد الله بن عبد الرحمن بن عبد الله بن إبراهيم بن فهد بن حمد بن جبرين (المتوفى: 1430ه)	ShamelaY19	36575	0.33263
		الإتحاف فى الرد على الصحاف	عبد اللطيف بن عبد الرحمن بن حسن بن محمد بن عبد الوهاب آل الشيخ (المتوفى: 1293هـ)	ShamAY	7520	0.33262
		مسامرات الظريف بحسن التعريف	محمد بن عثمان بن محمد السنوسي، أبو عبد الله (المتوفى: 1318ه)	Sham19Y	5440	0.33262
		الرد علي الشاذلي في حزبيه - ت العمران - ط عالم الفوائد	شيخ الإسلام أحمد بن عبد الحليم بن عبد السلام ابن تيمية (661 - 728 هـ)	ShamAY	38471	0.33259
		الصحيح من سيرة النبي الأعظم صلّى الله عليه وآله [ج ٢٠]	السيد جعفر مرتضى العاملي	Rafed	2522	0.33259
		 حقائق المعرفة في علم الكلام 	 أحمد بن سليمان 	ABLibrary	8412	0.33257
		تكملة الجامع لسيرة شيخ الإسلام ابن تيمية خلال سبعة قرون - ط عالم الفوائد	علي بن محمد العمران	ShamAY	34400	0.33253
		الحجج السلفية في الرد على آراء ابن فرحان المالكي البدعية	عبد العزيز بن ريس الريس	ShamAY	35702	0.33249
		قاعدة تتضمن ذكر ملابس النبي صلى الله عليه وسلم وسلاحه ودوابه - القرمانية - جواب فتيا في لبس النبي صلى الله عليه وسلم	تقي الدين أبو العباس أحمد بن عبد الحليم بن عبد السلام بن عبد الله بن أبي القاسم بن محمد ابن تيمية الحراني الحنبلي الدمشقي (المتوفى: 728هـ)	ShamAY	22648	0.33246
		الأشباه والنظائر في النحو [ج ٣]	جلال الدين عبد الرحمن بن أبي بكر السيوطي	Rafed	2069	0.33243
		تحفة الذاكرين بعدة الحصن الحصين من كلام سيد المرسلين	محمد بن علي بن محمد بن عبد الله الشوكاني اليمني (المتوفى: 1250ه)	Sham19Y	6844	0.33242
		دفاع عن السنة ورد شبه المستشرقين والكتاب المعاصرين	محمد بن محمد بن سويلم أبو شُهبة (المتوفى: 1403هـ)	ShamAY	1181	0.33239
		جامع المسائل لابن تيمية ط عالم الفوائد - المجموعة الثالثة	شيخ الإسلام أحمد بن عبد الحليم بن عبد السلام ابن تيمية (661 - 728 ه)	Sham19Y	17835	0.33239
		قاعدة مختصرة في وجوب طاعة الله ورسوله وولاة الأمور	تقي الدين أبو العباس أحمد بن عبد الحليم بن عبد السلام بن عبد الله بن أبي القاسم بن محمد ابن تيمية الحراني الحنبلي الدمشقي (المتوفى: 728هـ)	ShamAY	11290	0.33237
		الآثار التربوية لدراسة اللغة العربية	خالد بن حامد الحازمي	ShamAY	8709	0.33236
		الاجوبه الهاديه الي سواء السبيل	عبدالله حسيني	Ghbook	11213	0.33235
		الأحكام الشرعية لشهداء الثورات العربية	علي بن نايف الشحود	ShamAY	1576	0.33231
		 شرح المقاصد 	 التفتازاني 	ABLibrary	8463	0.3323
		الحياة السياسية للامام الرضا عليه السلام	سيد جعفرمرتضي حسيني عاملي	Ghbook	9262	0.33229
		تحفة الذاكرين بعدة الحصن الحصين من كلام سيد المرسلين	محمد بن علي بن محمد بن عبد الله الشوكاني اليمني (المتوفى: 1250هـ)	ShamAY	6844	0.33227
		سلامه القرآن من التحريف	فتح الله محمدي نجارزادگان	Ghbook	6736	0.33224
		مع الخطيب في خطوطه العريضه	آيت الله العظمي لطف اللّه صافي گلپايگاني	Ghbook	4603	0.33224
		تجربتي مع الإعجاز العلمي في السنة النبوية	صالح بن أحمد رضا	ShamAY	11080	0.33222
		الجامع (منشور كملحق بمصنف عبد الرزاق)	معمر بن أبي عمرو راشد الأزدي مولاهم، أبو عروة البصري، نزيل اليمن (المتوفى: 153هـ)	ShamAY	5610	0.33219
		رَفعُ الغَين عمن ينكر ثبوت زيادة "وبركاته" في التسليم من الجانبين	محمد بن الشيخ علي بن آدم الأتيوبي	ShamAY	33069	0.33211
		مسامرات الظريف بحسن التعريف	محمد بن عثمان بن محمد السنوسي، أبو عبد الله (المتوفى: 1318هـ)	ShamAY	5440	0.33211
		الشيعة .. عقائد وموائد	عبد الرحمن الزكزكي	ShamAY	35672	0.3321
		 منازل السائرين ( شرح القاساني ) 	 عبد الله الأنصاري الهروي 	ABLibrary	8792	0.33209
		أحكام الاستعراض بالسيارات (التفحيط) دراسة فقهية مقارنة	فاطمة الجار الله	ShamAY	36691	0.33207
		الحدود والتعزيرات عند ابن القيم	بكر بن عبد الله أبو زيد بن محمد بن عبد الله بن بكر بن عثمان بن يحيى بن غيهب بن محمد (المتوفى : 1429هـ)	ShamAY	10500	0.33206
		رسائل وفتاوى عبد العزيز آل الشيخ	عبد العزيز بن عبد الله بن محمد بن عبد اللطيف بن عبد الرحمن بن حسن بن الشيخ محمد بن عبد الوهاب	ShamelaY19	21771	0.33204
		خواطر حول الوهابية	محمد بن أحمد بن إسماعيل المقدم	ShamelaY19	96299	0.33204
		من تاريخ النحو العربي	سعيد بن محمد بن أحمد الأفغاني (المتوفى: 1417ه)	Sham19Y	9937	0.33203
		تقريب علم الحديث	أبو معاذ طارق بن عوض الله.	ShamAY	34017	0.33201
		المأتم الحسيني مشروعيته وأسراره	السيد عبد الحسين شرف الدين	Masaha	393	0.33201
		 كتاب المعراج 	 ابو القاسم عبد الكريم القشيري 	ABLibrary	8712	0.33199
		 موارد السجن في النصوص والفتاوى 	 الشيخ نجم الدين الطبسي 	ABLibrary	9691	0.33198
		الميسر في شرح مصابيح السنة للتوربشتي	فضل الله بن حسن بن حسين بن يوسف أبو عبد الله، شهاب الدين التوربشتي (المتوفى: 661 ه)	ShamelaY19	18569	0.33197
		خطب ودروس الشيخ عبد الرحيم الطحان	عبد الرحيم الطحان	ShamAY	21782	0.33197
		الكوكب الأنور على عقد الجوهر في مولد النبي الأزهر(ص)	جعفر بن حسن البرزنجي‏	Masaha	2859	0.33197
		الصحيح من سيرة النبي الأعظم صلّى الله عليه وآله [ج ١١]	السيد جعفر مرتضى العاملي	Rafed	2501	0.33197
		الامام الصادق ( عليه السلام ) قدوه و اسوه	آيت الله العظمي سيد محمد تقي مدرسي	Ghbook	4983	0.33197
		 في رحاب أهل البيت ( ع ) 	 لجنة بحوث المجمع العالمي لأهل البيت ( ع ) 	ABLibrary	8564	0.33191
		التمهيد والبيان في مقتل الشهيد عثمان	أبو عبد الله محمد بن يحيى بن محمد بن يحيى بن أحمد بن محمد بن بكر الأشعري المالقي الأندلسي (المتوفى: 741هـ)	ShamAY	6649	0.33187
		آراء علماء السنه في الوهابيه	مرتضي رضوي	Ghbook	7504	0.33185
		تسلية المجالس و زينة المجالس - الجزء1	السيد محمد الكركي الحائري‏	Masaha	1978	0.33184
		أعلام من أرض النبوة		ShamAY	38436	0.33174
		نقض دعوى المستشرقين بتحريف القرآن الكريم من خلال المقارنة مع كتب أهل الكتاب		ShamAY	36955	0.33172
		 معرفة الإمام 	 السيد محمد حسين الطهراني 	ABLibrary	8886	0.33168
		شرح الموطأ - عبد الكريم الخضير	عبد الكريم الخضير	ShamAY	58	0.33167
		شرح المقاصد [ج ١]	مسعود بن عمر بن عبدالله [ سعد الدين التفتازاني ]	Rafed	3513	0.33167
		التدرج في دعوة النبي	إبراهيم بن عبد الله المطلق	ShamelaY19	30918	0.33156
		مائة من عظماء أمة الإسلام غيروا مجرى التاريخ	جهاد التُرباني	ShamAY	32419	0.33155
		دور الامام الصادق عليه السلام في الحركه العلميه في صدر الاسلام	محمد واعظ زاده خراساني	Ghbook	5014	0.33155
		مائة من عظماء أمة الإسلام غيروا مجرى التاريخ	جهاد الترباني	Sham19Y	14132	0.33153
		المدائح النبوية حتى نهاية العصر الملوكي	د محمود سالم محمد	ShamAY	23671	0.33151
		فضائل القدس	أبي الفرج عبدالرحمن ابن علي ابن الجوزي	Rafed	2591	0.33151
		منهجية البحث في التفسير الموضوعي للكلمة، والآية، والسورة القرآنية		ShamAY	36987	0.33149
		الغلو واثره في الانحرافات العقدية والمنهجية عند الفرق والأحزاب والجماعات الإسلامية	أبو سيف خليل بن إبراهيم العراقي الأثري	ShamAY	35730	0.33148
		إسلامية لا وهابية	د. ناصر بن عبد الكريم العقل	ShamAY	30888	0.33147
		 آثار البلاد واخبار العباد 	 زكريا القزويني 	ABLibrary	8917	0.33143
		حقيقة البدعة وأحكامها	سعيد بن ناصر الغامدي	ShamAY	21539	0.33142
		تيسير العزيز الحميد في شرح كتاب التوحيد	سليمان بن عبد الله بن محمد بن عبد الوهاب	ShamAY	33888	0.33141
		فرائد القلائد علي أحاديث شرح العقائد	علي بن (سلطان) محمد، أبو الحسن نور الدين الملا الهروي القاري (المتوفى: 1014هـ)	ShamAY	34129	0.33141
		طبقات الحفاظ وأسماء المدلسين للذهبي	الذهبي، شمس الدين	ShamAY	34579	0.33136
		ترويج الجنان بحكم شرب الدخان	الإمام محمد عبد الحي اللكنوي (ت1304هـ)	ShamAY	36019	0.33136
		فتحُ البيان في مقاصد القرآن	أبو الطيب محمد صديق خان بن حسن بن علي ابن لطف الله الحسيني البخاري القِنَّوجي (المتوفى: 1307هـ)	ShamAY	660	0.33135
		تَسدِيدُ الإِصَابَةِ لِمَن أنَكَرَ تَكفِيرَ الشِيعةِ للصَحَابةِ		ShamAY	35641	0.33135
		 كشف الأسرار في شرح الاستبصار 	 السيد نعمة الله الجزائري 	ABLibrary	9342	0.33135
		العذاب الأدنى .. حقيقته، أنواعه، أسبابه	محمد بن عبد الله بن صالح السحيم	ShamAY	34980	0.33128
		شرح التلقين	أبو عبد الله محمد بن علي بن عمر التميمي المازري المالكي (المتوفى: 536ه)	Sham19Y	121376	0.33126
		الارشاد و التطريز في فضل ذكر الله و تلاوه كتابه العزيز	عبدالله بن اسعد بن علي يافعي	Ghbook	2795	0.33121
		سلاح المؤمن في الدعاء والذكر	محمد بن محمد بن علي بن همام أبو الفتح، تقيّ الدين، المعروف بابن الإِمَام (المتوفى: 745هـ)	ShamAY	6843	0.33118
		دراسات في علوم القرآن - فهد الرومي	أ. د. فهد بن عبد الرحمن بن سليمان الرومي	ShamAY	12011	0.33117
		من المساجد و المزارات في الحرمين الشريفين	آيت الله العظمي سيد محمد حسيني شيرازي	Ghbook	8022	0.33117
		التوضيح الانور بالحجج الوارده لدفع شبه الاعور	سيدمهدي رجايي	Ghbook	15612	0.33117
		تَسْدِيْدُ الإِصَابَةِ فِيْمَا شَجَرَ بَيْنَ الصَّحَابَةِ	أبو صفوان ذياب بن سعد بن علي بن حمدان بن أحمد بن محفوظ آل حمدان الغامدي الأزدي نسبا، ثم الطائفي مولدا	ShamAY	32442	0.33115
		خطبة الحاجة التي كان رسول الله صلى الله عليه وسلم يعلمها أصحابه	الواحدي :: ناصر الدين الألباني	ShamAY	34135	0.33109
		جامع المسائل لابن تيمية ط عالم الفوائد - المجموعة الثالثة	شيخ الإسلام أحمد بن عبد الحليم بن عبد السلام ابن تيمية (661 - 728 هـ)	ShamAY	37982	0.33109
		الخُمُسُ وسَهمُ الإمامِ		ShamAY	35639	0.33109
		شرح التذكرة في علوم الحديث لابن الملقن	عبد العزيز بن محمد السعيد	ShamAY	37350	0.33108
		عودوا إلى خَيرِ الهَدْي	محمد بن أحمد بن إسماعيل المقدم	ShamAY	31624	0.33108
		 في رحاب أهل البيت ( ع ) 	 لجنة بحوث المجمع العالمي لأهل البيت ( ع ) 	ABLibrary	8558	0.33108
		قاعده لاضرر	فتح اللّٰه بن محمد جواد نمازي (شيخ الشريعه)	Ghbook	11269	0.33106
		إسلامية لا وهابية	د. ناصر بن عبد الكريم العقل	Sham19Y	30888	0.33104
		الفصيحة العجما في الكلام على حديث «أحبب حبيبك هونا ما» - سلسلة لقاء العشر الأواخر بالمسجد الحرام (10)	أحمد بن عبد اللطيف بن أحمد البربير الحسني، أبو الفيض (المتوفى: 1226 ه)	Sham19Y	17736	0.331
		التنبيه على مبادئ التوجيه - قسم العبادات	أبو الطاهر إبراهيم بن عبد الصمد بن بشير التنوخي المهدوي (المتوفى: بعد 536هـ)	ShamAY	31684	0.33098
		الجامع لعلوم الإمام أحمد - الفقه	خالد الرباط، سيد عزت عيد [بمشاركة الباحثين بدار الفلاح]	ShamAY	38866	0.33096
		 نتائج الأفكار القدسية في بيان معاني شرح الرسالة القشيرية 	 الشيخ عبد الله العروسي 	ABLibrary	8826	0.33096
		قاعدة في الانغماس في العدو وهل يباح	تقي الدين أبو العباس أحمد بن عبد الحليم بن عبد السلام بن عبد الله بن أبي القاسم بن محمد ابن تيمية الحراني الحنبلي الدمشقي (المتوفى: 728هـ)	ShamAY	11288	0.33092
		سلاح المؤمن في الدعاء والذكر	محمد بن محمد بن علي بن همام أبو الفتح، تقي الدين، المعروف بابن الإمام (المتوفى: 745ه)	Sham19Y	6843	0.33092
		الأربعون القرآنية	أحمد بن عبد الرزاق آل إبراهيم العنقري التميمي الكويتي	ShamelaY19	36497	0.33089
		بداية المحتاج في شرح المنهاج	بدر الدين أبو الفضل محمد بن أبي بكر الأسدي الشافعي ابن قاضي شهبة (798 - 874 ه)	ShamelaY19	132962	0.33088
		الخُلاصَةُ في خَصَائِصِ الجُمُعَةِ	الواحدي :: علي بن نايف الشحود	ShamAY	36084	0.33083
		دراسة منهجية لسنن النسائي وابن ماجه	د. الشريف حاتم بن عارف العوني	ShamAY	37319	0.33082
		المنهج القيم في قراءة كتب شيخ الإسلام وابن القيم	فهد بن عبد الله التركي	ShamAY	33400	0.33082
		الحدائق الناضرة [ج ٢٣]	الشيخ يوسف بن أحمد البحراني [ صاحب الحدائق ]	Rafed	2995	0.33082
		موسوعة الطير والحيوان في الحديث النبوي	عبد اللطيف عاشور	Sham19Y	23686	0.3308
		اللّباب في علوم الكتاب [ج ١٩]	أبي حفص عمر بن علي بن عادل الدمشقي الحنبلي	Rafed	3125	0.33079
		نفحات النسمات في وصول إهداء الثواب للأموات للسروجي	أحمد بن إبراهيم بن عبد الغني السروجي، أبو العباس، شمس الدين (المتوفى: 710ه)	ShamelaY19	26925	0.33077
		نهج البيان عن كشف معاني القرآن [ج ١]	محمّد بن الحسن الشيباني	Rafed	1628	0.33075
		 بحار الأنوار 	 العلامة المجلسي 	ABLibrary	751	0.33074
		القول في علم النجوم للخطيب	أبو بكر أحمد بن علي بن ثابت بن أحمد بن مهدي الخطيب البغدادي (المتوفى: 463هـ)	ShamAY	21491	0.33073
		الخراج ليحيى بن آدم	أبو زكرياء يحيى بن آدم بن سليمان القرشي بالولاء، الكوفي الأحول (المتوفى: 203هـ)	ShamAY	26647	0.33068
		تاريخ القرآن الكريم	محمد طاهر بن عبد القادر الكردي المكي الشافعي الخطاط (المتوفى: 1400هـ)	ShamAY	2228	0.33065
		الجامع اللطيف	محمد بن محمد ابن ظهيره	Ghbook	8363	0.33064
		 الحياة الفكرية والسياسية لأئمة أهل البيت ( ع ) 	 الشيخ رسول جعفريان 	ABLibrary	7510	0.33063
		شرح أدب الكاتب لابن قتيبة	موهوب بن أحمد بن محمد بن الخضر بن الحسن، أبو منصور ابن الجواليقى (المتوفى: 540هـ)	ShamAY	1587	0.3306
		الخلاصة في أحكام الأسرى	علي بن نايف الشحود	ShamAY	1621	0.33059
		الصفات الإلهية في الكتاب والسنة النبوية في ضوء الإثبات والتنزيه	أبو أحمد محمد أمان بن علي جامي علي (المتوفى: 1415هـ)	ShamAY	10423	0.33059
		اجوبه مسائل جارالله	عبدالحسين شرف الدين	Ghbook	7516	0.33056
		تعليم المتعلم طريق التعلم	برهان الإسلام الزرنوجي	ShamAY	36026	0.33055
		تأريخ القرآن	الدكتور محمد حسين علي الصّغير	Rafed	45	0.33053
		 مجموع لطيف أنسى في صيغ المولد النبي القدسى 	 عاصم ابراهيم الكيالى الحسيني الشاذلى الدرقادي 	ABLibrary	7695	0.3305
		شرح صحيح مسلم - حسن أبو الأشبال	أبو الأشبال حسن الزهيري آل مندوه المنصوري المصري	ShamAY	109	0.33048
		الأصلان في علوم القرآن	أ. د. محمد عبد المنعم القيعي رحمه الله	ShamAY	11741	0.33048
		الحبائك في أخبار الملائك	عبد الرحمن بن أبي بكر، جلال الدين السيوطي (المتوفى: 911هـ)	ShamAY	21944	0.33046
		الصفات الإلهية في الكتاب والسنة النبوية في ضوء الإثبات والتنزيه	أبو أحمد محمد أمان بن علي جامي علي (المتوفى: 1415ه)	Sham19Y	10423	0.33046
		النجم الثاقب في أحوال الإمام الحجة الغائب(عج) - الجزء1	المحدث الشيخ حسين النوري	Masaha	490	0.33042
		من عقائد الشيعة الإثنا عشرية	أحمد طلب	ShamAY	35315	0.3304
		الاجتهاد في طلب الجهاد	الواحدي :: ابن كثير	ShamAY	36178	0.33039
		التجارة في القرآن الكريم	عبد المغني عبد العزيز عمر , محاضر بالمعهد العالي للاقتصاد الإسلامي تزكيا , بوقور إندونيسيا	ShamAY	36867	0.33038
		عدد التكبيرات في صلاه الميت	المجمع العالمي لاهل البيت عليهم السلام	Ghbook	7670	0.33038
		القول المحرر في الأمر بالمعروف والنهي عن المنكر	حمود بن عبد الله بن حمود بن عبد الرحمن التويجري (المتوفى: 1413هـ)	ShamAY	32093	0.33035
		سيّد المرسلين صلّى الله عليه وآله [ج ٢]	الشيخ جعفر السبحاني	Rafed	766	0.33035
		تنبيه الأنام على مسألة القيام	العلاَّمة المحدِّث محمد ناصر الدين الألباني (1332-1420هـ) رحمه الله تعالى	ShamAY	33151	0.33034
		تيسير العزيز الحميد في شرح كتاب التوحيد الذى هو حق الله على العبيد	سليمان بن عبد الله بن محمد بن عبد الوهاب (المتوفى: 1233هـ)	ShamAY	2378	0.33034
		شرح التلقين	أبو عبد الله محمد بن علي بن عمر التَّمِيمي المازري المالكي (المتوفى: 536هـ)	ShamAY	31683	0.33034
		التحالف السياسي في الإسلام	منير محمد الغضبان	Sham19Y	95662	0.33033
		تاج العروس [ج ٢٠]	محبّ الدين أبي فيض السيد محمّد مرتضى الحسيني الواسطي الزبيدي الحنفي	Rafed	1612	0.3303
		مرقاة المفاتيح شرح مشكاة المصابيح	علي بن (سلطان) محمد، أبو الحسن نور الدين الملا الهروي القاري (المتوفى: 1014هـ)	ShamAY	8176	0.33027
		انطلق بنا	عبد الملك بن محمد القاسم	ShamelaY19	95683	0.33025
		رسم المصحف وضبطه بين التوقيف والاصطلاحات الحديثة	شعبان محمد إسماعيل	ShamAY	11528	0.33025
		إثبات الوصية للإمام علي بن أبي طالب عليه السلام	أبو الحسن علي بن الحسين بن علي الهذلي المسعودي	Rafed	2515	0.33023
		سلوة الحزين	القطب الراوندي	Masaha	1028	0.33022
		الوهابيون خوارج ام سنه	نجاح الطائي	Ghbook	7603	0.33022
		الانتصار للقرآن للباقلاني	محمد بن الطيب بن محمد بن جعفر بن القاسم، القاضي أبو بكر الباقلاني المالكي (المتوفى: 403هـ)	ShamAY	1397	0.33021
		عقيدة السلف - مقدمة أبي زيد القيرواني لكتابه الرسالة	أبو محمد عبد الله بن (أبي زيد) عبد الرحمن النفزي، القيرواني، المالكي (المتوفى: 386هـ)	ShamAY	2068	0.33019
		إعراب ما يشكل من ألفاظ الحديث النبوي	أبو البقاء عبد الله بن الحسين بن عبد الله العكبري البغدادي محب الدين (المتوفى: 616هـ)	ShamAY	7001	0.33018
		من تاريخ النحو العربي	سعيد بن محمد بن أحمد الأفغاني (المتوفى: 1417هـ)	ShamAY	9937	0.33015
		الخلاف - الجزء1	الشيخ الطوسي	Masaha	692	0.33015
		لاكون مع الصادقين ..	محمد تيجاني سماوي	Ghbook	7691	0.33014
		نحو منهج أمثل لتفسير القرآن - مؤتمر ماليزيا	أحمد بن محمد الشرقاوى	ShamAY	36819	0.3301
		الجعفريات	محمد بن محمد الكوفي	Masaha	979	0.33007
		خطبة الحاجة التي كان رسول الله صلى الله عليه وسلم يعلمها أصحابه	أبو عبد الرحمن محمد ناصر الدين، بن الحاج نوح بن نجاتي بن آدم، الأشقودري الألباني (المتوفى: 1420هـ)	ShamAY	11175	0.33006
		الخطوط العريضة للأسس التي قام عليها دين الشيعة الإمامية الاثني عشرية	محب الدين بن أبي الفتح بن عبد القادر بن صالح بن عبد الرحيم بن محمد الخطيب (المتوفى: 1389ه)	ShamelaY19	37824	0.33005
		إعراب ما يشكل من ألفاظ الحديث النبوي	أبو البقاء عبد الله بن الحسين بن عبد الله العكبري البغدادي محب الدين (المتوفى: 616ه)	Sham19Y	7001	0.33005
		مرآه العقول في شرح اخبار آل الرسول ( عليهم الصلاه و السلام )	محمدباقر بن محمدتقي علامه مجلسي	Ghbook	2699	0.33005
		التسامح	آيت الله العظمي سيد محمد حسيني شيرازي	Ghbook	7917	0.33005
		موسوعة الطير والحيوان في الحديث النبوي	عبد اللطيف عاشور	ShamAY	23686	0.33001
		بحوث في مباني علم الرجال‌	الشيخ محمد السند	Masaha	3517	0.32997
		سلمان سابق فارس عرض وتحليل	الشيخ محمد جواد الفقيه	Rafed	69	0.32996
		الحركه التغييريه عند الامام الصادق عليه السلام	عزالدين سليم	Ghbook	5002	0.32996
		مجلس في ختم كتاب الشفا بتعريف حقوق المصطفى صلى الله عليه وسلم	محمد بن عبد الله (أبي بكر) بن محمد ابن أحمد بن مجاهد القيسي الدمشقي الشافعي، شمس الدين، الشهير بابن ناصر الدين (المتوفى: 842هـ)	ShamAY	27088	0.32994
		التحالف السياسي في الإسلام	منير محمد الغضبان	ShamAY	1574	0.32992
		نظرية عدالة الصحابة والمرجعية السياسية في الإسلام	المحامي أحمد حسين يعقوب	Masaha	470	0.32991
		مناهل الصفا في تخريج أحاديث الشفا	عبد الرحمن بن أبي بكر، جلال الدين السيوطي (المتوفى: 911ه)	ShamelaY19	95829	0.3299
		هذه هي المُتعة فاحذروها - دراسة وتحليل- رسالة مفتوحة لعشائر العراق الغيارى	عبد الرحمن الدولة	ShamAY	36324	0.32987
		 خطط الشام 	 محمد كرد علي 	ABLibrary	9059	0.32987
		مسائل العقيدة في كتاب التوحيد من صحيح الإمام البخاري «عرض ودراسة»	يوسف الحوشان	ShamelaY19	142136	0.32986
		وصيه النبي ( صلي الله عليه و آله و سلم )	علي موسي الكعبي	Ghbook	5308	0.32981
		 المواعظ والإعتبار في ذكر الخطط والآثار ( ط بيروت ) 	 المقريزي 	ABLibrary	9233	0.3298
		المقومات الشخصية لمعلم القرآن الكريم	د. حازم سعيد حيدر	ShamAY	8563	0.32972
		جمال الاسبوع 	سيد رضي الدين علي بن موسي بن طاووس ابن طاووس	Ghbook	2495	0.32971
		التعليق على تفسير القرطبي - عبد الكريم الخضير	عبد الكريم الخضير	ShamelaY19	26047	0.32967
		 موسوعة عشائر العراق 	 عباس العزاوي المحامي 	ABLibrary	9263	0.32963
		من مشاهير المجددين في الإسلام	صالح بن فوزان بن عبد الله الفوزان	ShamAY	31084	0.32957
		حقيقة شهادة أن محمدا رسول الله صلى الله عليه وسلم	عبد العزيز بن عبد الله بن محمد بن عبد اللطيف بن عبد الرحمن بن حسن بن الشيخ محمد بن عبد الوهاب	ShamelaY19	21770	0.32956
		شفاء العليل في مسائل القضاء والقدر والحكمة والتعليل	محمد بن أبي بكر أيوب الزرعي أبو عبد الله	ShamAY	34426	0.32955
		آراء حول القرآن 	علي علامه فاني اصفهاني	Ghbook	2750	0.32955
		المدينة المنورة عاصمة الإسلام الأولى	محمد السيد الوكيل	ShamAY	38492	0.32949
		قراءة في رسالة التنزيه	الشيخ محمد الحسون	Masaha	375	0.32948
		معارف الرجال في تراجم العلماء و الادباء - الجزء2	محمد حسين حرز الدين	Masaha	4038	0.32942
		فتح البيان في مقاصد القرآن	أبو الطيب محمد صديق خان بن حسن بن علي ابن لطف الله الحسيني البخاري القنوجي (المتوفى: 1307ه)	ShamelaY19	37458	0.32941
		إيضاح شواهد الإيضاح	أبو علي الحسن بن عبد الله القيسي (المتوفى: ق 6هـ)	ShamAY	9250	0.32941
		الخُلاصَةُ في أحكام الجُمُعَة	الواحدي :: علي بن نايف الشحود	ShamAY	36071	0.32938
		تأويل مشكل القرآن	أبو محمد عبد الله بن مسلم بن قتيبة الدينوري (المتوفى: 276هـ)	ShamAY	23596	0.32937
		سرّ الفصاحة	أبي محمّد عبد الله بن سعيد بن سنان الخفاجي الحلبي	Rafed	2077	0.32937
		فتح المجيد شرح كتاب التوحيد	عبد الرحمن بن حسن بن محمد بن عبد الوهاب بن سليمان التميمي (المتوفى: 1285ه)	Sham19Y	2386	0.32936
		نهضة الحسين(ع)	السيد هبة الدين الحسيني الشهرستاني	Masaha	475	0.32935
		أعلام النبوّة	أبي الحسن علي بن محمد الماوردي الشافعي	Rafed	3313	0.32935
		فتح المجيد شرح كتاب التوحيد	عبد الرحمن بن حسن بن محمد بن عبد الوهاب بن سليمان التميمي (المتوفى: 1285هـ)	ShamAY	2386	0.32934
		موسوعة الفرق المنتسبة للإسلام - الدرر السنية	مجموعة من المؤلفين	ShamAY	1513	0.32934
		 دلائل الصدق لنهج الحق 	 الشيخ محمد حسن المظفر 	ABLibrary	943	0.32933
		من معاناه الاسلام و المسلمين	آيت الله العظمي سيد محمد حسيني شيرازي	Ghbook	7854	0.32931
		 بحار الأنوار 	 العلامة المجلسي 	ABLibrary	762	0.32929
		حلية البشر في تاريخ القرن الثالث عشر	عبد الرزاق بن حسن بن إبراهيم البيطار الميداني الدمشقي (المتوفى: 1335ه)	ShamelaY19	31371	0.32928
		حديث المنزلة	السيّد علي الحسيني الميلاني	Rafed	182	0.32925
		إسلامية لا وهابية	د. ناصر بن عبد الكريم العقل	ShamelaY19	30888	0.32923
		 سيد المرسلين 	 الشيخ السبحاني 	ABLibrary	7635	0.32923
		الجامع اللطيف	ابن ظهيرة	Rafed	2208	0.32922
		ترجمة الشيخ عبد الرحمن الأفريقي	عمر بن محمد بن محمد بكر فُلاَّتَة (بالتاء) أو الفُلاَّنِيُّ (بالنون) (المتوفى: 1419هـ)	ShamAY	10060	0.32921
		مراسم عاشوراء شبهات وردود	السيد جعفر مرتضى العاملي	Masaha	408	0.32915
		 الذريعة 	 آقا بزرگ الطهراني 	ABLibrary	858	0.32914
		أمهات المؤمنين في مدرسة النبوة	مصطفى الطحان	ShamAY	35814	0.3291
		الاقتضاب في شرح أدب الكتاب	أبو محمد عبد الله بن محمد بن السِّيد البَطَلْيَوسي (المتوفى: 521 هـ)	ShamAY	32581	0.32906
		كشف الحقائق	الشيخ علي آل محسن	Rafed	3596	0.32905
		بحار الأنوار [ج ٥٩]	الشيخ محمّد باقر بن محمّد تقي المجلسي	Rafed	1052	0.32904
		شرح زيارة العاشوراء	الملّا حبيب الله الشريف الكاشاني	Rafed	3130	0.32904
		فتح المجيد شرح كتاب التوحيد - ت: الفقي	عبد الرحمن بن الحسن آل الشيخ	ShamAY	33892	0.32901
		ثاره الترغيب و التشويق الي مساجد الثلاثه و البيت العتيق	رسول جعفريان	Ghbook	10426	0.329
		دفاع عن السُنَّة ورد شبه المُسْتَشْرِقِينَ والكتاب المعاصرين	محمد بن محمد بن سويلم أبو شُهبة (المتوفى: 1403هـ)	ShamAY	1103	0.32899
		كتاب المواعظ والإعتبار بذكر الخطط والآثار المعروف بالخطط المقريزيّة [ج ١]	تقي الدين احمد بن علي المقريزي	Rafed	2319	0.32894
		موسوعة عشائر العراق [ج ١]	عباس العزاوي المحامي	Rafed	3082	0.32893
		كتاب الصيام من المحرر لابن عبدالهادي رحمه الله	سليمان بن خالد الحربي	ShamAY	36354	0.32892
		معالم الوسطية والتيسير والاعتدال في سيرة الشيخ فيصل بن عبد العزيز آل مبارك	محمد بن حسن المبارك	ShamAY	35868	0.32892
		مجلة البيان (238 عددا)	تصدر عن المنتدى الإسلامي	Sham19Y	1541	0.32886
		إتحاف القاري بسد بياضات فتح الباري	أبو الأشبال صغير أحمد شاغف البهاري الباكستاني	ShamAY	31644	0.32885
		 باب الحوائج الإمام موسى الكاظم ( ع ) 	 حسين الحاج حسن 	ABLibrary	7433	0.32881
		جمع القرآن نقد الوثائق و عرض الحقائق	علي شهرستاني	Ghbook	16137	0.32878
		إسبال المطر على قصب السكر (نظم نخبة الفكر في مصطلح أهل الأثر)	محمد بن إسماعيل بن صلاح بن محمد الحسني، الكحلاني ثم الصنعاني، أبو إبراهيم، عز الدين، المعروف كأسلافه بالأمير (المتوفى: 1182هـ)	ShamAY	501	0.32875
		تفسير مقاتل بن سليمان	أبو الحسن مقاتل بن سليمان بن بشير الأزدي البلخى (المتوفى: 150هـ)	ShamAY	23614	0.32872
		الغلو  و الفرق  الباطنيه	محمد السند	Ghbook	15172	0.32872
		دفاع عن السنة ورد شبه المستشرقين والكتاب المعاصرين	محمد بن محمد بن سويلم أبو شهبة (المتوفى: 1403ه)	ShamelaY19	37972	0.3287
		مجتمع المدينة قبل الهجرة وبعدها	حسن خالد	ShamAY	38427	0.3287
		مناهل الصفا في تخريج أحاديث الشفا	عبد الرحمن بن أبي بكر، جلال الدين السيوطي (المتوفى: 911هـ)	ShamAY	1626	0.32868
		أعلام الهداية الإمام الحسين سيد الشهداء	المجمع العالمي لأهل البيت عليهم السلام	Rafed	1543	0.32868
		آداب الدعاء المسمى أدب المُرتَعى في علم الدعا	الواحدي :: يوسف بن عبد الهادي	ShamAY	33728	0.32865
		السير لأبي إسحاق الفزاري	أبو إسحاق إبراهيم بن محمد بن الحارث بن أسماء بن خارجة بن حصن الفزاري (المتوفى: 188ه)	ShamelaY19	29344	0.32864
		العلاقة المثلى بين الدعاة ووسائل الإتصال الحديثة في ضوء الكتاب والسنة	د. سعيد بن علي بن وهف القحطاني	ShamAY	1818	0.32864
		طوق الحمامة في الألفة والألاف	أبو محمد علي بن أحمد بن سعيد بن حزم الأندلسي القرطبي الظاهري (المتوفى: 456هـ)	ShamAY	10518	0.32863
		السجود علي التربه الحسينيه	عبدالرضا الحسيني الشهرستاني	Ghbook	12341	0.32863
		ذخيره المعاد في شرح الارشاد (الحج)	ملا محمدباقر سبزواري	Ghbook	3508	0.3286
		مظلوميّة الزهراء عليها السلام	السيّد علي الحسيني الميلاني	Rafed	194	0.32859
		شرح الأربعين النووية في الأحاديث الصحيحة النبوية	تقي الدين أبو الفتح محمد بن علي بن وهب بن مطيع القشيري، المعروف بابن دقيق العيد (المتوفى: 702ه)	Sham19Y	11244	0.32856
		مرجعيه اهل البيت عليهم السلام	ابراهيم اميني	Ghbook	11226	0.32856
		تحقيق المقام فيما يتعلق بأوقات النهي عن الصلاة من أحكام	عيد بن سفر الحجيلي	ShamAY	12144	0.32853
		الجزء فيه تفسير القرآن ليحيى بن يمان ونافع بن أبي نعيم القارئ ومسلم بن خالد الزنجي وعطاء الخراساني برواية أبي جعفر الترمذي	أبو جعفر الترمذي محمد بن أحمد بن نصر الشافعي الترمذي الرملي الفقيه (المتوفى: 295ه)	Sham19Y	26470	0.32852
		التنقيح الرائع لمختصر الشرائع - الجزء1	المقداد السيوري	Masaha	1058	0.32852
		إعراب القرآن [ج ٣]	أبي جعفر أحمد بن محمّد بن إسماعيل النحّاس [ ابن النحّاس ]	Rafed	3322	0.3285
		إخبار أهل الرسوخ في الفقه والتحديث بمقدار المنسوخ من الحديث	جمال الدين أبو الفرج عبد الرحمن بن علي بن محمد الجوزي (المتوفى: 597ه)	ShamelaY19	22002	0.32849
		بحوث في الملل والنّحل [ج ٤]	الشيخ جعفر السبحاني	Rafed	62	0.32848
		من حديث عبد الصمد الطستي	أبو الحسين عبد الصمد بن علي بن محمد بن مكرم البغدادي، الطستي، الوكيل (المتوفى: 346ه)	Sham19Y	28853	0.32846
		 نهاية المرام في علم الكلام 	 العلامة الحلي 	ABLibrary	8672	0.32845
		 منتهى السؤل على وسائل الوصول إلى شمائل الرسول ( ص ) 	 عبد الله بن سعيد محمد عبادي اللحجي 	ABLibrary	7801	0.32837
		خلاصة البدر المنير	ابن الملقن سراج الدين أبو حفص عمر بن علي بن أحمد الشافعي المصري (المتوفى: 804ه)	ShamelaY19	21104	0.32835
		من احاديث سيره الامام الصادق ( عليه السلام ) المدونه في كتب السيره	رسولي محلاتي	Ghbook	5021	0.32834
		دفاع عن الحديث النبوي والسيرة	محمد ناصر الدين الألباني (المتوفى: 1420هـ)	ShamAY	421	0.32833
		الأحكام السلطانية للماوردي	أبو الحسن علي بن محمد بن محمد بن حبيب البصري البغدادي، الشهير بالماوردي (المتوفى: 450هـ)	ShamAY	22881	0.32833
		مدخل لدراسة العقيدة الإسلامية	د عثمان جمعة ضميرية	ShamAY	9991	0.3283
		البيان في عقائد اهل الايمان	محمد باقر شريعتي اصفهاني	Ghbook	7533	0.32827
		من أنوار الخطب المنبرية	السيد حامد على خطاب	ShamAY	35036	0.32825
		أصل الشيعة وأصولها	الشيخ محمد حسين كاشف الغطاء	Rafed	344	0.32824
		الدخيل في التفسير - جامعة المدينة	مناهج جامعة المدينة العالمية	ShamAY	1646	0.32822
		الموسوعة القرآنية المتخصصة	مجموعة من الأساتذة والعلماء المتخصصين	ShamAY	1765	0.32822
		الأنفاس الأخيرة	عبد الملك بن محمد القاسم	ShamelaY19	96307	0.3282
		فتح القدير للكمال ابن الهمام	كمال الدين محمد بن عبد الواحد السيواسي المعروف بابن الهمام (المتوفى: 861هـ)	ShamAY	21744	0.32818
		حجية خبر الآحاد في العقائد والأحكام - عامر حسن صبري	عامر بن حسن صبري	ShamAY	11153	0.32818
		الدفاع عن الصحابي أبي بكرة ومروياته والاستدلال لمنع ولاية النساء على الرجال	عبد المحسن بن حمد بن عبد المحسن بن عبد الله بن حمد العباد البدر	Sham19Y	7617	0.32816
		أسنى المطالب في أحاديث مختلفة المراتب	محمد بن محمد درويش، أبو عبد الرحمن الحوت الشافعي (المتوفى: 1277هـ)	ShamAY	6076	0.32815
		أحكام العيدين	علي بن حسن الحلبي	ShamelaY19	26142	0.32814
		مجموعة أجزاء حديثية مسألة سبحان	أبو عبد الله إبراهيم بن محمد بن عرفة بن سليمان بن المغيرة بن حبيب العتكي الأزدي الواسطي المعروف بنِفْطَوَيْهِ (المتوفى: 323هـ)	ShamAY	12957	0.32813
		فقه الدعوة في صحيح الإمام البخاري	سعيد بن علي بن وهب القحطاني	ShamAY	1954	0.32812
		دروس الشيخ عبد المحسن العباد	عبد المحسن بن حمد بن عبد المحسن بن عبد الله بن حمد العباد البدر	ShamAY	370	0.32811
		أحكام القرآن [ج ١]	أبي عبد الله محمد بن إدريس الشافعي	Rafed	1531	0.32811
		منهج الدميري في كتابه حياة الحيوان	إبراهيم بن عبد الله المديهش	ShamelaY19	145430	0.32809
		أشراط الساعة الكبرى	عبد الرحمن الكيلاني	ShamAY	35030	0.32806
		الميسر في شرح مصابيح السنة للتوربشتي	فضل الله بن حسن بن حسين بن يوسف أبو عبد الله، شهاب الدين التُّورِبِشْتِي (المتوفى: 661 هـ)	ShamAY	32667	0.32805
		مصنفات حذر منها الإمام الذهبي في كتابه سير أعلام النبلاء	محمد أبو غازي	ShamAY	37631	0.32805
		كنز العمال في سنن الأقوال والأفعال	علاء الدين علي بن حسام الدين ابن قاضي خان القادري الشاذلي الهندي البرهانفوري ثم المدني فالمكي الشهير بالمتقي الهندي (المتوفى: 975ه)	Sham19Y	2677	0.32803
		تفسير مقاتل بن سليمان [ج ١]	الناشر: مؤسسة التاريخ العربي للطباعة والنشر والتوزيع	Rafed	3839	0.32803
		آثار البلاد وأخبار العباد	زكريا بن محمد القزويني	Masaha	4128	0.32801
		 حياة الإمام موسى بن جعفر ( ع ) 	 الشيخ باقر شريف القرشي 	ABLibrary	7506	0.32799
		الأمثال لابن سلام	أبو عُبيد القاسم بن سلاّم بن عبد الله الهروي البغدادي (المتوفى: 224هـ)	ShamAY	135	0.32797
		 الاعتماد في شرح واجب الاعتقاد 	 المقداد السيوري 	ABLibrary	8310	0.32796
		آثار البلاد وأخبار العباد	زكريا بن محمد بن محمود القزويني (المتوفى: 682هـ)	ShamAY	9631	0.32793
		أدلة تحريم حلق اللحية	محمد بن أحمد بن إسماعيل المقدم	ShamelaY19	98119	0.32791
		جامع المسائل لابن تيمية ط عالم الفوائد - المجموعة الخامسة	شيخ الإسلام أحمد بن عبد الحليم بن عبد السلام ابن تيمية (661 - 728 هـ)	ShamAY	37986	0.32791
		 مجموعه رسائل ابن عربي 	 ابن عربي 	ABLibrary	8751	0.3279
		الإيمان والرد على أهل البدع (مطبوع ضمن مجموعة الرسائل والمسائل النجدية لبعض علماء نجد الأعلام، الجزء الثاني)	عبد الرحمن بن حسن بن محمد بن عبد الوهاب بن سليمان التميمي (المتوفى: 1285هـ)	ShamAY	9841	0.32787
		أبُو ذر الغفاري رمز اليقظة في الضمير الإنساني	الشيخ محمد جواد آل الفقيه	Masaha	522	0.32784
		بحار الأنوار [ج ٩٠]	الشيخ محمّد باقر بن محمّد تقي المجلسي	Rafed	1167	0.32784
		 الجامع اللطيف 	 ابن ظهيرة 	ABLibrary	9031	0.32781
		العقيدة السلفية فى كلام رب البرية وكشف أباطيل المبتدعة الردية	عبد الله بن يوسف الجديع	ShamelaY19	122091	0.32779
		مدخل لدراسة العقيدة الإسلامية	د عثمان جمعة ضميرية	Sham19Y	9991	0.32777
		فضائل الخمسة من الصحاح الستة - الجزء1	السيد مرتضى الفيروزآبادي‏	Masaha	2877	0.32777
		 شرح فروع الكافي 	 محمد هادي المازندراني 	ABLibrary	9347	0.32776
		شرح القصائد السبع الطوال الجاهليات	أبو بكر محمد بن القاسم بن بشار الأنباري (ت 328ه)	ShamelaY19	124335	0.32769
		الشفا بتعريف حقوق المصطفى - محذوف الأسانيد	عياض بن موسى بن عياض بن عمرون اليحصبي السبتي، أبو الفضل (المتوفى: 544ه)	ShamelaY19	23645	0.32768
		دفاع عن السنة ورد شبه المستشرقين والكتاب المعاصرين	محمد بن محمد بن سويلم أبو شهبة (المتوفى: 1403ه)	ShamelaY19	37593	0.32764
		المهذّب البارع [ج ١]	الشيخ جمال الدين أحمد بن محمد بن فهد الحلّي	Rafed	1806	0.32761
		حديث الولاية	السيد علي الحسيني الميلاني	Masaha	235	0.3276
		كنز العمال في سنن الأقوال والأفعال	علاء الدين علي بن حسام الدين ابن قاضي خان القادري الشاذلي الهندي البرهانفوري ثم المدني فالمكي الشهير بالمتقي الهندي (المتوفى: 975هـ)	ShamAY	2677	0.32759
		الجواب الصحيح لمن بدل دين المسيح - ت الألمعي	ابن تيمية ت 728 هـ	ShamAY	33851	0.32755
		حوار مع الشيخ صالح الدرويش حول كتابه «التراحم بين آل بيت النبي صلي الله عليه و آ...	آيت الله العظمي جعفر سبحاني	Ghbook	10404	0.32753
		شرح  الفصول  النصيريه 	عبد الوهاب بن علي الاسترآبادي	Ghbook	15678	0.32752
		الوفا بما يجب لحضرة المصطفى	السمهودي	ShamAY	38406	0.32751
		شرح القصائد السبع الطوال الجاهليات	أبو بكر محمد بن القاسم بن بشار الأنباري (ت 328هـ)	ShamAY	31947	0.32749
		سير الائمه ( عليهم السلام ) - في رحاب ائمه اهل البيت ( عليهم السلام ) - الامام ا...	محسن امين عاملي	Ghbook	6095	0.32749
		انوار البدرين في تراجم علماء القطيف و الاحساء و البحرين	علي بن حسن بلادي بحراني	Ghbook	7606	0.32749
		 دفع الشبه عن الرسول ( ص ) 	 الحصني الدمشقي 	ABLibrary	925	0.32748
		تفسير آيات الأحكام للسايس	محمد علي السايس الأستاذ بالأزهر الشريف	ShamAY	23599	0.32747
		المسجد النبوي عبر التاريخ	محمد السيد الوكيل	ShamAY	38490	0.32745
		نفاضة الجراب في علالة الاغتراب	لسان الدين بن الخطيب، محمد بن عبد الله (المتوفى: 776ه)	Sham19Y	477	0.32743
		رَفعُ الأَسْتَار المُسّبِلَةُ عَنْ مَبَاحِثِ البَسّمَلَةِ	محمد حامد محمد	ShamAY	33143	0.32739
		مجلة البيان (238 عددا)	تصدر عن المنتدى الإسلامي	ShamAY	1541	0.32738
		الحبل المتين في أحكام الدين	الشيخ البهائي	Masaha	1140	0.32737
		رسائل آل طوق القطيفي - الجزء1	الشيخ أحمد آل طوق القطيفي	Masaha	1561	0.32729
		القول بالإحسان العميم في انتفاع الميت بالقرآن العظيم	محمد بن علي بن محمد بن عمر القطان العسقلاني 813 هـ	ShamAY	34294	0.32728
		مجموع لطيف أنسي في صيغ المولد النبي القدسي‏	د. عاصم الدرقاوي‏	Masaha	3022	0.32728
		بحار الأنوار [ج ٧١]	الشيخ محمّد باقر بن محمّد تقي المجلسي	Rafed	1084	0.32727
		منهج علماء الحديث والسنة في أصول الدين	د مصطفى محمد حلمي	ShamAY	1382	0.32723
		اختلاف المفسرين أسبابه وضوابطه	أحمد بن محمد الشرقاوى	ShamAY	36804	0.32721
		رسالة الغفران	أحمد بن عبد الله بن سليمان بن محمد بن سليمان، أبو العلاء المعري، التنوخي (المتوفى: 449هـ)	ShamAY	1589	0.32721
		جامع المسائل لابن تيمية ط عالم الفوائد - المجموعة الرابعة	شيخ الإسلام أحمد بن عبد الحليم بن عبد السلام ابن تيمية (661 - 728 هـ)	ShamAY	37985	0.3272
		 الحضرة الأنسية في الرحلة القدسية 	 الشيخ عبد الغني النابلسي 	ABLibrary	9037	0.32712
		وعرفت من هم أهل البيت(ع)	حسينة حسن الدريب	Masaha	484	0.3271
		مختصر صحيح البخاري تحقيق الشحود	ابن أبي جمرة الأندلسي رحمه الله	ShamAY	35250	0.32709
		زهر الأكم في الأمثال والحكم	الحسن بن مسعود بن محمد، أبو علي، نور الدين اليوسي (المتوفى: 1102ه)	Sham19Y	7414	0.32709
		دروس في شرح البيقونية - سعد الحميد	سعد بن عبد الله بن عبد العزيز آل حُمَيِّد	ShamAY	1575	0.32706
		المكاسب والورع والشبهة وبيان مباحها ومحظورها واختلاف الناس في طلبها والرد على الغالطين فيه	الحارث بن أسد المحاسبي، أبو عبد الله (المتوفى: 243هـ)	ShamAY	6230	0.32702
		البيان في تفسير القرآن	السيّد أبو القاسم الموسوي الخوئي	Rafed	691	0.32702
		كشف الغطاء عن مبهمات الشريعة الغرّاء [ج ١]	الشيخ جعفر كاشف الغطاء	Rafed	1562	0.32702
		 التنبيه والرد على أهل الأهواء والبدع 	 ابن عبد الرحمن الملطي 	ABLibrary	8396	0.32699
		إعراب القرآن [ج ١]	أبي جعفر أحمد بن محمّد بن إسماعيل النحّاس [ ابن النحّاس ]	Rafed	3320	0.32699
		القسم العربي من موقع (الإسلام، سؤال وجواب)	الموقع بإشراف الشيخ محمد صالح المنجد - حفظه الله -	ShamelaY19	26332	0.32698
		السمو الروحي الأعظم والجمال الفني في البلاغة النبوية	مصطفى صادق بن عبد الرزاق بن سعيد بن أحمد بن عبد القادر الرافعي (المتوفى: 1356ه)	ShamelaY19	36191	0.32698
		كتاب صفة الصلاة من شرح العمدة للإمام موفق الدين ابن قدامة	تقي الدين أبو العباس أحمد بن عبد الحليم بن عبد السلام بن عبد الله بن أبي القاسم بن محمد ابن تيمية الحراني الحنبلي الدمشقي (المتوفى: 728 هـ)	ShamAY	32295	0.32698
		 رحلة المكناسي 	 محمد بن عبد الوهاب المكناسي 	ABLibrary	9109	0.32696
		مختارات شعراء العرب لابن الشجري	ضياء الدين أبو السعادات هبة الله بن علي بن حمزة، المعروف بابن الشجري (المتوفى: 542ه)	Sham19Y	740	0.32694
		إمعان النظر في مشروعية البغض والهجر، وإحياء ما عفا منه واندثر ((دراسة علمية في مشروعية البغض في الله والهجر فيه عز وجل))	أبو محمد عبد الكريم بن صالح بن عبد الكريم الحميد	ShamelaY19	36172	0.32693
		حديث الدار	السيد علي الحسيني الميلاني	Masaha	230	0.32693
		زهر الأكم في الأمثال والحكم	الحسن بن مسعود بن محمد، أبو علي، نور الدين اليوسي (المتوفى: 1102هـ)	ShamAY	7414	0.3269
		الهداية إلى بلوغ النهاية في علم معاني القرآن وتفسيره، وأحكامه، وجمل من فنون علومه	أبو محمد مكي بن أبي طالب حموش بن محمد بن مختار القيسي القيرواني ثم الأندلسي القرطبي المالكي (المتوفى: 437ه)	ShamelaY19	22593	0.32689
		المرقاة شرح مقدمة الصلاة	المتن المسمى بمقدمة الصلاة منسوب للكيداني والفناري وابن كمال باشا، والشرح المسمى بالمرقاة للدكتور صلاح محمد أبو الحاج.	ShamAY	36422	0.32688
		موسوعة الأسئلة العقائديّة [ج ٣]	مركز الأبحاث العقائديّة	Rafed	1380	0.32687
		نفاضة الجراب في علالة الاغتراب	لسان الدين بن الخطيب، محمد بن عبد الله (المتوفى: 776هـ)	ShamAY	477	0.32684
		الصحيح من سيره النبي الاعظم صلي الله عليه و آله وسلم	سيد جعفرمرتضي حسيني عاملي	Ghbook	10435	0.32684
		نظرية العقد (= العقود)	تقي الدين أبو العباس أحمد بن عبد الحليم بن عبد السلام بن تيمية الحراني الحنبلي الدمشقي (المتوفى: 728هـ)	ShamAY	34385	0.32677
		المنحه الوهبيه في رد الوهابيه	طحاوي، احمد بن محمد	Ghbook	7589	0.32677
		الإيمان والرد على أهل البدع	عبد الرحمن بن حسن آل الشيخ	ShamAY	35723	0.32675
		قصص الانبياء ( داستانهاي پيغامبران )	قطب الدين سعيد بن هبة الله راوندي	Ghbook	2587	0.32675
		سرور النفس بمدارك الحواس الخمس	أبو العباس أحمد بن يوسف التيفاشي (المتوفى: 651هـ)	ShamAY	1032	0.32674
		تنزيه القرآن الكريم عن دعاوى المبطلين	منقذ بن محمود السقار	ShamelaY19	95574	0.32673
		كلمات في الدعوة والمنهاج	هشام بن فهمي بن موسى العارف	ShamAY	33404	0.32673
		 تثبيت دلائل النبوة 	 القاضي عبد الجبار الهمذاني 	ABLibrary	7456	0.32669
		الجزء فيه تفسير القرآن ليحيى بن يمان ونافع بن أبي نعيم القارئ ومسلم بن خالد الزنجي وعطاء الخراساني برواية أبي جعفر الترمذي	أبو جعفر الترمذي محمد بن أحمد بن نصر الشافعي الترمذي الرملي الفقيه (المتوفى: 295ه)	ShamelaY19	26470	0.32668
		 ينابيع النصيحة في العقائد الصحيحة 	 الأمير الحسين بن بدر الدين 	ABLibrary	8681	0.32667
		 تاريخ دمشق 	 ابن القلانسي 	ABLibrary	8991	0.32666
		الدراري المضية شرح الدرر البهية	محمد بن علي بن محمد بن عبد الله الشوكاني اليمني (المتوفى: 1250هـ)	ShamAY	7264	0.32663
		تحرير المقال في موازنة الأعمال وحكم غير المكلفين في العقبى والمآل	أَبُو طالب وأَبُو المجد عقيل بن عطية بن أبي أحمد جعفر بن محمد بن عطية القضاعي الأندلسيّ الطّرطوشيّ، ثُمّ المَرّاكُشيّ (المتوفى: 608هـ)	ShamAY	2035	0.32657
		حديث الدار	السيّد علي الحسيني الميلاني	Rafed	183	0.32653
		الامام الباقر ( عليه السلام )	كمال السيد	Ghbook	6389	0.3265
		موتمر الامام المهدي ( عجل الله تعالي فرجه الشريف )	محمد مهدي آصفي	Ghbook	4577	0.32649
		الإسراء والمعراج مقدمات .. أحداث .. نتائج	صلاح سلطان	ShamAY	37459	0.32647
		إلزام النّاصب في إثبات الحجّة الغائب عجّل فرجه [ج ٢]	الشيخ علي اليزدي الحائري	Rafed	2566	0.32646
		الوصية ببعض السنن شبه المنسية	هيفاء الرشيد	ShamAY	34326	0.32644
		في رحاب الامام زين العابدين ( عليه السلام )	علي عزيز الابراهيم	Ghbook	6391	0.3264
		مذهب أهل البيت(ع)	السيد علي نقي الحيدري	Masaha	406	0.32639
		الاعتداء في الدعاء (صور وضوابط ونماذج من الدعاء الصحيح)	سعود بن محمد بن حمود العقيلي	ShamelaY19	35622	0.32638
		مقارنة بين شروح كتب السنة الستة	عبد الكريم بن عبد الله بن عبد الرحمن بن حمد الخضير	ShamelaY19	23757	0.32638
		الجعفريات (الاشعثيات) - الحج	محمد بن محمد اشعث كوفي	Ghbook	3478	0.32638
		روضة المحبين ونزهة المشتاقين	محمد بن أبي بكر بن أيوب بن سعد شمس الدين ابن قيم الجوزية (المتوفى: 751هـ)	ShamAY	11229	0.32632
		علي والخوارج - الجزء2	السيد جعفر مرتضى العاملي	Masaha	374	0.32632
		أضواء على الصحيحين	الشيخ محمد صادق النجمي	Masaha	143	0.3263
		الإمام علي(ع) وتنمية ثقافة أهل الكوفة	محمد العبادي	Masaha	580	0.32627
		دفع إيهام تعارض أحاديث الأحكام في كتاب الطهارة	رقية بنت محمد المحارب	Sham19Y	7802	0.32619
		الجواب الصحيح لمن بدل دين المسيح لابن تيمية	تقي الدين أبو العباس أحمد بن عبد الحليم بن عبد السلام بن عبد الله بن أبي القاسم بن محمد ابن تيمية الحراني الحنبلي الدمشقي (المتوفى: 728هـ)	ShamAY	170	0.32618
		اعلام الهدايه (الامام الحسن المجتبي عليه السلام)	جمعي از نويسندگان	Ghbook	6051	0.32618
		السمو الروحي الأعظم والجمال الفني في البلاغة النبوية	مصطفى صادق بن عبد الرزاق بن سعيد بن أحمد بن عبد القادر الرافعي (المتوفى: 1356ه)	Sham19Y	36191	0.32616
		 دعائم الإسلام 	 القاضي النعمان المغربي 	ABLibrary	826	0.32616
		الإعتماد في شرح واجب الإعتقاد	جمال الدين مقداد بن عبد الله السيوري الحلّي	Rafed	3396	0.32615
		ضرورة الاهتمام بالسنن النبوية	أبو عبد الرحمن عبد السلام بن برجس بن ناصر آل عبد الكريم (المتوفى: 1425 هـ)	ShamAY	32286	0.32614
		التكفير أخطاره و ضوابطه (بحث التخرج)	زكريا الخطيب	ShamAY	35724	0.32611
		المهذب في حق المسلم على المسلم	علي بن نايف الشحود	ShamAY	34840	0.3261
		دروس في علم الدراية (علم الحديث : پژوهشي در مصطلح الحديث يا علم الدرايه)	رضا مودب	Ghbook	15056	0.3261
		العاقبة في ذكر الموت	عبد الحق بن عبد الرحمن بن عبد الله بن الحسين بن سعيد إبراهيم الأزدي، الأندلسي الأشبيلي، المعروف بابن الخراط (المتوفى: 581ه)	Sham19Y	6862	0.32609
		دفعُ إيهامِ تعارضِ أحاديث الأحكامِ في كتابِ الطَّهارةِ	رقية بنت محمد المحارب	ShamAY	7802	0.32608
		لطائف المعارف فيما لمواسم العام من الوظائف	زين الدين عبد الرحمن بن أحمد بن رجب بن الحسن، السَلامي، البغدادي، ثم الدمشقي، الحنبلي (المتوفى: 795هـ)	ShamAY	11363	0.32604
		شرح رسالة أبي داود لأهل مكة	عبد الكريم الخضير	ShamAY	141	0.32603
		القواعد النورانية الفقهية	تقي الدين أبو العباس أحمد بن عبد الحليم بن عبد السلام بن عبد الله بن أبي القاسم بن محمد ابن تيمية الحراني الحنبلي الدمشقي (المتوفى: 728ه)	ShamelaY19	21729	0.32602
		محاضرات الأدباء ومحاورات الشعراء والبلغاء	أبو القاسم الحسين بن محمد المعروف بالراغب الأصفهانى (المتوفى: 502هـ)	ShamAY	9078	0.32602
		الجمعة أحكام وآداب	أبو أنس ماجد إسلام البنكاني :: ماجد البنكاني	ShamAY	36671	0.32601
		فضائل الخمسة من الصحّاح الستّة [ج ١]	السيد مرتضى الفيروزآبادي	Rafed	1319	0.326
		مرهم العلل المعضلة في الرد على أئمة المعتزلة	أبو محمد عفيف الدين عبد الله بن أسعد بن علي بن سليمان اليافعي (المتوفى: 768هـ)	ShamAY	6555	0.32599
		تجريد حواشي ابن حجر على تنقيح الزركشي لشمس الدين محمد عبد الرحمن السخاوي (831 - 902 هـ) من أوله إلى آخر كتاب الجنائز. دراسة وتحقيق: الدكتور علي بن عبد الله الزبن قسم السنة وعلومها - كلية أصول الدين جامعة الإمام محمد بن سعود مستخرج من: مجلة	السخاوي، شمس الدين	ShamAY	33062	0.32598
		الممتع في شرح المقنع ت ابن دهيش ط 3	ابن المنجى، أبو البركات	ShamelaY19	20699	0.32597
		مطمح الأنفس ومسرح التأنس في ملح أهل الأندلس	أبي نصر الفتح بن محمد بن عبيد الله بن خاقان ابن عبد الله القيسي الإشبيلي	ShamelaY19	95581	0.32596
		ثم اهتديت	الدكتور محمّد التيجاني السماوي	Rafed	249	0.3259
		عُلوم الحديث في ضوء تطبيقات المحدثين النقاد	حمزة عبد الله المليباري	ShamAY	37280	0.32587
		تقريرات ثلاث للبروجردي	السيد حسين البروجردي	Masaha	4975	0.32587
		القيامة الصغرى	عمر بن سليمان بن عبد الله الأشقر العتيبي	ShamAY	9834	0.32584
		 مسالك الأبصار في ممالك الأمصار 	 أحمد بن يحيى العمري 	ABLibrary	9188	0.32581
		 الدر المنضود في الصلاة والسلام على صاحب المقام المحمود 	 أحمد بن حجر الهيتمي المكي 	ABLibrary	7524	0.32577
		الممتع في شرح المقنع ت ابن دهيش ط 3	ابن المُنجَى، أبو البركات	ShamAY	38960	0.32575
		محاضرات الأدباء و محاورات الشعراء و البلغاء - الجزء1	الراغب الأصفهاني	Masaha	3363	0.32574
		بحار الأنوار [ج ٧]	الشيخ محمّد باقر بن محمّد تقي المجلسي	Rafed	521	0.32574
		العاقبة في ذكر الموت	عبد الحق بن عبد الرحمن بن عبد الله بن الحسين بن سعيد إبراهيم الأزدي، الأندلسي الأشبيلي، المعروف بابن الخراط (المتوفى: 581هـ)	ShamAY	6862	0.32571
		منهج الرشاد لمن أراد السداد	الشيخ جعفر كاشف الغطاء	Masaha	444	0.32571
		الرد على الدكتور عبد الواحد وافي في كتابه بين الشيعة وأهل السنة	إحسان إلهي ظهير الباكستاني (المتوفى: 1407هـ)	ShamAY	960	0.3257
		إتحاف الكرام بشرح عمد الأحكام	عبد الرحمن السحيم	ShamAY	35992	0.32567
		أهمية علم مصطلح الحديث	ذياب بن سعد الغامدي	ShamAY	37356	0.32565
		 نفح الطيب من غصن الأندلس الرطيب 	 أحمد بن محمد المقري التلمساني 	ABLibrary	9298	0.32564
		عدة الإنابة في أماكن الإجابة	عبد الله بن إبراهيم ميرغني	Masaha	4719	0.32561
		البلاغة العمرية	محمد سالم الخضر	ShamelaY19	124590	0.32559
		الروض الفسيح في بيان الفوارق بين المهدي و المسيح عليهما السلام	محمد باقر الهي قمي	Ghbook	6605	0.32559
		رسالة في فضل الخلفاء الراشدين (طبعت مفردة، ومنها نسخة مختصرة في مجموع الفتاوى)	تقي الدين أبو العباس أحمد بن عبد الحليم بن عبد السلام بن عبد الله بن أبي القاسم بن محمد ابن تيمية الحراني الحنبلي الدمشقي (المتوفى: 728ه)	ShamelaY19	38157	0.32556
		معارج القبول بشرح سلم الوصول إلى علم الأصول	حافظ بن أحمد بن علي الحكمي (المتوفى: 1377هـ)	ShamAY	20854	0.32554
		الموطأ لمالك بن أنس رواية عبد الرحمن بن القاسم (أبواب البيوع)	مالك بن أنس الأصبحي	ShamAY	33991	0.32552
		اسباب النزول القرآني	غازي عنايه	Ghbook	2757	0.32551
		الهادي شرح طيبة النشر في القراءات العشر	محمد محمد محمد سالم محيسن (المتوفى: 1422هـ)	ShamAY	1208	0.32549
		كشف الأسرار في شرح الاستبصار - الجزء1	السيد نعمة الله الجزائري	Masaha	1428	0.32549
		الكميت وشعره في الغدير	الشيخ عبد الحسين الأميني النجفي	Masaha	386	0.32543
		الخلاصة المفيدة في إثبات معاني صفات الله الحميدة وإبطال طريقة التفويض		ShamAY	35623	0.32542
		النفحة المسكية في الرحلة المكية	عبد الله بن حسين السويدي البغدادي	Masaha	4134	0.32541
		منع تدوين الحديث	علي شهرستاني	Ghbook	16141	0.3254
		علامات الظهور جدليه صراع ام تحديات مستقبل ؟	محمد علي الحلو	Ghbook	4570	0.3254
		نور على الدرب .. كلمات في الدعوة والمنهاج	هشام بن فهمي بن موسى العارف	ShamAY	33315	0.32537
		نواقض الإيمان القولية والعملية	عبد العزيز بن محمد بن علي العبد اللطيف	ShamAY	33874	0.32537
		جهود أئمة الدعوة السلفية بنجد في التصدي للعنف والإرهاب من خلال الدعوة إلى فقه إنكار المنكر	صالح بن عبد الله الفريح	ShamAY	1179	0.32536
		الكتيبة الكامنة في من لقيناه بالأندلس من شعراء المائة الثامنة	لسان الدين بن الخطيب، محمد بن عبد الله (المتوفى: 776هـ)	ShamAY	1027	0.32533
		أدب الدنيا والدين ط الهلال	أبو الحسن علي بن محمد بن محمد بن حبيب البصري البغدادي، الشهير بالماوردي (المتوفى: 450هـ)	ShamAY	33725	0.32531
		أبحاث هيئة كبار العلماء	هيئة كبار العلماء بالمملكة العربية السعودية	ShamelaY19	21759	0.32527
		 تسلية الفؤاد في بيان الموت والمعاد 	 السيد عبد الله الشبر 	ABLibrary	8384	0.32527
		الطراز الاول	سيد صدرالدين علي بن احمد بن محمد معصوم حسيني دشتكي شيرازي	Ghbook	14738	0.32527
		تاريخ مختصر الدول	غريغوريوس (واسمه في الولادة يوحنا) ابن أهرون (أو هارون) بن توما الملطي، أبو الفرج المعروف بابن العبري (المتوفى: 685ه)	Sham19Y	12348	0.32525
		التخريج ودراسة الأسانيد	حاتم بن عارف بن ناصر الشريف العوني	Sham19Y	3933	0.32522
		كتاب الأفعال [ج ١]	أبي عثمان سعيد بن محمد المعافري السرقسطي	Rafed	2658	0.3252
		الإلمام بمعنى قول الفقهاء الأعلام: من نوى الإقامة فوق أربع لزمه الإتمام	عبد الرحمن بن فهد الدوسري	ShamAY	36419	0.32516
		معالم مكة التأريخية والأثرية	عاتق بن غيث بن زوير بن زاير بن حمود بن عطية بن صالح البلادي الحربي (المتوفى: 1431ه)	ShamelaY19	38107	0.32515
		موجز دائرة المعارف الإسلامية	مجموعة من المؤلفين	ShamAY	38887	0.32515
		التقية عند الشيعة الإمامية	مجيد الخليفة	ShamAY	37785	0.32511
		مختصر صحيح الإمام البخاري	أبو عبد الرحمن محمد ناصر الدين، بن الحاج نوح بن نجاتي بن آدم، الأشقودري الألباني (المتوفى: 1420ه)	ShamelaY19	121381	0.32506
		 نشر المحاسن الغالية في فضائل مشايخ الصوفية أصحاب المقامات العالية 	 عبد الله بن أسعد اليافعي اليمني المكي 	ABLibrary	8801	0.32506
		حلية البشر في تاريخ القرن الثالث عشر	عبد الرزاق بن حسن بن إبراهيم البيطار الميداني الدمشقي (المتوفى: 1335هـ)	ShamAY	31371	0.32505
		النقد النحوي في فكر النحاة إلى القرن السادس الهجري	سيف الدين البرزنجي	ShamAY	37108	0.32504
		معجم علوم القرآن	إبراهيم محمد الجرمي	ShamAY	1228	0.32502
		نبراس الضياء	السيّد محمّد باقر المشتهر بمحقّق الداماد	Rafed	3588	0.32498
		ملحمة قوافل النّور	حسين بركة الشامي	Rafed	1818	0.32497
		 معرفة المعاد 	 السيد محمد حسين الطهراني 	ABLibrary	8879	0.32492
		 بحار الأنوار 	 العلامة المجلسي 	ABLibrary	750	0.32491
		بحث عن السيرة النبوية	-	ShamelaY19	31468	0.32483
		مواقف النبي - صلى الله عليه وسلم - في الدعوة إلى الله تعالى	د. سعيد بن علي بن وهف القحطاني	Sham19Y	96532	0.32477
		أبو هريرة	السيد عبد الحسين شرف الدين	Masaha	74	0.32474
		صور من حياة الصحابيات	عبد الرحمن رأفت الباشا (المتوفى: 1406هـ)	ShamAY	32138	0.32473
		الحجة للقراء السبعة	الحسن بن أحمد بن عبد الغفار الفارسي الأصل، أبو علي (المتوفى: 377ه)	ShamelaY19	35101	0.32472
		التدرج في دعوة النبي	إبراهيم بن عبد الله المطلق	ShamAY	30918	0.32469
		مواقف النبي - صلى الله عليه وسلم - في الدعوة إلى الله تعالى	د. سعيد بن علي بن وهف القحطاني	ShamelaY19	96532	0.32467
		مطارحات في الفكر والعقيدة	مركز الرسالة	Masaha	404	0.32465
		الأصول الاعتقادية للأذكار النبوية	-	ShamAY	34877	0.3246
		اتفاق المباني وافتراق المعاني	سليمان بن بنين بن خلف بن عوض، تقيّ الدين، الدقيقي المصري (المتوفى: 613هـ)	ShamAY	7046	0.32459
		اصل الشيعه و اصولها	محمد حسين آل كاشف الغطاء	Ghbook	12190	0.32459
		أدب الطّف أو شعراء الحسين عليه السلام [ج ٦]	جواد شبّر	Rafed	373	0.32456
		منهج الإمام تاج الدين السبكي في أصول الفقه	أحمد إبراهيم حسن الحسنات	Sham19Y	35356	0.32455
		كيف نزوج العازبات ؟	آيت الله العظمي سيد محمد حسيني شيرازي	Ghbook	8080	0.32455
		توجيه النظر إلى أصول الأثر	طاهر بن صالح (أو محمد صالح) ابن أحمد بن موهب، السمعوني الجزائري، ثم الدمشقيّ (المتوفى: 1338هـ)	ShamAY	5981	0.32452
		الوجيز النفيس في معرفة التدليس (بحث منشور في مجلة مركز البحوث والدراسات في الوقف السني -بغداد 2005م)	أبو ذر عبد القادر بن مصطفى بن عبد الرزاق المحمدي	ShamelaY19	36051	0.3245
		فتاوى واستشارات موقع الإسلام اليوم	مجموعة من المؤلفين	ShamAY	894	0.3245
		إتحاف النبلاء بسيرة العلامة عبد الرزاق عفيفي	راشد بن عثمان الزهراني	ShamAY	35810	0.32443
		 المواعظ والإعتبار في ذكر الخطط والآثار ( ط لندن ) 	 المقريزي 	ABLibrary	9241	0.32442
		تاريخ دمشق	حمزة بن أسد بن علي بن محمّد التيّمي [ ابن القلانسي ]	Rafed	2269	0.32442
		عوائد الايام	احمد بن محمدمهدي ملا احمد نراقي	Ghbook	7072	0.32442
		أحكام القرآن [ج ٤]	أبي بكر محمّد بن عبدالله [ ابن العربي ]	Rafed	3221	0.32438
		معارف الإنعام وفضل الشهور والأيام (مطبوع ضمن مجموع رسائل ابن عبد الهادي)	يوسف بن حسن بن أحمد بن حسن ابن عبد الهادي الصالحي، جمال الدين، ابن المِبْرَد الحنبلي (المتوفى: 909 هـ)	ShamAY	32310	0.32437
		بيان تلبيس الجهمية في تأسيس بدعهم الكلامية	تقي الدين أبو العباس أحمد بن عبد الحليم بن عبد السلام بن عبد الله بن أبي القاسم بن محمد ابن تيمية الحراني الحنبلي الدمشقي (المتوفى: 728ه)	Sham19Y	2864	0.32436
		فتح المجيد في تفسير سورة الحديد " دراسة تحليلية"	د. عوض محمد يوسف أبو عليان	ShamAY	33115	0.32435
		الشفا بتعريف حقوق المصطفى‏ - الجزء1	القاضي عياض الأندلسي‏	Masaha	2067	0.32432
		أثر الإيمان في تحصين الأمة الإسلامية ضد الأفكار الهدامة	عبد الله بن عبد الرحمن الجربوع	ShamAY	7265	0.32431
		تفسير كنز الدّقائق وبحر الغرائب [ج ٢]	الشيخ محمّد بن محمّد رضا القمّي المشهدي	Rafed	2090	0.3243
		الاعتصام للشاطبي ت الهلالي	إبراهيم بن موسى بن محمد اللخمي الغرناطي الشهير بالشاطبي (المتوفى: 790ه)	ShamelaY19	21720	0.32427
		الدر المنضود في الصلاة والسلام على صاحب المقام المحمود	أحمد بن محمد بن علي بن حجر الهيتمي السعدي الأنصاري، شهاب الدين شيخ الإسلام، أبو العباس (المتوفى: 974هـ)	ShamAY	9801	0.32424
		البيهقي وموقفه من الإلهيات	أحمد بن عطية بن علي الغامدي	Sham19Y	7570	0.32424
		مجموعة الرسائل والمسائل النجدية لبعض علماء نجد الأعلام (الجزء الثالث)	عبد اللطيف بن عبد الرحمن بن حسن بن محمد بن عبد الوهاب آل الشيخ (المتوفى: 1293هـ)	ShamAY	11379	0.32421
		السيره الائمه الاثناء عشر عليهم السلام	هاشم معروف الحسني	Ghbook	6097	0.32417
		تثبيت دلائل النبوة	القاضى عبد الجبار بن أحمد بن عبد الجبار الهمذاني الأسد أبادي، أبو الحسين المعتزلي (المتوفى: 415هـ)	ShamAY	9789	0.32415
		 معرفة المعاد 	 السيد محمد حسين الطهراني 	ABLibrary	8872	0.32414
		رمضان والصيام	محمد الغزالي	ShamAY	36047	0.32413
		السلام وآدابه وأحكامه في السنة النبوية المطهرة	آمال ماضي	ShamAY	36169	0.32412
		محدث الحرمين عمر بن حمدان بن عمر المحرسي المكي المدني، العلامة، الثبت، المسند، الإمام	د. رضا بن محمد صفي الدين السنوسي	ShamAY	34648	0.3241
		اللامع الصبيح بشرح الجامع الصحيح	شمس الدين البِرْماوي، أبو عبد الله محمد بن عبد الدائم بن موسى النعيمي العسقلاني المصري الشافعي (المتوفى: 831 هـ)	ShamAY	32555	0.32409
		أثر العبادات في حياة المسلم	عبد المحسن بن حمد بن عبد المحسن بن عبد الله بن حمد العباد البدر	Sham19Y	7481	0.32407
		النبوات لابن تيمية	تقي الدين أبو العباس أحمد بن عبد الحليم بن عبد السلام بن عبد الله بن أبي القاسم بن محمد ابن تيمية الحراني الحنبلي الدمشقي (المتوفى: 728هـ)	ShamAY	11817	0.32405
		نظرية الإمامة عند الخوارج عرض و نقد	حسني محمد العطار	ShamAY	37793	0.32402
		إيجاز البيان عن معاني القرآن [ج ١]	محمود بن أبي الحسن النّيسابوري	Rafed	1475	0.32399
		هويه الشيعه	آيت الله العظمي سيد محمد حسيني شيرازي	Ghbook	7865	0.32399
		تاريخ مختصر الدول	غريغوريوس (واسمه في الولادة يوحنا) ابن أهرون (أو هارون) بن توما الملطي، أبو الفرج المعروف بابن العبري (المتوفى: 685هـ)	ShamAY	12348	0.32397
		السيرة القرآنية للإمام الرضا عليه السلام	الشيخ محمّد جواد المروّجي الطبسي	Rafed	880	0.32394
		من حديث ابن حذلم	أبو الحسن القاضي أحمد بن سليمان بن أيوب بن داود بن عبد الله بن حَذْلَم الأسدي الدمشقي الأوزاعي (المتوفى: 347هـ)	ShamAY	29651	0.32392
		الجهاد في سبيل الله تعالى - مفهومه، وحُكْمه، ومراتبه، وضوابطه، وأنواعه، وأهدافه، وفضله، وأسباب النصر على الأعداء في ضوء الكتاب والسنة	د. سعيد بن علي بن وهف القحطاني	ShamAY	1809	0.32389
		بلوغ المرام من أدلة الأحكام	أبو الفضل أحمد بن علي بن محمد بن أحمد بن حجر العسقلاني (المتوفى: 852هـ)	ShamAY	1209	0.32382
		موسوعة عشائر العراق‏  - الجزء1	عباس العزاوي	Masaha	4097	0.32381
		لب اللباب «مختصر شرح فصول الآداب»	عبد الله بن مانع الروقي	ShamAY	32160	0.3238
		الإفصاح في الإمامة	محمّد بن محمّد النعمان العكبري [ الشيخ المفيد ]	Rafed	3676	0.32376
		منازل الاخره و المطالب الفاخره ( تعريب )	عباس قمي	Ghbook	7116	0.32376
		أثر الإيمان في تحصين الأمة الإسلامية ضد الأفكار الهدامة	عبد الله بن عبد الرحمن الجربوع	Sham19Y	7265	0.32375
		التعليق على فتح الباري	عبد الله بن محمد بن أحمد الدويش (المتوفى: 1409هـ)	ShamAY	10470	0.32373
		قدوة الغازي	أبو عبد الله محمد بن عبد الله بن عيسى بن محمد المري، الإلبيري المعروف بابن أبي زمنين المالكي (المتوفى: 399ه)	ShamelaY19	30760	0.32372
		تصحيح القراءة في نهج البلاغة	الشيخ خالد البغدادي	Masaha	196	0.32372
		حاشيه علي رساله في التقيه	ملا عبد اللّٰه بن محمد حسن مامقاني	Ghbook	11257	0.3237
		 أدب الطف أو شعراء الحسين ( ع ) 	 جواد شبر 	ABLibrary	7404	0.32364
		الحسبة في الإسلام، أو وظيفة الحكومة الإسلامية	تقي الدين أبو العباس أحمد بن عبد الحليم بن عبد السلام بن عبد الله بن أبي القاسم بن محمد ابن تيمية الحراني الحنبلي الدمشقي (المتوفى: 728هـ)	ShamAY	7263	0.32363
		البيهقي وموقفه من الإلهيات	أحمد بن عطية بن علي الغامدي	ShamAY	7570	0.32362
		 حياة الإمام الحسين ( ع ) 	 الشيخ باقر شريف القرشي 	ABLibrary	7494	0.32361
		منهج الإمام تاج الدين السبكي في أصول الفقه	أحمد إبراهيم حسن الحسنات	ShamAY	511	0.3236
		الحياء في حياة المسلم	عبدالرحمن الجار الله :: عبد الرحمن الجار الله	ShamAY	35155	0.3236
		رخصة الفطر في سفر رمضان وما يترتب عليها من الآثار	أحمد علي طه ريان	ShamelaY19	23073	0.32359
		منهج أهل السنة والجماعة في نقد الرجال والكتب والطوائف	ربيع بن هادي المدخلي	ShamAY	33009	0.32359
		 موسوعة العتبات المقدسة 	 جعفر الخليلي 	ABLibrary	9250	0.32357
		الجزء الأول والثاني من حديث ابن المظفر - مخطوط	الواحدي	ShamAY	32751	0.32355
		البديع في البديع لابن المعتز	أبو العباس، عبد الله بن محمد المعتز بالله ابن المتوكل ابن المعتصم ابن الرشيد العباسي (المتوفى: 296هـ)	ShamAY	11661	0.32355
		جزء يعلى بن عباد شيوخه (ضمن مجموع مطبوع باسم الفوائد لابن منده!)	يعلى بن عباد (المتوفى: 230ه)	Sham19Y	9413	0.32353
		معطية الأمان من حنث الأيمان	عبد الحي بن أحمد بن محمد ابن العماد العَكري الحنبلي، أبو الفلاح (المتوفى: 1089هـ)	ShamAY	12076	0.32351
		دعوة إلى سبيل المؤمنين	طارق زين العابدين	Masaha	253	0.32349
		شذا الريحان في روائع رمضان	جميلة المصريفي	ShamAY	35110	0.32347
		شرح زيارة الغدير	السيّد عبدالمطلب الموسوي الخرسان	Rafed	3061	0.32345
		بيان عقيدة أهل السنة والجماعة ولزوم اتباعها في ضوء الكتاب والسنة	د. سعيد بن علي بن وهف القحطاني	ShamelaY19	96481	0.32342
		أحكام القرآن للشافعي - جمع البيهقي	أحمد بن الحسين بن علي بن موسى الخُسْرَوْجِردي الخراساني، أبو بكر البيهقي (المتوفى : 458هـ)	ShamAY	3328	0.32342
		المُنْجِياتُ منَ النَّار	علي بن نايف الشحود	ShamAY	586	0.32336
		وقاية الإنسان من شياطين الإنس والجان	علي بن نايف الشحود	ShamAY	36116	0.32335
		 الموسوعة الصوفية 	 سليمان المدني 	ABLibrary	8915	0.32333
		دعايات مكثفة ضد الشيخ محمد بن عبد الوهاب	محمد منظور النعماني	Sham19Y	11188	0.32332
		الشيخ الطوسي مفسراً	خضير جعفر	Masaha	1722	0.3233
		سبل الهدى و الرشاد في سيرة خير العباد - الجزء1	محمد بن يوسف الصالحي الدمشقي‏	Masaha	2207	0.32329
		حديث الولاية	السيّد علي الحسيني الميلاني	Rafed	1556	0.32328
		الشيخ عبدالله بن قعود رحمه الله الخطيب المفوه والعالم الناصح والمفتي المحقق	وضحاء عطا الله	ShamAY	35799	0.32326
		 آكام المرجان في ذكر المدائن المشهورة في كل مكان 	 إسحاق بن حسين المنجم 	ABLibrary	8918	0.32326
		السيرة النبوية كما جاءت في الأحاديث الصحيحة	أبو عمر، محمد بن حمد الصوياني	ShamelaY19	123668	0.32325
		الرسائل الفقهية - الجزء1	الشيخ الخواجوئي	Masaha	1453	0.32325
		 الاختلاف في اللفظ والرد على الجهمية والمشبهة 	 ابن قتيبة الدينوري 	ABLibrary	8308	0.32323
		تفسير آيات الأحكام - محمد علي سايس	محمد علي السايس	ShamAY	34049	0.32322
		حديث المنزله	آيت الله علي حسيني ميلاني	Ghbook	7630	0.32319
		الموسوعة القرآنية المتخصصة	مجموعة من الأساتذة والعلماء المتخصصين	ShamelaY19	96301	0.32317
		أروع القيم الحضارية في سيرة خير البرية	انجوغو امبكي صمب	ShamAY	37456	0.32313
		الإعتصام [ج ١ و ٢]	أبي اسحاق ابراهيم بن موسى بن محمد اللخمي الشاطبي الغرناطي	Rafed	3388	0.32313
		محمد و ابراهيم ابنا مسلم بن عقيل عليهم السلام	سيد علي جمال أشرف	Ghbook	16513	0.3231
		التنبيه والرد على أهل الأهواء والبدع	محمد بن أحمد بن عبد الرحمن، أبو الحسين المَلَطي العسقلاني (المتوفى: 377هـ)	ShamAY	6537	0.32307
		قم المقدسه عش التشيع و قياده الائمه	عبدالمنعم حسن سوداني	Ghbook	13048	0.32307
		علوم القرآن الكريم - نور الدين عتر	نور الدين محمد عتر الحلبي	ShamAY	1460	0.32306
		الجذور اليهودية للشيعة في كتاب علل الشرايع للصدوق الشيعي	محمد عبد المنعم القيعي	ShamAY	35607	0.32301
		معجم المعالم الجغرافية في السيرة النبوية	عاتق بن غيث بن زوير بن زاير بن حمود بن عطية بن صالح البلادي الحربي (المتوفى: 1431ه)	Sham19Y	9777	0.32301
		صراع قريش مع النبي صلي الله عليه و آله	علي كوراني	Ghbook	15144	0.32301
		السيرة النبوية والدعوة في العهد المكي	أحمد أحمد غلوش	ShamAY	10552	0.323
		منهج الرشاد لمن اراد السداد ( نص الرساله الجوابيه التي بعث بها الشيخ جعفر كاشف ا...	شيخ جعفر نجفي كاشف الغطاء	Ghbook	5304	0.323
		دور الشباب في انهاض الامه	آيت الله العظمي سيد محمد حسيني شيرازي	Ghbook	8156	0.323
		دفع الشبه عن الرسول (ص) و الرساله	ابوبكر بن محمد حصني	Ghbook	5310	0.32298
		فصل الخطاب في الزهد والرقائق والآداب	محمد نصر الدين محمد عويضة	ShamelaY19	36375	0.32297
		 حياة الإمام زين العابدين ( ع ) 	 الشيخ باقر شريف القرشي 	ABLibrary	7500	0.32295
		الهدي النبوي في الطب	الواحدي :: عبد الله آل جار الله	ShamAY	34902	0.32284
		شرح عقيدة السلف للصابوني - ناصر العقل	ناصر بن عبد الكريم العلي العقل	ShamelaY19	37726	0.32282
		إلزام الناصب في إثبات الحجة الغائب(عج) - الجزء1	علي اليزدي الحائري‏	Masaha	1861	0.32282
		جهود العلماء في مقاومة الوضع	أحمد بوقرين	ShamAY	37274	0.3228
		الرّيادة في حروب وفتوحات أبي بكر الصّديق - دراسة -	محمد ضاهر وتر	ShamAY	37149	0.3228
		يتيمة الدهر في تفسير سورة العصر	أحمد بن محمد الشرقاوى	ShamAY	33137	0.32278
		سنن النبي ( صلي الله عليه و آله )	محمد حسين طباطبايي	Ghbook	5292	0.32276
		منهج الإمام جمال الدين السُّرَّمَرِّي في تقرير العقيدة (مطبوع مع: تحقيق ودراسة كتابه «خصائص سيد العالمين وما له من المناقب العجائب على جميع الأنبياء عليهم السلام»)	خالد بن منصور المطلق	ShamAY	38832	0.32275
		الدعوات 	قطب الدين سعيد بن هبة الله راوندي	Ghbook	2405	0.32272
		فحولة الشعراء	الأصمعي أبو سعيد عبد الملك بن قريب بن عبد الملك (المتوفى: 216هـ)	ShamAY	1597	0.32271
		كتاب التوحيد وقرة عيون الموحدين في تحقيق دعوة الأنبياء والمرسلين	عبد الرحمن بن حسن بن محمد بن عبد الوهاب بن سليمان التميمي	ShamAY	11334	0.32267
		معجم الْمَعَالِمِ الْجُغْرَافِيَّةِ فِي السِّيرَةِ النَّبَوِيَّةِ	عاتق بن غيث بن زوير بن زاير بن حمود بن عطية بن صالح البلادي الحربي (المتوفى: 1431هـ)	ShamAY	937	0.32267
		سلامة القرآن من التحريف	مركز الرسالة	Masaha	302	0.32267
		النفحة المسكية فى الرحلة المكية	عبد الله بن حسين بن مرعي بن ناصر الدين البغدادي، أبو البركات السويدي (المتوفى: 1174هـ)	ShamAY	12086	0.32266
		بيان تلبيس الجهمية في تأسيس بدعهم الكلامية	تقي الدين أبو العباس أحمد بن عبد الحليم بن عبد السلام بن عبد الله بن أبي القاسم بن محمد ابن تيمية الحراني الحنبلي الدمشقي (المتوفى: 728هـ)	ShamAY	2864	0.32265
		مجموعة الرسائل والمسائل والفتاوى	حمد بن ناصر بن عثمان بن معمر النجدي التميمي الحنبلي (المتوفى: 1225هـ)	ShamAY	11380	0.32264
		 دمشق في مرآت رحلات القرون الوسطى 	 أحمد ايبش 	ABLibrary	9068	0.32264
		الحاكم الجشمي ومنهجه في التفسير	عدنان محمد زرزور	ShamelaY19	37682	0.32263
		القرآن في الاسلام	السيد محمد حسين الطباطبائي	Masaha	1729	0.32263
		تحويل المعنويات الاسلاميه من القوه الي الفعل	آيت الله العظمي سيد محمد حسيني شيرازي	Ghbook	8130	0.32263
		أصول في التفسير	محمد بن صالح بن محمد العثيمين (المتوفى: 1421هـ)	ShamAY	21796	0.32261
		عبير الرحمه	آيت الله العظمي حسيني	Ghbook	7992	0.32261
		حكم الاسلام مبادي قيامه.. ماهيته.. اهدافه..	آيت الله العظمي سيد محمد حسيني شيرازي	Ghbook	8148	0.32261
		ابن تيميه و امامه علي ( عليه السلام )	آيت الله علي حسيني ميلاني	Ghbook	4530	0.32256
		أحكام القرآن [ج ٢]	أبي بكر أحمد بن علي الرازي الجصّاص	Rafed	1988	0.32254
		 الكامل في التاريخ 	 ابن الأثير 	ABLibrary	8256	0.32253
		كشف المنن في علامات الساعة والملاحم والفتن	محمود رجب حمادي الوليد	Sham19Y	16989	0.3225
		رسوخ الأحبار في منسوخ الأخبار	برهان الدين أبو إسحاق إبراهيم بن عمر بن إبراهيم بن خليل الجعبريّ (المتوفى: 732 هـ)	ShamAY	32573	0.32247
		أسئلة وحوارات حول الإمام المهدي	السيد يحيى طالب مشاري	Masaha	47	0.32245
		محاضرات الدكتور محمد الطرهوني	محمد بن رزق الطرهوني	ShamAY	37284	0.32244
		الإيمانُ والعملُ الصالحُ سَببُ النَّجاحِ والفلاحِ	علي بن نايف الشحود	ShamAY	34826	0.32243
		الإعجاز القرآني في ضوء الإكتشافات العلمي الحديث	مروان وحيد شعبان	Rafed	3173	0.32243
		الرسول صلى الله عليه وسلم لسعيد حوى	سعيد حوَّى	ShamAY	37393	0.32241
		سر الفصاحة	أبو محمد عبد الله بن محمد بن سعيد بن سنان الخفاجي الحلبي (المتوفى: 466هـ)	ShamAY	11239	0.32241
		دعايات مكثفة ضد الشيخ محمد بن عبد الوهاب	محمد منظور النعماني	ShamAY	11188	0.32241
		فصل الخطاب في الزهد والرقائق والآداب	محمد نصر الدين محمد عويضة	Sham19Y	36375	0.32241
		هيا بنا نؤمن ساعة - مجدي الهلالي	مجدي الهلالي	ShamelaY19	36415	0.3224
		تحذير الساجد من اتخاذ القبور مساجد	محمد ناصر الدين الألباني (المتوفى: 1420هـ)	ShamAY	349	0.3224
		فاطمة الزهراء عليها السلام أم السبطين	سلمان هادي آل طعمة	Rafed	104	0.32236
		تفسير القاسمي [ج ٢]	محمّد جمال الدين القاسمي	Rafed	3907	0.32235
		فتح الرحمن في بيان هجر القرآن	أبو أنس محمد بن فتحي آل عبد العزيز، أبو عبد الرحمن محمود بن محمد الملاح	ShamAY	32215	0.32234
		شرح الأربعين النووية في الأحاديث الصحيحة النبوية	تقي الدين أبو الفتح محمد بن علي بن وهب بن مطيع القشيري، المعروف بابن دقيق العيد (المتوفى: 702هـ)	ShamAY	11244	0.3223
		تفسير الثعالبي - مؤسسة الأعلمي	عبد الرحمن بن محمد بن مخلوف الثعالبي	ShamAY	34066	0.32229
		معالم مكة التأريخية والأثرية	عاتق بن غيث بن زوير بن زاير بن حمود بن عطية بن صالح البلادي الحربي (المتوفى: 1431ه)	Sham19Y	38107	0.32225
		التبصرة للخمي	علي بن محمد الربعي، أبو الحسن، المعروف باللخمي (المتوفى: 478 هـ)	ShamAY	32309	0.32223
		التاريخ عند ابن أبي شيبة	سليمان بن سليم الله الرحيلي	ShamAY	8801	0.32221
		أبعاد النهضة الحسينية	عبّاس الذهبي	Rafed	732	0.32221
		علوم القرآن الكريم - نور الدين عتر	نور الدين محمد عتر الحلبي	ShamelaY19	29910	0.32211
		الذكر الجماعي بين الاتباع والابتداع	محمد بن عبد الرحمن الخميس	ShamAY	7618	0.32208
		فصل الخطاب في الزهد والرقائق والآداب	محمد نصر الدين محمد عويضة	ShamAY	250	0.32201
		دراسه في علامات الظهور ، الجزيره الخضراء	سيد جعفرمرتضي حسيني عاملي	Ghbook	4560	0.32196
		السيرة النبوية دروس وعبر	الواحدي :: علي بن نايف الشحود	ShamAY	37428	0.32191
		خطط الشام [ج ٦]	محمّد كرد علي	Rafed	2288	0.32189
		دَفْعُ الشُبَه عن الرسول(ص) والرسالة	أبو بكر الحصني الدمشقي	Masaha	257	0.32188
		الشيخ عبد العزيز بن باز رحمه الله نموذج من الرعيل الأول	عبد المحسن بن حمد بن عبد المحسن بن عبد الله بن حمد العباد البدر	ShamAY	7652	0.32186
		 الموسوعة الكبرى عن فاطمة الزهراء ( س ) 	 اسماعيل الأنصاري الزنجاني الخوئيني 	ABLibrary	7831	0.32186
		المستقصى في أمثال العرب	أبو القاسم محمود بن عمرو بن أحمد، الزمخشري جار الله (المتوفى: 538هـ)	ShamAY	6895	0.32184
		الإبطال لنظرية الخلط بين دين الإسلام وغيره من الأديان	بكر بن عبد الله أبو زيد بن محمد بن عبد الله بن بكر بن عثمان بن يحيى بن غيهب بن محمد (المتوفى: 1429ه)	Sham19Y	10487	0.32184
		الرسول الأعظم صلّى الله عليه وآله وسلّم على لسان حفيده الإمام زين العابدين عليه السلام	السيّد محسن الحسيني الأميني	Rafed	2807	0.32182
		التيار الاصلاحي	آيت الله العظمي سيد محمد حسيني شيرازي	Ghbook	8138	0.32182
		درج الدرر في تفسير الآي والسور ط الحكمة	أبو بكر عبد القاهر بن عبد الرحمن بن محمد الفارسي الأصل، الجرجاني الدار (المتوفى: 471ه)	ShamelaY19	122173	0.32181
		 شمس العلوم ودواء كلام العرب من الكلوم 	 نشوان بن سعيد الحميري 	ABLibrary	9791	0.32181
		الامام المهدي (عج) من المهد إلى الظهور	السيد محمد كاظم القزويني	Masaha	2371	0.32181
		الإفصاح في إمامة أمير المؤمنين عليه السلام	محمّد بن محمّد النعمان العكبري [ الشيخ المفيد ]	Rafed	1568	0.32179
		آكام المرجان	إسحاق بن الحسين	Rafed	1916	0.32179
		الامام السجاد علي زين العابدين (عليه السلام)	عبدالقادر احمد عطا	Ghbook	6348	0.32179
		تاريخ دمشق‏  - الجزء1	سهيل زكار	Masaha	3958	0.32178
		المستطرف في كل فن مستطرف	شهاب الدين محمد بن أحمد بن منصور الأبشيهي أبو الفتح (المتوفى: 852ه)	ShamelaY19	23802	0.32177
		شرح التلقين	أبو عبد الله محمد بن علي بن عمر التميمي المازري المالكي (المتوفى: 536ه)	ShamelaY19	121376	0.32175
		إعلان النكير على المفتونين بالتصوير	الواحدي :: التويجري، حمود بن عبد الله	ShamAY	36120	0.32175
		 معجم ما كتب في الحج والزيارة والمعالم المشرفة في الحجاز 	 عبد الجبار الرفاعي 	ABLibrary	9216	0.32172
		حديث الكساء في مصادر المدرستين	لجنة التاليف	Ghbook	7632	0.32172
		بلوغ الغاية من تهذيب بداية الهداية للإمام أبي حامد الغزالي (رحمه الله)	وائل حافظ خلف	ShamelaY19	37549	0.32171
		 تاريخ دمشق 	 سهيل زكار 	ABLibrary	8989	0.32171
		اتحاف أهل الفضل والإنصاف بنقض كتاب ابن الجوزي دفع شبه الشبه وتعليقات السقاف	سليمان العلوان	ShamAY	35747	0.3217
		أحكامُ ميراث المرأة ِ في الفقه الإسلامي	ورود عادل إبراهيم عَورتاني	ShamAY	35899	0.32169
		حكم الأسير الكافر عند المسلمين	أحمد جبار	ShamAY	36674	0.32167
		كشف المنن في علامات الساعة والملاحم والفتن	محمود رجب حمادي الوليد	ShamAY	32447	0.32164
		تفسير القاسمي [ج ٥]	محمّد جمال الدين القاسمي	Rafed	3914	0.32163
		تحقيق فضل الصلاة على النبي صلى الله عليه وسلم	إسماعيل بن إسحاق القاضي الأزدي الجهضمي (المتوفى: 282هـ)	ShamAY	684	0.32162
		 دراسة في علامات الظهور 	 السيد جعفر مرتضى العاملي 	ABLibrary	924	0.32162
		 تلخيص الشافي 	 الشيخ الطوسي 	ABLibrary	8391	0.32155
		شرح الكافية الشّافية [ج ١]	أبي عبد الله جمال الدين محمّد بن عبد الله بن محمّد بن مالك الطائي الجياني الشافعي	Rafed	1858	0.32154
		دولة الموحدين	عَلي محمد محمد الصَّلاَّبي	ShamAY	233	0.32151
		الموسوعة الفقهية الميسرة في فقه الكتاب والسنة المطهرة	حسين بن عودة العوايشة	Sham19Y	35096	0.3215
		 جمع المقال في إثبات كرامات الأولياء في الحياة وبعد الانتقال 	 مجموعة مؤلفين 	ABLibrary	8851	0.32146
		معالم مكة التأريخية والأثرية	عاتق بن غيث بن زوير بن زاير بن حمود بن عطية بن صالح البلادي الحربي (المتوفى: 1431هـ)	ShamAY	1218	0.32145
		نظره عابره الي الصحاح السته	عبدالصمد شاكر	Ghbook	7725	0.32144
		تخريج الكلم الطيب	تقي الدين أبو العباس أحمد بن عبد الحليم بن عبد السلام بن عبد الله بن أبي القاسم بن محمد ابن تيمية الحراني الحنبلي الدمشقي (المتوفى: 728ه)	Sham19Y	327	0.32143
		الموسوعة الفقهية الميسرة في فقه الكتاب والسنة المطهرة	حسين بن عودة العوايشة	ShamAY	220	0.32138
		أثر الدعوة الوهابية في الإصلاح الديني والعمراني في جزيرة العرب وغيرها	محمد حامد الفقي	ShamAY	7479	0.32138
		الروضة الندية (ومعها: التعليقاتُ الرَّضية على «الرَّوضة النّديَّة» )	أبو الطيب محمد صديق خان بن حسن بن علي ابن لطف الله الحسيني البخاري القِنَّوجي (المتوفى: 1307هـ)	ShamAY	9293	0.32137
		السير لأبي إسحاق الفزاري	أبو إسحاق إبراهيم بن محمد بن الحارث بن أسماء بن خارجة بن حصن الفزاري (المتوفى: 188هـ)	ShamAY	29344	0.32135
		 لطف الله الصافي مع الشيخ جاد الحق في إرث العصبة 	 الشيخ لطف الله الصافي الگلپايگاني 	ABLibrary	9741	0.32134
		السيرة الحلبية في سيرة الأمين المأمون - المعرفة	علي بن إبراهيم بن أحمد الحلبي، أبو الفرج، نور الدين ابن برهان الدين (المتوفى: 1044هـ)	ShamAY	34439	0.32133
		المسائل التي خالف فيها رسول الله صلى الله عليه وسلم أهل الجاهلية - ت السعيد	محمد بن عبد الوهاب	ShamAY	33889	0.32131
		جنّة الحوادث في شرح زيارة وارث	الملّا حبيب الله الشريف الكاشاني	Rafed	3105	0.3213
		الامام الصادق ( عليه السلام ) عطر النبوه و منهج حياه	حسين ابراهيم الحاج حسن	Ghbook	4981	0.32129
		يوم الحسين ( عليه السلام )	آيت الله العظمي سيد محمد حسيني شيرازي	Ghbook	7909	0.32129
		أسباب ورود الحديث أو اللمع في أسباب الحديث	جلال الدين السيوطي	ShamAY	33525	0.32126
		موقف العلماء والمفكرين من الشيعة الإثني عشرية		ShamAY	35318	0.32125
		أدب الدنيا والدين	أبو الحسن علي بن محمد بن محمد بن حبيب البصري البغدادي، الشهير بالماوردي (المتوفى: 450هـ)	ShamAY	765	0.32124
		النهاية في غريب الحديث و الأثر - الجزء1	ابن الأثير المبارك بن محمد الجزري	Masaha	969	0.32124
		 إقبال الأعمال ( ط . ق ) 	 السيد ابن طاووس 	ABLibrary	7907	0.32121
		مدخل إلى مشروع «آثار الشيخ العلامة محمد الأمين الشنقيطي» (وهو فاتحة التقديم ل «أضواء البيان» ضمن «آثار الشيخ الشنقيطي»)	بكر أبو زيد - علي العمران - خالد السبت	ShamelaY19	20766	0.32118
		من وحي الثورة الحسينية	هاشم معروف الحسني	Rafed	160	0.32116
		الفتوحات الربانية على الأذكار النواوية	محمد بن علان الصديقي الشافعي الأشعري المكي (المتوفى: 1057 ه)	ShamelaY19	23625	0.32115
		حديث الطير	السيد علي الحسيني الميلاني	Masaha	231	0.32114
		 أدب الطف أو شعراء الحسين ( ع ) 	 جواد شبر 	ABLibrary	7407	0.32113
		 دراسات في منهاج السنة لمعرفة ابن تيمية ، مدخل لشرح منهاج الكرامة 	 السيد علي الحسيني الميلاني 	ABLibrary	918	0.3211
		 مشاهد الأسرار القدسية ومطالع الأنوار الالهية 	 ابن عربي 	ABLibrary	8742	0.32109
		الموقظة في علم مصطلح الحديث	شمس الدين أبو عبد الله محمد بن أحمد بن عثمان بن قَايْماز الذهبي (المتوفى: 748هـ)	ShamAY	8195	0.32108
		شرح صحيح البخارى لابن بطال	ابن بطال أبو الحسن علي بن خلف بن عبد الملك (المتوفى: 449هـ)	ShamAY	10486	0.32108
		خير الدين الزركلي المؤرخ الأديب الشاعر صاحب كتاب الأعلام	أحمد العلاونة	ShamAY	38621	0.321
		فتاوى وأحكام في نبي الله عيسى عليه السلام	الواحدي :: ابن جبرين	ShamAY	37645	0.32098
		تفسير سورة الفاتحة لابن رجب	أبو الفرج عبد الرحمن بن أحمد بن رجب الدمشقي الحنبلي (المتوفى: 795 هـ)	ShamAY	38900	0.3209
		رسائل آل طوق القطيفي [ج ١]	الشيخ أحمد آل طوق	Rafed	1407	0.3209
		الجامع لأحكام الصيام الطبعة الثانية	أبو إياس محمود بن عبد اللطيف بن محمود (عويضة)	ShamAY	2050	0.32089
		دروس وعبر من حياة شهداء الثورة السورية	علي بن نايف الشحود	ShamAY	1606	0.32089
		الاعتقاد القادري	أبو طاهر أحمد بن الحسن بن أحمد بن الحسن بن خداداد الكرجي، الباقلاني، البغدادي (المتوفى: 489ه)	ShamelaY19	26421	0.32085
		إرشاد الأبرار إلى تخريج أحاديث المختار	حسني محمد العطار	ShamAY	33049	0.32085
		القرآن في الاسلام	آية الله السيد محمد حسين الطباطبائي	Rafed	258	0.32083
		الطّراز الأوّل [ج ٧]	السيّد علي بن أحمد بن محمّد معصوم الحسيني	Rafed	508	0.32079
		المفاتيح في شرح المصابيح	الحسين بن محمود بن الحسن، مظهر الدين الزَّيْدَانيُّ الكوفي الضَّريرُ الشِّيرازيُّ الحَنَفيُّ المشهورُ بالمُظْهِري (المتوفى: 727 هـ)	ShamAY	32444	0.32078
		الخلاصة في فقه الدعوة	الواحدي :: علي بن نايف الشحود	ShamAY	36090	0.32077
		أكثر من 100 فتوى للشيخ خالد المصلح	خالد المصلح	ShamAY	37656	0.32075
		فضل الامام علي ( عليه السلام ) علي الصحابه	المجمع العالمي لاهل البيت عليهم السلام	Ghbook	7682	0.32075
		البرهان في علوم القرآن	محمد بن عبد الله زركشي	Ghbook	2856	0.32075
		محاضرات في الاعتقادات	آيت الله علي حسيني ميلاني	Ghbook	4780	0.32072
		رخصة الفطر في سفر رمضان وما يترتب عليها من الآثار	أحمد علي طه ريان	ShamAY	23073	0.32071
		 في رحاب أهل البيت ( ع ) 	 لجنة بحوث المجمع العالمي لأهل البيت ( ع ) 	ABLibrary	8544	0.3207
		الرد على الكاتب المفتون	حمود بن عبد الله بن حمود بن عبد الرحمن التويجري (المتوفى: 1413هـ)	ShamAY	32262	0.32068
		الناسخ والمنسوخ في القرآن الكريم للقاضي أبي بكر بن العربي المعافري	أبو بكر بن العربي المعافري	ShamelaY19	133367	0.32065
		العقود الدرية في ذكر بعض مناقب شيخ الإسلام ابن تيمية ويليه الأعلام العلية - ابن عبد الهادي والبزار - ت العمران - ط عالم الفوائد	ابن عبد الهادي	ShamAY	38476	0.32065
		بحوث ندوة أثر القرآن الكريم في تحقيق الوسطية ودفع الغلو	مجموعة من المؤلفين	ShamAY	31448	0.32064
		مؤتمر النجف = الحجج القطعية لاتفاق الفرق الإسلامية	مقتطف من مذكرات علامة العراق وعماد هذا المؤتمر السيد عبد الله بن الحسين السويدي العباسي (ت 1174)	ShamelaY19	37757	0.3206
		منظومات ابن سحمان	سليمان بن سحمان	ShamAY	35654	0.3206
		رسائل وفتاوى العلامة عبد الله بن عبد الرحمن أبي بطين (مطبوع ضمن مجموعة الرسائل والمسائل النجدية، الجزء الثاني)	عبد الله بن عبد الرحمن بن عبد العزيز بن عبد الرحمن بن عبد الله بن سلطان بن خميس الملقب بـ"أبابطين" (المتوفى: 1282هـ)	ShamAY	11212	0.32054
		أصل الشيعة وأصولها	الشيخ محمد حسين كاشف الغطاء	Masaha	142	0.32054
		شمس العلوم [ج ٥]	نشوان بن سعيد الحميري	Rafed	1393	0.32048
		إِمْعَانُ النَّظَرِ في مشروعية البغض والهجر، وإحياء ما عفا منه واندثر ((دراسة علمية في مشروعية البغض في الله والهجر فيه عَزَّ وَجَل))	أبو محمد عبد الكريم بن صالح بن عبد الكريم الحميد	ShamAY	1021	0.32046
		 عدة الإنابة في أماكن الإجابة 	 المحجوب 	ABLibrary	9139	0.32046
		من وحي الثورة الحسينية	هاشم معروف الحسني‏	Masaha	1750	0.32046
		تاريخ دمشق [ج ١]	الناشر: التكوين للتأليف والترجمة والنشر	Rafed	2261	0.32044
		 مسالك الأبصار في ممالك الأمصار 	 أحمد بن يحيى العمري 	ABLibrary	9197	0.32043
		السلسل العذب والمنهل الأحلى	محمد بن أبي بكر الحضرمي	ShamAY	35860	0.32041
		نخبة عقد الأجياد في الصافنات الجياد	محمد (باشا) ابن الأمير عبد القادر ابن محيي الدين الحسني الجزائري (المتوفى: 1331ه)	Sham19Y	9752	0.32041
		حلية العلماء في معرفة مذاهب الفقهاء ط الرسالة الحديثة	سيف الدين أبو بكر محمد بن أحمد الشاشي القفال	ShamelaY19	146126	0.32039
		أعذار المتقاعسين	يحيى بن إبراهيم اليحيى	ShamAY	35132	0.32037
		تحقيق الوصال بين القلب والقرآن	مجدي الهلالي	ShamelaY19	36402	0.32036
		شرح المعلقات السبع للزوزني	حسين بن أحمد بن حسين الزَّوْزَني، أبو عبد الله (المتوفى: 486هـ)	ShamAY	11253	0.32036
		توضيح الأفكار (تحقيق محمد محي الدين)	محمد بن إسماعيل الأمير الحسني الصنعاني	ShamAY	34039	0.32034
		التوحيد لابن رجب - ت شاهين	ابن رجب الحنبلي	ShamAY	35260	0.32034
		اليواقيت الحسان في تفسير سورة الرّحمن	آية الله مجد الدّين النّجفي الإصفهاني	Rafed	550	0.32032
		كتاب الآداب	فؤاد بن عبد العزيز الشلهوب :: فؤاد الشلهوب	ShamAY	34874	0.32026
		مسائل وفتاوى نجدية (طبع ضمن الرسائل والمسائل النجدية، الجزء الرابع، القسم الأول)	عبد الرحمن بن حسن بن محمد بن عبد الوهاب بن سليمان التميمي (المتوفى: 1285هـ)	ShamAY	11573	0.32025
		دراسه تحليله في السيره النبويه عصرها قبل الهجره	عباس زريابخويي	Ghbook	5290	0.32024
		 الطراز الأول والكناز لما عليه من لغة العرب المعول 	 ابن معصوم المدني 	ABLibrary	7952	0.32023
		الموسوعة القرآنيّة خصائص السور [ج ١]	الناشر: دار التقريب بين المذاهب الإسلامية	Rafed	3726	0.32021
		الفاضح لمذهب الشيعة الإمامية	حامد مسوحلي الإدريسي	ShamelaY19	36423	0.32019
		أشراط الساعة وأحداث يوم القيامة بين التأصيل الديني والعقلي	حسني محمد العطار	ShamAY	35772	0.32019
		أحسن التقاسيم في معرفة الأقاليم	أبو عبد الله محمد بن أحمد المقدسي البشاري	ShamAY	23696	0.32018
		الصحيح من سيرة النبي الأعظم صلّى الله عليه وآله [ج ٢٨]	السيد جعفر مرتضى العاملي	Rafed	2643	0.32018
		ابن قيم الجوزية وجهوده في خدمة السنة النبوية وعلومها	جمال بن محمد السيد	ShamAY	11401	0.32017
		الاستبصار	محمد بن حسن شيخ طوسي ( شيخ الطائفه )	Ghbook	2628	0.32017
		لمعات التنقيح في شرح مشكاة المصابيح	عبد الحق بن سيف الدين بن سعد الله البخاري الدهلوي الحنفي «المولود بدهلي في الهند سنة (958 ه) والمتوفى بها سنة (1052 ه) رحمه الله تعالى»	ShamelaY19	145212	0.32015
		التوضيحاتُ الكاشفاتُ على كشفِ الشُبَهاتِ		ShamAY	35480	0.32005
		حديث الدار	آيت الله علي حسيني ميلاني	Ghbook	7628	0.32005
		كيف تكون من الأوائل (15 وسيلة لتصبح من الأوائل)	أبو مالك محمد بن حامد بن عبد الوهاب	ShamAY	33736	0.32003
		شرح كتاب التدليس في الحديث للدميني - محمد حسن عبد الغفار	محمد حسن عبد الغفار	ShamelaY19	37690	0.32
		التباين المنهجي بين المتقدمين والمتأخرين في علوم الحديث	عبد الله السعد	ShamAY	37256	0.31997
		الاعتصام للشاطبي ت الهلالي	إبراهيم بن موسى بن محمد اللخمي الغرناطي الشهير بالشاطبي (المتوفى: 790ه)	Sham19Y	21720	0.31997
		المحرّر الوجيز في تفسير الكتاب العزيز [ج ٥]	أبي محمّد عبدالحقّ بن غالب بن عطيّة الأندلسي	Rafed	3302	0.31997
		الموسوعة القرآنية، خصائص السور	جعفر شرف الدين	ShamAY	21769	0.31993
		بلوغ الغاية من تهذيب بداية الهداية للإمام أبي حامد الغزالي (رحمه الله)	وائل حافظ خلف	Sham19Y	37549	0.31993
		نيل المرام من تفسير آيات الأحكام	أبو الطيب محمد صديق خان بن حسن بن علي ابن لطف الله الحسيني البخاري القِنَّوجي (المتوفى: 1307هـ)	ShamAY	9759	0.31992
		سيرة حياة الشيخ عبد الرزاق عفيفي	محمد بن أحمد سيد أحمد	ShamAY	35825	0.31992
		فتاوى د حسام عفانة	حسام الدين بن موسى محمد بن عفانة	Sham19Y	10517	0.31992
		فضل الكلاب على كثير ممن لبس الثياب	محمد بن خلف بن المرزبان بن بسام، أبو بكر المحولي (المتوفى: 309هـ)	ShamAY	11342	0.31991
		 الجواهر الثمينة في محاسن المدنية 	 محمد كبريت الحسيني المدني 	ABLibrary	9033	0.3199
		الاعتصام للشاطبي ت الهلالي	إبراهيم بن موسى بن محمد اللخمي الغرناطي الشهير بالشاطبي (المتوفى: 790هـ)	ShamAY	441	0.31989
		الإيمان بالقضاء والقدر - الحمد	محمد بن إبراهيم الحمد	ShamAY	35414	0.31987
		فقه النوازل للأقليات المسلمة «تأصيلا وتطبيقا»	الدكتور محمد يسري إبراهيم	ShamAY	37981	0.31986
		التوضيح الرشيد في شرح التوحيد المذيل بالتفنيد لشبهات العنيد	أبو عبد الله خلدون بن محمود بن نغوي الحقوي	ShamAY	31786	0.31983
		مباني نقد متن الحديث	قاسم البيضاني	Masaha	569	0.31983
		بحار الأنوار [ج ٨٠]	الشيخ محمّد باقر بن محمّد تقي المجلسي	Rafed	1110	0.31983
		زبده  الحلب من تاريخ حلب	كمال الدين عمر بن احمد بن ابي جراده حلبي ( ابن العديم )	Ghbook	11367	0.31983
		المعجم الجامع في تراجم العلماء وطلبة العلم المعاصرين	أعضاء ملتقى أهل الحديث	ShamAY	2080	0.31982
		آكام المرجان في ذكر المدائن المشهورة في كل مكان‏	إسحاق بن حسين المنجم	Masaha	4478	0.31982
		عقيدة الأحباش الهررية ـ عرض ونقد		ShamAY	35612	0.31981
		كشف ما ألقاه إبليس من البهرج والتلبيس على قلب داود بن جرجيس	عبد الرحمن بن حسن بن محمد بن عبد الوهاب بن سليمان التميمي (المتوفى: 1285ه)	Sham19Y	11354	0.31981
		 النور الأبهر في الدفاع عن الشيخ الأكبر 	 مجموعة مؤلفين 	ABLibrary	8805	0.31981
		سنن النبي (ص)	السيد محمد حسين الطباطبائي	Masaha	2220	0.31981
		موسوعة الطير والحيوان في الحديث النبوي	عبد اللطيف عاشور	ShamelaY19	23686	0.3198
		عدّة الإنابة في أماكن الإجابة	السيّد عفيف الدين أبي السيادة عبدالله بن إبراهيم بن حسن بن محمّد أمين ميرغني الحسني المتّقي المكّي الطائفي الحنفي [ المحجوب ]	Rafed	2461	0.31977
		استِدرَاك وَتَعقِيب عَلى الشَّيخ شُعَيب الأَرنَؤُوط في تَأوِيلِهِ بَعض أحَادِيثِ الصِّفَاتِ	خالد بن عبد الرحمن بن حمد الشايع	ShamAY	31696	0.31976
		هيا بنا نؤمن ساعة - مجدي الهلالي	مجدي الهلالي	ShamAY	289	0.31975
		تزويج امّ كلثوم من عمر	السيّد علي الحسيني الميلاني	Rafed	211	0.31973
		مختصر أخلاق حملة القرآن للإمام الآجري	خالد السبت	ShamelaY19	133380	0.3197
		حديث الولايه	آيت الله علي حسيني ميلاني	Ghbook	7631	0.3197
		نخبة عقد الأجياد في الصافنات الجياد	محمد (باشا) ابن الأمير عبد القادر ابن محيي الدين الحسني الجزائري (المتوفى: 1331هـ)	ShamAY	9752	0.31968
		تثبيت دلائل النبوة	قاضي عبدالجبار	Ghbook	9276	0.31963
		شرح شافية ابن الحاجب [ج ٤]	الشيخ رضي الدين محمّد بن الحسن الاستراباذي النحوي	Rafed	1854	0.31962
		تطور كتابة السيرة النبوية	عمار عبودى محمد حسين نصار (المتوفي: معاصر)	ShamAY	9791	0.3196
		السياسه من واقع الاسلام	آيت الله العظمي حسيني	Ghbook	8032	0.3196
		ابن قيم الجوزية وجهوده في خدمة السنة النبوية وعلومها	جمال بن محمد السيد	Sham19Y	11401	0.31958
		زاد المسير في علم التفسير [ج ٢]	أبي الفرج عبدالرحمن ابن علي ابن الجوزي	Rafed	3325	0.31956
		التشيع نشاته و عقايده	محمدتقي فخعلي	Ghbook	11354	0.31949
		المدخل إلى مذهب الإمام أحمد بن حنبل - العلمية	عبد القادر بن أحمد بن مصطفى بن عبد الرحيم بن محمد بدران (المتوفى: 1346هـ)	ShamAY	34195	0.31945
		مفاد حديث الغدير	الشيخ عبد الحسين الأميني النجفي	Masaha	427	0.31942
		مختارات شعراء العرب لابن الشجري	ضياء الدين أبو السعادات هبة الله بن علي بن حمزة، المعروف بابن الشجري (المتوفى: 542هـ)	ShamAY	407	0.31941
		إيضاح الدليل في قطع حجج أهل التعطيل	أبو عبد الله، محمد بن إبراهيم بن سعد الله بن جماعة الكناني الحموي الشافعي، بدر الدين (المتوفى: 733هـ)	ShamAY	6547	0.3194
		تربة الحسين عليه السلام الإستشفاء والتبرّك بها ـ السجود عليها دراسة وتحليل [ج ٣]	الشيخ أمين حبيب آل درويش	Rafed	2554	0.31939
		المراجعات	السيد عبدالحسين شرف الدين الموسوي	Rafed	1466	0.31938
		يوم الغفران	محمد مال الله	ShamAY	35324	0.31937
		الرد على من كذب بالأحاديث الصحيحة الواردة في المهدي	عبد المحسن بن حمد بن عبد المحسن بن عبد الله بن حمد العباد البدر	ShamelaY19	22951	0.31936
		شرح منظومة الآجرومية	داود بن سلمان التكريتي	ShamAY	37105	0.31936
		الاساس لعقائد الاكياس	قاسم بن محمد منصور بالله	Ghbook	2702	0.31934
		القسم العربي من موقع (الإسلام، سؤال وجواب)	الموقع بإشراف الشيخ محمد صالح المنجد - حفظه الله -	ShamAY	26332	0.31929
		 المكتوبات ( الدرر المكنونات النفيسة ) 	 أحمد الفاروقي السرهندي 	ABLibrary	8847	0.31929
		(تأصيل البُنَى في تعليل البِنَا) للإمام بدر الدين محمد بن عبد الله الزركشي دراسةً وتحقيقًا	الإمام بدر الدين محمد بن عبد الله الزركشي (المتوفى سنة 794هـ)	ShamAY	37101	0.31928
		اعتماد دعوة الشيخ محمد بن عبد الوهاب على الكتاب والسنة (مطبوع ضمن بحوث ندوة دعوة الشيخ محمد بن عبد الوهاب، الجزء الأول)	مناع بن خليل القطان (المتوفى: 1420ه)	Sham19Y	7511	0.31928
		مظلوميه الزهراء ( سلام الله عليها )	آيت الله علي حسيني ميلاني	Ghbook	3884	0.31925
		كشف ما ألقاه إبليس من البهرج والتلبيس على قلب داود بن جرجيس	عبد الرحمن بن حسن بن محمد بن عبد الوهاب بن سليمان التميمي (المتوفى: 1285هـ)	ShamAY	11354	0.31921
		الموسوعة الفقهية الميسرة في فقه الكتاب والسنة المطهرة	حسين بن عودة العوايشة	ShamelaY19	35096	0.31915
		جمع الكلمه و تعدد الاحزاب	آيت الله العظمي سيد محمد حسيني شيرازي	Ghbook	8142	0.31913
		تاريخ دمشق لابن القلانسي	ابن القلانسي	ShamelaY19	22799	0.31909
		فضائل الخمسة من الصحّاح الستّة [ج ٣]	السيد مرتضى الفيروزآبادي	Rafed	1347	0.31909
		الفاضح لمذهب الشيعة الإمامية	حامد مسوحلي الإدريسي	Sham19Y	36423	0.31908
		 زبدة خلاصة التصوف ( حل الرموز ومفاتيح الكنوز ) 	 العز بن عبد السلام 	ABLibrary	8757	0.31907
		إظهار الحق والصواب في حكم الحجاب والتبرج، والسفور، والخلوة بالمرأة الأجنبية، وسفرها بدون محرم، والاختلاط	د. سعيد بن على بن وهف القحطاني	ShamelaY19	96548	0.31906
		عشائر العراق	عباس محمد العزاوي (المتوفى: 1391هـ)	ShamAY	498	0.31905
		المدخل إلى مذهب الإمام أحمد لابن بدران	عبد القادر بن أحمد بن مصطفى بن عبد الرحيم بن محمد بدران (المتوفى: 1346ه)	Sham19Y	6309	0.31904
		بحار الأنوار [ج ٧٧]	الشيخ محمّد باقر بن محمّد تقي المجلسي	Rafed	1103	0.31904
		مع الشيعه الاماميه في عقائدهم	آيت الله العظمي جعفر سبحاني	Ghbook	5067	0.31904
		أجوبة الشيخ المحدث عبد الله بن عبد الرحمن السعد] على أسئلة دروس الموقظة	عبد الله السعد	ShamAY	37359	0.31903
		تطور كتابة السيرة النبوية	عمار عبودى محمد حسين نصار (المتوفي: معاصر)	Sham19Y	9791	0.31903
		كتاب الجواهر الثمينة في محاسن المدينة	محمّد كبريت الحسيني المدني	Rafed	2347	0.31903
		معجم علوم القرآن	إبراهيم محمد الجرمي	ShamelaY19	38068	0.31902
		شرح السير الكبير	محمد بن أحمد بن أبي سهل شمس الأئمة السرخسي (المتوفى: 483هـ)	ShamAY	5434	0.31902
		صلاة التراويح - الألباني	محمد ناصر الدين الألباني (المتوفى: 1420هـ)	ShamAY	680	0.31902
		ذكر الموت لابن أبي الدنيا - مجمع - ط الفرقان ت آل سمان	أبو بكر عبد الله بن محمد ابن أبي الدنيا	ShamAY	38152	0.31901
		وجاء الحق	سعيد أيوب	Masaha	482	0.319
		الهداية إلى بلوغ النهاية في علم معاني القرآن وتفسيره، وأحكامه، وجمل من فنون علومه	أبو محمد مكي بن أبي طالب حَمّوش بن محمد بن مختار القيسي القيرواني ثم الأندلسي القرطبي المالكي (المتوفى: 437هـ)	ShamAY	12	0.31893
		كتابة السنة النبوية في عهد النبي صلى الله عليه وسلم والصحابة وأثرها في حفظ السنة النبوية	أحمد بن عمر بن إبراهيم بن إسماعيل بن محمد بن هاشم	ShamAY	11348	0.31889
		شبهات النصارى حول الإسلام	وليد كمال شكر	ShamAY	35366	0.31889
		التَّصَوُّفُ .. المنشَأ وَالمَصَادر	إحسان إلهي ظهير الباكستاني (المتوفى: 1407هـ)	ShamAY	965	0.31889
		الفاضح لمذهب الشيعة الإمامية	حامد مسوحلي الإدريسي	ShamAY	27	0.31884
		الجد الحثيث في بيان ما ليس بحديث	أحمد بن عبد الكريم بن سعودي الغزي العامري (المتوفى: 1143هـ)	ShamAY	6077	0.31883
		الاعتداء في الدعاء (صور وضوابط ونماذج من الدعاء الصحيح)	سعود بن محمد بن حمود العقيلي	Sham19Y	35622	0.31878
		الشيخ أبوبكر محمود جومي: حياته مواقفه وآراؤه	محمد المنصور إبراهيم	ShamAY	35908	0.31875
		خطورة التسرع في التكفير والقيام بالتفجير وما ينشأ عنهما من سفك للدماء وتخريب للمنشآت	مجموعة من المؤلفين	ShamAY	546	0.31874
		المدخل إلى مذهب الإمام أحمد لابن بدران	عبد القادر بن أحمد بن مصطفى بن عبد الرحيم بن محمد بدران (المتوفى: 1346هـ)	ShamAY	6309	0.3187
		أحكام القضاء في الصيام	عواض بن هلال العمري	Sham19Y	12178	0.31869
		الأنس الجليل بتاريخ القدس والخليل	عبد الرحمن بن محمد بن عبد الرحمن العليمي الحنبلي، أبو اليمن، مجير الدين (المتوفى: 928ه)	Sham19Y	6626	0.31867
		الموازنة بين شعر أبي تمام والبحتري	أبو القاسم الحسن بن بشر الآمدي (ت 370 ه)	ShamelaY19	26183	0.31863
		المستطرف في كل فن مستطرف	شهاب الدين محمد بن أحمد بن منصور الأبشيهي أبو الفتح (المتوفى: 852هـ)	ShamAY	23802	0.31862
		أعلام الدين في صفات المؤمنين	الحسن الديلمي	Masaha	1662	0.31859
		كتاب الأفعال	سعيد بن محمد المعافري القرطبي ثم السرقسطي، أبو عثمان، ويعرف بابن الحداد (المتوفى: بعد 400 هـ)	ShamAY	32339	0.31855
		 كتاب الحج 	 السيد حسن الطباطبائي 	ABLibrary	9503	0.31853
		باب الحوائج الإمام موسى الكاظم(ع)	أ. د. حسين الحاج حسن	Masaha	1917	0.31853
		الوجيز النفيس في معرفة التدليس (بحث منشور في مجلة مركز البحوث والدراسات في الوقف السني -بغداد 2005م)	أبو ذر عبد القادر بن مصطفى بن عبد الرزاق المحمدي	Sham19Y	36051	0.31852
		الف سوال و اشكال علي المخالفين لاهل البيت الطاهرين (ع)	علي كوراني	Ghbook	4598	0.3185
		ائمة الوهابية	صالح ورداني	Ghbook	10515	0.31847
		البديع في وصف الربيع	أبو الوليد إسماعيل بن محمد بن عامر بن حبيب الحميري (المتوفى: نحو 440هـ)	ShamAY	1704	0.3184
		جواب الإعتراضات المصرية علي الفتيا الحموية - ت شمس - ط عالم الفوائد	شيخ الإسلام أحمد بن عبد الحليم بن عبد السلام ابن تيمية (661 - 728 هـ)	ShamAY	38455	0.31837
		منهج الأنبياء في الدعوة إلى الله فيه الحكمة والعقل	ربيع بن هادي المدخلي	ShamAY	33033	0.31837
		السنة المفترى عليها	سالم البهنساوي (المتوفى: 1427ه)	ShamelaY19	95845	0.31836
		كشف الغمه في معرفه الائمه ( عليه السلام )	علي بن عيسي اربلي	Ghbook	2647	0.31835
		التخريج ودراسة الأسانيد	حاتم بن عارف بن ناصر الشريف العوني	ShamAY	3933	0.31833
		إيقاظ أولي الهمم العالية إلى اغتنام الأيام الخالية	الواحدي :: عبد العزيز السلمان	ShamAY	35000	0.31831
		 موسوعة الإمام أمير المؤمنين على بن أبى طالب ( ع ) 	 الشيخ باقر شريف القرشي 	ABLibrary	7811	0.3183
		سلامة القرآن من التحريف	علي موسى الكعبي	Rafed	203	0.3183
		ثم اهتديت ...	محمد تيجاني سماوي	Ghbook	7621	0.3183
		تحفة المجيب على أسئلة الحاضر والغريب	أَبِو عَبد الرَّحمَن مُقْبلُ بنُ هَادِي بنِ مُقْبِلِ بنِ قَائِدَةَ (اسم رجل) الهَمْدَاني الوادعِيُّ (المتوفى: 1422هـ)	ShamAY	1999	0.31823
		الأنس الجليل بتاريخ القدس والخليل	عبد الرحمن بن محمد بن عبد الرحمن العليمي الحنبلي، أبو اليمن، مجير الدين (المتوفى: 928هـ)	ShamAY	6626	0.31823
		الرسول المعلم	عبد الفتاح أبو غُدّة	ShamAY	37432	0.31822
		إلزام النّاصب في إثبات الحجّة الغائب عجّل فرجه [ج ١]	الشيخ علي اليزدي الحائري	Rafed	2565	0.3182
		فتح القدير [ج ٥]	محمد بن علي بن محمد الشوكاني	Rafed	3967	0.31819
		رسالة في الخمس	السيد حسين البروجردي	Masaha	4988	0.31818
		البرود الضافية والعقود الصافية الكافلة للكافية بالمعانى الثمانية وافية	جمال الدين الصنعاني	ShamAY	37087	0.31816
		لسان المحدثين (معجم مصطلحات المحدثين)	محمد خلف سلامة	ShamAY	37283	0.31815
		التذكرة السعدية في الأشعار العربية	محمد بن عبد الرحمن بن عبد المجيد العبيدي (المتوفى: بعد 702هـ)	ShamAY	743	0.31815
		الوثائق الدفاعية عن علماء السلفية الشرعية		ShamAY	35506	0.31811
		جامع المقاصد في شرح القواعد - الجزء1	علي بن الحسين‏ المحقق الكركي	Masaha	1089	0.31808
		 تاريخ الغيبة الصغرى 	 السيد محمد الصدر 	ABLibrary	7449	0.31805
		المدخل المفصل لمذهب الإمام أحمد وتخريجات الأصحاب	بكر بن عبد الله أبو زيد بن محمد بن عبد الله بن بكر بن عثمان بن يحيى بن غيهب بن محمد (المتوفى: 1429هـ)	ShamAY	23611	0.31804
		منتقد المنافع في شرح مختصر النافع - كتاب الخمس	ملا حبيب الله شريف كاشاني	Ghbook	11265	0.31804
		تاريخ دمشق لابن القلانسي	حمزة بن أسد بن علي بن محمد، أبو يعلى التميمي، المعروف بابن القلانسي (المتوفى : 555هـ)	ShamAY	22799	0.31803
		الهدي النبوي في تربية الأولاد في ضوء الكتاب والسنة	د. سعيد بن علي بن وهف القحطاني	ShamelaY19	96478	0.318
		 في رحاب أهل البيت ( ع ) 	 لجنة بحوث المجمع العالمي لأهل البيت ( ع ) 	ABLibrary	8530	0.31799
		إرشاد العباد إلى معاني لمعة الاعتقاد	عبد الرحمن بن ناصر بن براك بن إبراهيم البراك	ShamelaY19	18604	0.31798
		تحفة المجيب على أسئلة الحاضر والغريب	أبو عبد الرحمن مقبل بن هادي بن مقبل بن قائدة (اسم رجل) الهمداني الوادعي (المتوفى: 1422ه)	Sham19Y	96784	0.3179
		خطبة الجمعة ودورها في تربية الأمة	عبد الغني أحمد جبر مزهر	ShamelaY19	31069	0.31789
		الأنوار الإلهية في المسائل العقائدية	آية الله الميرزا جواد التبريزي	Rafed	3103	0.31789
		التخريج ودراسة الأسانيد (د. الخشوعي)	الخشوعي محمد الخشوعي	ShamAY	37257	0.31788
		السبيل إلى تصفية علم الأصول من الدخيل	أسامة عبد العظيم	ShamAY	32590	0.31788
		حديث الضب الذي تكلم بين يدي النبي للطبراني	سليمان بن أحمد بن أيوب بن مطير اللخمي الشامي، أبو القاسم الطبراني (المتوفى: 360هـ)	ShamAY	28925	0.31786
		منطلقات طالب العلم	أبو العلاء محمد بن حسين بن يعقوب السلفي المصري	ShamelaY19	98137	0.31783
		النوازل الأصولية	أحمد الضويحي	ShamAY	37598	0.31783
		موسوعة علوم القرآن	عبد القادر محمد منصور	ShamelaY19	38103	0.31782
		رسالة مهمة للإمام المجاهد العلامة عبد العزيز بن محمد بن سعود	الإمام عبد العزيز بن محمد بن سعود (المتوفى: 1218هـ)	ShamAY	11226	0.31781
		 أدب الطف أو شعراء الحسين ( ع ) 	 جواد شبر 	ABLibrary	7405	0.31781
		البقيع	مركز تحقيقات حج	Ghbook	10448	0.31774
		مَقَاصِدُ المُكَلفينَ فيمَا يُتعَبَّدُ به لِرَبِّ العَالمين	عمر بن سليمان بن عبد الله الأشقر العتيبي	ShamAY	2069	0.31772
		نواقض الإسلام	عبد العزيز بن عبد الله بن باز (المتوفى: 1420ه)	ShamelaY19	30869	0.31771
		الفوز بالمراد في تاريخ بغداد	سليمان دخيل	Masaha	4133	0.31771
		دفاع عن العقيدة وعن العلامة ابن باز والرد على جهالات المرتزقة	محمد مال الله	ShamAY	35537	0.31768
		الزيادة والإحسان في علوم القرآن	محمد بن أحمد بن سعيد الحنفي المكي، شمس الدين، المعروف كوالده بعقيلة (المتوفى: 1150 ه)	ShamelaY19	150960	0.31767
		سلسلة ومضات إعجازيّة من القرآن والسّنة النّبويّة	الدكتور المهندس خالد فائق صديق العبيدي (معاصر)	ShamAY	34110	0.31766
		الاعتداء في الدعاء (صور وضوابط ونماذج من الدعاء الصحيح)	سعود بن محمد بن حمود العقيلي	ShamAY	32144	0.31766
		فقه المزار في احاديث الائمه الاطهار عليهم السلام	آيت الله العظمي جعفر سبحاني	Ghbook	10652	0.31765
		تاريخ مدينه منوره	عبد الله بن محمد ابن فرحون	Ghbook	11108	0.31763
		تاريخ السنة النبوية	صائب عبد الـحميد	Masaha	195	0.31761
		إيجاز البيان عن معاني القرآن	محمود بن أبى الحسن بن الحسين النيسابوري أبو القاسم، نجم الدين (المتوفى: نحو 550هـ)	ShamAY	23593	0.31759
		تفضيل الكلاب لابن المرزبان - دار التضامن	أبو بكر محمد بن خلف	ShamAY	33790	0.31759
		الأوقاف في العصر الحديث كيف نوجهها لدعم الجامعات وتنمية مواردها (دراسة فقهية)	د/ خالد بن علي بن محمد المشيقح	ShamAY	36609	0.31759
		 دستور معالم الحكم ومأثور مكارم الشيم من كلام أمير المؤمنين علي ابن أبي طالب ( ك ) 	 محمد بن سلامة القضاعي 	ABLibrary	877	0.31758
		سمات المؤمنين في الفتن وتقلب الأحوال	صالح بن عبد العزيز بن محمد بن إبراهيم آل الشيخ	ShamelaY19	30899	0.3175
		السيف والسياسة في الإسلام	الكاتب المصري صالح الورداني	Masaha	307	0.3175
		الموطأ برواية ابن زياد - ط الغرب الإسلامي	الإمام مالك بن أنس (179 هـ)	ShamAY	33922	0.31748
		السيره النبويه في السطور العلويه	عادل علوي	Ghbook	4622	0.31748
		عارفا بحقّكم	السيد علي الشهرستاني	Rafed	1521	0.31747
		العدالة في أنظمة المجتمع الاسلامي	محمد أحمد عبد الغني	ShamAY	36490	0.31746
		مختصر صحيح مسلم «للإمام أبي الحسين مسلم بن الحجاج القشيري النيسابوري»	عبد العظيم بن عبد القوي بن عبد الله، أبو محمد، زكي الدين المنذري (المتوفى: 656 ه)	Sham19Y	17616	0.31743
		رسائل وفتاوى عبد العزيز آل الشيخ	عبد العزيز بن عبد الله بن محمد بن عبد اللطيف بن عبد الرحمن بن حسن بن الشيخ محمد بن عبد الوهاب	ShamAY	21771	0.31742
		 نظام الإرث في الشريعة الإسلامية الغراء 	 الشيخ السبحاني 	ABLibrary	9599	0.31737
		تفسير ابن أبي العز جمعا ودراسة	صدر الدين محمد بن علاء الدين عليّ بن محمد ابن أبي العز الحنفي، الأذرعي الصالحي الدمشقي (المتوفى: 792هـ)	ShamAY	1426	0.31736
		أعلام الدين في صفات المؤمنين	الشيخ الحسن بن أبي الحسن الديلمي	Rafed	335	0.31736
		قطف الجني الداني شرح مقدمة رسالة ابن أبي زيد القيرواني	عبد المحسن بن حمد بن عبد المحسن بن عبد الله بن حمد العباد البدر	ShamAY	11292	0.31735
		الموسوعة القرآنيّة خصائص السور [ج ٢]	الناشر: دار التقريب بين المذاهب الإسلامية	Rafed	3727	0.31735
		التحفة البديعة بأخبار صدر الشريعة	الدكتور صلاح محمد أبو الحاج	ShamAY	35850	0.31731
		الأحمدية» جمادي الأول 1426 - العدد 20	مجموعة من المؤلفين	ShamAY	34707	0.31731
		نور الابصار في احوال الائمه التسعه الابرار ( عليهم السلام ) - الامام العسكري ( ع...	محمد مهدي مازندراني حائري	Ghbook	6236	0.31726
		تاريخ التراث العربي (علم اللغة إلى حوالي سنة 430 ه)	الدكتور فؤاد سزكين	ShamelaY19	143165	0.31725
		العباس بن علي عليهما السلام	باقر شريف القرشي	Rafed	14	0.31723
		تحقيق الوصال بين القلب والقرآن	مجدي الهلالي	ShamAY	275	0.31722
		تفسير كتاب الله العزيز [ج ٢]	هود بن محكم الهوّاري الأوراسي	Rafed	3819	0.3172
		شرح كتاب التوحيد من صحيح البخاري لفضيلة الشيخ عبد العزيز بن عبد الله الراجحي	الشيخ عبدالعزيز الراجحي	ShamAY	35433	0.31719
		دروس الشيخ سيد حسين العفاني	أبو التراب سيد بن حسين بن عبد الله العفاني	ShamelaY19	36323	0.31718
		حديث الطير	السيّد علي الحسيني الميلاني	Rafed	190	0.31717
		حدائق الأزاهر في مستحسن الأجوبة والمضحكات والحكم والأمثال والحكايات والنوادر	محمد بن محمد بن محمد، أبو بكر ابن عاصم القيسي الغرناطي (المتوفى: 829هـ)	ShamAY	5406	0.31711
		جهود الإمام الطاهر ابن عاشور في الرد على شبهات النصارى من خلال تفسيره التحرير		ShamAY	36991	0.31708
		الماتم الحسيني مشروعيته و اسراره	عبدالحسين شرف الدين	Ghbook	4551	0.31704
		إرشاد النقاد إلى تيسير الاجتهاد	محمد بن إسماعيل بن صلاح بن محمد الحسني، الكحلاني ثم الصنعاني، أبو إبراهيم، عز الدين، المعروف كأسلافه بالأمير (المتوفى: 1182هـ)	ShamAY	6348	0.31702
		دعوه الي سبيل المومنين	طارق زين العابدين	Ghbook	7645	0.31701
		إظهار الحق والصواب في حكم الحجاب والتبرج، والسفور، والخلوة بالمرأة الأجنبية، وسفرها بدون محرم، والاختلاط	د. سعيد بن على بن وهف القحطاني	ShamAY	1927	0.317
		الرد الجميل على أخطاء ابن عقيل	التويجري، حمود بن عبد الله	ShamAY	37749	0.317
		الموازنة بين شعر أبي تمام والبحتري	أبو القاسم الحسن بن بشر الآمدي (ت 370 ه)	Sham19Y	26183	0.31699
		 شرح أصول الكافي 	 صدر الدين محمد الشيرازي ( صدر المتألهين ) 	ABLibrary	7915	0.31688
		الخلق الحسن في ضوء الكتاب والسنة	د. سعيد بن علي بن وهف القحطاني	ShamelaY19	96464	0.31687
		الواضح في أصول الفقه	أبو الوفاء، علي بن عقيل بن محمد بن عقيل البغدادي الظفري، (المتوفى: 513ه)	Sham19Y	122232	0.31686
		تاريخ الغيبة - الجزء1	السيد محمد الصدر	Masaha	1974	0.31686
		خطبة الجمعة وأحكامها الفقهية	عبد العزيز بن محمد بن عبد الله الحجيلان	ShamelaY19	31259	0.31685
		موسوعة التفسير قبل عهد التدوين	محمد عمر الحاجى	ShamAY	1182	0.31685
		التخريج عند الفقهاء والأصوليين (دراسة نظرية تطبيقية تأصيلية)	يعقوب بن عبد الوهاب بن يوسف الباحسين التميمي	Sham19Y	14321	0.31684
		دروس في نصوص الحديث و نهج البلاغه(آشنايي با متون حديث و نهج البلاغه)	مهدي  مهريزي	Ghbook	15058	0.31684
		عدة الداعي و نجاح الساعي	جمال الدين أحمد بن محمد الحلي	Masaha	1107	0.31682
		الإلحاد والظلم في المسجد الحرام بين الإرادة والتنفيذ	د محمد بن سعد بن عبد الرحمن آل سعود	ShamAY	8766	0.31679
		محورية حديث الثقلين في العقيدة والأحكام	د. صلاح الدين الحسيني	Masaha	405	0.31679
		فطوبى للغرباء	أبو سيف خليل بن إبراهيم العبيدي	ShamAY	35201	0.31677
		أحكام القضاء في الصيام	عواض بن هلال العمري	ShamAY	12178	0.31672
		الاطر الشرعية والقانونية لثورة الامام الحسين عليه السلام	د.حكمت الرحمة	Ghbook	15243	0.31671
		مجالس التذكير من حديث البشير النذير	عبد الحميد محمد بن باديس الصنهاجي (المتوفى: 1359ه)	ShamelaY19	34886	0.31669
		و جاء الحق ...	سعيد ايوب	Ghbook	4602	0.31669
		الرسائل العشر	أبي جعفر محمّد بن الحسن بن علي بن الحسن الطّوسي [ شيخ الطائفة ]	Rafed	1252	0.31665
		تحقيق الوصال بين القلب والقرآن	مجدي الهلالي	Sham19Y	36402	0.31661
		إمامة الصديق	طه الدليمي	ShamAY	37802	0.3166
		فاسألوا أهل الذّكر	الدكتور محمّد التيجاني السماوي	Rafed	1214	0.3166
		 شمس العلوم ودواء كلام العرب من الكلوم 	 نشوان بن سعيد الحميري 	ABLibrary	9788	0.31658
		المقدمات العشر في نقض أصول صوفية العصر	عبد العزيز بن ريس الريس	ShamAY	35699	0.31657
		أحكام حضور المساجد	الواحدي :: عبد الله الفوزان	ShamAY	36537	0.31655
		مختصر صحيح مسلم «للإمام أبي الحسين مسلم بن الحجاج القشيري النيسابوري»	عبد العظيم بن عبد القوي بن عبد الله، أبو محمد، زكي الدين المنذري (المتوفى: 656 هـ)	ShamAY	32321	0.31653
		 سيرة الأئمة الاثني عشر ( ع ) 	 هاشم معروف الحسني 	ABLibrary	7547	0.31653
		فقه السيرة للغزالي	محمد الغزالي السقا (المتوفى: 1416ه)	ShamelaY19	23659	0.31652
		الصحيح من سيرة النبي الأعظم صلّى الله عليه وآله [ج ٧]	السيد جعفر مرتضى العاملي	Rafed	2488	0.31652
		الي الرفيق الاعلي : احداث  الايام  الاخيرة من عمر نبي الاسلام ( صلي الله عليه و ...	مهدي خداميان آراني	Ghbook	9579	0.31646
		النظر من النسوة للرجال بغير شهوة	محمد العماري	ShamelaY19	36440	0.31644
		زوائد مسائل الجاهلية	عبد الله بن محمد بن أحمد الدويش (المتوفى: 1409ه)	ShamelaY19	21507	0.31644
		 المنية في حكم الشارب واللحية 	 محمد رضا الطبسي النجفي 	ABLibrary	9428	0.31644
		مكارم الاخلاق	رضي الدين أبي نصر الحسن بن الفضل الطبرسي	Rafed	166	0.31643
		من قضايا التربية الدينية في المجتمع الإسلامي	كمال الدين عبد الغني المرسي	ShamAY	11732	0.31642
		المجالس السنيه في مناقب و مصائب العتره النبويه ( الامام الحسن عليه السلام )	محسن امين عاملي	Ghbook	6068	0.31641
		القواعد النورانية الفقهية	تقي الدين أبو العباس أحمد بن عبد الحليم بن عبد السلام بن عبد الله بن أبي القاسم بن محمد ابن تيمية الحراني الحنبلي الدمشقي (المتوفى: 728هـ)	ShamAY	21729	0.31639
		إظهار الحق والصواب في حكم الحجاب والتبرج، والسفور، والخلوة بالمرأة الأجنبية، وسفرها بدون محرم، والاختلاط	د. سعيد بن على بن وهف القحطاني	Sham19Y	96548	0.31635
		تدريب الدعاة على الأساليب البيانية	أ. د. : عبد الرب بن نواب الدين بن غريب الدين آل نواب	ShamAY	10056	0.31631
		صفة جزيرة الأندلس منتخبة من كتاب الروض المعطار	أبو عبد الله محمد بن عبد الله بن عبد المنعم الحِميرى (المتوفى: 900هـ)	ShamAY	1344	0.3163
		حاشية الخلوتي على منتهى الإرادات	محمد بن أحمد بن علي البهوتي الخلوتي (المتوفى: 1088 ه)	Sham19Y	16772	0.31628
		مجمع الحكم والأمثال في الشعر العربي	أحمد قبش بن محمد نجيب	ShamAY	32578	0.31625
		 الرد على الفتاوى المتطرفة 	 الشيخ علي الكوراني العاملي 	ABLibrary	8428	0.31625
		نشر طي التعريف في فضل حملة العلم الشريف والرد على ماقتهم السخيف	محمد بن عبد الرحمن بن عمر بن محمد بن عبد الله، أبو حامد، جمال الدين الحبيشي الوصابي الشافعي (المتوفى: 786ه)	Sham19Y	6878	0.31622
		 رسائل ومقالات 	 الشيخ السبحاني 	ABLibrary	8443	0.31619
		الحدائق الناضرة [ج ٢٤]	الشيخ يوسف بن أحمد البحراني [ صاحب الحدائق ]	Rafed	2996	0.31618
		 الكواكب الزاهرة 	 عبد القادر الشاذلي 	ABLibrary	8823	0.31617
		إحكام الأحكام شرح عمدة الأحكام	ابن دقيق العيد	Sham19Y	1665	0.31616
		توصيات الي العاملين للاسلام	آيت الله العظمي سيد محمد حسيني شيرازي	Ghbook	7897	0.31616
		فتاوى د حسام عفانة	حسام الدين بن موسى محمد بن عفانة	ShamAY	10517	0.31614
		 جواهر التصوف 	 يحيى بن معاذ الرازي 	ABLibrary	8686	0.31612
		حوار هادئ مع الدكتور القزويني الشيعي الإثني عشري	أ. د. أحمد بن سعد حمدان الغامدي	ShamAY	35679	0.31611
		الخلاصة في أحاديث الطائفة المنصورة	الواحدي :: علي بن نايف الشحود	ShamAY	36068	0.3161
		التخريج عند الفقهاء والأصوليين (دراسة نظرية تطبيقية تأصيلية)	يعقوب بن عبد الوهاب بن يوسف الباحسين التميمي	ShamAY	31831	0.3161
		مذكرة التوحيد	عبد الرزاق عفيفي (المتوفى: 1415ه)	ShamelaY19	30863	0.31607
		بيان إعجاز القرآن	أبو سليمان حمد بن محمد بن إبراهيم بن الخطاب البستي المعروف بالخطابي (المتوفى: 388ه)	Sham19Y	13900	0.31606
		حقيقة الشيعة «حتى لا ننخدع»	عبد الله الموصلي	ShamAY	9854	0.31605
		 المفاخر العلية في المآثر الشاذلية 	 أحمد بن محمد الشافعي الشاذلي 	ABLibrary	8863	0.31604
		دراسه في روايات الحسني	نجم الدين طبسي	Ghbook	12898	0.31604
		منهج الأنبياء في الدعوة إلى الله فيه الحكمة والعقل	ربيع بن هادي المدخلي	ShamAY	34777	0.31603
		السُّمُوُّ الرُّوحِيُّ الْأَعْظَمُ وَالْجَمَالُ الْفَنِّيُّ فِي الْبَلاَغَة النَّبَوِيَّة	مصطفى صادق بن عبد الرزاق بن سعيد بن أحمد بن عبد القادر الرافعي (المتوفى: 1356هـ)	ShamAY	1241	0.31603
		لله .. ثم للتاريخ كشف الأسرار وتَبْرِئَةُ الأئمةِ الأَطهارِ	حسين الموسوي	ShamAY	811	0.31602
		 كتاب الفوز بالمراد في تاريخ بغداد 	 سليمان الدخيل 	ABLibrary	9163	0.31598
		النظرات الماتعة في سورة الفاتحة	مرزوق بن هياس آل مرزوق الزهراني، الأستاذ المشارك بكلية الحديث الشريف والدراسات الإسلامية بالجامعة الإسلامية بالمدينة المنورة	ShamelaY19	132391	0.31597
		القول المعتبر في بيان الإعجاز للحروف المقطعة من فواتح السور	إياس محمد حرب آل خطاب	Sham19Y	37350	0.31596
		حياة الامام علي الهادي عليه السلام: دراسة تاريخية	ثائر هادي العقيلي	Ghbook	15675	0.31596
		الوَاضِح في أصُولِ الفِقه	أبو الوفاء، علي بن عقيل بن محمد بن عقيل البغدادي الظفري، (المتوفى: 513هـ)	ShamAY	31699	0.31593
		المصارحة في أحكام المصافحة	عبد الناصر بن خضر ميلاد	ShamAY	8553	0.31592
		صحبه الرسول صلي الله عليه وآله بين المنقول و المعقول	محمد علي نجفي	Ghbook	10946	0.31592
		البحوث التربوية في مجلة البيان	علي بن نايف الشحود	ShamAY	34827	0.31591
		من الآثار الإيمانية لتعليم وتعلم القرآن الكريم على الفرد والمجتمع	شعبان مقلد	ShamAY	36788	0.3159
		مذكرة تخريج الأحاديث	طارق الطواري	ShamAY	37285	0.31588
		بحار الأنوار [ج ٧٣]	الشيخ محمّد باقر بن محمّد تقي المجلسي	Rafed	1089	0.31587
		إدارة الوقت من المنظور الإسلامي والإداري	د خالد بن عبد الرحمن بن علي الجريسي	Sham19Y	1497	0.31586
		الجامع لعلوم الإمام أحمد - الفقه	خالد الرباط، سيد عزت عيد [بمشاركة الباحثين بدار الفلاح]	ShamelaY19	20878	0.31584
		تأملات فى فقه الدعوة	طلعت عفيفي	ShamAY	33355	0.31584
		أثر الأحاديث الضعيفة والموضوعة في العقيدة	عبد الرحمن بن عبد الخالق	ShamAY	35710	0.31584
		خلاصة الشفا في تعريف حقوق المصطفى" للقاضي عياض	---	ShamAY	37397	0.31583
		 في رحاب أهل البيت ( ع ) 	 لجنة بحوث المجمع العالمي لأهل البيت ( ع ) 	ABLibrary	8534	0.31583
		الأساس في السنة وفقهها - العقائد الإسلامية	سعيد حوّى (المتوفى 1409 هـ)	ShamAY	38486	0.31582
		جواب في الحلف بغير الله والصلاة إلى القبور، ويليه: فصل في الاستغاثة	تقي الدين أبو العباس أحمد بن عبد الحليم بن عبد السلام بن عبد الله بن أبي القاسم بن محمد ابن تيمية الحراني الحنبلي الدمشقي (المتوفى: 728هـ)	ShamAY	21565	0.3158
		حقيقة الشيعة «حتى لا ننخدع»	عبد الله الموصلي	Sham19Y	9854	0.3158
		مطالب السوول في مناقب آل الرسول ( صلوات الله عليهم اجمعين )	محمد بن طلحه نصيبي	Ghbook	6083	0.3158
		الانوار الباهره بفضائل اهل البيت النبوي و الذريه الطاهره	عبدالله بن عبدالقادر تليدي مغربي	Ghbook	9180	0.31578
		شرح اختصار علوم الحديث - عبد الكريم الخضير	عبد الكريم الخضير	ShamelaY19	23361	0.31577
		نقض فتاوى الوهابية	الشيخ محمد حسين كاشف الغطاء	Rafed	162	0.31577
		منارات وعلامات في تنزيل أحاديث الفتن على الواقع	عبد الله بن صالح العجيري	ShamAY	36643	0.31576
		الفتوى بغير علم	راشد البِداح :: راشد البداح	ShamAY	37524	0.31576
		إحكام الأحكام شرح عمدة الأحكام	ابن دقيق العيد	ShamAY	1665	0.31574
		ينابيع النصيحة في العقائد الصحيحة	السيد الأمير الحسين بن بدر الدين	Rafed	3448	0.31574
		المنهج الربّاني في علاج السحر والعين والمس الشيطاني	عبد الفتاح عبد الغني الهمص	ShamAY	36134	0.31572
		تعليم الأحب أحاديث النووي وابن رجب	فيصل المبارك	ShamAY	35980	0.31567
		القول المعتبر في بيان الإعجاز للحروف المقطعة من فواتح السور	إياس محمد حرب آل خطاب	ShamAY	627	0.31566
		 نقض الفتاوى الوهابية 	 الشيخ محمد حسين كاشف الغطاء 	ABLibrary	8669	0.31563
		كلمه الرسول الاعظم ( صلي الله عليه و آله )	حسن شيرازي	Ghbook	5309	0.31563
		أذكار الطهارة والصلاة	عبد الرزاق بن عبد المحسن البدر	ShamAY	7498	0.3156
		العباس بن علي عليهما السلام	الشيخ باقر شريف القرشي	Masaha	1726	0.31558
		العقائد الحقّة	السيد علي الحسيني الصدر	Rafed	1518	0.31557
		شرح المعلقات التسع	منسوب لأبي عمرو الشيباني (ت 206 ه) ولا تصح نسبته ففي الكتاب نقول متأخرة عن زمن أبي عمرو وليس الأسلوب أسلوبه	ShamelaY19	21574	0.31551
		البخلاء للجاحظ - العلمية	أبو عثمان عمرو بن بحر الجاحظ	ShamAY	33775	0.3155
		الأساس في السنة وفقهها - العقائد الإسلامية	سعيد حوى (المتوفى 1409 ه)	ShamelaY19	18338	0.31548
		 سلسلة المسائل الفقهية 	 الشيخ السبحاني 	ABLibrary	9575	0.31546
		حقوق أهل البيت عليهم السلام في القرآن الكريم	الناشر: مركز الرسالة	Rafed	600	0.31545
		جهود الشيخ محمد الأمين الشنقيطي في تقرير عقيدة السلف	عبد العزيز بن صالح بن إبراهيم الطويان	Sham19Y	11991	0.31541
		 البضاعة المزجاة 	 محمد حسين بن قارياغدي 	ABLibrary	7924	0.3154
		فدك	آيت الله العظمي ميرزا جواد تبريزي	Ghbook	16206	0.3154
		البيان في تفسير القرآن 	آيت الله العظمي سيد ابوالقاسم خوئي	Ghbook	2894	0.31537
		الموازنة بين شعر أبي تمام والبحتري	أبو القاسم الحسن بن بشر الآمدي (ت 370 هـ)	ShamAY	31849	0.31535
		بشرى الكئيب بلقاء الحبيب	عبد الرحمن بن أبي بكر، جلال الدين السيوطي (المتوفى: 911هـ)	ShamAY	10924	0.31531
		الحسام المسلول على منتقصي أصحاب الرسول	محمد بن عمر بن مبارك الحميري الحضرمي الشافعي، الشهير ب «بحرق» (المتوفى: 930ه)	ShamelaY19	19542	0.31529
		الشيخ محمد بن عبد الوهاب المجدد المفترى عليه	أحمد بن حجر بن محمد بن حجر بن أحمد بن حجر بن طامي بن حجر بن سند بن سعدون آل بوطامي البنعلي (المتوفى: 1423هـ)	ShamAY	7654	0.31527
		مع الشيخ جاد الحق في إرث العصبة‌	الشيخ لطف الله الصافي	Masaha	3551	0.31527
		نفح الطّيب [ج ١]	الشيخ أحمد بن محمد المقري التلمساني	Rafed	2786	0.31524
		حديث أبي الحسين بن المظفر	أبو الحسين محمد بن المظفر (المتوفى: 379هـ)	ShamAY	29739	0.31522
		نفحات النسمات في وصول إهداء الثواب للأموات للسروجي	أحمد بن إبراهيم بن عبد الغني السروجي، أبو العباس، شمس الدين (المتوفى: 710هـ)	ShamAY	26925	0.31522
		بحث عن السيرة النبوية	-	ShamAY	31468	0.31521
		تاريخ البيمارستانات في الإسلام	الدكتور أحمد عيسى (المتوفى: 1365ه)	Sham19Y	36083	0.31521
		شمس العلوم [ج ٢]	نشوان بن سعيد الحميري	Rafed	1368	0.31519
		حاشية مقدمة التفسير (المقدمة والحاشية كلاهما للشيخ ابن قاسم رحمه الله)	عبد الرحمن بن محمد بن قاسم العاصمي القحطاني الحنبلي النجدي (المتوفى: 1392ه)	Sham19Y	7371	0.31518
		اكاذيب الوهابيه	صالح ورداني	Ghbook	10930	0.31518
		مناظرات المستبصرين	الشيخ عبد الله الحسن	Rafed	157	0.31517
		تأسيس الأئمّة عليهم السلام لأصول منهج فهم النص القرآني	الدكتور ستار جبر حمّود الأعرجي	Rafed	1516	0.31515
		 عبقات الأنوار في إمامة الأئمة الأطهار ( فارسي ) 	 السيد حامد النقوي 	ABLibrary	8490	0.31514
		المسائل المهمة فيما يحتاج إليه العاقد عند الخطوب المدلهمة	شمس الدين أبي عبد الله محمد بن أحمد ابن سعيد النابلسي الدمشقي، الحلبي، المقدسي، المكي الحنبلي (المتوفى: 855هـ)	ShamAY	8550	0.31513
		عدّة الأكياس في شرح معاني الأساس [ج ٢]	أحمد بن محمّد بن صلاح الشرفي القاسمي	Rafed	3434	0.3151
		الأصول الشرعية في التوحيد والشرك، والسنة والبدعة، والتاريخ والصحابة، والدعوة والمنهج، والكفار والجهاد	ناصر الفهد	ShamAY	35721	0.31507
		 ولاية الفقيه في حكومة الإسلام 	 السيد محمد حسين الطهراني 	ABLibrary	9447	0.31507
		حفظ القرآن الكريم وتعليمه في جميع مراحل التعليم والتعليم الجامعي	د. حمد بن ناصر بن عبد الرحمن العمار	ShamAY	36893	0.31506
		فوائد أحمد بن عبدالله بن نصر بن بجير	أَحْمَد بْن عَبْد اللَّه بْن نصر بْن بجير بْن عَبْد اللَّه بْن صالح بْن أسامة أَبُو الْعَبَّاس الذهلي (المتوفى: 322هـ)	ShamAY	27099	0.31505
		مَوسوعةُ المفاهيمِ الإسْلاميَّةِ	الواحدي :: علي بن نايف الشحود	ShamAY	32994	0.31505
		جهود الشيخ محمد الأمين الشنقيطي في تقرير عقيدة السلف	عبد العزيز بن صالح بن إبراهيم الطويان	ShamAY	11991	0.31503
		الوهابيه و التوحيد	علي كوراني	Ghbook	7602	0.31501
		اعلام الهدايه (الامام علي بن الحسين زين العابدين عليه السلام)	مجمع جهاني اهل بيت عليهم السلام	Ghbook	6345	0.31499
		المغرب في ترتيب المعرب	ناصر بن عبد السيد أبى المكارم ابن على، أبو الفتح، برهان الدين الخوارزمي المُطَرِّزِىّ (المتوفى: 610هـ)	ShamAY	8459	0.31498
		حاشية الخلوتي على منتهى الإرادات	محمد بن أحمد بن علي البهوتي الْخَلْوَتي (المتوفى: 1088 هـ)	ShamAY	32457	0.31498
		الفرقان في تفسير القرآن بالقرآن والسنّة [ج ١]	الشيخ محمد الصادقي	Rafed	3003	0.31497
		الوجيز في عقيدة السلف الصالح (أهل السنة والجماعة)	عبد الله بن عبد الحميد الأثري	ShamelaY19	30811	0.31495
		التجلي الاعظم	فاخر موسوي	Ghbook	7125	0.31495
		أصول الدعوة وطرقها 3 - جامعة المدينة	مناهج جامعة المدينة العالمية	Sham19Y	12164	0.31494
		إِنَّا كَفَيْنَاكَ الْمُسْتَهْزِئِينَ	وليد نور	ShamAY	37453	0.31492
		إدارة الوقت من المنظور الإسلامي والإداري	د خالد بن عبد الرحمن بن علي الجريسي	ShamAY	1497	0.31492
		الفوائد العشر من حديث حذيفة كان الناس يسألون رسول الله عن الخير وكنت أسأله عن الشر	خليل بن إبراهيم العبيدي	ShamAY	35994	0.31487
		الصداقة والصديق	أبو حيان التوحيدي، علي بن محمد بن العباس (المتوفى: نحو 400هـ)	ShamAY	11485	0.31483
		وصول الأماني بأصول التهاني	الواحدي :: السيوطي	ShamAY	33743	0.31471
		 عدة الأكياس في شرح معاني الأساس 	 أحمد الشرفي القاسمي 	ABLibrary	8511	0.31471
		 الكمالات الإلهية في الصفات المحمدية 	 عبد الكريم بن ابراهيم الجيلي 	ABLibrary	8811	0.31471
		السفاره في الغيبه الكبري بين التاييد والمعارضه	وسام البلداوي	Ghbook	12292	0.31468
		نصف العلم ... لا أدري	أبو سهل خالد رمضان	ShamAY	34782	0.31466
		تحفة الأبرار شرح مصابيح السنة	القاضي ناصر الدين عبد الله بن عمر البيضاوي (ت 685هـ)	ShamAY	31913	0.31464
		شرح الورقات لعبدالله الفوزان	عبد الله الفوزان	ShamAY	37547	0.31463
		شرح حديث جبريل في تعليم الدين	عبد المحسن بن حمد بن عبد المحسن بن عبد الله بن حمد العباد البدر	Sham19Y	11259	0.31462
		المورد العذب الزلال فيما انتقد على بعض المناهج الدعوية من العقائد والأعمال	أحمد النجمي	ShamAY	33354	0.31459
		كتاب الحدود والسلطان	عبد الله قادري الأهدل	ShamAY	33166	0.31458
		حقيقة الشيعة الإثنى عشرية	د. أسعد القاسم	Masaha	239	0.31458
		الحقيقة المظلومة	محمد علي صالح المعلّم	Rafed	32	0.31457
		 عنوان التوفيق في آداب الطريق ( ويليه شرح الصلاة المشيشية للنابلسي / شرح حزب البحر للإزميري ) 	 ابن عطاء الله السكندري 	ABLibrary	8791	0.31456
		أصول الدعوة وطرقها 3 - جامعة المدينة	مناهج جامعة المدينة العالمية	ShamAY	1652	0.31455
		تاريخ القرآن	ابراهيم ابياري	Ghbook	2897	0.31455
		السبحة تاريخها وحكمها	بكر بن عبد الله أبو زيد بن محمد بن عبد الله بن بكر بن عثمان بن يحيى بن غيهب بن محمد (المتوفى: 1429هـ)	ShamAY	1993	0.31453
		رسالة الشرك ومظاهره	مبارك بن محمد الميلي الجزائري (المتوفى: 1364ه)	ShamelaY19	37348	0.3145
		رئيس الجامعة الإسلامية الشيخ محمد بن إبراهيم آل الشيخ	عبد المحسن بن حمد العباد البدر	ShamAY	35820	0.31449
		تأويلات أهل السنّة تفسير الماتريدي [ج ٣]	أبي منصور محمّد بن محمّد بن محمود الماتريدي	Rafed	3969	0.31449
		المستطرف في كل فن مستطرف - العلمية	شهاب الدين محمد بن أحمد أبي الفتح الأبشيهي	ShamAY	33781	0.31448
		أدب الطّف أو شعراء الحسين عليه السلام [ج ٧]	جواد شبّر	Rafed	374	0.31447
		توضِيحُ الأحكَامِ مِن بُلوُغ المَرَام	أبو عبد الرحمن عبد الله بن عبد الرحمن بن صالح بن حمد بن محمد بن حمد بن إبراهيم البسام التميمي (المتوفى: 1423هـ)	ShamAY	31912	0.31446
		مدخل إلى مشروع «آثار الشيخ العلامة محمد الأمين الشنقيطي» (وهو فاتحة التقديم ل «أضواء البيان» ضمن «آثار الشيخ الشنقيطي»)	بكر أبو زيد - علي العمران - خالد السبت	Sham19Y	20766	0.31445
		الأزمة العقيدية بين الأشاعرة و أهل الحديث - خلال القرنين:5-6 الهجريين-		ShamAY	35462	0.31443
		الفصول المختارة	الشيخ المفيد	Masaha	4576	0.31443
		كشف الرّموز [ج ٢]	الشيخ حسن بن أبي طالب اليوسفي [ الفاضل الآبي ]	Rafed	1327	0.31443
		مفرّحة الأنام في تأسيس بيت الله الحرام	السيّد زين العابدين بن نور الدين الحسيني الكاشاني	Rafed	2610	0.31443
		العزيز شرح الوجيز المعروف بالشرح الكبير ط العلمية	عبد الكريم بن محمد بن عبد الكريم، أبو القاسم الرافعي القزويني (المتوفى: 623ه)	Sham19Y	13577	0.31441
		لله .. ثم للتاريخ كشف الأسرار وتبرئة الأئمة الأطهار	حسين الموسوي	Sham19Y	3952	0.3144
		أدب القاضي لابن القاص	أبو العباس أحمد بن أبي أحمد الطبري المعروف بابن القاص (المتوفى: 335 ه)	Sham19Y	18252	0.31436
		تفسير مقاتل بن سليمان	أبو الحسن مقاتل بن سليمان بن بشير الأزدي البلخى (المتوفى: 150ه)	ShamelaY19	23614	0.31434
		مسائل الإمام ابن باز رحمه الله تعالى	عبد العزيز بن عبد الله بن باز (المتوفى: 1420ه)	Sham19Y	14566	0.31433
		مؤتمر النجف = الحجج القطعية لاتفاق الفرق الإسلامية	مقتطف من مذكرات علامة العراق وعماد هذا المؤتمر السيد عبد الله بن الحسين السويدي العباسي (ت 1174)	ShamAY	1172	0.3143
		معالم الدين من أحاديث الصادق الأمين	محمد محب الدين أبو زيد	ShamelaY19	124909	0.31426
		 الوصلة إلى الحبيب في وصف الطيبات والطيب 	 عمر بن أحمد العقيلي الحلبي ( ابن العديم ) 	ABLibrary	9892	0.31424
		أصول الإيمان (مطبوع ضمن مؤلفات الشيخ محمد بن عبد الوهاب، الجزء الأول)	محمد بن عبد الوهاب بن سليمان التميمي النجدي (المتوفى: 1206ه)	Sham19Y	7504	0.31422
		علي والخوارج - الجزء1	السيد جعفر مرتضى العاملي	Masaha	373	0.31422
		الفوز بالمراد في تاريخ بغداد	سليمان الدخيل	Rafed	2459	0.3142
		وثلث لطعامك	عبد الملك بن محمد القاسم	ShamelaY19	95678	0.31418
		رفع الملام عن الأئمة الأعلام	تقي الدين أبو العباس أحمد بن عبد الحليم بن عبد السلام بن عبد الله بن أبي القاسم بن محمد ابن تيمية الحراني الحنبلي الدمشقي (المتوفى: 728ه)	Sham19Y	4118	0.31415
		الفائق في غريب الحديث‌  - الجزء1	ابو القاسم محمود بن عمر الزمخشري	Masaha	3492	0.31415
		القصر في السفر علي ضوء الكتاب و السنه	آيت الله العظمي جعفر سبحاني	Ghbook	5053	0.31411
		إيضاح المسالك إلى قواعد الإمام مالك (مع دراسة لحياة المؤلف وآثاره وعصره)	أبو العباس أحمد بن يحيى الونشريسى	Sham19Y	132374	0.3141
		زاد المسير في علم التفسير [ج ٤]	أبي الفرج عبدالرحمن ابن علي ابن الجوزي	Rafed	3360	0.31409
		منطلقات طالب العلم	أبو العلاء محمد بن حسين بن يعقوب السلفي المصري	Sham19Y	98137	0.31407
		الصحيح من سيرة النبي الأعظم صلّى الله عليه وآله [ج ١٩]	السيد جعفر مرتضى العاملي	Rafed	2514	0.31407
		اهل البيت عليهم السلام في القرآن	آيت الله العظمي حسيني	Ghbook	7920	0.31403
		المواعظ والاعتبار بذكر الخطط والآثار المعروف بالخطط المقريزية  - الجزء1	أحمد بن علي المقريزي	Masaha	4351	0.31402
		الامام المهدي عليه السلام من المهد الي الظهور	آيت الله سيد محمد كاظم قزويني	Ghbook	16300	0.314
		موجزا مختصرا ؛ الصحيح من تاريخ الاسلام	ابوالعباس بن كمال	Ghbook	7723	0.314
		عبد الله التليدي العلامة المربي والمحدث الأثري	الحسين اشبوكي	ShamAY	38596	0.31399
		 مباني منهاج الصالحين 	 السيد تقي الطباطبائي القمي 	ABLibrary	9728	0.31398
		كتاب الصوائف		ShamAY	37161	0.31392
		شرح صحيح البخاري - عبد الكريم الخضير	عبد الكريم الخضير	ShamelaY19	21724	0.3139
		المهدي (عجل الله تعالي فرجه الشريف) في السنه	آيت الله العظمي حسيني	Ghbook	6636	0.31389
		بلوغ الغاية من تهذيب بداية الهداية للإمام أبي حامد الغزالي (رحمه الله)	وائل حافظ خلف	ShamAY	955	0.31387
		إعلان النكير على المفتونين بالتصوير	حمود بن عبد الله بن حمود بن عبد الرحمن التويجري (المتوفى: 1413هـ)	ShamAY	32253	0.31386
		التعليق على تفسير القرطبي - عبد الكريم الخضير	عبد الكريم الخضير	ShamAY	76	0.31382
		شرح المعلقات التسع	منسوب لأبي عمرو الشيباني (ت 206 ه) ولا تصح نسبته ففي الكتاب نقول متأخرة عن زمن أبي عمرو وليس الأسلوب أسلوبه	Sham19Y	21574	0.31382
		مجالس التذكير من حديث البشير النذير	عبد الحميد محمد بن باديس الصنهاجي (المتوفى: 1359هـ)	ShamAY	86	0.31381
		العمدة في إعداد العدة للجهاد في سبيل الله تعالى	عبد القادر بن عبد العزيز	ShamAY	36617	0.31378
		مفهوم الحكمة في الدعوة إلى الله تعالى في ضوء الكتاب والسنة	د. سعيد بن علي بن وهف القحطاني	ShamelaY19	96523	0.31377
		تفسير القمي - الجزء1	علي بن ابراهيم القمي	Masaha	24	0.31374
		الصحابه الذين رووا احاديث الرسول الاعظم (ص) في الامام المهدي (عج)	علي محمد علي دخيل	Ghbook	11218	0.31372
		شرح عقيدة السلف للصابوني - ناصر العقل	ناصر بن عبد الكريم العلي العقل	ShamAY	751	0.31368
		إحقاق الحقّ وإزهاق الباطل [ج ١]	السيّد نور الله الحسيني المرعشي التستري	Rafed	2654	0.31368
		المرجان في أهم مسائل رمضان		ShamAY	36626	0.31367
		المعتصر من المختصر من مشكل الآثار	يوسف بن موسى بن محمد، أبو المحاسن جمال الدين المَلَطي الحنفي (المتوفى: 803هـ)	ShamAY	11816	0.31363
		الدر الفريد في بيان حكم التقليد	أحمد بن محمد الحموي (ت1098هـ)	ShamAY	37517	0.31363
		من معجزات النبي صلى الله عليه وسلم	عبد العزيز بن محمد السلمان	ShamAY	37409	0.31361
		الإمام والمؤذن	فؤاد بن عبد العزيز الشلهوب :: فؤاد الشلهوب	ShamAY	36712	0.3136
		الواضح في علوم القرآن	مصطفى ديب البغا، محيى الدين ديب مستو	ShamAY	1156	0.31359
		نهج الحق وكشف الصدق	العلامة الحلي	Masaha	474	0.31359
		 مآثر الكبراء تاريخ سامراء 	 الشيخ ذبيح الله المحلاتي 	ABLibrary	9173	0.31352
		سيرة الأئمة الاثني عشر(ع) - الجزء1	هاشم معروف الحسني‏	Masaha	2222	0.31352
		الأربعون القرآنية	أحمد بن عبد الرزاق آل إبراهيم العنقري التميمي الكويتي	Sham19Y	36497	0.31351
		القواعد النورانية الفقهية - ط السنة المحمدية	تقي الدين أبو العباس أحمد بن عبد الحليم بن تيمية الحراني (المتوفى : 728هـ)	ShamAY	34365	0.31348
		منطلقات طالب العلم	أبو العلاء محمد بن حسين بن يعقوب السلفي المصري	ShamAY	31621	0.31348
		أحكام القرآن [ج ٤]	أبي بكر أحمد بن علي الرازي الجصّاص	Rafed	1999	0.31344
		أدعية أهل البيت عليهم السلام في تعقيب الصلوات	الشيخ عبدالله حسن آل درويش	Rafed	1507	0.31344
		شرح كتاب التوحيد من صحيح البخاري	عبد الله بن محمد الغنيمان	ShamAY	9610	0.31343
		تاريخ البيمارستانات في الإسلام	الدُّكْتُور أَحمد عِيسى (المتوفى: 1365هـ)	ShamAY	825	0.31342
		الشامل في فقه الخطيب والخطبة	د. سعود بن إبراهيم بن محمد الشريم	ShamAY	35126	0.31342
		الإفصاح في إمامة أمير المؤمنين(ع)	الشيخ المفيد	Masaha	147	0.31342
		تنبيه المؤمن الأواه بفضائل لا إله إلا الله	أحمد بن يوسف بن محمد الأهدل	ShamelaY19	96845	0.31339
		المواعظ والاعتبار بذكر الخطط والآثار	أحمد بن علي بن عبد القادر، أبو العباس الحسيني العبيدي، تقي الدين المقريزي (المتوفى: 845هـ)	ShamAY	11566	0.31339
		 أبكار الأفكار في أصول الدين 	 سيف الدين الآمدي 	ABLibrary	8318	0.31335
		 الذريعة 	 آقا بزرگ الطهراني 	ABLibrary	866	0.31335
		ادوار علم الفقه و اطواره	علي بن محمد رضا بن هادي نجفي ( كاشف الغطاء )	Ghbook	9002	0.31335
		من حياة المستبصرين - الجزء1	مركز الأبحاث العقائدية	Masaha	461	0.31334
		الغنية لطالبي طريق الحق عز وجل	عبد القادر بن موسى بن عبد الله بن جنكي دوست الحسني، أبو محمد، محيي الدين الجيلاني، أو الكيلاني، أو الجيلي (المتوفى: 561 هـ)	ShamAY	32542	0.31333
		فقه قراءة القرآن الكريم	أبو خالد سعيد عبد الجليل يوسف صخر المصري	ShamelaY19	38007	0.31329
		عقيدة الولاء والبراء - المقدم	محمد أحمد إسماعيل المقدم	ShamelaY19	36991	0.31329
		خطبة الجمعة ودورها في تربية الأمة	عبد الغني أحمد جبر مزهر	ShamAY	31069	0.31328
		النفي والتغريب في مصادر التشريع الإسلامي	الشيخ نجم الدين الطبسي	Masaha	5039	0.31325
		موسوعة القرآن العظيم [ج ٢]	دكتور عبد المنعم الحفني	Rafed	3911	0.31325
		الأدب الصغير ت خلف	عبد الله بن المقفع (المتوفى: 142ه)	ShamelaY19	37540	0.31323
		أُصُوْلٌ بِلاَ أُصُوْلٍ - بحثٌ وافٍ في ردِّ عُدوانِ الصُّوفيةِ ومُدَّعِي المَهْدِيَّةِ على مصادر التلقى، والمرجعيةِ الشرعيةِ	محمد بن أحمد بن إسماعيل المقدم	ShamAY	1971	0.31323
		صفوه الصحيح من سيره النبي الاعظم صلي الله عليه و آله	سيد جعفرمرتضي حسيني عاملي	Ghbook	10949	0.31322
		 بحار الأنوار 	 العلامة المجلسي 	ABLibrary	753	0.31319
		منهاج الرسول - صلى الله عليه وسلم - في تصحيح الأخطاء	علي بن نايف الشحود	ShamAY	34851	0.31301
		مسبوك الذهب في فضل العرب وشرف العلم على شرف النسب	مرعي بن يوسف بن أبى بكر بن أحمد الكرمى المقدسي الحنبلى (المتوفى: 1033ه)	Sham19Y	26541	0.31298
		القرآن منهج و سلوك	آيت الله العظمي سيد محمد حسيني شيرازي	Ghbook	7884	0.31297
		إغاثة اللهفان في حكم طلاق الغضبان (ضمن مجموع الرسائل)	أبو عبد الله محمد بن أبي بكر بن أيوب ابن قيم الجوزية (659 - 751)	ShamelaY19	19225	0.31292
		المسائل الناصريات	السيد المرتضى	Masaha	987	0.31291
		 عبقات الأنوار في إمامة الأئمة الأطهار ( فارسي ) 	 السيد حامد النقوي 	ABLibrary	8509	0.31288
		حياة حافظ بن أحمد الحكمي	زيد بن محمد بن هادي المدخلي	ShamAY	32979	0.31287
		نصب الفاعل (شبهة ورد)		ShamAY	37026	0.31287
		شرح أصول الكافي - الجزء1	صدر الدين محمد بن إبراهيم الشيرازي	Masaha	4595	0.31286
		فضل الكلاب على كثير ممن لبس الثياب - الكتب المصرية	محمد بن خلف بن المرزبان	ShamAY	33791	0.31284
		العزيز شرح الوجيز المعروف بالشرح الكبير ط العلمية	عبد الكريم بن محمد بن عبد الكريم، أبو القاسم الرافعي القزويني (المتوفى: 623هـ)	ShamAY	32380	0.31282
		الخلاصة في شرح حديث الولي	علي بن نايف الشحود	ShamAY	35973	0.31282
		 مجمع البحرين في شرح الفصين ( حكم الفصوص وحكم الفتوحات لابن عربي ) 	 ناصر بن الحسن الشريف الكيلاني 	ABLibrary	8842	0.31275
		رسالة إلى أهل الثغر بباب الأبواب	أبو الحسن علي بن إسماعيل بن إسحاق بن سالم بن إسماعيل بن عبد الله بن موسى بن أبي بردة بن أبي موسى الأشعري (المتوفى: 324ه)	Sham19Y	11214	0.31274
		فتح الله الحميد المجيد في شرح كتاب التوحيد	حامد بن محمد بن حسين بن محسن	ShamAY	11326	0.31272
		 الله ، القصد المجرد في معرفة الاسم المفرد ( ويليه حبة المحبة ) 	 ابن عطاء الله السكندري 	ABLibrary	8788	0.31272
		بحار الأنوار [ج ١٠]	الشيخ محمّد باقر بن محمّد تقي المجلسي	Rafed	829	0.3127
		سياسة عمر بن عبدالعزيز في سن الأنظمة	عبد العزيز بن سطام آل سعود	ShamAY	33164	0.31269
		سيره الائمه ( عليهم السلام ) باسلوب قصصي ميسر - الامام الباقر ( عليه السلام )	محمد رضا عباس محمد دباغ	Ghbook	6285	0.31268
		اليواقيت والدرر في شرح نخبة ابن حجر	زين الدين محمد المدعو بعبد الرؤوف بن تاج العارفين بن علي بن زين العابدين الحدادي ثم المناوي القاهري (المتوفى: 1031ه)	Sham19Y	5979	0.31266
		 مجموع رسائل الإمام المنصور بالله 	 المنصور بالله عبد الله بن حمزة بن سليمان 	ABLibrary	8589	0.31263
		مسبوك الذهب في فضل العرب وشرف العلم على شرف النسب	مرعي بن يوسف بن أبى بكر بن أحمد الكرمى المقدسي الحنبلى (المتوفى: 1033ه)	ShamelaY19	26541	0.31261
		الأعمال الفدائية صورها وأحكامها الفقهية	سامي بن خالد الحمود	ShamAY	36325	0.31261
		مجلة البحوث الإسلامية - مجلة دورية تصدر عن الرئاسة العامة لإدارات البحوث العلمية والإفتاء والدعوة والإرشاد	الرئاسة العامة لإدارات البحوث العلمية والإفتاء والدعوة والإرشاد	ShamAY	1991	0.31261
		كشف الغطاء عن مبهمات الشريعة الغراء - الجزء1	الشيخ جعفر كاشف الغطاء	Masaha	814	0.31258
		اليواقيت والدرر في شرح نخبة ابن حجر	زين الدين محمد المدعو بعبد الرؤوف بن تاج العارفين بن علي بن زين العابدين الحدادي ثم المناوي القاهري (المتوفى: 1031هـ)	ShamAY	5979	0.31255
		المحاضرات في اللغة والأدب	الحسن بن مسعود بن محمد، أبو علي، نور الدين اليوسي (المتوفى: 1102هـ)	ShamAY	473	0.31255
		أئمة الهدى (إبن القيم)	عبد الرحمن بن عبد الله السحيم :: عبد الرحمن السحيم	ShamAY	35875	0.31251
		المداخل إلى آثار شيخ الإسلام ابن تيمية وما لحقها - أبو زيد - ط عالم الفوائد	بكر أبو زيد	ShamAY	38467	0.31249
		الأدلَّةُ الشَّرعيةُ في جواز العمليات الاستشهادية	علي بن نايف الشحود	ShamAY	1580	0.31248
		بحوث في مباني علم رجال	محمد السند	Ghbook	8405	0.31247
		دروس الشيخ سيد حسين العفاني	أبو التراب سيد بن حسين بن عبد الله العفاني	ShamAY	845	0.31246
		بحار الأنوار [ج ٦٩]	الشيخ محمّد باقر بن محمّد تقي المجلسي	Rafed	1080	0.31244
		 إثبات الوصية للإمام علي بن أبي طالب 	 المسعودي 	ABLibrary	7394	0.31243
		إقامة الحجة على تارك المحجة رد على كتاب «اللحية دراسة حديثية فقهية» لأبي محمد عبدالله الجديع	عبد الوهاب بن عبد العزيز الزيد	ShamAY	36574	0.31241
		الجن وصفاتهم وسبل الوقاية من شرهم	عبد الحميد بن عبد الرحمن السحيباني	ShamAY	35482	0.31241
		نفحة عبير من سيرة البشير النذير	يحيى بن إبراهيم اليحيى	ShamAY	37413	0.31238
		تاريخ التراث العربي (علم اللغة إلى حوالي سنة 430 ه)	الدكتور فؤاد سزكين	Sham19Y	143165	0.31238
		الاعتصام بالكتاب والسنة أصل السعادة في الدنيا والآخرة ونجاة من مضلات الفتن	د. سعيد بن علي بن وهف القحطاني	ShamelaY19	96458	0.31237
		كشف الشبهتين	سليمان بن سحمان بن مصلح بن حمدان بن مصلح بن حمدان بن مسفر بن محمد بن مالك بن عامر الخثعمي , التبالي , العسيري , النجدي (المتوفى: 1349هـ)	ShamAY	11352	0.31237
		 علم القلوب 	 أبي طالب المكي 	ABLibrary	8702	0.31237
		الأنوار اللامعة في شرح زيارة الجامعة	السيّد عبد الله شبّر	Rafed	2281	0.31234
		الصحيح من سيرة النبي الأعظم صلّى الله عليه وآله [ج ٢٩]	السيد جعفر مرتضى العاملي	Rafed	2644	0.31233
		التقية في المجتمع الاسلامي: ادلة و آثار	فاضل موسوي	Ghbook	14953	0.31233
		 شرح الشفاء ( شرح ملا علي القاري ) 	 القاضي عياض 	ABLibrary	8456	0.31232
		خلاصة الأحكام في مهمات السنن وقواعد الإسلام	أبو زكريا محيي الدين يحيى بن شرف النووي (المتوفى : 676هـ)	ShamAY	5920	0.31227
		الموسوعة القرآنيّة [ج ٩]	ابراهيم الأبياري	Rafed	3868	0.31226
		التلخيصات لجل أحكام الزكاة	الواحدي :: عبد العزيز السلمان	ShamAY	36514	0.31225
		مجموع رسائل الإمام المنصور بالله عبدالله بن حمزه [ج ٢]	المنصور بالله عبدالله بن حمزة	Rafed	3420	0.31224
		بداية المعارف الإلهيّة في شرح عقائد الإماميّة [ج ٢]	الشيخ محمّد رضا المظفّر	Rafed	2653	0.31224
		إرشاد الثقات إلى اتفاق الشرائع على التوحيد والمعاد والنبوات	محمد بن علي بن محمد بن عبد الله الشوكاني اليمني (المتوفى: 1250هـ)	ShamAY	6455	0.31222
		رسالة إلى أهل الثغر بباب الأبواب	أبو الحسن علي بن إسماعيل بن إسحاق بن سالم بن إسماعيل بن عبد الله بن موسى بن أبي بردة بن أبي موسى الأشعري (المتوفى: 324هـ)	ShamAY	11214	0.31221
		علم أئمة الشيعة بالغيب	الشيخ عبد الحسين الأميني النجفي	Masaha	352	0.31217
		نفحات الأزهار في خلاصة عبقات الأنوار [ج ١٨]	السيّد علي الحسيني الميلاني	Rafed	473	0.31215
		تبصير أولي الألباب ببدعة تقسيم الدين إلى قشر ولباب	محمد أحمد إسماعيل المقدم	ShamAY	1772	0.31213
		التحفة السنية شرح منظومة ابن أبي داود الحائية	عبد الرزاق بن عبد المحسن البدر	ShamAY	7575	0.31212
		مختصر البصائر	الشيخ عزّ الدين الحسن بن سليمان الحلي	Rafed	355	0.3121
		الأمر بالمعروف والنهي عن المنكر في حياة النبي صلى الله عليه وسلم	طارق الطواري	ShamAY	36331	0.31208
		دراسات في التصوف	إحسان إلهي ظهير الباكستاني (المتوفى: 1407هـ)	ShamAY	981	0.31206
		 الموسوعة الكبرى عن فاطمة الزهراء ( س ) 	 اسماعيل الأنصاري الزنجاني الخوئيني 	ABLibrary	7827	0.31206
		البيان القرآني للسيرة النبوية " دراسة منهجية "	الواحدي	ShamAY	36898	0.31203
		دراسات في الباقيات الصالحات	عبد الرزاق بن عبد المحسن البدر	ShamAY	10207	0.31203
		شهادة حق حول دعوة الشيخ محمد بن عبد الوهاب والرد على شبهات فرقة الأحباش حولها	عبد الرحمن دمشقية	ShamAY	37769	0.31198
		المطلب الحميد في بيان مقاصد التوحيد	عبد الرحمن بن حسن بن محمد بن عبد الوهاب بن سليمان التميمي (المتوفى: 1285هـ)	ShamAY	8555	0.31197
		أنواع الصبر ومجالاته - مفهوم، وأهمية، وطرق، وتحصيل في ضوء الكتاب والسنة	د. سعيد بن علي بن وهف القحطاني	ShamelaY19	96479	0.31193
		إرشاد الغبي إلى مذهب أهل البيت في صحب النبي صلى الله عليه وسلم	الشوكاني	ShamAY	36050	0.31192
		الجزء فيه تفسير القرآن ليحيى بن يمان ونافع بن أبي نعيم القارئ ومسلم بن خالد الزنجي وعطاء الخراساني برواية أبي جعفر الترمذي	أَبُو جَعْفَرٍ التِّرْمِذِيُّ مُحَمَّدُ بنُ أَحْمَدَ بنِ نَصْرٍ الشافعي التِّرْمِذِيّ الرملي الفقيه (المتوفى: 295هـ)	ShamAY	26470	0.31191
		تقويه الايمان	محمد بن عقيل بن عبدالله بن عمر بن يحيي علوي	Ghbook	7114	0.31189
		 المسالك والممالك 	 أبي عبيد البكري 	ABLibrary	9205	0.31187
		شرح المعلقات التسع	منسوب لأبي عمرو الشيباني (ت 206 هـ) ولا تصح نسبته ففي الكتاب نقول متأخرة عن زمن أبي عمرو وليس الأسلوب أسلوبه	ShamAY	21574	0.31184
		 المواعظ والإعتبار في ذكر الخطط والآثار ( ط لندن ) 	 المقريزي 	ABLibrary	9239	0.31183
		كيف نتعامل مع السنة النبوية ط الشروق	يوسف عبد الله القرضاوي	ShamAY	31649	0.31182
		الخشوع في الصلاة في ضوء الكتاب والسنة - مفهوم، وفروق، وفضائل، وعلم، وعمل، وفوائد، وأسباب، وآداب، وأحكام	د. سعيد بن علي بن وهف القحطاني	ShamelaY19	96463	0.31179
		الخطوط العريضة للأسس التي قام عليها دين الشيعة الإمامية الاثني عشرية	محب الدين بن أبي الفتح بن عبد القادر بن صالح بن عبد الرحيم بن محمد الخطيب (المتوفى: 1389هـ)	ShamAY	1212	0.31178
		ثلاثون سوالا في الفكر الاسلامي	آيت الله العظمي سيد محمد حسيني شيرازي	Ghbook	8141	0.31173
		فتح باب العناية بشرح النقاية	ملا علي القاري (ت1014هـ)	ShamAY	33181	0.31171
		فتيا في صيغة الحمد - ت البطاطي ط عالم الفوائد	ابن القيم	ShamAY	38346	0.31171
		 في رحاب أهل البيت ( ع ) 	 لجنة بحوث المجمع العالمي لأهل البيت ( ع ) 	ABLibrary	8555	0.31171
		شرح الاقتصاد في الاعتقاد - الراجحي	عبد العزيز بن عبد الله بن عبد الرحمن الراجحي	ShamelaY19	36973	0.31165
		تعالى الله عما يقولون علوا كبيرا		ShamAY	35302	0.31164
		 البخلاء 	 الجاحظ 	ABLibrary	809	0.31164
		اعتقاد الجن بامامها علي عليه السلام (الاحراز الالهية والنبوية للتخلص من الشياطين...	نجاح الطائي	Ghbook	16508	0.3116
		أخطاء ابن خلدون في كتابه المقدمة	خالد كبير علال	ShamAY	37140	0.31159
		مواقف النبي - صلى الله عليه وسلم - في الدعوة إلى اللَّه تعالى	د. سعيد بن علي بن وهف القحطاني	ShamAY	1897	0.31158
		نصائح منهجية لطالب علم السنة النبوية	حاتم بن عارف بن ناصر الشريف العوني	ShamAY	9068	0.31157
		 المقدمة في التصوف 	 السلمي 	ABLibrary	8705	0.31156
		 الشافي في شرح الكافي 	 المولى خليل القزويني 	ABLibrary	7921	0.31156
		إعجاز القرآن	أبي بكر محمّد بن الطيّب الباقلّاني	Rafed	3267	0.31156
		تاريخ العرب وحضارتهم في الأندلس	د خليل إبراهيم السامرائي - د عبد الواحد ذنون طه - د ناطق صالح مصلوب	ShamelaY19	29723	0.31151
		اصول البحث	الشيخ عبد الهادي الفضلي	Masaha	2366	0.31151
		المصادر	علي رضا بن محمدرضا كراني	Ghbook	10440	0.3115
		كشف غياهب الظلام عن أوهام جلاء الأوهام وبراءة الشيخ محمد بن عبد الوهاب عن مفتريات هذا الملحد الكذاب	سليمان بن سحمان بن مصلح بن حمدان بن مصلح بن حمدان بن مسفر بن محمد بن مالك بن عامر الخثعمي , التبالي , العسيري , النجدي (المتوفى : 1349هـ)	ShamAY	11353	0.31145
		فاطمة الزهراء بهجة قلب المصطفى(ص)	أحمد الرحماني الهمداني‏	Masaha	2868	0.31139
		تاريخ ميورقة	أبو المطرف أحمد بن عميرة المخزومي	Masaha	4500	0.31139
		الرأي السديد فيما إذا وافق يوم الجمعة العيد	الواحدي :: ابن جبرين	ShamAY	36496	0.31137
		قواعد مهمة في مواجهة الفتن	مجموعة من المؤلفين	ShamAY	35115	0.31136
		مجمع الأمثال	أبو الفضل أحمد بن محمد بن إبراهيم الميداني النيسابوري (المتوفى: 518هـ)	ShamAY	12929	0.3113
		 تاريخ أطباء العيون العرب 	 نشأت الحمارنة 	ABLibrary	9998	0.31128
		المفصل في شرح آية لا إكراه في الدين	علي بن نايف الشحود	ShamAY	33096	0.31123
		الموافقات	إبراهيم بن موسى بن محمد اللخمي الغرناطي الشهير بالشاطبي (المتوفى: 790هـ)	ShamAY	11435	0.31123
		مختصر الشمائل المحمدية	محمد بن عيسى بن سَوْرة بن موسى بن الضحاك، الترمذي، أبو عيسى (المتوفى: 279هـ)	ShamAY	700	0.31122
		مذكرة التوحيد	عبد الرزاق عفيفي (المتوفى: 1415هـ)	ShamAY	30863	0.31118
		لمحات	آيت الله العظمي لطف اللّه صافي گلپايگاني	Ghbook	7140	0.31118
		الصحيح من سيرة النبي الأعظم صلّى الله عليه وآله [ج ٦]	السيد جعفر مرتضى العاملي	Rafed	2487	0.31113
		تنبيه الغافلين عن أعمال الجاهلين وتحذير السالكين من أفعال الجاهلين	محيي الدين أبو زكريا أحمد بن إبراهيم ابن النحاس الدمشقي (المتوفى: 814 ه)	ShamelaY19	35453	0.31112
		معالم الفتن - الجزء1	سعيد أيوب	Masaha	423	0.31107
		بهجه الاريب في بيان ما في كتاب الله من الغريب	علي بن عثمان بن مصطفي مارديني بن تركماني	Ghbook	2893	0.31107
		تاريخ العرب وحضارتهم في الأندلس	د خليل إبراهيم السامرائي - د عبد الواحد ذنون طه - د ناطق صالح مصلوب	ShamAY	192	0.31106
		الوجيز في عقيدة السلف الصالح (أهل السنة والجماعة)	عبد الله بن عبد الحميد الأثري	Sham19Y	30811	0.31106
		موسوعة علوم القرآن	عبد القادر محمد منصور	ShamAY	1183	0.31105
		بحار الأنوار [ج ٦١]	الشيخ محمّد باقر بن محمّد تقي المجلسي	Rafed	1058	0.31104
		الشهاب الثاقب في بيان معني الناصب	سيدمهدي رجايي	Ghbook	15623	0.31103
		أحاديث الطائفة الظاهرة	حسام الدين بن موسى محمد بن عفانة	ShamAY	967	0.31102
		نقد المنقول والمحك المميز بين المردود والمقبول - ط القادري	محمد بن أبي بكر أيوب الزرعي ابن القيم أبو عبد الله	ShamAY	34407	0.31101
		البدع الحولية	عبد الله التويجري	ShamAY	9214	0.31099
		معالجة الخطأ ببيان الحكم	الواحدي :: محمد صالح المنجد	ShamAY	35118	0.31098
		 الفوائد البهية في شرح عقائد الإمامية 	 الشيخ محمد جميل حمود 	ABLibrary	8529	0.31098
		الإنصاف في حكم الاعتكاف، ومعه الإسعاف بتحشية الإنصاف - سلسلة لقاء العشر الأواخر بالمسجد الحرام (6)	محمد عبد الحي بن محمد عبد الحليم الأنصاري اللكنوي الهندي، أبو الحسنات (المتوفى: 1304 هـ)	ShamAY	32392	0.31094
		السيرة النبوية والدعوة في العهد المدني	أحمد أحمد غلوش	ShamAY	921	0.31092
		الأحكام التي خالف فيها الظاهرية الأئمة الأربعة في الحدود (دراسة مقارنة)	حسن أبو زهو	ShamAY	36328	0.31092
		الحسين ريحانه النبي (صلي الله عليه و آله) بطل الاسلام الخالد	كمال معاش	Ghbook	5920	0.31092
		الطّراز الأوّل [ج ٨]	السيّد علي بن أحمد بن محمّد معصوم الحسيني	Rafed	512	0.3109
		درج الدرر في تفسير الآي والسور ط الفكر	أبو بكر عبد القاهر بن عبد الرحمن بن محمد الفارسي الأصل، الجرجاني الدار (المتوفى: 471ه)	ShamelaY19	122187	0.31088
		الدنيا ظل زائل	عبد الملك بن محمد القاسم	ShamelaY19	36559	0.31085
		تفسير القاسمي = محاسن التأويل	محمد جمال الدين بن محمد سعيد بن قاسم الحلاق القاسمي (المتوفى: 1332هـ)	ShamAY	23631	0.31081
		صلح الإمام الحسن(ع) من منظور آخر	الأسعد بن علي	Masaha	309	0.3108
		الإمامة في أهمّ الكتب الكلاميّة وعقيدة الشيعة الإماميّة	السيّد علي الحسيني الميلاني	Rafed	73	0.31079
		اختيار الأولى في شرح حديث اختصام الملأ الأعلى المؤلف: زين الدين عبد الرحمن بن أحمد بن رجب بن الحسن، السلامي، البغدادي، ثم الدمشقي، الحنبلي (المتوفى: 795ه)	ابن رجب الحنبلي	ShamelaY19	22720	0.31078
		أحاديث في الفتن والحوادث (مطبوع ضمن مؤلفات الشيخ محمد بن عبدالوهاب، الجزء الحادي عشر)	محمد بن عبد الوهاب بن سليمان التميمي النجدي (المتوفى: 1206هـ)	ShamAY	7485	0.31077
		دراسة في علامات الظهور	السيد جعفر مرتضى العاملي	Rafed	163	0.31075
		شواهد التوضيح والتصحيح لمشكلات الجامع الصحيح	محمد بن عبد الله، ابن مالك الطائي الجياني، أبو عبد الله، جمال الدين (المتوفى: 672ه)	ShamelaY19	98123	0.31073
		دراسة وتحقيق عُمْدَةُ النَّاظِر على الْأَشْبَاهِ وَالنَّظَائِرِ	محمد الحسيني أبو السعود	ShamAY	37566	0.31073
		ذكرى الشيعة في أحكام الشّريعة [ج ٢]	محمّد بن جمال الدّين مكّي العاملي الجزيني [ الشهيد الأول ]	Rafed	539	0.31071
		إتحاف العباد بفضائل الجهاد	عبد الله عزام	ShamAY	35043	0.31068
		 الطراز الأول والكناز لما عليه من لغة العرب المعول 	 ابن معصوم المدني 	ABLibrary	7953	0.3106
		فقه الدعوة في صحيح الإمام البخاري	سعيد بن علي بن وهب القحطاني	ShamelaY19	31061	0.31059
		مئة فائدة حديثية من كتاب التنكيل للمعلمي اليماني	هشام البغدادي	ShamAY	37318	0.31056
		الآثار لمحمد بن الحسن الشيباني - ط النوادر	محمد بن الحسن الشيباني (189 هـ)	ShamAY	33987	0.31049
		 قواعد التصوف 	 أبي العباس أحمد زروق الفاسي 	ABLibrary	8821	0.31048
		الطّراز الأوّل [ج ٣]	السيّد علي بن أحمد بن محمّد معصوم الحسيني	Rafed	482	0.31048
		منار الهدى في النصّ على إمامة الأئمّة الإثني عشر	الشيخ علي البحراني	Rafed	3574	0.31047
		تفريغ الفواد لمعرفه المبدا و المعاد	ابوالقاسم بن محمد بن احمد ابوالقاسم نراقي	Ghbook	14752	0.3104
		نبذة عن آخر حياة شيخ الإسلام ابن تيمية	بقلم خادمه إبراهيم بن أحمد الفياني	ShamAY	34584	0.31039
		التبرك بالصالحين والاخيار والمشاهد المقدسه	المجمع العالمي لاهل البيت عليهم السلام	Ghbook	7502	0.31037
		تذكره الآباء وتسليه الأبناء = الدراري في ذكر الزراري	عمر بن أحمد بن هبة الله بن أبي جرادة العقيلي، كمال الدين ابن العديم (المتوفى: 660هـ)	ShamAY	7326	0.31036
		 الطراز الأول والكناز لما عليه من لغة العرب المعول 	 ابن معصوم المدني 	ABLibrary	7948	0.31036
		الامام الصادق ( عليه السلام ) من المهد الي اللحد	آيت الله سيد محمد كاظم قزويني	Ghbook	4972	0.31036
		الامام الحسين ( عليه السلام ) في مكه المكرمه ، مع الركب الحسيني	نجم الدين طبسي	Ghbook	9673	0.31036
		الفوائد المدنيه	حسين  الشيخ الاسلامي  التويسركاني	Ghbook	11210	0.31035
		الحديث الموضوعي - جامعة المدينة	مناهج جامعة المدينة العالمية	ShamAY	1642	0.31034
		المشاهد المشرفه و الوهابيون	محمد علي بن حسين همداني سنقري كردستاني	Ghbook	7604	0.31034
		الموسوعة العقدية - الدرر السنية	مجموعة من المؤلفين	ShamAY	1517	0.31033
		السنة النبوية وحي من الله محفوظة كالقرآن الكريم	أبو لبابة بن الطاهر حسين	ShamAY	7598	0.31032
		أدب الطّف أو شعراء الحسين عليه السلام [ج ٩]	جواد شبّر	Rafed	383	0.31028
		مسائل ابن الازرق ( حول القرآن - عن ابن عباس )	عائشة عبدالرحمن بنت شاطي	Ghbook	8899	0.31025
		تحريم أقسام المعزِّمين بالعزائم المعجمة وصرع الصحيح وصفة الخواتيم	شيخ الإسلام أبو العباس أحمد بن عبد الحليم ابن تيمية الحراني	ShamAY	34390	0.31023
		أحكام المجاهد بالنفس في سبيل الله عز وجل في الفقه الإسلامي	مرعي بن عبد الله بن مرعي الجبيهي الشهري	ShamAY	1933	0.31023
		الأمثال القرآنية القياسية المضروبة للإيمان بالله	عبد الله بن عبد الرحمن الجربوع	ShamAY	7366	0.31021
		 تاريخ معرة النعمان 	 محمد سليم الجندي 	ABLibrary	9004	0.31019
		رياض الأبرار في مناقب الأئمة الأطهار - الجزء1	السيد نعمة الله الجزائري	Masaha	2203	0.31015
		الصّورة السّمعيّة في الشعر العربي قبل الإسلام	صاحب خليل إبراهيم	ShamAY	34540	0.31013
		الأمثال للسدوسي	أبو فيد مؤرج بن عمرو بن الحارث السدوسي (المتوفى: 195هـ)	ShamAY	673	0.31012
		التربية الذاتية من الكتاب والسنة	هاشم علي الأهدل	ShamAY	35129	0.3101
		نهاية الأرب في فنون الأدب ـ موافق للمطبوع	شهاب الدين أحمد بن عبد الوهاب النويري	ShamAY	33789	0.31007
		تاريخ القرآن	محمد حسينعلي صغير	Ghbook	2895	0.31007
		نعم لقد تشيّعت	محمّد الرصافي المقداد	Rafed	1216	0.31005
		الأخلاق الزكية في آداب الطالب المرضية	أحمد بن يوسف بن محمد الأهدل	ShamelaY19	96879	0.31003
		تزويج ام كلثوم من عمر	آيت الله علي حسيني ميلاني	Ghbook	7619	0.30997
		عروس الأفراح في شرح تلخيص المفتاح	أحمد بن علي بن عبد الكافي، أبو حامد، بهاء الدين السبكي (المتوفى: 773 هـ)	ShamAY	32378	0.30996
		سلامة القرآن من التحريف و تفنيد الإفتراءات على الشيعة الإمامية	د. فتح الله المحمدي	Masaha	303	0.30996
		فتح الودود بشرح منظومة ابن أبي داود المصححة	عبد الله بن محمد بن أحمد الطيار	ShamAY	35279	0.30995
		أبكار الأفكار في أصول الدّين [ج ٥]	أبي الحسن علي بن محمد بن سالم الثعلبي [ سيف الدين الآمدي ]	Rafed	3425	0.30994
		أحكام العيدين في السنة المطهرة	أبو الحارث علي بن حسن بن علي بن عبد الحميد الحلبي	ShamAY	26142	0.30993
		التفسير والمفسّرون في ثوبه القشيب [ج ١]	محمّد هادي معرفة	Rafed	4026	0.30991
		الموسوعة العقدية - الدرر السنية	مجموعة من المؤلفين	Sham19Y	38058	0.30989
		بحار الأنوار [ج ٦٠]	الشيخ محمّد باقر بن محمّد تقي المجلسي	Rafed	1054	0.30989
		السيرة النبوية منهجية دراستها واستعراض أحداثها	عبد الرحمن على الحجى	Sham19Y	9897	0.30988
		الأساليب البديعة في فضل الصحابة وإقناع الشيعة (مطبوع بهامش كتاب شواهد الحق)	يوسف بن إسماعيل بن يوسف النبهاني (المتوفى: 1350ه)	ShamelaY19	36070	0.30985
		غزوة فتح مكة دروس وعبر	الواحدي :: أمير بن محمد المدري	ShamAY	37445	0.30984
		سد الذرائع في مسائل العقيدة على ضوء الكتاب والسنة الصحيحة (السنة الرابعة والثلاثون العدد (114))	عبد الله بن شاكر الجنيدي	ShamAY	2424	0.30984
		اجوبه المسائل العلويه ( يحتوي علي 162 اسئله و اجوبه آيه الله العظمي السيد محمد ا...	آيت الله العظمي سيد محمد حسيني شيرازي	Ghbook	2292	0.30984
		 الوهابية في الميزان 	 الشيخ السبحاني 	ABLibrary	8678	0.30983
		الحسام المسلول على منتقصي أصحاب الرسول	محمد بن عمر بن مبارك الحميري الحضرمي الشافعي، الشهير بـ «بَحْرَق» (المتوفى: 930هـ)	ShamAY	1063	0.3098
		الوهابيّون والبيوت المرفوعة	الشيخ محمد علي بن الحسن الهمداني السنقري الكردستاني	Rafed	3456	0.30975
		نوادر الأخبار فيما يتعلق بأصول الدين	الفيض الكاشاني	Masaha	4762	0.30974
		مقارنة بين شروح كتب السنة الستة	عبد الكريم بن عبد الله بن عبد الرحمن بن حمد الخضير	ShamAY	164	0.30973
		أذكار وآداب الصباح والمساء	محمد أحمد إسماعيل المقدم	ShamelaY19	29710	0.30972
		 بحار الأنوار 	 العلامة المجلسي 	ABLibrary	752	0.30972
		الوجيز النفيس في معرفة التدليس (بحث منشور في مجلة مركز البحوث والدراسات في الوقف السني -بغداد 2005م)	أبو ذر عبد القادر بن مصطفى بن عبد الرزاق المحمدي	ShamAY	519	0.30971
		الصاحب والخليفة أبو بكر الصديق	راغب السرجاني	ShamAY	635	0.30971
		نشر طيّ التعريف في فضل حملة العلم الشريف والرد على ماقتهم السخيف	محمد بن عبد الرحمن بن عمر بن محمد بن عبد الله، أبو حامد، جمال الدين الحبيشي الوَصَابي الشافعي (المتوفى: 786هـ)	ShamAY	6878	0.30966
		 الصوم في الشريعة الإسلامية الغراء 	 الشيخ السبحاني 	ABLibrary	9595	0.30962
		التطاول على الرسول صلى الله عليه وسلم	د. محمد بن عبدالله بن صالح السحيم	ShamAY	36492	0.3096
		نوادر الأصول في أحاديث الرسول صلى الله عليه وسلم	محمد بن علي بن الحسن بن بشر، أبو عبد الله، الحكيم الترمذي (المتوفى: نحو 320هـ)	ShamAY	720	0.30958
		الامامة والحكومة في الأسلام	الشيخ محمد حسين الأنصاري	Rafed	1839	0.30958
		محبة الرسول بين الاتباع والابتداع	عبد الرءوف محمد عثمان	ShamAY	30862	0.30957
		المقالات الدمشقية في الدفاع عن ابن تيمية وكشف الضلالات الحبشية	عبد الرحمن دمشقية	ShamAY	35694	0.30953
		اكذوبه تحريف القرآن	رسول جعفريان	Ghbook	2937	0.30953
		رسالة في تجويد الفاتحة	محمد بن فوزان العمر	ShamAY	36793	0.30951
		تصحيح إعتقادات الإمامية	الشيخ المفيد	Masaha	220	0.30951
		نحو التغيير	آيت الله العظمي سيد محمد حسيني شيرازي	Ghbook	8168	0.30947
		الآثار لمحمد بن الحسن.	الامام الحافظ ابي عبد الله محمد بن الحسن الشيباني	ShamAY	1332	0.30946
		سجود التلاوة وأحكامه	د صالح بن عبد الله اللاحم	ShamelaY19	36537	0.30942
		تاريخ العرب وحضارتهم في الأندلس	د خليل إبراهيم السامرائي - د عبد الواحد ذنون طه - د ناطق صالح مصلوب	Sham19Y	29723	0.30938
		 مجلة فقه أهل البيت ( ع ) 	 مجموعة مؤلفين 	ABLibrary	9745	0.30938
		الحديث في علوم القرآن والحديث	حسن محمد أيوب (المتوفى: 1429ه)	ShamelaY19	37691	0.30935
		الوجيز في عقيدة السلف الصالح (أهل السنة والجماعة)	عبد الله بن عبد الحميد الأثري	ShamAY	30811	0.30935
		العوائق	محمد أحمد الراشد	ShamAY	33336	0.30935
		شرح القصيدة الدالية للكلوذاني	عبد الرحمن بن ناصر البراك	Sham19Y	17870	0.30932
		معتصم الشيعة في أحكام الشريعة - الجزء1	الفيض الكاشاني	Masaha	1390	0.30932
		معالم الدين من أحاديث الصادق الأمين	محمد محب الدين أبو زيد	ShamAY	32489	0.3093
		تحقيق النصوص ونشرها	عبد السلام محمد هارون (المتوفى: 1408هـ)	ShamAY	7300	0.3093
		الروض الأنيق في فضل الصديق	عبد الرحمن بن أبي بكر، جلال الدين السيوطي (المتوفى: 911ه)	Sham19Y	194	0.30929
		الفرقان في تفسير القرآن بالقرآن والسنة [ج ٦]	الشيخ محمد الصادقي	Rafed	3016	0.30927
		بحار الأنوار [ج ٥٨]	الشيخ محمّد باقر بن محمّد تقي المجلسي	Rafed	1047	0.30925
		ابوالشهداء الحسين بن علي	عباس محمود العقاد	Ghbook	5917	0.30925
		المشترك اللفظي في الحقل القرآني	عبد العال سالم مكرم	ShamelaY19	38049	0.30924
		بشاره النبي صلي الله عليه و آله بالائمه الاثني عشرعليهم السلام في خطب حجه الوداع	علي كوراني	Ghbook	15136	0.30924
		اللّباب في علوم الكتاب [ج ٤]	أبي حفص عمر بن علي بن عادل الدمشقي الحنبلي	Rafed	3093	0.30921
		السيرة النبوية منهجية دراستها واستعراض أحداثها	عبد الرحمن على الحجى	ShamAY	9897	0.3092
		مكتبة العلامة الحلي	السيّد عبد العزيز الطباطبائي	Rafed	117	0.3092
		المجالس السنيه في مناقب و مصائب العتره النبويه ( الامام الجواد عليه السلام )	محسن امين عاملي	Ghbook	6489	0.3092
		الحجج الباهرة في إفحام الطائفة الكافرة الفاجرة	محمد بن أسعد الصديقي الدواني، جلال الدين (المتوفى: 918ه)	ShamelaY19	37537	0.30918
		التقيه 	مرتضي انصاري (اعظم انصاري)	Ghbook	7092	0.30913
		ثلاث رسائل في الصلاة	عبد العزيز بن عبد الله بن باز (المتوفى: 1420ه)	ShamelaY19	31256	0.30911
		حاشية الروض المربع شرح زاد المستقنع	عبد الرحمن بن محمد بن قاسم العاصمي الحنبلي النجدي (المتوفى: 1392هـ)	ShamAY	12216	0.30909
		الشيعة في العراء	عبد الله علي	ShamAY	35283	0.30908
		النسخ عند الاصوليين	علي جمعه	Ghbook	9447	0.30908
		الإنباه إلى حكم تارك الصلاة، ويليه (ملحوظات على كتاب الصلاة)	أبو محمد، عبد الله بن مانع بن غلاب الغبيوي الروقي العتيبي	ShamAY	32002	0.30907
		الصاحب والخليفة أبو بكر الصديق	راغب السرجاني	ShamelaY19	37379	0.30904
		غاية السول في خصائص الرسول صلى الله عليه وسلم	ابن الملقن سراج الدين أبو حفص عمر بن علي بن أحمد الشافعي المصري (المتوفى: 804هـ)	ShamAY	6588	0.30904
		 الفقه ومسائل طبية 	 الشيخ محمد آصف المحسني 	ABLibrary	9737	0.30904
		وصايا الرّسول لزوج البتول عليهم السلام	السيد علي الصدر	Masaha	1755	0.30904
		المفجّع وشعره في الغدير	الشيخ عبد الحسين الأميني النجفي	Masaha	392	0.30903
		الجموع البهية للعقيدة السلفية التي ذكرها العلامة الشِّنقيطي في تفسيره أضواء البيان	أبو المنذر المنياوي	ShamAY	8488	0.30902
		الهداية على مذهب الإمام أبي عبد الله أحمد بن محمد بن حنبل الشيباني	محفوظ بن أحمد بن الحسن، أبو الخطاب الكلوذاني	Sham19Y	26094	0.30898
		أنواع الصبر ومجالاته - مفهوم، وأهمية، وطرق، وتحصيل في ضوء الكتاب والسنة	د. سعيد بن علي بن وهف القحطاني	Sham19Y	96479	0.30897
		 الكشكول 	 الشيخ البهائي العاملي 	ABLibrary	8844	0.30895
		منظومة ‏حقوق العترة النبوية ‏بين التطبيق والنظرية	السيد محمد هاشم المدني	Masaha	213	0.30894
		الولاء والبراء في الإسلام - البركاتي	أبو عاصم الشحات شعبان محمود عبد القادر البركاتي المصري	ShamelaY19	96272	0.3089
		أدلة معتقد أبي حنيفة في أبوي الرسول عليه الصلاة والسلام	علي بن (سلطان) محمد، أبو الحسن نور الدين الملا الهروي القاري (المتوفى: 1014هـ)	ShamAY	6453	0.30887
		شرح حديث جابر في صفة حج النبي صلى الله عليه وسلم	عبد الكريم بن عبد الله بن عبد الرحمن بن حمد الخضير	ShamelaY19	23774	0.30884
		االآراء الفقهيه	هادي نجفي	Ghbook	12880	0.30884
		قاعدة حسنة في الباقيات الصالحات	تقي الدين أبو العباس أحمد بن عبد الحليم بن عبد السلام بن عبد الله بن أبي القاسم بن محمد ابن تيمية الحراني الحنبلي الدمشقي (المتوفى: 728ه)	ShamelaY19	22650	0.30883
		رسم الأهداف	أبو ذر عبد القادر بن مصطفى بن عبد الرزاق المحمدي	ShamAY	31817	0.30883
		آثار الشيخ محمد بن عبد الوهاب	أحمد محمد الضبيب	ShamAY	7477	0.30881
		 رياض الأبرار في مناقب الأئمة الأطهار ( ع ) 	 السيد نعمة الله الجزائري 	ABLibrary	7537	0.30881
		شرح صحيح البخاري - أسامة سليمان	أسامة علي محمد سليمان	ShamelaY19	37771	0.30879
		المداراة وأثرها في العلاقات العامة بين الناس	د محمد بن سعد بن عبد الرحمن آل سعود	ShamAY	8908	0.30877
		كيف نتعامل مع السنة النبوية معالم وضوابط ط الوفاء	يوسف عبد الله القرضاوي	ShamAY	31650	0.30876
		 الألف المألوف على اللام المعطوف 	 علي بن محمد الديلمي 	ABLibrary	8709	0.30874
		نظرات سريعة في كتاب "قاعدة جليلة في التوسل والوسيلة" لابن تيمية	حسني محمد العطار	ShamAY	35775	0.30873
		 شرح الحكم الغوثية 	 أحمد بن ابراهيم النقشبندي 	ABLibrary	8845	0.30873
		شمس العلوم و دواء كلام العرب من الكلوم‌  - الجزء1	نشوان بن سعيد الحميري	Masaha	3682	0.30873
		سلسلة القمم لأهل الهمم	عائض بن عبد الله القرني	ShamAY	424	0.3087
		الاستقامة في مائة حديث نبوي	محمد زكي محمد خضر	ShamAY	34949	0.30869
		إعراب القرآن للنحاس	أبو جعفر النَّحَّاس أحمد بن محمد بن إسماعيل بن يونس المرادي النحوي (المتوفى: 338هـ)	ShamAY	23587	0.30867
		مختصر تفسير المعوذتين	محمد بن عبد الوهاب	ShamAY	33100	0.30866
		إرشاد القلوب - الجزء2	الحسن الديلمي	Masaha	146	0.30861
		يقظة أولي الاعتبار مما ورد في ذكر النار وأصحاب النار	أبو الطيب محمد صديق خان بن حسن بن علي ابن لطف الله الحسيني البخاري القنوجي (المتوفى: 1307ه)	Sham19Y	6879	0.3086
		الإيمان بين السلف والمتكلمين	أحمد بن عطية بن علي الغامدي	ShamAY	7563	0.30857
		رساله مختصره في لبس السواد - الانوار الالهية	آيت الله العظمي ميرزا جواد تبريزي	Ghbook	10097	0.30857
		أخذ المال على أعمال القُرَب	عادل بن شاهين بن محمد شاهين	ShamAY	31916	0.30855
		أمراء البيان	محمد علي كرد	ShamAY	35859	0.30855
		السراج المنير شرح الجامع الصغير في حديث البشير النذير	الشيخ علي بن الشيخ أحمد بن الشيخ نور الدين بن محمد بن الشيخ إبراهيم الشهير بالعزيزي	Sham19Y	18272	0.30855
		إغاثة اللهفان في مصايد الشيطان ط عالم الفوائد	أبو عبد الله محمد بن أبي بكر بن أيوب ابن قيم الجوزية (691 - 751)	ShamelaY19	18612	0.30853
		 موسوعة الإمام أمير المؤمنين على بن أبى طالب ( ع ) 	 الشيخ باقر شريف القرشي 	ABLibrary	7814	0.30853
		الذّريعة إلى تصانيف الشّيعة [ج ٦]	الشيخ آقا بزرك الطهراني	Rafed	447	0.30849
		خواطر حول الوهابية	محمد بن أحمد بن إسماعيل المقدم	ShamAY	1764	0.30848
		عده الداعي و نجاح الساعي	احمد بن شمس الدين محمد ابن فهد حلي	Ghbook	2579	0.30846
		الوابل الصيب من الكلم الطيب	محمد بن أبي بكر بن أيوب بن سعد شمس الدين ابن قيم الجوزية (المتوفى: 751هـ)	ShamAY	216	0.30843
		بحوث ندوة أثر القرآن الكريم في تحقيق الوسطية ودفع الغلو	مجموعة من المؤلفين	ShamelaY19	31448	0.30841
		التعايش مع غير المسلمين في المجتمع المسلم	منقذ بن محمود السقار	ShamelaY19	38183	0.30841
		يقظة أولي الاعتبار مما ورد في ذكر النار وأصحاب النار	أبو الطيب محمد صديق خان بن حسن بن علي ابن لطف الله الحسيني البخاري القِنَّوجي (المتوفى: 1307هـ)	ShamAY	6879	0.30841
		الكفارات أحكام وضوابط	د. عبد الرقيب صالح محسن الشامي	ShamelaY19	132388	0.3084
		السراج المنير شرح الجامع الصغير في حديث البشير النذير	الشيخ علي بن الشيخ أحمد بن الشيخ نور الدين بن محمد بن الشيخ إبراهيم الشهير بالعزيزي	ShamAY	38982	0.3084
		صفة الجنة في القرآن والسنة	علي بن نايف الشحود	ShamAY	34848	0.3084
		الشاهد الشعري في تفسير القرآن الكريم أهميته، وأثره، ومناهج المفسرين في الاستشهاد به	د. عبد الرحمن بن معاضة الشهري	ShamelaY19	148084	0.30833
		أدلة تحريم حلق اللحية	محمد بن أحمد بن إسماعيل المقدم	ShamAY	31615	0.30832
		وقفة مع الدكتور البوطي في مسائله	الأستاذ هشام آل قطيط	Masaha	485	0.30831
		تهنئة أهل الإسلام بتجديد بيت الله الحرام	إبراهيم بن محمّد بن عيسى الميموني	Rafed	2234	0.30831
		الامام المهدي (عجل الله تعالي فرجه الشريف) في روايات اهل السنه	المجمع العالمي لاهل البيت عليهم السلام	Ghbook	7526	0.3083
		الهداية على مذهب الإمام أبي عبد الله أحمد بن محمد بن حنبل الشيباني	محفوظ بن أحمد بن الحسن، أبو الخطاب الكلوذاني	ShamAY	174	0.30829
		التراويح أكثر من ألف عام في المسجد النبوي	عطية بن محمد سالم (المتوفى: 1420ه)	ShamelaY19	22950	0.30828
		الفائق في غريب الحديث [ج ١]	جار الله محمود بن عمر الزمخشري	Rafed	3073	0.30827
		تفسير السمرقندي = بحر العلوم	أبو الليث نصر بن محمد بن أحمد بن إبراهيم السمرقندي (المتوفى: 373ه)	ShamelaY19	23594	0.30825
		الفوائد البهيّة في شرح عقائد الإماميّة [ج ٢]	الشيخ محمّد جميل حمّود	Rafed	3512	0.30819
		الفتاوى المعاصرة في الرافضة		ShamAY	35290	0.30817
		إذهاب الحزن وشفاء الصدر السقيم	عبد السلام مقبل مجبرى (المتوفي: معاصر)	ShamAY	9764	0.30816
		الوهابيّة في الميزان	الشيخ جعفر السبحاني	Rafed	3480	0.30815
		الأدب الصغير ت خلف	عبد الله بن المقفع (المتوفى: 142هـ)	ShamAY	926	0.30814
		الأمان من أخطار الأسفار و الأزمان	السيد علي بن موسى بن طاووس	Masaha	1016	0.30813
		الامام المهدي (عجل الله تعالي فرجه الشريف) في روايات اهل السنه	عبدالرحيم موسوي	Ghbook	6585	0.30812
		موسوعة فرق الشيعة	ممدوح الحربي	ShamAY	35692	0.30811
		مكاتبات ابن باز	محمد بن إبراهيم الحمد	ShamAY	33476	0.30807
		الهجمات المغرضة على التاريخ الإسلامي	محمد مظهر صديقي	ShamAY	430	0.30807
		 سلسلة المسائل الفقهية 	 الشيخ السبحاني 	ABLibrary	9589	0.30807
		صفات الله عز وجل الواردة في الكتاب والسنة	علوي السقاف	ShamelaY19	22889	0.30806
		كن صحابيا	راغب السرجاني	ShamelaY19	37381	0.30802
		الربا لابن حبيب	عبد الملك بن حبيب الأندلسي (239 هـ)	ShamAY	33706	0.308
		بحوث في تحليل الخمس و عدمه : تقريرا لبحث سماحة آيه الله الحاج السيد محمد الرجائي...	قاسم علي احمدي	Ghbook	16324	0.308
		لا إنكار في مسائل الخلاف	د. عبد السلام مقبل المجيدي	ShamAY	37577	0.30799
		 دولة المهدي ( عج ) المنتظر 	 إبراهيم الأنصاري 	ABLibrary	971	0.30799
		 المرتقى إلى الفقه الأرقى ( كتاب الزكاة ) 	 السيد محمد الروحاني 	ABLibrary	9468	0.30798
		 الدرر السنية في الرد على الوهابية 	 أحمد زيني دحلان 	ABLibrary	897	0.30797
		أقوال العلماء في بن لادن مع تعليقات جديدة	مقتطفات من أقوال العلماء	ShamAY	37681	0.30794
		إذهاب الحزن وشفاء الصدر السقيم	عبد السلام مقبل مجبرى (المتوفي: معاصر)	Sham19Y	9764	0.30794
		 الرعاية لحقوق الله 	 الحارث المحاسبي 	ABLibrary	8682	0.30794
		روضة المحدثين - وهو يشبه أن يكون تفريغا لأحكام الحافظ ابن حجر وغيره على الأحاديث	مجموعة من المؤلفين	ShamAY	88	0.30793
		فقه قراءة القرآن الكريم	أبو خالد سعيد عبد الجليل يوسف صخر المصري	Sham19Y	38007	0.30793
		 في رحاب أهل البيت ( ع ) 	 لجنة بحوث المجمع العالمي لأهل البيت ( ع ) 	ABLibrary	8552	0.30791
		فوائد منتقاة من حديث أبي شعيب الحراني	عبد الله بن الحسن أحمد، أبو شعيب الأموي الحراني (المتوفى: 295ه)	Sham19Y	29712	0.3079
		القول الأحمد في أحكام في حرمة المسجد	عبد الله بن معتق السهلي	ShamAY	12143	0.30789
		بر الوالدين	جمال الدين أبو الفرج عبد الرحمن بن علي بن محمد الجوزي (المتوفى: 597هـ)	ShamAY	244	0.30785
		تفسير مقاتل بن سليمان - العلمية	أبو الحسن مقاتل بن سليمان بن بشير الأزدي بالولاء البلخي	ShamAY	34072	0.30784
		 تهنئة أهل الإسلام بتجديد بيت الله الحرام 	 إبراهيم بن محمد الميموني 	ABLibrary	9030	0.30784
		مُخْتََصَرُ مِنْهَاجِ القَاصِدِينْ	نجم الدين، أبو العباس، أحمد بن عبد الرحمن بن قدامة المقدسي (المتوفى: 689هـ)	ShamAY	31600	0.3078
		صلاة العيدين - مفهوم، وفضائل، وآداب، وشروط، وأحكام في ضوء الكتاب والسنة	د. سعيد بن علي بن وهف القحطاني	ShamelaY19	96504	0.30778
		دلائل الصدق لنهج الحق [ج ٤]	الشيخ محمد حسن المظفر	Rafed	251	0.30778
		نعيم الجنة وعذاب النار في القرآن والسنَّة	علي بن نايف الشحود	ShamAY	34852	0.30775
		الطريق إلى المهدي المنتظر	سعيد أيوب	Masaha	330	0.30775
		تنبيه المؤمن الأواه بفضائل لا إله إلا الله	أحمد بن يوسف بن محمد الأهدل	ShamAY	2033	0.30774
		الحدائق الناضرة في أحكام العترة الطاهرة - الجزء1	الشيخ يوسف البحراني	Masaha	1398	0.30773
		مذكرة الحديث النبوي في العقيدة والاتباع	ربيع بن هادي المدخلي	ShamAY	33040	0.30768
		أم لم يعرفوا رسولهم (المختصر القويم في دلائل نبوة الرسول الكريم)	وليد نور	ShamAY	37452	0.30767
		الاخلاص سر التقدم	آيت الله العظمي سيد محمد حسيني شيرازي	Ghbook	2299	0.30767
		الأربعون النووية	أبو زكريا محيي الدين يحيى بن شرف النووي (المتوفى: 676ه)	Sham19Y	12836	0.30766
		قصيدة السلفي	صدر الدين، أبو طاهر السِّلَفي أحمد بن محمد بن أحمد بن محمد بن إبراهيم سِلَفَه الأصبهاني (المتوفى: 576هـ)	ShamAY	26670	0.30765
		التفسير المنير [ج ٤]	الدكتور وهبة الزحيلي	Rafed	2945	0.30765
		مفتاح دار السعادة ومنشور ولاية العلم والإرادة	أبو عبد الله محمد بن أبي بكر بن أيوب ابن قيم الجوزية (691 ه - 751 ه)	ShamelaY19	145411	0.30764
		سلوة الأحزان للاجتناب عن مجالسة الأحداث والنسوان	نُسب لأبي بكر الخفاف (المتوفى: 543 هـ) ، والظاهر أنه لمحمد بن حميد المشتولي (المتوفى: بعد 1167هـ)	ShamAY	655	0.30763
		الملامح العامة للفرقة الناجية الطائفة المنصورة	الشيخ عبد الفتاح زراوي	ShamAY	37791	0.30761
		تفسير القاسمي [ج ١]	محمّد جمال الدين القاسمي	Rafed	3902	0.3076
		حلية الفرسان وشعار الشجعان	علي بن عبد الرحمن بن هذيل الفزاري الأندلسي (المتوفى: بعد 763هـ)	ShamAY	788	0.30758
		تطريز رياض الصالحين	فيصل بن عبد العزيز بن فيصل ابن حمد المبارك الحريملي النجدي (المتوفى: 1376ه)	ShamelaY19	21543	0.30757
		تذكير الأنام بسنن وآداب الصيام	سالم جمال الهنداوي	Sham19Y	13269	0.30755
		المدخل لدراسة القرآن الكريم	محمد بن محمد بن سويلم أبو شهبة (المتوفى: 1403ه)	Sham19Y	29719	0.30752
		الفصول العشرة	الشيخ المفيد	Masaha	2856	0.30751
		شرح الصحيفة الكاملة السجّاديّة	السيّد محمّد باقر المشتهر بمحقّق الداماد	Rafed	2878	0.30751
		سوس العالمة	محمد المختار بن علي بن أحمد الإلغي السوسي (المتوفى: 1383ه)	ShamelaY19	30038	0.30744
		اثبات الوصية	علي بن الحسين المسعودي	Masaha	1830	0.3074
		الوهابيّة جذورها التاريخيّة.. مواقفها من المسلمين	حسين أبو علي	Rafed	1196	0.3074
		الامراض و الاعراض سببا و وقايه و علاجا	آيت الله العظمي سيد محمد حسيني شيرازي	Ghbook	7973	0.30739
		المدخل لدراسة القرآن الكريم	محمد بن محمد بن سويلم أبو شُهبة (المتوفى: 1403هـ)	ShamAY	1454	0.30737
		السنة في مواجهة الأباطيل	محمد طاهر بن حكيم غلام رسول	ShamelaY19	26583	0.30733
		اليواقيت الحسان في تفسير سوره الرحمن؛ المختار من القصائد و الاشعار	مجدالدين نجفي اصفهاني	Ghbook	12924	0.30733
		الكلام على مسألة السماع	أبو عبد الله محمد بن أبي بكر بن أيوب ابن قيم الجوزية (المتوفى: 751 ه)	ShamelaY19	18318	0.30732
		حاشية مقدمة التفسير (المقدمة والحاشية كلاهما للشيخ ابن قاسم رحمه الله)	عبد الرحمن بن محمد بن قاسم العاصمي القحطاني الحنبلي النجدي (المتوفى: 1392هـ)	ShamAY	7371	0.3073
		الولاء والبراء في الإسلام من مفاهيم عقيدة السلف	محمد بن سعيد بن سالم القحطاني	Sham19Y	9758	0.30728
		المرأة العربية في جاهليتها وإسلامها	عبد الله بن عفيفي الباجوري (المتوفى: 1364ه)	ShamelaY19	37059	0.30727
		كشف الحال في وصف الخال	صلاح الدين خليل بن أيبك الصفدي (المتوفى: 764ه)	Sham19Y	5393	0.30726
		طيبة وذكريات الأحبة	أحمد أمين صالح مرشد	ShamAY	38417	0.30725
		آداب زيارة المدينة في ضوء الكتاب والسنة	وليد بن صقر الحميدي	ShamAY	36473	0.30718
		الولاء والبراء في الإسلام من مفاهيم عقيدة السلف	محمد بن سعيد بن سالم القحطاني	ShamAY	9758	0.30718
		صفحات في علوم القراءات	د. أبو طاهر عبد القيوم عبد الغفور السندي	ShamAY	8639	0.30717
		 نوادر الأخبار فيما يتعلق بأصول الدين 	 الفيض الكاشاني 	ABLibrary	7925	0.30717
		الفهرس الشامل للتراث العربي الشامل المخطوط الفقه وأصوله	مؤسسة آل البيت للفكر الإسلامي	ShamAY	38664	0.30716
		الاستغاثة [ج ٢]	أبو القاسم علي بن أحمد الكوفي	Rafed	1756	0.30716
		السوال و الذكر في رحاب القرآن و العتره	عادل علوي	Ghbook	4613	0.30714
		النشر فى القراءات العشر [ج ٢]	الحافظ أبي الخير محمّد بن محمّد الدمشقي	Rafed	1120	0.30709
		كتاب من لا يحضره الفقيه [ج ١]	أبي جعفر محمّد بن علي بن الحسين بن بابويه القمّي [ الشيخ الصدوق ]	Rafed	1414	0.30709
		الحكمة في الدعوة إلى الله تعالى	د. سعيد بن علي بن وهف القحطاني	ShamelaY19	30919	0.30705
		الرد القوي على الرفاعي والمجهول وابن علوي وبيان أخطائهم في المولد النبوي	حمود بن عبد الله بن حمود بن عبد الرحمن التويجري (المتوفى: 1413هـ)	ShamAY	32211	0.30704
		الحديث في علوم القرآن والحديث	حسن محمد أيوب (المتوفى: 1429هـ)	ShamAY	1092	0.30704
		كن صحابيا	راغب السرجاني	ShamAY	849	0.30702
		شرح الحموية لابن تيمية - الراجحي	عبد العزيز بن عبد الله الراجحي	ShamelaY19	37019	0.30699
		كيف يستفيد طالب العلم من كتب السنة	عبد الكريم بن عبد الله بن عبد الرحمن بن حمد الخضير	ShamelaY19	25976	0.30699
		شرح صحيح البخاري - أسامة سليمان	أسامة علي محمد سليمان	ShamAY	887	0.30699
		المقصور والممدود لأبي علي القالي	أبو علي القالي إسماعيل بن القاسم (280 ه - 356 ه).	ShamelaY19	20949	0.30697
		في ظلال التّوحيد	الشيخ جعفر السبحاني	Rafed	3455	0.30697
		المنتقى من منهاج الاعتدال في نقض كلام أهل الرفض والاعتزال	شمس الدين أبو عبد الله محمد بن أحمد بن عثمان بن قَايْماز الذهبي (المتوفى: 748هـ)	ShamAY	6531	0.30696
		الروضتين في أخبار الدولتين النورية والصلاحية	أبو القاسم شهاب الدين عبد الرحمن بن إسماعيل بن إبراهيم المقدسي الدمشقي المعروف بأبي شامة (المتوفى: 665 هـ)	ShamAY	32323	0.30696
		التوابون	ابراهيم بيضون	Ghbook	5915	0.30696
		منع تدوين الحديث	السيد علي الشهرستاني	Rafed	1359	0.30695
		تقريب المعارف	أبي الصّلاح تقيّ بن نجم الحلبي	Rafed	699	0.30694
		اعتماد دعوة الشيخ محمد بن عبد الوهاب على الكتاب والسنة (مطبوع ضمن بحوث ندوة دعوة الشيخ محمد بن عبد الوهاب، الجزء الأول)	مناع بن خليل القطان (المتوفى: 1420هـ)	ShamAY	7511	0.30693
		السيف المسلول على من سب الرسول	تقي الدين علي بن عبد الكافي السبكي (المتوفى 756 هـ)	ShamAY	32502	0.30692
		تذكير الأنام بسنن وآداب الصيام	سالم جمال الهنداوي	ShamAY	31921	0.3069
		الأساليب البديعة في فضل الصحابة وإقناع الشيعة (مطبوع بهامش كتاب شواهد الحق)	يوسف بن إسماعيل بن يوسف النَّبْهَاني (المتوفى: 1350هـ)	ShamAY	523	0.3069
		فقه قراءة القرآن الكريم	أبو خالد سعيد عبد الجليل يوسف صخر المصري	ShamAY	1481	0.3069
		شرح كتاب التدليس في الحديث للدميني - محمد حسن عبد الغفار	محمد حسن عبد الغفار	ShamAY	721	0.30689
		شرح الاقتصاد في الاعتقاد - الراجحي	عبد العزيز بن عبد الله بن عبد الرحمن الراجحي	Sham19Y	36973	0.30689
		 فقه الحدود والتعزيرات 	 السيد عبد الكريم الموسوي الاردبيلي 	ABLibrary	9533	0.30688
		 المغرب في ترتيب المعرب 	 ناصر الدين المطرزي 	ABLibrary	9218	0.30687
		شهر شعبان	آيت الله العظمي سيد محمد حسيني شيرازي	Ghbook	7894	0.30687
		مفتاح دار السعادة ومنشور ولاية العلم والإرادة - ط عالم الفوائد	ابن القيم	ShamAY	38398	0.30686
		المغني لابن قدامة - إحياء التراث	أبو محمد موفق الدين عبد الله بن أحمد بن محمد بن قدامة الجماعيلي المقدسي ثم الدمشقي الحنبلي، الشهير بابن قدامة المقدسي (المتوفى: 620هـ)	ShamAY	34266	0.30684
		الدر المنثور في طبقات ربات الخدور	زينب بنت علي بن حسين بن عبيد الله بن حسن بن إبراهيم بن محمد بن يوسف فواز العاملي (المتوفى: 1332هـ)	ShamAY	9229	0.30682
		صحيح أشراط الساعة	عصام موسى هادي	ShamAY	9848	0.3068
		سبيل الوصول إلى علم الأصول	الدكتور صلاح محمد سالم أبو الحاج	ShamAY	37590	0.30679
		 مجلة فقه أهل البيت ( ع ) 	 مجموعة مؤلفين 	ABLibrary	9742	0.30678
		الخلاصة في حكم الاستعانة بالكفار في القتال	علي بن نايف الشحود	ShamAY	1604	0.30677
		فصول في أصول التفسير	د مساعد بن سليمان بن ناصر الطيار	Sham19Y	13897	0.30674
		إرشاد العباد إلى معاني لمعة الاعتقاد	عبد الرحمن بن ناصر بن براك بن إبراهيم البراك	ShamAY	32404	0.30672
		فضائل الأعمال للمقدسي	ضياء الدين أبو عبد الله محمد بن عبد الواحد المقدسي (المتوفى: 643هـ)	ShamAY	4425	0.30671
		موسوعة الفرق المنتسبة للإسلام - الدرر السنية	مجموعة من المؤلفين	ShamelaY19	32150	0.30669
		شرح الاقتصاد في الاعتقاد - الراجحي	عبد العزيز بن عبد الله بن عبد الرحمن الراجحي	ShamAY	38	0.30668
		الصوفية .. نشأتها وتطورها	محمد العبده	ShamAY	35697	0.30668
		الصارم البتار للإجهاز على من خالف الكتاب والسنة والإجماع والآثار	حمود بن عبد الله بن حمود بن عبد الرحمن التويجري (المتوفى: 1413ه)	ShamelaY19	35155	0.30666
		صحيح أشراط الساعة	عصام موسى هادي	Sham19Y	9848	0.30666
		الدليل العقلي على إمامة علي(ع)	السيد علي الحسيني الميلاني	Masaha	258	0.30666
		الفصول المهمه في معرفه الائمه (الامام السجاد عليه السلام)	ابن صباغ علي بن محمد	Ghbook	6370	0.30665
		أثر العلماء في توعية المجتمعات الإسلامية	أ.د.عبد الله بن محمد بن أحمد الطيار	ShamAY	33332	0.30663
		تأويل مشكل القرآن	أبو محمد عبد الله بن مسلم بن قتيبة الدينوري (المتوفى: 276ه)	ShamelaY19	23596	0.30661
		 فقه الحدود والتعزيرات 	 السيد عبد الكريم الموسوي الاردبيلي 	ABLibrary	9535	0.3066
		نعم لقد تشيعت وهذا هو السبب	محمد الرصافي المقداد	Masaha	500	0.3066
		تنوير البصائر للنهي عن المناكر	عبد الفتاح حمداش بن عمر بن أحمد زراوي الجزائري السني	ShamAY	33211	0.30659
		تسهيل العقيدة الإسلامية	عبد الله بن عبد العزيز بن حمادة الجبرين	ShamAY	11094	0.30659
		الكافية الشافية - ت العريفي وآخرون ط عالم الفوائد	ابن القيم	ShamAY	38329	0.30658
		التطبيقات الفقهية لقاعدة (لا مساغ للاجتهاد في مورد النص) في النكاح وفرقه، والعدد والنسب	خالد بوعبيد	ShamAY	37602	0.30656
		 ديوان الحلاج 	 حسين بن منصور الحلاج 	ABLibrary	8691	0.30656
		تزيين الأسواق في أخبار العشاق - عالم الكتب	داود بن عمر الأنطاكي الضرير	ShamAY	33794	0.30655
		تهنئة أهل الإسلام بتجديد بيت الله الحرام‏	إبراهيم بن محمد الميموني	Masaha	4446	0.30655
		مزيل اللبس	السيد محمد مهدي الخرسان	Masaha	521	0.30653
		حياة الإمام الحسين عليه السلام [ج ١]	باقر شريف القرشي	Rafed	1606	0.30653
		تاريخ ميورقة	أبي المطرّف أحمد بن عميرة المخزومي	Rafed	2541	0.30653
		واجبات العمال وحقوقهم في الشريعة الإسلامية مقارنة مع قانون العمل الفلسطيني	سمير العواودة	ShamAY	302	0.30652
		وزراء العصر العباسي الأول	مجموعة من المؤلفين	ShamAY	35832	0.30652
		اتجاهات التفسير في القرن الرابع عشر	أ. د. فهد بن عبد الرحمن بن سليمان الرومي	ShamAY	8679	0.30651
		تتميم أمل الآمل	الحر العاملي	Masaha	2339	0.3065
		موسوعة القرآن العظيم [ج ١]	دكتور عبد المنعم الحفني	Rafed	3910	0.30649
		البرهان في علوم القرآن (ط المعرفة)	محمد بن بهادر بن عبد الله الزركشي أبو عبد الله	ShamAY	34086	0.30647
		 تاريخ ميورقه 	 أحمد بن عميرة المخزومي 	ABLibrary	9009	0.30642
		البركة في الرزق والأسباب الجالبة لها في ضوء الكتاب والسنة	عبد الله مرحول السوالمة	Sham19Y	8795	0.30633
		التقارب الديني: خطره, أسبابه, دعاته	الشيخ الأمين الحاج محمد أحمد	ShamAY	33433	0.30632
		الأمان من أخطار الأسفار والأزمان	السيّد رضي الدين أبو القاسم علي بن موسى بن جعفر بن طاووس الحسني الحلّي [ السيّد بن طاووس ]	Rafed	524	0.30629
		لمحات من حياة النبي صلى الله عليه وسلم مع بناته	خالد عبد الرحمن الشايع	ShamAY	37380	0.30628
		الثناء البديع من العلماء على الشيخ ربيع	خالد الظفيري	ShamAY	32997	0.30622
		تفسير السمرقندي = بحر العلوم	أبو الليث نصر بن محمد بن أحمد بن إبراهيم السمرقندي (المتوفى: 373ه)	Sham19Y	23594	0.30621
		منائح الكرم في أخبار مكة والبيت وولاة الحرم [ج ٣]	علي بن تاج الدين بن تقي الدين السنجاري	Rafed	2691	0.30621
		تفسير آيات الغدير الثلاث	علي كوراني	Ghbook	8341	0.3062
		حوار مع فضل الله حول الزهراء سلام الله عليها	هاشم هاشمي	Ghbook	3783	0.3062
		الحجج الباهرة في إفحام الطائفة الكافرة الفاجرة	محمد بن أسعد الصديقي الدَّوَّاني، جلال الدين (المتوفى: 918هـ)	ShamAY	923	0.30618
		أهمية دراسة السيرة النبوية والعناية بها في حياة المسلمين	محمد بن محمد العواجي	Sham19Y	10899	0.30617
		الوجيز الميسر في أصول الفقه المالكي	محمد الباجقني	ShamAY	37555	0.30616
		التّفسير الحديث [ج ١٠]	محمّد عزّة دروزة	Rafed	3796	0.30616
		صحيفه مهديه / الصحيفه المهديه ، او الصحيفه الهاديه و التحفه المهديه	ابراهيم بن محسن كاشاني	Ghbook	7112	0.30615
		الهجمات المغرضة على التاريخ الإسلامي	محمد مظهر صديقي	Sham19Y	9268	0.30612
		الصلاة على النبي صلى الله عليه وسلم فضلها وكيفيتها	عبد المحسن بن حمد بن عبد المحسن بن عبد الله بن حمد العباد البدر	ShamAY	10418	0.3061
		المغرب في ترتيب المعرب - مكتبة أسامة	ناصر بن عبد السيد أبى المكارم ابن على، أبو الفتح، برهان الدين الخوارزمي المُطَرِّزِىّ (المتوفى: 610هـ)	ShamAY	34680	0.30608
		النصرانية وآدابها بين عرب الجاهلية	رزق الله بن يوسف بن عبد المسيح بن يعقوب شيخو (المتوفى: 1346هـ)	ShamAY	5414	0.30602
		وفاة النبي - صلى الله عليه وسلم - «وأظلمت المدينة»	نزار عبد القادر بن محمد الريان النعلاواني العسقلاني (المتوفى: 1430 ه)	Sham19Y	17620	0.30602
		اتباع لا ابتداع. . قواعد وأسس في السنة والبدعة	حسام الدين بن موسى محمد بن عفانة	ShamAY	816	0.30598
		فضائل الاعمال للضياء المقدسي - دار الغد	ضياء الدين محمد بن عبد الواحد بن أحمد بن عبد الرحمن السعدي المقدسي	ShamAY	33756	0.30596
		كشف شبهات الصوفية	شحاتة محمد صقر	ShamelaY19	36165	0.30593
		محاضرات الدورة المفتوحة الأولى في الحديث الشريف وعلومه (المستوى الأول)	عاصم القريوتي	ShamAY	34760	0.30593
		بيان الغلو المتواري في جواب الشيخ الغماري - رحمه الله	نور الدين الحميدي الإدريسي	ShamAY	35219	0.30592
		قدوة الغازي	أبو عبد الله محمد بن عبد الله بن عيسى بن محمد المري، الإلبيري المعروف بابن أبي زَمَنِين المالكي (المتوفى: 399هـ)	ShamAY	30760	0.30592
		حياه ما بعد الموت	محمد حسين طباطبايي	Ghbook	12320	0.30592
		 الكوثر في أحوال فاطمة بنت النبي الأعظم ( ع ) 	 السيد محمد باقر الموسوي 	ABLibrary	7687	0.30591
		ابك فانك علي حق	وسام البلداوي	Ghbook	12310	0.30591
		قصة الأدب في الحجاز	عبد الله عبد الجبار - محمد عبد المنعم خفاجى	ShamAY	7454	0.3059
		 استقصاء النظر في القضاء والقدر 	 العلامة الحلي 	ABLibrary	8332	0.30588
		عجبا لأمر المؤمن دراسة حديثية دعوية نفسية	فالح بن محمد الصغير	ShamAY	35113	0.30586
		فتاوى النساء للشيخ الشعراوي	الشعراوي	ShamAY	37671	0.30582
		الصحيح من سيرة النبي الأعظم صلّى الله عليه وآله [ج ١٦]	السيد جعفر مرتضى العاملي	Rafed	2508	0.30581
		أصول بلا أصول - بحث واف في رد عدوان الصوفية ومدعي المهدية على مصادر التلقى، والمرجعية الشرعية	محمد بن أحمد بن إسماعيل المقدم	ShamelaY19	96616	0.30576
		الإمامة عند الشيعة من خلال مرويات أصول الكافي دراسة مقارنة بالقرآن والعقل		ShamAY	35287	0.30576
		كلمه الامام الرضا ( عليه السلام )	حسن شيرازي	Ghbook	7984	0.30576
		صفات الله عز وجل الواردة في الكتاب والسنة	علوي بن عبد القادر السَّقَّاف	ShamAY	22889	0.30574
		قصص الامام الصادق ( عليه السلام ) في مدرسته العلميه و امامته الالهيه و الآداب	محسن نوري موسوي	Ghbook	5017	0.30571
		الدراري المضية شرح الدرر البهية	محمد بن علي الشوكاني	ShamAY	34281	0.30569
		أذكار وآداب الصباح والمساء	محمد أحمد إسماعيل المقدم	Sham19Y	29710	0.30567
		تحفه الابرار في مناقب الائمه الاطهار عليهم السلام	طبري ، عمادالدين حسن بن علي ( صاحب "كامل بهائي" - قرن هفتم )	Ghbook	9221	0.30567
		الصحيح من سيرة النبي الأعظم صلّى الله عليه وآله [ج ١٨]	السيد جعفر مرتضى العاملي	Rafed	2511	0.30566
		سلسلة الذهب فيما رواه الشافعي عن مالك عن نافع عن ابن عمر	أبو الفضل أحمد بن علي بن محمد بن أحمد بن حجر العسقلاني (المتوفى: 852هـ)	ShamAY	6023	0.30565
		صنائع المعروف تقي مصارع السوء	مصطفى شيخ إبراهيم حقي	ShamAY	35111	0.30565
		الميراث بالقرابه او بالتعصيب	آيت الله العظمي جعفر سبحاني	Ghbook	5057	0.30565
		الامام الحسن ( عليه السلام ) قدوه و اسوه 	آيت الله العظمي سيد محمد تقي مدرسي	Ghbook	6058	0.30563
		الخُلق الحسن في ضوء الكتاب والسنة	د. سعيد بن علي بن وهف القحطاني	ShamAY	1812	0.30562
		إعلام الموقعين عن رب العالمين ت مشهور	أبو عبد الله محمد بن أبي بكر بن أيوب المعروف بابن قيم الجوزية (المتوفى: 751 هـ)	ShamAY	32703	0.30558
		بداية السول في تفضيل الرسول صلى الله عليه وسلم	عبد العزيز بن عبد السلام بن أبي القاسم بن الحسن السلمي الدمشقي، عز الدين الملقب بسلطان العلماء (المتوفى: 660ه)	Sham19Y	348	0.30558
		البركة في الرزق والأسباب الجالبة لها في ضوء الكتاب والسنة	عبد الله مرحول السوالمة	ShamAY	8795	0.30556
		تكملة معجم المؤلفين، وفيات (1397 - 1415 ه) = (1977 - 1995 م)	محمد خير بن رمضان بن إسماعيل يوسف	ShamelaY19	36031	0.30555
		البحر المحيط في التّفسير [ج ٥]	محمّد بن يوسف [ أبي حيّان الأندلسي الغرناطي ]	Rafed	2423	0.30553
		رياض الصالحين ت الفحل	أبو زكريا محيي الدين يحيى بن شرف النووي (المتوفى: 676هـ)	ShamAY	502	0.3055
		المرأة في الشعر الأموي ( دراسة )	فاطمة تجور	ShamAY	34472	0.30549
		مدارك الأحكام في شرح شرائع الإسلام - الجزء1	محمد بن علي الموسوي العاملي	Masaha	1185	0.30547
		العرف الشذي شرح سنن الترمذي	محمد أنور شاه بن معظم شاه الكشميري الهندي (المتوفى: 1353هـ)	ShamAY	119	0.30546
		من مسالك المعاصرين في تضييق الاحتجاج بالسنة النبوية	محمد رمضاني	ShamAY	37355	0.30546
		تفسير السمرقندي = بحر العلوم	أبو الليث نصر بن محمد بن أحمد بن إبراهيم السمرقندي (المتوفى: 373هـ)	ShamAY	23594	0.30545
		التراويح أكثر من ألف عام في المسجد النبوي	عطية بن محمد سالم (المتوفى: 1420ه)	Sham19Y	22950	0.30545
		الخميني شذوذ في العقائد شذوذ في المواقف-محقق	سعيد حوَّى	ShamAY	33278	0.30539
		الإمام المهدي المصلح العالمي المنتظر	الشيخ محمّد جواد الطبسي	Rafed	1274	0.30539
		آداب العشرة في أحاديث الإمام علي بن موسى الرضا عليه السلام	الشيخ محمّد جواد المروّجي الطبسي	Rafed	878	0.30537
		كشف الوجه بين المبيحين والمانعين	محمد بن خالد الحميد	ShamAY	36410	0.30535
		بيان إعجاز القرآن	أبو سليمان حمد بن محمد بن إبراهيم بن الخطاب البستي المعروف بالخطابي (المتوفى: 388هـ)	ShamAY	31981	0.30535
		المشترك اللفظي في الحقل القرآني	عبد العال سالم مكرم	ShamAY	1496	0.30535
		الاعتصام بالكتاب والسنة أصل السعادة في الدنيا والآخرة ونجاة من مضلات الفتن	د. سعيد بن علي بن وهف القحطاني	Sham19Y	96458	0.30535
		 تاريخ المدينة المنورة ( نصيحة المشاور وتسلية المجاور ) ( ط القاهرة ) 	 ابن فرحون 	ABLibrary	8999	0.30535
		 في رحاب أهل البيت ( ع ) 	 لجنة بحوث المجمع العالمي لأهل البيت ( ع ) 	ABLibrary	8560	0.30535
		الحدائق الناضرة [ج ١٧]	الشيخ يوسف بن أحمد البحراني [ صاحب الحدائق ]	Rafed	2858	0.30535
		الإحكام شرح أصول الأحكام لابن قاسم	عبد الرحمن بن محمد بن قاسم العاصمي القحطاني الحنبلي النجدي (المتوفى: 1392ه)	ShamelaY19	96231	0.30532
		 نهر الذهب في تاريخ حلب 	 الغزي 	ABLibrary	9310	0.30532
		رفقا أهل السنة بأهل السنة	عبد المحسن بن حمد بن عبد المحسن بن عبد الله بن حمد العباد البدر	ShamAY	11228	0.3053
		الحيل	محمد المسعودي	ShamAY	10353	0.30526
		عناية المسلمين بالوقف خدمة للقرآن الكريم	عبد الوهاب بن إبراهيم أبو سليمان	ShamAY	11312	0.30526
		الفروق الفقهية والأصولية، مقوماتها- شروطها- نشأتها- تطورها (دراسة نظرية - وصفية- تاريخية)	يعقوب بن عبد الوهاب بن يوسف الباحسين التميمي	Sham19Y	16876	0.30526
		فضل المدينة وآداب سكناها وزيارتها	عبد المحسن بن حمد بن عبد المحسن بن عبد الله بن حمد العباد البدر	Sham19Y	11232	0.30525
		موقف العلماء من الفلسفه و العرفان	محمد باقر علم الهدي	Ghbook	16165	0.30523
		الوجيز في فقه السنة والكتاب العزيز	عبد العظيم بن بدوي بن محمد	ShamelaY19	98086	0.30518
		التقية	الشيخ مرتضى الأنصاري	Masaha	222	0.30516
		قواعد وأسس في السنة والبدعة	الدكتور حسام الدين عفانه	ShamAY	35548	0.30515
		مصارف الزكاة في الشريعة الإسلامية	الواحدي :: عبد الله آل جار الله	ShamAY	36606	0.30508
		أمنا عائشة حبيبة نبينا صلى الله عليه وسلم	شحاتة محمد صقر	ShamelaY19	36154	0.30505
		سلسلة علو الهمة - المقدم	محمد أحمد إسماعيل المقدم	ShamelaY19	37002	0.30505
		التذهيب في أدلة متن الغاية والتقريب المشهور بـ متن أبي شجاع في الفقه الشافعي	مصطفى ديب البغا الميداني الدمشقي الشافعي	ShamAY	1552	0.30502
		فتح العلي المالك في الفتوى على مذهب الإمام مالك	محمد بن أحمد بن محمد عليش، أبو عبد الله المالكي (المتوفى: 1299ه)	ShamelaY19	21688	0.30501
		أخيراً أشرقت الروح	لمياء حمادة	Masaha	46	0.30501
		قضية التكفير بين أهل السنة وفرق الضلال في ضوء الكتاب والسنة	د. سعيد بن علي بن وهف القحطاني	ShamelaY19	96514	0.30499
		حديث أبي الحسين بن المظفر	أبو الحسين محمد بن المظفر (المتوفى: 379ه)	Sham19Y	29739	0.30498
		تفسير جزء عم للشيخ مساعد الطيار	د مساعد بن سليمان بن ناصر الطيار	Sham19Y	21561	0.30497
		رحلة الصديق إلى البلد العتيق	أبو الطيب محمد صديق خان بن حسن بن علي ابن لطف الله الحسيني البخاري القِنَّوجي (المتوفى: 1307هـ)	ShamAY	32110	0.30495
		الاختلاف في العمل الإسلامي الأسباب والآثار	ناصر بن سليمان العمر	ShamAY	1865	0.30495
		 أربع رسائل في التصوف 	 ابو القاسم عبد الكريم القشيري 	ABLibrary	8714	0.30495
		النجم الثاقب في احوال الامام الحجه الغائب عجل الله تعالي فرجه الشريف	ميرزا حسين محدث نوري	Ghbook	2040	0.30495
		المرأة العربية في جاهليتها وإسلامها	عبد الله بن عفيفي الباجوري (المتوفى: 1364هـ)	ShamAY	609	0.30489
		منهج الإمام جمال الدين السرمري في تقرير العقيدة (مطبوع مع: تحقيق ودراسة كتابه «خصائص سيد العالمين وما له من المناقب العجائب على جميع الأنبياء عليهم السلام»)	خالد بن منصور المطلق	ShamelaY19	20593	0.30486
		الجامع في المولد	مجموعة من المؤلفين	ShamAY	37418	0.30486
		من هو؟	لبيب السعدي	Ghbook	12290	0.30485
		الوسيط في تراجم أدباء شنقيط والكلام على تلك البلاد تحديدا وتخطيطا وعاداتهم وأخلاقهم وما يتعلق بذلك	أحمد بن الأمين الشنقيطي (المتوفى: 1331ه)	ShamelaY19	95696	0.30483
		الخلاصة في أحكام بر الوالدين ط1	الواحدي :: علي بن نايف الشحود	ShamAY	36076	0.3048
		وفاه الامام موسي الكاظم ( عليه السلام )	علي هاشمي	Ghbook	6426	0.3048
		تفسير الخازن المسمى لباب التأويل في معاني التنزيل (موافق للمطبوع)	علاء الدين علي بن محمد بن إبراهيم البغدادي الشهير بالخازن	ShamAY	34067	0.30477
		شرح الأربعين النووية - العباد	عبد المحسن بن حمد بن عبد المحسن بن عبد الله بن حمد العباد البدر	ShamelaY19	36944	0.30476
		رسائل ابن حزم الأندلسي	أبو محمد علي بن أحمد بن سعيد بن حزم الأندلسي القرطبي الظاهري (المتوفى: 456ه)	Sham19Y	1038	0.30476
		 المنهل الروي في الطب النبوي ( ص ) 	 محمد بن طولون الصالحي 	ABLibrary	9956	0.30475
		نقد الشعر	قدامة بن جعفر بن قدامة بن زياد البغدادي، أبو الفرج (المتوفى: 337ه)	ShamelaY19	28181	0.30474
		تعليقات على كشف الشبهات	د.عبد العزيز بن محمد بن علي آل عبد اللطيف	ShamAY	35510	0.30474
		فصول في أصول التفسير	د مساعد بن سليمان بن ناصر الطيار	ShamAY	31798	0.30473
		منع تدوين الحديث	السيد علي الشهرستاني	Masaha	441	0.30473
		شرح السير الكبير إملاء محمد بن أحمد السرخسي	الواحدي :: محمد بن الحسن الشيباني	ShamAY	34348	0.3047
		الصحيح من سيره الامام علي عليه السلام	سيد جعفرمرتضي حسيني عاملي	Ghbook	12171	0.30469
		كشف شبهات الصوفية	شحاتة محمد صقر	ShamAY	941	0.30468
		فتح رب البرية في تقريب مقدمة شرح العقيدة الطحاوية		ShamAY	35565	0.30466
		تسمية الشيوخ للإمام الحافظ أبي عبد الرحمن أحمد بن شعيب بن علي النسائي (ت 303هـ)	الواحدي :: النسائي	ShamAY	34027	0.30465
		مسائل الإمام ابن باز رحمه الله تعالى	عبد العزيز بن عبد الله بن باز (المتوفى: 1420هـ)	ShamAY	32014	0.30464
		رسائل ابن حزم الأندلسي	أبو محمد علي بن أحمد بن سعيد بن حزم الأندلسي القرطبي الظاهري (المتوفى: 456هـ)	ShamAY	1038	0.30464
		الفروق الفقهية والأصولية، مُقوّمَاتُها- شرُوطُهَا- نشأتُهَا- تطوّرُهَا (دراسَة نظريَّة - وَصفيَّة- تَاريخيّة)	يعقوب بن عبد الوهاب بن يوسف الباحسين التميمي	ShamAY	32577	0.30462
		بحوث قرآنية في التوحيد والشرك	الشيخ جعفر السبحاني	Masaha	139	0.30459
		 القول المتين في تشيع الشيخ الأكبر 	 الشيخ قاسم الطهراني 	ABLibrary	8905	0.30458
		يا اباذر !	آيت الله العظمي حسيني	Ghbook	7995	0.30458
		إيثار الإنصاف في آثار الخلاف	يوسف بن قزأوغلي - أو قزغلي - ابن عبد الله، أبو المظفر، شمس الدين، سبط أبي الفرج ابن الجوزي (المتوفى: 654هـ)	ShamAY	6349	0.30457
		قوة العقيدة سبيل النصر في غزوة بدر الكبرى	محمد عبد المقصود جاب الله	ShamelaY19	23078	0.30456
		 الشافي في شرح الكافي 	 المولى خليل القزويني 	ABLibrary	7922	0.30455
		أربعون حديثا في فضل قل هو الله أحد	يوسف الأرميوني	ShamAY	36735	0.30454
		تطريز رياض الصالحين	فيصل بن عبد العزيز بن فيصل ابن حمد المبارك الحريملي النجدي (المتوفى: 1376هـ)	ShamAY	21543	0.30454
		الفصول المهمه في معرفه الائمه (الامام الصادق عليه السلام)	ابن صباغ علي بن محمد	Ghbook	6241	0.3045
		التعايش مع غير المسلمين في المجتمع المسلم	منقذ بن محمود السقار	ShamAY	1278	0.30445
		التواصي و المواساه طريقا الاصلاح	آيت الله العظمي سيد محمد حسيني شيرازي	Ghbook	7815	0.3044
		جهاد الامام السجّاد	السيد محمد رضا الحسيني الجلالي	Rafed	290	0.30433
		لمحات من حياة شيخ الإسلام ابن تيمية	الواحدي :: عبد الرحمن بن عبد الخالق	ShamAY	35828	0.30429
		عماد البلاغة للافقهسي	الواحدي	ShamAY	34478	0.30429
		 روض الرياحين في حكايات الصالحين ( نزهة العيون النواظر . . . ) 	 عبد الله بن أسعد اليافعي اليمني المكي 	ABLibrary	8803	0.30429
		الوقت أنفاس لا تعود	عبد الملك بن محمد القاسم	ShamelaY19	95684	0.30427
		مجمع الفائدة والبرهان في شرح إرشاد الأذهان [ج ٢]	الشيخ أحمد بن محمّد الأردبيلي [ المقدّس الأردبيلي ]	Rafed	1895	0.30427
		شرح كتاب التوحيد للإمام محمد بن عبد الوهاب - اللهيميد	سليمان بن محمد اللهيميد	ShamAY	35432	0.30425
		مختصر زاد المعاد	محمد بن عبد الوهاب بن سليمان التميمي النجدي (المتوفى: 1206ه)	ShamelaY19	31457	0.30422
		السنة في مواجهة الأباطيل	محمد طاهر بن حكيم غلام رسول	ShamAY	128	0.30422
		الفتاوى الحديثية لابن حجر الهيتمي	أحمد بن محمد بن علي بن حجر الهيتمي السعدي الأنصاري، شهاب الدين شيخ الإسلام، أبو العباس (المتوفى: 974هـ)	ShamAY	1922	0.30419
		المغني لابن قدامة	أبو محمد موفق الدين عبد الله بن أحمد بن محمد بن قدامة الجماعيلي المقدسي ثم الدمشقي الحنبلي، الشهير بابن قدامة المقدسي (المتوفى: 620هـ)	ShamAY	8463	0.30416
		مدح السعي وذم البطالة	ابن كمال باشا (ت940هـ)	ShamAY	36171	0.30416
		الوساطه بين المتنبي وخصومه ونقد شعره	أبو الحسن علي بن عبد العزير القاضي الجرجاني (المتوفى: 392هـ)	ShamAY	489	0.30416
		 طهارة القلوب والخضوع لعلام الغيوب 	 عبد العزيز الدريني 	ABLibrary	8783	0.30416
		جامع المسائل لابن تيمية ط عالم الفوائد - المجموعة الأولى	شيخ الإسلام أحمد بن عبد الحليم بن عبد السلام ابن تيمية (661 - 728 هـ)	ShamAY	37979	0.30413
		شرح الشفا	علي بن (سلطان) محمد، أبو الحسن نور الدين الملا الهروي القاري (المتوفى: 1014هـ)	ShamAY	9918	0.30412
		وأنذرهم يوم الحسرة أَهوالُ الموتِ والقِيامَةِ	محمد أحمد عبد الغني	ShamAY	34976	0.30409
		مواقف الطوائف من توحيد الأسماء والصفات	محمد بن خليفة بن علي التميمي	ShamAY	12104	0.30409
		 سلسلة المسائل الفقهية 	 الشيخ السبحاني 	ABLibrary	9587	0.30409
		آداب  العشره في احاديث  الامام علي  بن  موسي  الرضا عليه السلام	محمد جواد مروجي طبسي	Ghbook	16017	0.30409
		فقه العبادات على المذهب الحنفي	الحاجة نجاح الحلبي	Sham19Y	650	0.30406
		الاختلاط بين الرجال والنساء - مفهومه، وأنواعه، وأقسامه، وأحكامه، وأضراره في ضوء الكتاب والسنة وآثار الصحابة - رضي الله عنهم -	د. سعيد بن على بن وهف القحطاني	ShamelaY19	96456	0.30404
		بشريات السلامة من أهوال القيامة	جميلة المصري	ShamAY	34950	0.30404
		الإمام الحسن السّبط عليه السلام سيرة وتاريخ	السيد سعيد كاظم العذاري	Rafed	717	0.30403
		الصحيح من سيرة النبي الأعظم صلّى الله عليه وآله [ج ٤]	السيد جعفر مرتضى العاملي	Rafed	2482	0.30402
		 الرحلة إلى مصر والسودان والحبشة 	 اولياء چلبي 	ABLibrary	9088	0.304
		تاج العروس [ج ١٠]	محبّ الدين أبي فيض السيد محمّد مرتضى الحسيني الواسطي الزبيدي الحنفي	Rafed	1502	0.30399
		كشف الحقائق - رد علي كتاب "هذه نصيحتي الي كل شيعي"	علي آل محسن	Ghbook	7740	0.30399
		عَقْد الفُصُوص في تحريم ذكر الخلاف إذا ثبتت النصوص	فوزي الأثري	ShamAY	37572	0.30398
		الرد على من كذب بالأحاديث الصحيحة الواردة في المهدي	عبد المحسن بن حمد بن عبد المحسن بن عبد الله بن حمد العباد البدر	ShamAY	22951	0.30397
		معاجم مفردات القرآن (موازنات ومقترحات)	أ. د. أحمد حسن فرحات	ShamAY	12072	0.30396
		الأجوبة المفيدة عن أسئلة المناهج الجديدة	صالح الفوزان	ShamAY	35460	0.30395
		علم الروحانيات في الاسلام: دراسه تبحث بالدليل العلمي الفقهي عن الاوفاق و الطلاسم...	مصطفي الامامي الاهوازي	Ghbook	16365	0.30392
		تفسير جزء عم للشيخ مساعد الطيار	د مساعد بن سليمان بن ناصر الطيار	ShamAY	31799	0.30391
		موسوعة الخطب المنبرية	علي بن نايف الشحود	ShamAY	32987	0.30389
		المدخل لدراسة القرآن الكريم	محمد بن محمد بن سويلم أبو شهبة (المتوفى: 1403ه)	ShamelaY19	29719	0.30388
		تذكرة المؤتسي شرح عقيدة الحافظ عبد الغني المقدسي	عبد الرزاق بن عبد المحسن البدر	Sham19Y	11093	0.30388
		مختصر التحرير شرح الكوكب المنير	تقي الدين أبو البقاء محمد بن أحمد بن عبد العزيز بن علي الفتوحي المعروف بابن النجار الحنبلي (المتوفى: 972هـ)	ShamAY	12019	0.30387
		مشارق أنوار اليقين في أسرار أمير المؤمنين(ع)	حافظ رجب البرسي‏	Masaha	2876	0.30386
		إخبار أهل الرسوخ في الفقه والتحديث بمقدار المنسوخ من الحديث	جمال الدين أبو الفرج عبد الرحمن بن علي بن محمد الجوزي (المتوفى: 597هـ)	ShamAY	22002	0.30381
		شرح لامية ابن تيمية	عمر العيد	Sham19Y	7734	0.3038
		الأخلاق والسير لابن حزم الأندلسي - دار المشرق	علي بن أحمد بن سعيد بْنِ حَزْمٍ، أبو محمد، الأَنْدَلُسِيّ (384 - 456هـ)	ShamAY	33746	0.30376
		دو فصلنامه « ميقات الحج »	محمد محمدي ري شهري	Ghbook	3479	0.30374
		شرح لامية ابن تيمية	عمر بن سعود بن فهد العيد	ShamAY	7734	0.30371
		الجامع الصحيح للسيرة النبوية	الأستاذ الدكتور سعد المرصفي	Sham19Y	17666	0.30371
		شرح سنن ابن ماجه للسيوطي وغيره	السيوطي	ShamAY	791	0.30366
		سُبُل السَّلام مِن صَحيح سيرة خَير الأنَامِ عَليه الصَّلاة وَالسَّلام	صالح بن طه عبد الواحد	ShamAY	31586	0.30365
		الآثار والتاريخ	خالد فائق صديق العبيدي	ShamAY	34100	0.30363
		غاية المنوة في آداب الصحبة وحقوق الأخوة	حازم خنفر	ShamelaY19	36533	0.30362
		المحاضرات المنبريّة في المجالس الصفريّة	الشيخ عبدالأمير عبدالزهره « أبو علي البصري »	Rafed	2700	0.30361
		تفسير التّحرير والتّنوير [ج ١]	الشيخ محمّد الطاهر ابن عاشور	Rafed	2905	0.30359
		فوائد منتقاة من حديث أبي شعيب الحراني	عبد الله بن الحسن أحمد، أبو شعيب الأموي الحراني (المتوفى: 295هـ)	ShamAY	29712	0.30357
		«خصائص سيد العالمين وما له من المناقب العجائب على جميع الأنبياء عليهم السلام» (مطبوع مع: منهج الإمام جمال الدين السرمري في تقرير العقيدة)	السرمري، جمال الدين	ShamelaY19	20594	0.30356
		شهر رمضان شهر الهدى والفرقان	علي بن نايف الشحود	ShamAY	34844	0.30349
		تاريخ الشيعه السياسي	محمد علي الحلو	Ghbook	12346	0.30347
		القول البليغ في التحذير من جماعة التبليغ	حمود بن عبد الله بن حمود التويجري	ShamAY	37745	0.30346
		بين العقيدة والقيادة	اللواء الرّكن محمود شيت خطابْ	ShamAY	1207	0.30346
		الجامع الصحيح للسيرة النبوية	الأستاذ الدكتور سعد المرصفي	ShamAY	32331	0.30346
		 اللوامع الإلهية في المباحث الكلامية 	 المقداد السيوري 	ABLibrary	8584	0.30345
		فقه العبادات على المذهب الحنفي	الحاجة نجاح الحلبي	ShamAY	650	0.30343
		 شمس العلوم ودواء كلام العرب من الكلوم 	 نشوان بن سعيد الحميري 	ABLibrary	9793	0.30343
		نصوص في علوم القرآن	جمعي از نويسندگان	Ghbook	9496	0.3034
		الرد على شبهات من أجاز الاحتفال بالمولد		ShamAY	36584	0.30339
		بستان الأحبار مختصر نيل الأوطار	فيصل بن عبد العزيز بن فيصل ابن حمد المبارك الحريملي النجدي (المتوفى: 1376هـ)	ShamAY	9253	0.30338
		البدائع في علوم القرآن 	محمد بن ابي بكر بن ايوب زرعي	Ghbook	2853	0.30335
		فاسألوا أهل الذكر	د. محمد التيجاني السماوي	Masaha	354	0.30334
		مآثر الكبراء في تأريخ سامرّاء [ج ١]	الشيخ ذبيح الله المحلاتي	Rafed	2364	0.30332
		 الأسفار عن رسالة الأنوار فيما يتجلى لأهل الذكر من الأنوار 	 عبد الكريم بن ابراهيم الجيلي 	ABLibrary	8809	0.30331
		 الحاشية على أصول الكافي 	 المولى محمد أمين الاسترابادى 	ABLibrary	7911	0.30331
		مجموعة رسائل وفتاوى في مسائل مهمة تمس إليها حاجة العصر	مجموعة من المؤلفين	ShamAY	30944	0.3033
		الديارات للأصبهاني	علي بن الحسين بن محمد بن أحمد بن الهيثم المرواني الأموي القرشي، أبو الفرج الأصبهاني (المتوفى: 356هـ)	ShamAY	725	0.30329
		النظام القضائي في الفقه الإسلامي	محمد رأفت عثمان	Sham19Y	10744	0.30328
		 الأنوار الجلالية في شرح الفصول النصيرية 	 المقداد السيوري 	ABLibrary	8350	0.30327
		التربية في عصور ما قبل الإسلام وبعده	عباس محجوب	ShamAY	10291	0.30326
		التنبيه على مشكلات الهداية	صدر الدين عليّ بن عليّ ابن أبي العز الحنفي (المتوفى 792 هـ)	ShamAY	32679	0.30323
		تخريج أحاديث مشكلة الفقر وكيف عالجها الإسلام	محمد ناصر الدين الألباني (المتوفى: 1420هـ)	ShamAY	365	0.30323
		تأسيس التقديس في كشف تلبيس داود بن جرجيس	عبد الله بن عبد الرحمن بن عبد العزيز بن عبد الرحمن بن عبد الله بن سلطان بن خميس الملقب ب"أبابطين" (المتوفى: 1282ه)	Sham19Y	11079	0.30323
		بنور فاطمة (ع) اهتديت	السيد عبد المنعم حسن	Rafed	268	0.30323
		الميزان في تفسير القرآن [ج ٦]	آية الله السيد محمد حسين الطباطبائي	Rafed	1435	0.30322
		الشمس وراء السحب	كمال السيد	Rafed	90	0.30322
		اللهوف	سيد رضي الدين علي بن موسي بن طاووس ابن طاووس	Ghbook	2457	0.30321
		إيضاح الدلائل في الفرق بين المسائل	عبد الرحيم بن عبد الله بن محمد الزريراني الحنبلي رحمه الله (المتوفى: 741 هـ)	ShamAY	38520	0.30319
		عاصفه السلام	كمال السيد	Ghbook	6079	0.30319
		شرح العقيدة الواسطية، ويليه ملحق الواسطية	محمد بن خليل حسن هرّاس (المتوفى: 1395هـ)	ShamAY	22934	0.30315
		الحسين عليه السلام سماته وسيرته	السيد محمد رضا الحسيني الجلالي	Rafed	1537	0.30311
		نفحات الهدايه: مستبصرون ببركه الامام الحسين عليه السلام	ياسر الصالحي	Ghbook	12332	0.30307
		شمس العلوم ودواء كلام العرب من الكلوم	نشوان بن سعيد الحميرى اليمني (المتوفى: 573ه)	Sham19Y	23358	0.30306
		الكافي [ج ٧]	أبو جعفر محمّد بن يعقوب الكليني الرازي	Rafed	1050	0.30306
		الحق المبين في معرفة الملائكة المقربين	محمد علي محمد إمام	ShamelaY19	37346	0.30305
		معارج القبول بشرح سلم الوصول	حافظ بن أحمد حكمي	ShamelaY19	20854	0.30304
		القرآن الكريم و روايات المدرستين	مرتضي عسكري	Ghbook	7582	0.30303
		حاشية الدرة المضية في عقد الفرقة المرضية	عبد الرحمن بن محمد بن قاسم العاصمي الحنبلي النجدي (المتوفى: 1392ه)	Sham19Y	7369	0.30302
		التوسل أنواعه وأحكامه	أبو عبد الرحمن محمد ناصر الدين، بن الحاج نوح بن نجاتي بن آدم، الأشقودري الألباني (المتوفى: 1420هـ)	ShamAY	7592	0.30301
		مزاعم وأخطاء وتناقضات وشبهات بودلي في كتابه «الرسول، حياة محمد» دراسة نقدية	مهدي بن رزق الله أحمد	ShamAY	11450	0.30298
		الإنصاف في معرفة الراجح من الخلاف (المطبوع مع المقنع والشرح الكبير)	علاء الدين أبو الحسن علي بن سليمان بن أحمد المَرْداوي (المتوفى: 885 هـ)	ShamAY	37990	0.30297
		الصحيح من سيرة النبي الأعظم صلّى الله عليه وآله [ج ٢]	السيد جعفر مرتضى العاملي	Rafed	2469	0.30297
		 المكتوبات ( الدرر المكنونات النفيسة ) 	 أحمد الفاروقي السرهندي 	ABLibrary	8846	0.30295
		آلاء الرحمن في تفسير القرآن [ج ٢]	الشيخ محمد جواد البلاغي	Rafed	3151	0.30294
		الفرقان في تفسير القرآن بالقرآن والسنّة [ج ١٢]	الشيخ محمد الصادقي	Rafed	3023	0.30294
		وصايا الرّسول لزوج البتول عليهم السلام	السيد علي الحسيني الصدر	Rafed	403	0.30294
		التفسير الموضوعي للقرآن الكريم ونماذج منه	أحمد بن عبد الله الزهراني	ShamAY	4185	0.3029
		نزهة الأمم في العجائب والحكم‏	محمد بن أحمد ابن أياس	Masaha	4846	0.30287
		طرف من الانباء و المناقب	سيد رضي الدين علي بن موسي بن طاووس ابن طاووس	Ghbook	9533	0.30287
		الاستدلال بالظني في العقيدة	فتحي سليم	ShamAY	35720	0.30284
		الحدائق الناضرة [ج ٧]	الشيخ يوسف بن أحمد البحراني [ صاحب الحدائق ]	Rafed	2829	0.30284
		جواهر الدرر في حل ألفاظ المختصر	أبو عبد الله شمس الدين محمد بن إبراهيم بن خليل التتائي المالكي (000 - 942 ه)	ShamelaY19	150676	0.30282
		الوجيز في حقوق الإولاد في الإسلام - ط2	علي بن نايف الشحود	ShamAY	34841	0.30282
		 رسائل ابن حزم الأندلسي 	 ابن حزم 	ABLibrary	8432	0.30282
		ابتلائات الامم : تاملات في الطريق الي المسيح الدجال و المهدي النتظر في اليهوديه ...	سعيد ايوب	Ghbook	4547	0.30282
		أمنا عائشة حبيبة نبينا صلى الله عليه وسلم	شحاتة محمد صقر	Sham19Y	36154	0.30281
		ذكر المدلسين	أبو عبد الرحمن أحمد بن شعيب بن علي الخراساني، النسائي (المتوفى: 303هـ)	ShamAY	25868	0.3028
		أحكام الفقير والمسكين في القرآن العظيم والسنة النبوية	الواحدي :: محمد بن عمر بازمول	ShamAY	36216	0.3028
		الفقه الأكبر (مطبوع مع الشرح الميسر على الفقهين الأبسط والأكبر المنسوبين لأبي حنيفة تأليف محمد بن عبد الرحمن الخميس)	ينسب لأبي حنيفة النعمان بن ثابت بن زوطي بن ماه (المتوفى: 150ه)	Sham19Y	6388	0.30279
		عرف الطّيب من أخبار مكّة ومدينة الحبيب	محمد بن محمد بن عبد الله الواسطي بن العاقولي	Rafed	2490	0.30279
		المنهج الصحيح	عبد الله بن محمد الغنيمان	ShamelaY19	36516	0.30278
		مناسك الحج والعمرة في الإسلام في ضوء الكتاب والسنة - مفهوم، وفضائل، ومنافع، وفوائد، وشروط، وأركان، وواجبات، وآداب، ومسائل، وحكم، وأحكام	د. سعيد بن على بن وهف القحطاني	ShamelaY19	96547	0.30277
		دورة تدريبية في مصطلح الحديث	أبو الأشبال حسن الزهيري آل مندوه المنصوري المصري	ShamelaY19	37606	0.30277
		التفسير المظهري	المظهري، محمد ثناء الله	Sham19Y	21766	0.30276
		إيضاح الدلائل في الفرق بين المسائل	عبد الرحيم بن عبد الله بن محمد الزريراني الحنبلي رحمه الله (المتوفى: 741 ه)	Sham19Y	6534	0.30276
		‏القواعد العامة في الفقه المقارن	السيد محمد تقي الحكيم	Masaha	2365	0.30276
		 معرفة المعاد 	 السيد محمد حسين الطهراني 	ABLibrary	8880	0.30275
		الخلاصة الجامعة في قواعد التفسير النافعة	حامد العلي	ShamAY	36805	0.30274
		الإبهاج في شرح المنهاج (شرح على منهاج الوصول إلى علم الأصول للقاضي البيضاوي المتوفى سنة 685 ه)	شيخ الإسلام علي بن عبد الكافي السبكي (المتوفى: 756 ه) وولده تاج الدين عبد الوهاب بن علي السبكي (المتوفى: 771 ه)	ShamelaY19	147104	0.30273
		فقه الأدعية والأذكار	عبد الرزاق بن عبد المحسن البدر	ShamAY	12048	0.30273
		العباس بن علي عليه السلام	محمد البغدادي	Ghbook	12301	0.30272
		الأشتر النخعي (حياته وشعره)	الدكتور عدنان محمد أحمد	ShamAY	34460	0.30267
		أحكام المساجد في الشريعة الإسلامية (الجزء الثاني)	إبراهيم بن صالح الخضيري	ShamelaY19	31248	0.30266
		الجمل في النحو	عبدالرحمان بن اسحاق زجاجي	Ghbook	16342	0.30261
		المنتخب من كتب شيخ الإسلام ابن تيمية	علوي بن عبد القادر السَّقَّاف	ShamAY	22890	0.3026
		نور الابصار في احوال الائمه التسعه الابرار ( عليهم السلام ) - الامام الصادق ( عل...	محمد مهدي مازندراني حائري	Ghbook	6251	0.3026
		فتاوى موقع الألوكة	مجموعة من المؤلفين	ShamAY	37644	0.30259
		سجود التلاوة وأحكامه	د صالح بن عبد الله اللاحم	Sham19Y	36537	0.30259
		دروسٌ وعبرٌ منَ الهجرةِ النَّبويَّةِ	علي بن نايف الشحود	ShamAY	37383	0.30258
		مجمع الفائدة والبرهان في شرح إرشاد الأذهان [ج ٧]	الشيخ أحمد بن محمّد الأردبيلي [ المقدّس الأردبيلي ]	Rafed	1904	0.30257
		 نفح الطيب من غصن الأندلس الرطيب 	 أحمد بن محمد المقري التلمساني 	ABLibrary	9297	0.30256
		سجود التلاوة وأحكامه	د صالح بن عبد الله اللاحم	ShamAY	337	0.30255
		البحث عن الامام المهدي عجل الله تعالي فرجه الشريف	السيد جمال محمد صالح	Ghbook	16110	0.30254
		إعراب القرآن [ج ٣]	الزجّاج	Rafed	3144	0.30253
		 بحار الأنوار 	 العلامة المجلسي 	ABLibrary	772	0.30251
		 تاريخ نجد ( روضة الأفكار والأفهام ) 	 حسين بن غنام 	ABLibrary	9010	0.30251
		قضاء أمير المؤمنين علي بن أبي طالب(ع)	الشيخ اسد الله التستري	Masaha	2882	0.30251
		الفتاوى الحديثية لابن حجر الهيتمي (ط الحلبي)	أحمد شهاب الدين بن حجر الهيتمي المكي.	ShamAY	34350	0.3025
		تبريد حرارة المصيبة عند موت الأحباب وفقد ثمرات الأفئدة وفلذات الأكباد في ضوء الكتاب والسنة	د. سعيد بن علي بن وهف القحطاني	ShamelaY19	96482	0.30247
		الحث على اتباع السنة والتحذير من البدع وبيان خطرها	عبد المحسن بن حمد بن عبد المحسن بن عبد الله بن حمد العباد البدر	ShamAY	7605	0.30247
		العرش للذهبي	شمس الدين أبو عبد الله محمد بن أحمد بن عثمان بن قَايْماز الذهبي (المتوفى: 748هـ)	ShamAY	7350	0.30246
		و الي الشباب نقول ...	آيت الله العظمي سيد محمد حسيني شيرازي	Ghbook	7866	0.30245
		أدب النفس	محمد بن علي بن الحسن بن بشر، أبو عبد الله، الحكيم الترمذي (المتوفى: نحو 320ه)	ShamelaY19	37054	0.30244
		الشيخ الطوسي مفسراً	خضير جعفر	Rafed	150	0.30241
		فوائد منتقاة من حديث أبي شعيب الحراني	عبد الله بن الحسن أحمد، أبو شعيب الأموي الحراني (المتوفى: 295ه)	ShamelaY19	29712	0.3024
		خطبة الوداع فوائد وفرائد	محمد أحمد عبد الغني	ShamAY	34977	0.3024
		يا مسلمون إحذروا الشيعة الإمامية وما تخفي صدورهم أكبر		ShamAY	35322	0.30239
		من قصص المعصومين عليهم السلام	آيت الله العظمي سيد محمد حسيني شيرازي	Ghbook	16347	0.30238
		 سند العروة الوثقى ( كتاب الحج ) 	 تقرير بحث الشيخ محمد السند لسيد الماجد والشيخ حسن العصفور 	ABLibrary	9546	0.30235
		دراسات في تميز الأمة الإسلامية وموقف المستشرقين منه	إسحاق بن عبد الله السعدي	ShamAY	32452	0.30229
		جواهر الحكمه للشباب	محمد محمدي ري شهري	Ghbook	16000	0.30227
		كشف اللثام و الإبهام عن قواعد الأحكام - الجزء1	الفاضل الهندي	Masaha	1431	0.30225
		قطوف من نعوت السلف	زيد بن محمد المدخلي	ShamAY	32983	0.30224
		النظام القضائي في الفقه الإسلامي	محمد رأفت عثمان	ShamAY	10744	0.30223
		الإمتاع والمؤانسة	أبو حيان التوحيدي، علي بن محمد بن العباس (المتوفى: نحو 400هـ)	ShamAY	10521	0.30223
		مباحث العقيدة في سورة الزمر	ناصر بن علي عائض حسن الشيخ	ShamAY	12059	0.30221
		أهمية دراسة السيرة النبوية والعناية بها في حياة المسلمين	محمد بن محمد العواجي	ShamAY	10899	0.30221
		تذكرة المؤتسي شرح عقيدة الحافظ عبد الغني المقدسي	عبد الرزاق بن عبد المحسن البدر	ShamAY	11093	0.30217
		جوابات اهل الموصل	محمد بن  محمد بن نعمان شيخ مفيد	Ghbook	2496	0.30215
		صحيح فقه السنة وأدلته وتوضيح مذاهب الأئمة	أبو مالك كمال بن السيد سالم	ShamAY	31775	0.30212
		خطبة الجمعة وأحكامها الفقهية	عبد العزيز بن محمد بن عبد الله الحجيلان	ShamAY	31259	0.30212
		العرش للذهبي	شمس الدين أبو عبد الله محمد بن أحمد بن عثمان بن قايماز الذهبي (المتوفى: 748ه)	Sham19Y	7350	0.30211
		درجات الصاعدين الى مقامات الموحدين	محمد الحفظي	ShamAY	35740	0.3021
		التذهيب في أدلة متن الغاية والتقريب المشهور ب متن أبي شجاع في الفقه الشافعي	مصطفى ديب البغا الميداني الدمشقي الشافعي	ShamelaY19	95564	0.30209
		الوقف القرآني وأثره في الترجيح عند الحنفية	عزت شحاته كرار محمد	ShamAY	1205	0.30203
		مكفرات الذنوب وموجبات الجنة	عبد الرحمن بن علي بن محمد الشيباني الزبيدي الشافعي، وجيه الدين، المعروف بابن الديبع (المتوفى: 944ه)	ShamelaY19	28114	0.30199
		الصبح المنبي عن حيثية المتنبي (مطبوع بهامش شرح العكبري)	يوسف البديعي الدمشقي (المتوفى: 1073ه)	ShamelaY19	21498	0.30195
		الرد على من قال بإختلاف الأهلة و احتج بحديث كريب	الشريف أبي محمد الحسن بن علي الكتاني الأثري	ShamAY	36384	0.30195
		تيسير العلام شرح عمدة الأحكام	أبو عبد الرحمن عبد الله بن عبد الرحمن بن صالح بن حمد بن محمد بن حمد البسام (المتوفى: 1423هـ)	ShamAY	9878	0.30193
		التفسير المظهري	المظهري، محمد ثناء الله	ShamAY	21766	0.30189
		في رحاب اهل البيت ( عليهم السلام )	المجمع العالمي لاهل البيت عليهم السلام	Ghbook	805	0.30189
		الفرق بين الرقية الشرعية والرقية التجارية ووجوب تعظيم واحترام ذكر الله تعالى	عبد الكريم بن صالح الحميد	ShamAY	34899	0.30188
		اللّباب في علوم الكتاب [ج ١٣]	أبي حفص عمر بن علي بن عادل الدمشقي الحنبلي	Rafed	3112	0.30188
		الوسيط في تراجم أدباء شنقيط والكلام على تلك البلاد تحديدا وتخطيطا وعاداتهم وأخلاقهم وما يتعلق بذلك	أحمد بن الأمين الشّنْقِيطي (المتوفى: 1331هـ)	ShamAY	1629	0.30185
		علم اليقين من تاريخ الرافضة المشين في عداء المسلمين ومعاونة المحتلين	يونس العلي	ShamAY	35703	0.30184
		الوابل الصيب - الكتاب العربي	محمد بن أبي بكر أيوب الزرعي أبو عبد الله	ShamAY	34420	0.30182
		تأسيس التقديس في كشف تلبيس داود بن جرجيس	عبد الله بن عبد الرحمن بن عبد العزيز بن عبد الرحمن بن عبد الله بن سلطان بن خميس الملقب بـ"أبابطين" (المتوفى: 1282هـ)	ShamAY	11079	0.30181
		الباعث على شرح الحوادث	أَبِو عَبد الرَّحمَن مُقْبلُ بنُ هَادِي بنِ مُقْبِلِ بنِ قَائِدَةَ (اسم رجل) الهَمْدَاني الوادعِيُّ (المتوفى: 1422هـ)	ShamAY	2005	0.30181
		شمس العلوم [ج ٧]	نشوان بن سعيد الحميري	Rafed	1397	0.3018
		نهج المستنير وعصمة المستجير	الدكتور السيد صلاح الدين الحسيني	Rafed	1236	0.30179
		روضه المحبين في احوال اميرالمومنين عليه السلام	عيسي بن حسين علي آل كبه	Ghbook	11638	0.30179
		اعلام الهدايه (الامام علي بن ابيطالب عليه السلام)	مجمع جهاني اهل بيت عليهم السلام	Ghbook	8384	0.30179
		الجَامعُ لأحكامِ الصَّلاة وصِفة صَلاة النَّبيِّ -صَلَّى اللَّهُ عَلَيْهِ وَسَلَّمَ-	عادل بن سعد	ShamAY	950	0.30178
		معالم الفتن: نظرات في حركه الاسلام و تاريخ المسلمين	سعيد ايوب	Ghbook	10420	0.30177
		فتح العلي المالك في الفتوى على مذهب الإمام مالك	محمد بن أحمد بن محمد عليش، أبو عبد الله المالكي (المتوفى: 1299هـ)	ShamAY	21688	0.30176
		شرح الصيام من دليل الطالب	أنيس المصعبي	ShamAY	36352	0.30174
		كيف نستفيد من الكتب الحديثية الستة	عبد المحسن بن حمد بن عبد المحسن بن عبد الله بن حمد العباد البدر	ShamAY	11360	0.30174
		الإجابة الجلية على الأسئلة الكويتية	حمود بن عبد الله بن حمود بن عبد الرحمن التويجري (المتوفى: 1413هـ)	ShamAY	32268	0.30173
		شرح شروط الصلاة وأركانها وواجباتها لشيخ الإسلام محمد بن عبد الوهاب	عبد المحسن بن حمد بن عبد المحسن بن عبد الله بن حمد العباد البدر	ShamAY	11262	0.30173
		الْعَقَائِدُ الْإِسْلاَمِيَّةِ مِنَ الْآيَاتِ الْقُرْآنِيَّةِ وَالْأَحَادِيثِ النَّبَوِيَّةِ	عبد الحميد محمد بن باديس الصنهاجي (المتوفى: 1359هـ)	ShamAY	1698	0.30173
		أحكام العبادات المترتبة على طلوع الفجر الثاني	ناصر بن محمد بن مشري الغامدي	Sham19Y	14526	0.30171
		مفاهيم القرآن [ج ٧]	الشيخ جعفر السبحاني	Rafed	348	0.3017
		فقه السنة	سيد سابق (المتوفى: 1420هـ)	ShamAY	9486	0.30168
		الحدائق الناضرة [ج ١١]	الشيخ يوسف بن أحمد البحراني [ صاحب الحدائق ]	Rafed	2847	0.30168
		كشف الحال في وصف الخال	صلاح الدين خليل بن أيبك الصفدي (المتوفى: 764هـ)	ShamAY	5393	0.30164
		موسوعة أدب المحنة	السيد محمد علي الحلو	Masaha	77	0.30164
		شرح الحموية لابن تيمية - الراجحي	عبد العزيز بن عبد الله الراجحي	ShamAY	49	0.3016
		فاجعه الطف	آيت الله سيد محمد كاظم قزويني	Ghbook	5973	0.30158
		الأجوبة النافعة عن أسئلة لجنة مسجد الجامعة	أبو عبد الرحمن محمد ناصر الدين، بن الحاج نوح بن نجاتي بن آدم، الأشقودري الألباني (المتوفى: 1420ه)	Sham19Y	7524	0.30157
		كلمه الامام زين العابدين ( عليه السلام )	حسن شيرازي	Ghbook	8053	0.30155
		نظرات معاصرة في القرآن الكريم	الدكتور محمد حسين علي الصّغير	Rafed	225	0.30154
		 ولاية الفقيه في حكومة الإسلام 	 السيد محمد حسين الطهراني 	ABLibrary	9446	0.30153
		السياسة الشرعية في إصلاح الراعي والرعية	الواحدي :: ابن تيمية	ShamAY	34347	0.30152
		شرح مقدمة صحيح مسلم	عبد الكريم الخضير	ShamAY	162	0.30152
		البعد عن التعامل الصحيح مع النص وأثره في افتراق الأمة	أنس سليمان	ShamAY	37610	0.30152
		ذكرى الشيعة في أحكام الشّريعة [ج ٣]	محمّد بن جمال الدّين مكّي العاملي الجزيني [ الشهيد الأول ]	Rafed	541	0.30152
		الفوائد المدنية (حوار حول الاصول في مدينةالرسول)	حسين  الشيخ الاسلامي  التويسركاني	Ghbook	14045	0.30152
		 تاريخ طبرستان 	 محمد بن حسن بن اسفنديار 	ABLibrary	8994	0.30151
		التوسل مفهومه وأقسامه وحكمه في الشريعة الإسلامية الغرّاء	الشيخ جعفر السبحاني	Masaha	225	0.30149
		زبدة التّفاسير [ج ٣]	فتح الله بن شكر الله الشريف الكاشاني	Rafed	1712	0.30148
		أصل كلمة «شاطر»	إبراهيم بن عبد الله المديهش	ShamelaY19	145421	0.30146
		 عرف الطيب من أخبار مكة ومدينة الحبيب 	 محمد بن محمد العاقولي 	ABLibrary	9140	0.30145
		اختيار الأولى في شرح حديث اختصام الملأ الأعلى المؤلف: زين الدين عبد الرحمن بن أحمد بن رجب بن الحسن، السَلامي، البغدادي، ثم الدمشقي، الحنبلي (المتوفى: 795هـ)	ابن رجب الحنبلي	ShamAY	22720	0.30144
		إرشاد العباد في فضل الجهاد - سلسلة لقاء العشر الأواخر بالمسجد الحرام (14)	حسن بن إبراهيم بن حسن بن محمد، المعروف بالبيطار (المتوفى: 1272 ه)	Sham19Y	17796	0.30144
		المقصور والممدود لأبي علي القالي	أبو علي القالي إسماعيل بن القاسم (280 هـ - 356 هـ).	ShamAY	38881	0.30141
		التراويح أكثر من ألف عام في المسجد النبوي	عطية بن محمد سالم (المتوفى: 1420هـ)	ShamAY	22950	0.30137
		 مجلة فقه أهل البيت ( ع ) 	 مجموعة مؤلفين 	ABLibrary	9751	0.30137
		 موسوعة العتبات المقدسة 	 جعفر الخليلي 	ABLibrary	9254	0.30137
		فتاوى ابن الصلاح	عثمان بن عبد الرحمن، أبو عمرو، تقي الدين المعروف بابن الصلاح (المتوفى: 643هـ)	ShamAY	6137	0.30136
		نهج الحقّ وكشف الصدق	الحسن بن يوسف بن علي المطّهر [ العلامة الحلّي ]	Rafed	3527	0.30134
		تخريج الكلم الطيب	تقي الدين أبو العباس أحمد بن عبد الحليم بن عبد السلام بن عبد الله بن أبي القاسم بن محمد ابن تيمية الحراني الحنبلي الدمشقي (المتوفى: 728هـ)	ShamAY	327	0.30133
		معارج الوصول الي معرفه فضل آل الرسول و البتول ( عليهم الصلاه و السلام ) - الامام...	محمد بن يوسف زرندي	Ghbook	6084	0.30128
		نوادر المعجزات في مناقب الائمه الهداه ( عليهم السلام ) - الامام ابوالحسن علي بن ...	طبري امامي ( صغير ) ابوجعفر محمد بن جرير بن رستم ( قرن 4و5 ق ) ( صاحب دلائل الامامه )	Ghbook	4049	0.30127
		ندوة الوقف في الشريعة الإسلامية ومجالاته	عمر زهير حافظ	ShamAY	36530	0.30126
		مختصر اليمانيات المسلولة على الرافضة المخذولة	-	ShamelaY19	37631	0.30123
		 شرح الشفاء ( شرح ملا علي القاري ) 	 القاضي عياض 	ABLibrary	8457	0.30121
		الشورى في الشريعة الإسلامية	القاضي حسين بن محمد المهدي	ShamAY	503	0.3012
		رسالة في الرد على الرافضة (مطبوع ضمن مؤلفات الشيخ محمد بن عبد الوهاب، الجزء الثاني عشر)	محمد بن عبد الوهاب بن سليمان التميمي النجدي (المتوفى: 1206هـ)	ShamAY	11217	0.30118
		لوامع الانوار العرشيه في شرح الصحيفه السجاديه	محمد باقربن محمد  ملاباشي شيرازي	Ghbook	12851	0.30117
		اكتفاء القنوع بما هو مطبوع، أشهر التآليف العربية في المطابع الشرقية والغربية	ادوارد كرنيليوس فانديك (المتوفى: 1313هـ)	ShamAY	9199	0.30115
		أحكام الجنائز - مفهوم، واغتنام، ومواعظ، وآداب، وحقوق وصبر، واحتساب، وفضائل، وأحكام في ضوء الكتاب والسنة	د. سعيد بن على بن وهف القحطاني	ShamelaY19	96453	0.30114
		فتاوى المرأة المسلمة	مجموعة من المؤلفين	ShamAY	37637	0.30114
		الدليل العقلي على إمامة علي عليه السلام	السيّد علي الحسيني الميلاني	Rafed	13	0.30114
		اول حكومه اسلاميه في المدينه المنوره	آيت الله العظمي سيد محمد حسيني شيرازي	Ghbook	8026	0.30113
		الوجيز في الامامه و الولايه	احمد حسين يعقوب اردني	Ghbook	4555	0.30113
		الخلاصة في أشراط الساعة الكبرى	الواحدي :: علي بن نايف الشحود	ShamAY	36078	0.30112
		الرحلة إلى مصر والسودان والحبشه [ج ٢]	أوليا چلبي	Rafed	2321	0.30111
		الفقه: النظافه	آيت الله العظمي سيد محمد حسيني شيرازي	Ghbook	8019	0.30111
		الامامه و النص	المجمع العالمي لاهل البيت عليهم السلام	Ghbook	7527	0.30111
		الشرح الممتع على زاد المستقنع	محمد بن صالح بن محمد العثيمين (المتوفى: 1421هـ)	ShamAY	1520	0.30106
		المرأة في ظلّ الإسلام	السّيدة مريم نور الدّين فضل الله	Rafed	76	0.30106
		من فتاوى الشيخ محمد الأمين الشنقيطي	الشنقيطي، محمد الأمين	ShamAY	37670	0.30105
		دراسات في التصوف والفلسفة الإسلامية	صالح الرقب	ShamAY	33866	0.30104
		بحوث ومقالات في اللغة	رمضان عبد التواب (المتوفى: 1422هـ)	ShamAY	15043	0.30104
		الاسلام محمدي الوجود ... حسيني البقاء	السيد مصطفى المزيدي	Masaha	671	0.30104
		القول الرشيد في أهم أنواع التوحيد	سليمان العلوان	ShamAY	35762	0.30103
		فيض الرحمن الرحيم في دروس رمضان الكريم	أبو محمد عبد الله بن محمد بن أحمد الطيار	ShamAY	34938	0.30101
		المرأة في موكب الدعوة	مصطفى الطحان	ShamAY	33443	0.30101
		سوس العالمة	محمد المختار بن علي بن أحمد الإلغي السوسي (المتوفى: 1383هـ)	ShamAY	212	0.30097
		الحدائق الناضرة [ج ٦]	الشيخ يوسف بن أحمد البحراني [ صاحب الحدائق ]	Rafed	2827	0.30096
		صحة سند حديث الكساء الالهي	نجاح الطائي	Ghbook	16209	0.30093
		حجية القياس والرد علي المخالفين	يوسف بن عبد الرحمن	Sham19Y	1749	0.30087
		 دلائل الصدق لنهج الحق 	 الشيخ محمد حسن المظفر 	ABLibrary	942	0.30083
		الشبهات التي أثيرت حول دعوة الشيخ محمد بن عبد الوهاب (مطبوع ضمن بحوث ندوة دعوة الشيخ محمد بن عبد الوهاب)	عبد الكريم الخطيب	ShamAY	7648	0.30079
		رياض الابرار في مناقب الائمه الاطهار ( عليهم السلام )	سيد نعمه الله موسوي حسيني جزايري	Ghbook	9657	0.30078
		جامع الأحاديث القدسية- قسم الضعيف والموضوع	الشيخ أبو عبدالرحمن عصام الدين الصبابطي	ShamAY	33067	0.30076
		المجالس السنيه في مناقب و مصائب العتره النبويه ( الامام الباقر عليه السلام )	محسن امين عاملي	Ghbook	6280	0.30076
		شرح اختصار علوم الحديث - عبد الكريم الخضير	عبد الكريم الخضير	ShamAY	138	0.30075
		تفسير جزء عم للشيخ مساعد الطيار	د مساعد بن سليمان بن ناصر الطيار	ShamelaY19	21561	0.30073
		مرآة الرشاد	الشيخ عبد الله المامقاني	Masaha	2963	0.30071
		الائمة الاثنا عشر عليهم السلام	هاشم معروف الحسني	Ghbook	6053	0.30071
		شرح اختصار علوم الحديث - عبد الكريم الخضير	عبد الكريم الخضير	Sham19Y	23361	0.30068
		موسوعة الأخلاق - الخراز	خالد بن جمعة بن عثمان الخراز	ShamAY	31685	0.30067
		إحياء علوم الدين	أبو حامد محمد بن محمد الغزالي الطوسي (المتوفى: 505هـ)	ShamAY	9472	0.30066
		مختصر زاد المعاد	محمد بن عبد الوهاب بن سليمان التميمي النجدي (المتوفى: 1206هـ)	ShamAY	31457	0.30065
		الرد القويم البالغ على كتاب الخليلي المسمى بالحق الدامغ	علي بن محمد بن ناصر الفقيهي	ShamAY	35466	0.30065
		شرح السنة للبربهاري - دار ابن القيم	الحسن بن علي بن خلف البربهاري أبو محمد	ShamAY	33891	0.30063
		الائمة الاثنا عشر عليهم السلام	آيت الله العظمي جعفر سبحاني	Ghbook	6094	0.30063
		الصبح المنبي عن حيثية المتنبي (مطبوع بهامش شرح العكبري)	يوسف البديعي الدمشقي (المتوفى: 1073هـ)	ShamAY	21498	0.30062
		نهر الذّهب في تاريخ حلب [ج ٣]	كامل البالي الحلبي [ الغزي ]	Rafed	3014	0.30062
		بهجة قلوب الأبرار وقرة عيون الأخيار في شرح جوامع الأخبار	أبو عبد الله، عبد الرحمن بن ناصر بن عبد الله بن ناصر بن حمد آل سعدي (المتوفى: 1376هـ)	ShamAY	9945	0.30059
		 بحار الأنوار 	 العلامة المجلسي 	ABLibrary	786	0.30058
		مختصر تفسير ابن كثير	(اختصار وتحقيق) محمد علي الصابوني	ShamelaY19	21549	0.30056
		الإحكام شرح أصول الأحكام لابن قاسم	عبد الرحمن بن محمد بن قاسم العاصمي القحطاني الحنبلي النجدي (المتوفى: 1392ه)	Sham19Y	96231	0.30056
		الانتصارات الإسلامية في كشف شبه النصرانية	سليمان بن عبد القوي بن الكريم الطوفي الصرصري، أبو الربيع، نجم الدين (المتوفى: 716ه)	ShamelaY19	37713	0.30055
		قاعده القرعه	محمد جواد فاضل لنكراني	Ghbook	15201	0.30054
		الزحام وأثره في أحكام النسك	الواحدي :: خالد المصلح	ShamAY	36385	0.30053
		من مخازي الرافضة عبر التاريخ	-	ShamAY	588	0.30052
		الطريق الى خراسان	كمال السيد	Rafed	70	0.3005
		منازل الحور العين في قلوب العارفين برب العالمين	أبو محمد عبد الكريم بن صالح بن عبد الكريم الحميد	ShamelaY19	37571	0.30049
		شمس العلوم ودواء كلام العرب من الكلوم	نشوان بن سعيد الحميرى اليمني (المتوفى: 573هـ)	ShamAY	161	0.30048
		 نقض الوشيعة أو الشيعة بين الحقائق الأوهم 	 السيد محسن الأمين 	ABLibrary	8670	0.30048
		ظاهرة ضعف الإيمان	محمد صالح المنجد	ShamelaY19	36391	0.30046
		أصول الفقه لابن مفلح	محمد بن مفلح بن محمد بن مفرج، أبو عبد الله، شمس الدين المقدسي الرامينى ثم الصالحي الحنبلي (المتوفى: 763ه)	ShamelaY19	122256	0.30045
		الحدود في علم النحو	أحمد بن محمد بن محمد البجائي الأبذي، شهاب الدين الأندلسي (المتوفى: 860ه)	Sham19Y	10340	0.30045
		تحريف القرآن عند الرافضة	.. ..	ShamAY	35301	0.30043
		من لا يحضره الفقيه - الجزء1	الشيخ الصدوق	Masaha	539	0.30041
		أهمية العناية بالتفسير والحديث والفقه	عبد المحسن بن حمد بن عبد المحسن بن عبد الله بن حمد العباد البدر	ShamAY	10871	0.3004
		اللمحة اللطيفة في ذكر أحوال كسوة الكعبة الشريفة	ابن حجر العسقلاني (852 هـ)	ShamAY	34329	0.3004
		شروط لا إله إلا الله	د عواد بن عبد الله المعتق	ShamAY	3542	0.3004
		المفصل في أحكام العقيقة	حسام الدين بن موسى محمد بن عفانة	ShamelaY19	37333	0.30039
		منزلة الصلاة في الإسلام - المفهوم، والحكم، والمنزلة، والخصائص، وحكم الترك، والفضائل في ضوء الكتاب والسنة	د. سعيد بن علي بن وهف القحطاني	ShamelaY19	31234	0.30039
		فقه التمكين عند دولة المرابطين	عَلي محمد محمد الصَّلاَّبي	ShamAY	236	0.30039
		 نظام النكاح في الشريعة الإسلامية الغراء 	 الشيخ السبحاني 	ABLibrary	9604	0.30039
		المرجئة		ShamAY	35646	0.30037
		 بحار الأنوار 	 العلامة المجلسي 	ABLibrary	789	0.30034
		وفاة النبي - صلى الله عليه وسلم - «وأظلمت المدينة»	نزار عبد القادر بن محمد الريان النعلاواني العسقلاني (المتوفى: 1430 هـ)	ShamAY	32326	0.30031
		الصحيح من سيرة النبي الأعظم صلّى الله عليه وآله [ج ٢٢]	السيد جعفر مرتضى العاملي	Rafed	2524	0.3003
		صفة النار في القرآن والسنة	علي بن نايف الشحود	ShamAY	34849	0.30029
		تاريخ طبرستان	بهاء الدين محمد بن حسن بن إسفنديار	Rafed	2197	0.30029
		المجالس السنيه في مناقب و مصائب العتره النبويه ( الامام العسكري عليه السلام )	محسن امين عاملي	Ghbook	6225	0.30029
		المتواري علي تراجم أبواب البخاري	أحمد بن محمد بن منصور بن القاسم بن مختار القاضي، أبو العباس ناصر الدين ابن المنير الجذامي الجروي الإسكندراني (المتوفى: 683ه)	Sham19Y	5772	0.30026
		الولد الميت قبل ابيه يستحق اولاده الايتام الارث	نجاح الطائي	Ghbook	15446	0.30023
		مجموعة الرسائل والمسائل النجدية (الجزء الرابع، القسم الثاني)	لبعض علماء نجد الأعلام	ShamAY	11378	0.30022
		الصارم البتار للإجهاز على من خالف الكتاب والسنة والإجماع والآثار	حمود بن عبد الله بن حمود بن عبد الرحمن التويجري (المتوفى: 1413ه)	Sham19Y	35155	0.30022
		السجن و النفي في مصادر التشريع الاسلامي	نجم الدين طبسي	Ghbook	9547	0.30021
		أجوبة التسولي عن مسائل الأمير عبد القادر في الجهاد	علي بن عبد السلام بن علي، أبو الحسن التسولي المالكي (المتوفى: 1258ه)	ShamelaY19	35276	0.3002
		حديث أبي الحسين بن المظفر	أبو الحسين محمد بن المظفر (المتوفى: 379ه)	ShamelaY19	29739	0.30018
		نسخة السري بن سهل	السري بن سهل الجنديسابوري (المتوفى: 346هـ)	ShamAY	28851	0.30017
		الإحكام شرح أصول الأحكام لابن قاسم	عبد الرحمن بن محمد بن قاسم العاصمي القحطاني الحنبلي النجدي (المتوفى: 1392هـ)	ShamAY	1705	0.30016
		غاية المنوة في آداب الصحبة وحقوق الأخوة	حازم خنفر	ShamAY	334	0.30016
		أضواء على ثورة الحسين عليه السلام	السيد محمّد الصدر	Rafed	1564	0.30016
		اللّباب في علوم الكتاب [ج ١٠]	أبي حفص عمر بن علي بن عادل الدمشقي الحنبلي	Rafed	3102	0.30014
		الزّواج الموفّق	الشيخ محمّد جواد المروّجي الطبسي	Rafed	911	0.30013
		فيض القدير شرح الجامع الصغير	زين الدين محمد المدعو بعبد الرؤوف بن تاج العارفين بن علي بن زين العابدين الحدادي ثم المناوي القاهري (المتوفى: 1031ه)	ShamelaY19	21660	0.30012
		نظام الإثبات في الفقه الإسلامي	عوض عبد الله أبو بكر	ShamelaY19	23082	0.30011
		دروس في مباديء تخريج الحديث النبوي مع فوائد في علوم الحديث	إسلام محمود دربالة :: إسلام دربالة	ShamAY	33078	0.30011
		الفتاوى والبيانات التي صدرت من اللجنة الدائمة في التحذير من ظاهرة الإرجاء وبعض الكتب الداعية إليه		ShamAY	35488	0.30008
		المغني في تصريف الأفعال	محمّدُ بنُ عبدِ الخالقِ بنِ عليِّ بنِ عضيمةَ (المتوفى: 1403هـ)	ShamAY	8653	0.30007
		فصول ومسائل تتعلق بالمساجد	عبد الله بن عبد الرحمن بن عبد الله بن إبراهيم بن فهد بن حمد بن جبرين (المتوفى: 1430هـ)	ShamAY	31288	0.30006
		تعريب تاريخ طبرستان	محمد بن حسن بن إسفنديار	Masaha	4802	0.30006
		السراج الوهاج لمحو أباطيل الشلبي عن الإسراء والمعراج	حمود بن عبد الله بن حمود بن عبد الرحمن التويجري (المتوفى: 1413ه)	Sham19Y	17401	0.30005
		شخصيه المومن	آيت الله العظمي سيد محمد حسيني شيرازي	Ghbook	8164	0.30005
		رسالتان في الصلاة	عبد العزيز بن عبد الله بن باز (المتوفى: 1420ه)	ShamelaY19	31261	0.30003
		الإسراء والمعراج - ت القاضي	الواحدي :: السيوطي	ShamAY	37386	0.29999
		صيانه القرآن الكريم من التحريف	المجمع العالمي لاهل البيت عليهم السلام	Ghbook	7668	0.29997
		 من فقه الزهراء ( ع ) 	 السيد محمد الحسيني الشيرازي 	ABLibrary	9489	0.29995
		حجية القياس والرد علي المخالفين	يوسف بن عبد الرحمن	ShamAY	1749	0.29994
		كتاب الصّناعتين الكتابة والشعر	أبي هلال الحسن بن عبدالله بن سهل العسكري	Rafed	3296	0.29994
		الحدائق الناضرة [ج ٩]	الشيخ يوسف بن أحمد البحراني [ صاحب الحدائق ]	Rafed	2832	0.29988
		المتواري علي تراجم أبواب البخاري	أحمد بن محمد بن منصور بن القاسم بن مختار القاضي، أبو العباس ناصر الدين ابن المنير الجذامي الجروي الإسكندراني (المتوفى: 683هـ)	ShamAY	5772	0.29984
		 موسوعة تاريخ العراق بين احتلالين 	 عباس العزاوي المحامي 	ABLibrary	9257	0.29984
		الميزان في تفسير القرآن [ج ٤]	آية الله السيد محمد حسين الطباطبائي	Rafed	1433	0.29984
		غلاء المهور وأضراره	الواحدي :: عبد الله آل جار الله	ShamAY	36211	0.2998
		أمنا عائشة حبيبة نبينا صَلَّى اللَّهُ عَلَيْهِ وَسَلَّمَ	شحاتة محمد صقر	ShamAY	555	0.29979
		الناسخ و المنسوخ	حاتم صالح الضامن	Ghbook	9489	0.29978
		تحفة المجالس في التعليقات علي فهرس الفهارس	صالح أحمد بن إدريس بن محمد بن محمد إدريس بن عبد الرحمن الأركاني ثم المكي (المتوفى: 1418ه)	Sham19Y	2138	0.29977
		رسول الإسلام محمد صلى الله عليه وسلم خاتم الأنبياء والمرسلين	إسلام محمود دربالة :: إسلام دربالة	ShamAY	37427	0.29976
		النظر من النسوة للرجال بغير شهوة	محمد العماري	ShamAY	305	0.29976
		أبو فراس الحمداني وشعره في الغدير	الشيخ عبد الحسين الأميني النجفي	Masaha	26	0.29976
		الحكومة العالميّة للإمام المهدي عليه السلام في القرآن والسنّة	الشيخ محمود شريعت زاده الخراساني	Rafed	928	0.29973
		اثبات الوصيه للامام علي بن ابي طالب عليه السلام	ابوالحسين علي بن حسين بن علي هذلي مسعودي	Ghbook	9199	0.2997
		المهذَّبُ في علاجِ العَيْنِ والمَسِّ والسِّحْرِ	الواحدي :: علي بن نايف الشحود	ShamAY	36115	0.29969
		الامامان الحسن و الحسين ( عليه السلام ) في احاديث المشتركه بين السنه و الشيعه	جمعي از نويسندگان	Ghbook	6062	0.29969
		مسائل في الإيمان - الفوزان	فضيلة الشيخ العلامة صالح بن فوزان الفوزان	ShamAY	35421	0.29968
		المهدوية عند أهل البيت	ابو الفضل الاسلامي	Masaha	4061	0.29968
		القرآن يتحدي	آيت الله العظمي سيد محمد حسيني شيرازي	Ghbook	7905	0.29968
		شرح السنة للبربهاري	أبو محمد الحسن بن علي بن خلف البربهاري (المتوفى: 329هـ)	ShamAY	8601	0.29965
		ذخيرة المعاد في شرح الإرشاد - الجزء1	المحقق السبزواري	Masaha	1269	0.29965
		المغرب في ترتيب المعرب [ج ١]	أبي الفتح ناصر الدين المطرّزي	Rafed	2322	0.29965
		المهذب في الآداب الإسلامية	علي بن نايف الشحود	ShamAY	34839	0.29964
		الدعوة إلى الله بالمجادلة مفهومها ومشروعيتها وضوابطها	الدكتور/ إبراهيم بن صالح الحميدان	ShamAY	33507	0.29962
		مختصر تفسير ابن كثير	(اختصار وتحقيق) محمد علي الصابوني	Sham19Y	21549	0.29962
		الإفهام في شرح عمدة الأحكام (شرح على متن عمدة الأحكام لشيخ الإسلام الإمام عبد الغني المقدسي - رحمه الله - (541 - 600هـ))	عبد العزيز بن عبد الله بن باز (المتوفى: 1420هـ)	ShamAY	31781	0.29961
		الفائق في غريب الحديث والأثر	أبو القاسم محمود بن عمرو بن أحمد، الزمخشري جار الله (المتوفى: 538ه)	Sham19Y	7015	0.29958
		مسالك الأفهام إلى آيات الأحكام - الجزء1	الفاضل الكاظمي	Masaha	1291	0.29958
		حقيقة شهادة أن محمدا رسول الله صلى الله عليه وسلم	عبد العزيز بن عبد الله بن محمد بن عبد اللطيف بن عبد الرحمن بن حسن بن الشيخ محمد بن عبد الوهاب	ShamAY	21770	0.29957
		الرد على الرفاعي والبوطي في كذبهما على أهل السنة ودعوتهما إلى البدع والضلال	عبد المحسن بن حمد بن عبد المحسن بن عبد الله بن حمد العباد البدر	ShamAY	7624	0.29957
		كيف تحفظ القرآن الكريم	أ. د. : عبد الرب بن نواب الدين بن غريب الدين آل نواب	ShamAY	11358	0.29955
		تفسير الخازن لباب التأويل في معاني التنزيل	علاء الدين علي بن محمد بن إبراهيم بن عمر الشيحي أبو الحسن، المعروف بالخازن (المتوفى: 741ه)	ShamelaY19	23628	0.29954
		الشريف المرتضى وشعره في الغدير	الشيخ عبد الحسين الأميني النجفي	Masaha	312	0.29953
		ثنائية الاستعمال اللغوي عند العرب .. الهمزة والتسهيل في القراءات القرانية انموذجا تطبيقيا	شهيد راضي حسين	ShamAY	37238	0.29952
		بين العقيدة والقيادة	اللواء الركن محمود شيت خطاب	Sham19Y	8645	0.29949
		الموسوعة القرانية المتخصصة	محمود حمدي زقروق	Ghbook	9443	0.29949
		رياض الصالحين ط الرسالة	أبو زكريا محيي الدين يحيى بن شرف النووي (المتوفى: 676هـ)	ShamAY	12014	0.29948
		إعجاز القرآن للباقلاني	أبو بكر الباقلاني محمد بن الطيب (المتوفى: 403هـ)	ShamAY	953	0.29945
		نظرات معاصرة في القرآن الكريم	د. محمد حسين الصغير	Masaha	1753	0.29945
		أهل البيت عليهم السلام سماتهم وحقوقهم في القرآن الكريم	الشيخ جعفر السبحاني	Rafed	1593	0.29943
		شرح المنظومة الحائية لابن أبي داود	عبد الكريم الخضير	ShamelaY19	23408	0.29939
		التوضيح والتتمات على كشف الشبهات	علي الخضير	ShamAY	35726	0.29939
		المفطرات الطبية المعاصرة (دراسة فقهية طبية مقارنة)	عبد الرزاق بن عبد الله صالح بن غالب الكندي	ShamAY	32562	0.29938
		اصبر واحتسب	عبد الملك بن محمد القاسم	ShamelaY19	95673	0.29936
		كيفية دعوة الملحدين إلى الله تعالى في ضوء الكتاب والسنة	د. سعيد بن علي بن وهف القحطاني	ShamelaY19	96516	0.29935
		قوة العقيدة سبيل النصر في غزوة بدر الكبرى	محمد عبد المقصود جاب الله	ShamAY	23078	0.29932
		منهج القرآن الكريم في دعوة المشركين إلى الإسلام	د. حمود بن أحمد بن فرج الرحيلي	ShamAY	7252	0.29931
		و لكم في رسول الله اسوه حسنه ...	آيت الله العظمي سيد محمد حسيني شيرازي	Ghbook	7791	0.29931
		بقيع الغرقد في دراسة شاملة	محمد أمين الأميني	Masaha	2360	0.2993
		زكاة الأثمان الذهب، والفضة، والعملات المعدنية، والورقية - مفهوم، وضوابط، ومسائل، وأحكام في ضوء الكتاب والسنة	د. سعيد بن علي بن وهف القحطاني	ShamelaY19	96485	0.29929
		طريق الهداية - مبادئ ومقدمات علم التوحيد عند أهل السنة والجماعة	محمد يسري إبراهيم	ShamAY	11740	0.29929
		اللباب في تفسير الاستعاذة والبسملة وفاتحة الكتاب	سليمان بن إبراهيم بن عبد الله اللاحم	Sham19Y	14533	0.29928
		موقف الشوكاني في تفسيره من المناسبات	أحمد بن محمد الشرقاوى سالم	ShamAY	943	0.29926
		مختصر تفسير ابن كثير	(اختصار وتحقيق) محمد علي الصابوني	ShamAY	1696	0.29925
		تحفة الأخيار ببيان جملة نافعة مما ورد في الكتاب والسنة من الأدعية والأذكار	عبد العزيز بن عبد الله بن باز (المتوفى: 1420ه)	ShamelaY19	31303	0.29922
		الصارم البتار للإجهاز على من خالف الكتاب والسنة والإجماع والآثار	حمود بن عبد الله بن حمود بن عبد الرحمن التويجري (المتوفى: 1413هـ)	ShamAY	31982	0.29922
		مجمع البحرين [ج ٣]	الشيخ فخر الدين الطريحي	Rafed	1241	0.29921
		الموقف الاسلامي من اسطوره تحريف القرآن الكريم	المجمع العالمي لاهل البيت عليهم السلام	Ghbook	7591	0.2992
		الذكر والدعاء والعلاج بالرقي من الكتاب والسنة	سعيد بن علي بن وهف القحطاني	Sham19Y	16625	0.29919
		القواطع الإلهية لإقامة العبودية	عبد الفتاح الأمازيغي	ShamAY	35765	0.29917
		موسوعة الإمام أميرالمؤمنين علي بن أبي طالب عليه السلام [ج ١ و ٢]	باقر شريف القرشي	Rafed	377	0.29917
		الزاهر في غريب ألفاظ الشافعي	محمد بن أحمد بن الأزهري الهروي، أبو منصور (المتوفى: 370ه)	Sham19Y	11319	0.29915
		فتاوى الأسهم والبنوك	عبد الرحمن بن سعد الشثري	ShamAY	36596	0.29914
		شرح العقيدة الطّحاويّة	ابن أبي العزّ الحنفي	Rafed	3437	0.29913
		بحوث قرآنية في التوحيد و الشرك يبحث عن تحديد معالم التوحيد و الشرك مع تطبيقات عم...	آيت الله العظمي جعفر سبحاني	Ghbook	5060	0.29912
		الرسائل التسع	الشيخ نجم الدين أبي القاسم جعفر بن الحسن بن يحيى بن سعيد الهذلي [ المحقق الحلّي ]	Rafed	1288	0.2991
		التوسل : مفهومه و اقسامه و حكمه في الشريعه الاسلاميه الغراآ	آيت الله العظمي جعفر سبحاني	Ghbook	3472	0.2991
		ظروف حركه سيد الشهداء عليه السلام بين المدينه و مكه 	سيد علي جمال أشرف	Ghbook	16510	0.29906
		منهج القرآن الكريم في دعوة المشركين إلى الإسلام	د. حمود بن أحمد بن فرج الرحيلي	Sham19Y	7252	0.29905
		شيخ الإسلام ابن تيمية لم يكن ناصبياً	سليمان بن صالح الخراشي	ShamAY	9700	0.29904
		 تلخيص الشافي 	 الشيخ الطوسي 	ABLibrary	8390	0.29903
		تفسير مقاتل بن سليمان [ج ٢]	الناشر: مؤسسة التاريخ العربي للطباعة والنشر والتوزيع	Rafed	3849	0.29903
		جامع المسائل لابن تيمية ط عالم الفوائد - المجموعة الثانية	شيخ الإسلام أحمد بن عبد الحليم بن عبد السلام ابن تيمية (661 - 728 هـ)	ShamAY	37980	0.29901
		كلمات مضيئة في الدعوة إلي الله	محمد علي محمد إمام	ShamAY	1149	0.299
		تخجيل من حرف التوراة والإنجيل	صالح بن الحسين الجعفري أبو البقاء الهاشمي (المتوفى: 668هـ)	ShamAY	12002	0.299
		اللباب في تفسير الاستعاذة والبسملة وفاتحة الكتاب	سليمان بن إبراهيم بن عبد الله اللاحم	ShamAY	32132	0.29899
		 ظاهرة الافتراء على الشيعة عبر التاريخ 	 الشيخ السبحاني 	ABLibrary	8489	0.29899
		رفع الملام عن الأئمة الأعلام	تقي الدين أبو العَباس أحمد بن عبد الحليم بن عبد السلام بن عبد الله بن أبي القاسم بن محمد ابن تيمية الحراني الحنبلي الدمشقي (المتوفى: 728هـ)	ShamAY	4118	0.29898
		الإفهام في شرح عمدة الأحكام (شرح على متن عمدة الأحكام لشيخ الإسلام الإمام عبد الغني المقدسي - رحمه الله - (541 - 600ه))	عبد العزيز بن عبد الله بن باز (المتوفى: 1420ه)	Sham19Y	13282	0.29898
		 موسوعة الإمام أمير المؤمنين على بن أبى طالب ( ع ) 	 الشيخ باقر شريف القرشي 	ABLibrary	7805	0.29898
		أنواع التصنيف المتعلقة بتفسير القرآن الكريم	د مساعد بن سليمان بن ناصر الطيار	Sham19Y	13893	0.29897
		تفسير يحيى بن سلام	يحيى بن سلام بن أبي ثعلبة، التيمي بالولاء، من تيم ربيعة، البصري ثم الإفريقي القيرواني (المتوفى: 200هـ)	ShamAY	12851	0.29895
		نزهة المجالس ومنتخب النفائس - دار المحبة	عبد الرحمن بن عبد السلام بن عبد الرحمن بن عثمان الصفوري	ShamAY	33745	0.29895
		تيسير الوصول إلى ثلاثة الأصول - لعبد المحسن القاسم	عبد المحسن بن محمد القاسم	ShamAY	35422	0.29894
		الفائق في غريب الحديث والأثر	أبو القاسم محمود بن عمرو بن أحمد، الزمخشري جار الله (المتوفى: 538هـ)	ShamAY	7015	0.29892
		التحرير والتنوير	محمد الطاهر بن محمد بن محمد الطاهر بن عاشور التونسي (المتوفى : 1393هـ)	ShamAY	9776	0.29892
		أهل البيت(ع) سماتهم وحقوقهم في القرآن الكريم	الشيخ جعفر السبحاني	Masaha	186	0.29892
		ابن الرومي وشعره في الغدير	الشيخ عبد الحسين الأميني النجفي	Masaha	33	0.29892
		نهج المستنير وعصمة المستجير	د. صلاح الدين الحسيني	Masaha	497	0.2989
		جهود علماء المسلمين في تمييز صحيح السيرة النبوية من ضعيفها	عبد الكريم بن زيد عكوي	ShamAY	11144	0.29887
		القيامة الكبرى	عمر بن سليمان بن عبد الله الأشقر العتيبي	Sham19Y	9865	0.29887
		اعلام الهدايه (الامام محمد بن علي الباقر عليه السلام)	مجمع جهاني اهل بيت عليهم السلام	Ghbook	6273	0.29884
		الجزية في ظل الدول الإسلامية اليوم	د. حمزة عبد الكريم حماد	ShamAY	36381	0.29882
		شرعية الإخبار عن الله بما لم يأت به قرآن ولا سنة	أبو عبد الله المصري	ShamAY	2012	0.29881
		فقه السيرة النبوية مع موجز لتاريخ الخلافة الراشدة	محمد سعيد رمضان البوطي	Sham19Y	23657	0.29881
		شرح شذور الذهب في معرفة كلام العرب	شمس الدين محمد بن عبد المنعم بن محمد الجَوجَري القاهري الشافعي (المتوفى: 889هـ)	ShamAY	9134	0.29879
		الرسائل للجاحظ	عمرو بن بحر بن محبوب الكناني بالولاء، الليثي، أبو عثمان، الشهير بالجاحظ (المتوفى: 255هـ)	ShamAY	10428	0.29878
		التفسير المظهري	المظهري، محمد ثناء الله	ShamelaY19	21766	0.29876
		الأضداد لابن الأنباري	أبو بكر، محمد بن القاسم بن محمد بن بشار بن الحسن بن بيان بن سماعة بن فَروة بن قَطَن بن دعامة الأنباري (المتوفى: 328هـ)	ShamAY	32077	0.29876
		حكم إمامة وأذان المجاهر بالمعصية	عبد الرحمن بن سعد الشثري	ShamAY	36341	0.29874
		فقه الرضا	منسوب للإمام الرضا(ع)	Masaha	982	0.29874
		شرح مصابيح السنة للإمام البغوي	محمَّدُ بنُ عزِّ الدِّينِ عبدِ اللطيف بنِ عبد العزيز بن أمين الدِّين بنِ فِرِشْتَا، الرُّوميُّ الكَرمانيّ، الحنفيُّ، المشهور بـ ابن المَلَك (المتوفى: 854 هـ)	ShamAY	32570	0.29871
		مصادر السنة ومناهج مصنفيها	حاتم العوني	ShamAY	37322	0.2987
		حماسة الخالديين = بالأشباه والنظائر من أشعار المتقدمين والجاهليين والمخضرمين	الخالديان أبو بكر محمد بن هاشم الخالدي، (المتوفى: نحو 380هـ) ، و أبو عثمان سعيد بن هاشم الخالدي (المتوفى: 371هـ)	ShamAY	10806	0.2987
		الحدائق الناضرة [ج ٤]	الشيخ يوسف بن أحمد البحراني [ صاحب الحدائق ]	Rafed	2825	0.29869
		الخلاصة في صفات المنافقين	الواحدي :: علي بن نايف الشحود	ShamAY	36087	0.29868
		الفائق في غريب الحديث	زمخشري ، محمود بن عمر	Ghbook	8513	0.29868
		من فتاوى فضيلة الشيخ العلامة محمد الأمين بن محمد المختار الشنقيطي الجكني -رحمه الله وطيب ثراه، صاحب تفسير أضواء البيان-.	محمد الأمين بن محمد المختار الشنقيطي	ShamelaY19	142186	0.29867
		طب الائمه ( عليهم السلام )	حسين و عبدالله ابن بسطام نيشابوري	Ghbook	2576	0.29864
		الجهاد بين عقيدة المسلمين وشبه المستشرقين	عوض عبد الهادي العطا	ShamAY	10333	0.2986
		شرح مصابيح السنة للإمام البغوي	محمد بن عز الدين عبد اللطيف بن عبد العزيز بن أمين الدين بن فرشتا، الرومي الكرماني، الحنفي، المشهور ب ابن الملك (المتوفى: 854 ه)	Sham19Y	17791	0.2986
		الأخلاق الزكية في آداب الطالب المرضية	أحمد بن يوسف بن محمد الأهدل	Sham19Y	96879	0.29859
		 الوهابية بين المباني الفكرية والنتائج العملية 	 الشيخ السبحاني 	ABLibrary	8677	0.29858
		حقيقه الشيعه الاثني عشريه	اسعد وحيد القاسم	Ghbook	15761	0.29854
		تلخيص أحكام الجنائز	أبو عبد الرحمن محمد ناصر الدين، بن الحاج نوح بن نجاتي بن آدم، الأشقودري الألباني (المتوفى: 1420هـ)	ShamAY	11108	0.29853
		بيان شبهة من قال بعدم وقوع الشرك في هذه الأمة وردَها		ShamAY	35518	0.29853
		القيامة الكبرى	عمر بن سليمان بن عبد الله الأشقر العتيبي	ShamAY	9865	0.29852
		الأثر التربوي والخلقي لتعليم القرآن الكريم على الفرد والمجتمع	عبد الرحمن قصاص	ShamAY	36777	0.29849
		العلماء يردون على اسطورة هرمجدون	حمدى شفيق	ShamAY	33295	0.29849
		الإمام البخاري وفقه التراجم في جامعه الصحيح	نور الدين محمد عتر الحلبي	ShamelaY19	36151	0.29847
		الحيوان - ت: عبد السلام هارون	أبو عثمان عمرو بن بحر الجاحظ	ShamAY	33772	0.29846
		فقه السيرة النبوية مع موجز لتاريخ الخلافة الراشدة	محّمد سَعيد رَمضان البوطي	ShamAY	23657	0.29845
		البخلاء للجاحظ	عمرو بن بحر بن محبوب الكناني بالولاء، الليثي، أبو عثمان، الشهير بالجاحظ (المتوفى: 255ه)	Sham19Y	10501	0.29845
		فاسالوا اهل الذكر	محمد تيجاني سماوي	Ghbook	7679	0.29844
		احياء معالم الاسلام	آيت الله العظمي سيد محمد حسيني شيرازي	Ghbook	7882	0.29843
		 منائح الكرم 	 علي بن تاج الدين السنجاري 	ABLibrary	9227	0.29842
		جراب النوره، بين اللغه و الاصطلاح	محمد رضا حسيني جلالي	Ghbook	7080	0.29841
		ليلة عاشوراء في الحديث والأدب	عبد الله الحسن	Masaha	1746	0.29838
		سبع مسائل في علم الخلاف	أبو مجاهد عبد العزيز بن عبد الفتاح بن عبد الرحيم بن الملاَّ محمد عظيم القارئ المدني	ShamAY	4811	0.29837
		نظرات في تاريخ المذاهب الإسلامية وأصول مذهب مالك	محمد بوخبزة	ShamAY	37593	0.29835
		 الموسوعة الكبرى عن فاطمة الزهراء ( س ) 	 اسماعيل الأنصاري الزنجاني الخوئيني 	ABLibrary	7837	0.29835
		محمد صلى الله عليه وآله وسلم في مكة	المستشرق الإنجليزي ويليام مونتجمري وات	Sham19Y	23669	0.29834
		 أنوار الفقاهة ( كتاب التجارة ) 	 الشيخ ناصر مكارم الشيرازي 	ABLibrary	9677	0.29834
		في ظلال التوحيد: دراسه مبسطه حول التوحيد و الشرك و تحديد معالمها	آيت الله العظمي جعفر سبحاني	Ghbook	10922	0.29833
		وا محمداه {إن شانئك هو الأبتر}	أبو التراب سيد بن حسين بن عبد الله العفاني	ShamelaY19	96964	0.29828
		إيضاح المسالك إلى قواعد الإمام مالك (مع دراسة لحياة المؤلف وآثاره وعصره)	أبو العباس أحمد بن يحيى الونشريسى	ShamelaY19	132374	0.29826
		بنادر البحار : ملخص خمسة وعشرين الكتب بحار الانوار	علينقي فيض الاسلام اصفهاني	Ghbook	12047	0.29826
		مقتطفات من السيرة	عمر عبد الكافى شحاتة	ShamelaY19	37043	0.29825
		أشعار الشعراء الستة الجاهليين	أبو الحجاج، يوسف بن سليمان بن عيسى الشنتمري الأندلسي المعروف بالأعلم (المتوفى: 476هـ)	ShamAY	5449	0.29825
		تاريخ الأدب الأندلسي (عصر الطوائف والمرابطين)	دكتور إحسان عباس (المتوفى: 1424هـ)	ShamAY	1015	0.29825
		 الخمس 	 السيد علي بن عبد الأعلى السبزواري 	ABLibrary	9637	0.29824
		 مفرحة الأنام في تأسيس بيت الله الحرام 	 زين العابدين الحسيني الكاشاني 	ABLibrary	9222	0.29822
		 غور الأمور 	 الحكيم الترمذي 	ABLibrary	8696	0.29821
		صبح الأعشى في صناعة الإنشاء	أحمد بن علي بن أحمد الفزاري القلقشندي ثم القاهري (المتوفى: 821هـ)	ShamAY	9429	0.2982
		الطريق الي المهدي المنتظر	سعيد ايوب	Ghbook	4595	0.2982
		الحدود في علم النحو	أحمد بن محمد بن محمد البجائي الأٌبَّذيٌ، شهاب الدين الأندلسي (المتوفى: 860هـ)	ShamAY	10340	0.29818
		الاستغاثة في الرد على البكري	شيخ الإسلام أحمد بن تيمية (المتوفى: 728 ه)	ShamelaY19	18328	0.29817
		مفهوم الحكمة في الدعوة إلى اللَّه تعالى في ضوء الكتاب والسنة	د. سعيد بن علي بن وهف القحطاني	ShamAY	1885	0.29817
		لسان العرب	محمد بن مكرم بن على، أبو الفضل، جمال الدين ابن منظور الأنصاري الرويفعى الإفريقى (المتوفى: 711ه)	Sham19Y	1687	0.29817
		سلاسل الذهب	بدر الدين الزركشي (745 - 794 ه)	ShamelaY19	150599	0.29816
		أحكام العبادات المترتبة على طلوع الفجر الثاني	ناصر بن محمد بن مشري الغامدي	ShamAY	32127	0.29814
		إقامة البرهان في الرد على من أنكر خروج المهدي والدجال ونزول المسيح في آخر الزمان للتويجري	التويجري، حمود بن عبد الله	ShamAY	35412	0.29811
		إبراز المعاني من حرز الأماني في القراءات السبع	عبد الرحمن بن إسماعيل بن إبراهيم	ShamAY	34102	0.29811
		زبدة التّفاسير [ج ٧]	فتح الله بن شكر الله الشريف الكاشاني	Rafed	1738	0.2981
		اجوبه المسائل العقائديه	آيت الله العظمي حسيني	Ghbook	7914	0.2981
		السنن والمبتدعات المتعلقة بالأذكار والصلوات	محمد بن أحمد عبد السلام خضر الشقيري الحوامدي (المتوفى: بعد 1352هـ)	ShamAY	6884	0.29809
		الزاهر في غريب ألفاظ الشافعي	محمد بن أحمد بن الأزهري الهروي، أبو منصور (المتوفى: 370هـ)	ShamAY	11319	0.29807
		اعتماد دعوة الشيخ محمد بن عبد الوهاب على الكتاب والسنة (مطبوع ضمن بحوث ندوة دعوة الشيخ محمد بن عبد الوهاب، الجزء الأول)	عبد العزيز بن محمد بن إبراهيم آل الشيخ (المتوفى: 1426هـ)	ShamAY	7510	0.29807
		 الموسوعة التيمورية من كنوز العرب في اللغة والفن والأدب 	 أحمد تيمور باشا 	ABLibrary	9979	0.29805
		شرح كتاب الإبانة من أصول الديانة	أبو الأشبال حسن الزهيري آل مندوه المنصوري المصري	ShamelaY19	37436	0.29803
		نقض الوشيعة	السيّد محسن الأمين العاملي	Rafed	3500	0.29803
		لسان العرب - ط المعارف	ابن منظور	ShamAY	34695	0.29801
		 الذريعة 	 آقا بزرگ الطهراني 	ABLibrary	859	0.29801
		نهج الحقّ وكشف الصدق‏	العلامة الحلي	Masaha	4552	0.29801
		المال، اخذا و عطاء و صرفا	آيت الله العظمي سيد محمد حسيني شيرازي	Ghbook	6739	0.298
		البخلاء للجاحظ	عمرو بن بحر بن محبوب الكناني بالولاء، الليثي، أبو عثمان، الشهير بالجاحظ (المتوفى: 255هـ)	ShamAY	10501	0.29798
		منهج ابن حزم في دراسة الفرق والعقائد الإسلامية	مجيد خلف منشد	ShamAY	35591	0.29795
		محمد صلى الله عليه وآله وسلم في مكة	المستشرق الإنجليزي ويليام مونتجمري وات	ShamAY	23669	0.29795
		الحدائق الناضرة [ج ١٠]	الشيخ يوسف بن أحمد البحراني [ صاحب الحدائق ]	Rafed	2845	0.29795
		القنوت	عدنان محمد عرعور	ShamelaY19	147094	0.29792
		من تراث شيخ الإسلام ابن تيمية: «المسائل والأجوبة» (وفيها «جواب سؤال أهل الرحبة» ) لشيخ الإسلام ابن تيمية، ومعه «اختيارات شيخ الإسلام ابن تيمية» للحافظ العلامة محمد بن عبد الهادي، مع «ترجمة شيخ الإسلام ابن تيمية» لمؤرخ الإسلام الحافظ الذهبي	تقي الدين أبو العَباس أحمد بن عبد الحليم بن عبد السلام بن عبد الله بن أبي القاسم بن محمد ابن تيمية الحراني الحنبلي الدمشقي (المتوفى: 728هـ)	ShamAY	13088	0.29792
		الأمور الميسرة لقيام الليل	وحيد بن عبد السلام بالي	ShamAY	1131	0.29787
		الصحيح من سيرة النبي الأعظم صلّى الله عليه وآله [ج ٢٥]	السيد جعفر مرتضى العاملي	Rafed	2630	0.29786
		رافضة المدينة النخاولة		ShamAY	35305	0.29783
		مع الحرس و الشرطه	آيت الله العظمي سيد محمد حسيني شيرازي	Ghbook	7881	0.29783
		شرح المنظومة الحائية لابن أبي داود	عبد الكريم الخضير	Sham19Y	23408	0.29782
		أحاديث في الفتن والحوادث ط القاسم	محمد بن عبد الوهاب بن سليمان التميمي النجدي (المتوفى: 1206ه)	Sham19Y	7486	0.2978
		مجالس منبريه : محاضرات و نواعي مجالس شهر محرم الحرام	مصطفي الامامي الاهوازي	Ghbook	16407	0.2978
		استقصاء النّظر في القضاء والقدر	الحسن بن يوسف بن علي المطّهر [ العلامة الحلّي ]	Rafed	3422	0.29779
		الكلمات الحسان في بيان علو الرحمن	عبد الهادي بن حسن وهبي	Sham19Y	37343	0.29776
		المثل السائر في أدب الكاتب والشاعر ت الحوفي	ضياء الدين بن الأثير، نصر الله بن محمد (المتوفى: 637هـ)	ShamAY	10551	0.29775
		زينب الكبرى عليها السلام من المهد الى اللحد	السيد محمد كاظم القزويني	Rafed	115	0.29775
		العلم فريضة شرعية وضرورة عصرية	الواحدي :: أحمد بن محمد الشرقاوى	ShamAY	34992	0.29774
		سلسلة الخطب المنبرية (1) الرقائق	عبد الله إبراهيم الكيلاني	ShamAY	35037	0.29773
		البدعة مفهومها وحدودها	محمد هادي الأسدي	Rafed	11	0.29773
		إعراب القرآن [ج ٢]	أبي جعفر أحمد بن محمّد بن إسماعيل النحّاس [ ابن النحّاس ]	Rafed	3321	0.29773
		فيض القدير - ط العلمية	المناوي	ShamAY	33524	0.29771
		التوحيد وأثره في حياة المسلم	حمد بن إبراهيم الحريقي	Sham19Y	17053	0.29771
		بحوث في المعراج	السيد علي الحسيني الصدر	Rafed	1845	0.2977
		المنتخب في جمع المراثي و الخطب	فخرالدين طريحي	Ghbook	5936	0.2977
		التفسير و المفسرون في العصر الحديث	عبدالقادر محمد صالح	Ghbook	4806	0.2977
		الكتاب دعامه الحياه	آيت الله العظمي سيد محمد حسيني شيرازي	Ghbook	7782	0.2977
		الأفضليات	علي بن منجب بن سليمان، أبو القاسم، تاج الرياسة، ابن الصيرفي (المتوفى: 542ه)	Sham19Y	5432	0.29769
		لسان العرب	محمد بن مكرم بن على، أبو الفضل، جمال الدين ابن منظور الأنصاري الرويفعى الإفريقى (المتوفى: 711هـ)	ShamAY	1687	0.29765
		الكلماتُ الحسانُ في بيانِ عُلُوِّ الرَّحْمَنِ	عبد الهادي بن حسن وهبي	ShamAY	617	0.29765
		المرأة في ظلّ الإسلام	السّيدة مريم نور الدّين فضل الله	Masaha	1730	0.29765
		أطائب الكلم في بيان صلة الرّحم	الشيخ حسن بن علي بن عبد العالي الكركي العاملي	Rafed	72	0.29764
		الصحيح من سيرة النبي الأعظم صلّى الله عليه وآله [ج ٩]	السيد جعفر مرتضى العاملي	Rafed	2497	0.29763
		الكتابة العربية المعاصرة في السيرة النبوية , قضايا وملاحظات	أحمد بن محمد فكير	ShamAY	37394	0.29761
		اصبر واحتسب	عبد الملك بن محمد القاسم	Sham19Y	95673	0.29759
		 الزبدة الفقهية في شرح الروضة البهية 	 السيد محمد حسن الترحيني العاملي 	ABLibrary	9693	0.29759
		شمس وراء السحاب ( القصه الدينيه )	جمال محمد صالح	Ghbook	2041	0.29759
		السجود علي الارض 	علي احمدي ميانجي	Ghbook	7557	0.29758
		السيره المحمديه : دراسه تحليليه للسيره المحمديه علي ضوء الكتاب و السنه و التاريخ...	آيت الله العظمي جعفر سبحاني	Ghbook	5047	0.29758
		موقف المُسلم مِن الخلاف	فضيلة الشيخ عبد الرحمن بن ناصر البراك	ShamAY	35087	0.29757
		الحق المبين في معرفة الملائكة المقربين	محمد علي محمد إمام	ShamAY	1148	0.29756
		بحر الدموع	جمال الدين أبو الفرج عبد الرحمن بن علي بن محمد الجوزي (المتوفى: 597ه)	Sham19Y	2506	0.29755
		الاختلاط بين الرجال والنساء - مفهومه، وأنواعه، وأقسامه، وأحكامه، وأضراره في ضوء الكتاب والسنة وآثار الصحابة - رضي الله عنهم -	د. سعيد بن على بن وهف القحطاني	ShamAY	1803	0.29754
		الخلاصة في فقه الأولويات	الواحدي :: علي بن نايف الشحود	ShamAY	36089	0.29752
		بحار الأنوار [ج ٢٩]	الشيخ محمّد باقر بن محمّد تقي المجلسي	Rafed	910	0.29752
		الآيات القرآنية الواردة في الرد على البدع المتقابلة دراسة عقدية رسالة علمية مقدمة لنيل درجة العالمية العالية (الدكتوراه)	أحمد بن علي الزاملي	Sham19Y	147315	0.29751
		بذل المجهود على من حرَّف اسم النصارى واليهود	عبد الرحمن بن سعد الشثري	ShamAY	35348	0.29749
		الإمام البقاعي ومنهاجه في تأويل بلاغة القرآن	محمود توفيق محمد سعد	ShamAY	952	0.29745
		الدعوة إلى الله في أقطار مختلفة	محمد تقي الدين الهلالي	ShamAY	33508	0.29745
		الفوائد الأصولية	الشيخ مرتضى الأنصاري	Masaha	3467	0.29745
		نظرات في التربية الإيمانية	مجدي الهلالي	ShamelaY19	36414	0.29744
		الحملة الأخيرة على القسطنطينية في العصر الأموي	سليمان بن عبد الله السويكت	ShamAY	10351	0.29743
		نبذه عن حياه المعصومين ( عليهم الصلاة و السلام ) - الامام السجاد ( عليه السلام )	آيت الله العظمي سيد محمد حسيني شيرازي	Ghbook	6402	0.29742
		حرمة ذبائح أهل الكتاب	الشيخ البهائي	Masaha	1159	0.29741
		مفاهيم القرآن [ج ٢]	الشيخ جعفر السبحاني	Rafed	239	0.29739
		الدعوة والدعاء شرع من الله لجميع عباده	سعد الحصين	ShamAY	33510	0.29738
		 شمس العلوم ودواء كلام العرب من الكلوم 	 نشوان بن سعيد الحميري 	ABLibrary	9789	0.29737
		تذكير القوم بآداب النوم	الواحدي :: عبد الله آل جار الله	ShamAY	34963	0.29736
		الرسل والرسالات	عمر بن سليمان بن عبد الله الأشقر العتيبي	ShamAY	9655	0.29736
		شرح الطحاوية - ط دار السلام	صدر الدين محمد بن علاء الدين عليّ بن محمد ابن أبي العز الحنفي، الأذرعي الصالحي الدمشقي (المتوفى: 792هـ)	ShamAY	470	0.29736
		صيانة القرآن من التحريف	محمّد هادي معرفة	Rafed	3432	0.29736
		عيد الغدير في عهد الفاطميين	د. محمد هادي الأميني	Masaha	4060	0.29735
		الحملة الأخيرة على القسطنطينية في العصر الأموي	سليمان بن عبد الله السويكت	Sham19Y	10351	0.29732
		إرشاد العباد إلى سبيل الرشاد	زين الدين عبد العزيز المليباري	ShamAY	35125	0.2973
		الأيام النضرة في السيرة العطرة	أبو هاشم صالح بن عواد بن صالح المغامسي	ShamelaY19	37741	0.29729
		الغصون اليانعة في محاسن شعراء المائة السابعة	أبو الحسن على بن موسى بن سعيد المغربي الأندلسي (المتوفى: 685هـ)	ShamAY	9235	0.29722
		إغاثة اللهفان في حكم طلاق الغضبان (ضمن مجموع الرسائل)	أبو عبد الله محمد بن أبي بكر بن أيوب ابن قيم الجوزية (659 - 751)	ShamAY	38515	0.2972
		مدخل إلى مشروع «آثار الشيخ العلامة محمد الأمين الشنقيطي» (وهو فاتحة التقديم لـ «أضواء البيان» ضمن «آثار الشيخ الشنقيطي»)	بكر أبو زيد - علي العمران - خالد السبت	ShamAY	38791	0.2972
		شرح زيارة آل ياسين	الشيخ علي الكوراني العاملي	Rafed	1204	0.29713
		 الشيعة شبهات وردود 	 الشيخ ناصر مكارم الشيرازي 	ABLibrary	9690	0.29711
		الوصية الكبرى = رسالة شيخ الإسلام ابن تيمية إلى أتباع عدي بن مسافر الأموي	شيخ الإسلام أبو العباس أحمد بن عبد الحليم ابن تيمية	ShamAY	34401	0.29708
		صلاة المسافر - مفهوم، وأنواع، وآداب، ودرجات، وأحكام في ضوء الكتاب والسنة	د. سعيد بن علي بن وهف القحطاني	ShamelaY19	31236	0.29702
		ذيل الصواعق لمحو الأباطيل والمخارق	حمود بن عبد الله بن حمود بن عبد الرحمن التويجري (المتوفى: 1413هـ)	ShamAY	32216	0.29702
		فضائل ليلة نصف شهر شعبان	سالم السنهوري	ShamAY	36166	0.297
		الرد على التعقيب الحثيث للشيخ عبد الله الحبشي	محمد ناصر الدين الألباني	ShamelaY19	151039	0.29697
		موسوعة الخطب والدروس	علي بن نايف الشحود	ShamAY	32986	0.29696
		 الموسوعة الكبرى عن فاطمة الزهراء ( س ) 	 اسماعيل الأنصاري الزنجاني الخوئيني 	ABLibrary	7830	0.29693
		مكة والمدينة في الجاهلية وعهد الرسول صلى الله عليه وسلم	أحمد إبراهيم الشريف	ShamAY	4371	0.29691
		تراجعات الألباني	محمد ناصر الدين الألباني (المتوفى: 1420هـ)	ShamAY	8217	0.2969
		فصل الخطاب	الشيخ سليمان بن عبدالوهاب النجدي الحنبلي	Rafed	3497	0.2969
		99 شبهة رافضية والرد عليها	جلال	ShamAY	38000	0.29689
		أنواع التَّصنيف المتعلِّقة بتَفسير القُرآن الكريم	د مساعد بن سليمان بن ناصر الطيار	ShamAY	31801	0.29688
		المناهل الحسان في دروس رمضان	الواحدي :: عبد العزيز السلمان	ShamAY	35008	0.29687
		الأحاديث التي استنكرها الحافظ العراقي على الغزالي	أبو بكر ماهر بن عبد الوهاب علوش	ShamAY	33086	0.29687
		الرسائل الأحمديّة [ج ١]	الشيخ أحمد آل طعّان	Rafed	1330	0.29684
		كيف تكون مُستجاب الدعاء؟	أمير بن محمد المدري	ShamAY	34928	0.29683
		انجال الامام الحسن ( عليه السلام ) في كربلا	آيت الله العظمي سيد محمد تقي مدرسي	Ghbook	6069	0.29681
		منار القاري شرح مختصر صحيح البخاري	حمزة محمد قاسم	ShamAY	1786	0.2968
		مسبوك الذهب في فضل العرب وشرف العلم على شرف النسب	مرعي بن يوسف بن أبى بكر بن أحمد الكرمى المقدسي الحنبلى (المتوفى: 1033هـ)	ShamAY	26541	0.2968
		حول السيده شهربانو	محمد هادي يوسفي غروي	Ghbook	5955	0.29679
		العقود الدرية من مناقب شيخ الإسلام أحمد بن تيمية	شمس الدين محمد بن أحمد بن عبد الهادي بن يوسف الدمشقي الحنبلي (المتوفى: 744هـ)	ShamAY	6663	0.29677
		الاعلام بوجوب الهجرة من دار الكفر الى دار الاسلام	عبد العزيز الجربوع	ShamAY	36126	0.29676
		 السر في انفاس الصوفية 	 الجنيد البغدادي 	ABLibrary	8689	0.29675
		شرح زيارة آل ياسين	علي كوراني	Ghbook	15123	0.29674
		الاشتراك المتعمد في الجناية على النفس بالقتل أو الجرح	عبد الله بن معتق السهلي	ShamAY	12140	0.29673
		 الدر المنثور في التفسير بالمأثور 	 جلال الدين السيوطي 	ABLibrary	913	0.29673
		أنوار الربيع في أنواع البديع	صدر الدين المدني، علي بن أحمد بن محمد معصوم الحسني الحسيني، المعروف بعلي خان بن ميرزا أحمد، الشهير بابن معصوم (المتوفى: 1119هـ)	ShamAY	5446	0.29671
		تفسير السمرقندي= بحر العلوم - دار الفكر	أبو الليث نصر بن محمد بن إبراهيم السمرقندي الفقيه الحنفي	ShamAY	34069	0.2967
		 في رحاب أهل البيت ( ع ) 	 لجنة بحوث المجمع العالمي لأهل البيت ( ع ) 	ABLibrary	8562	0.29667
		رسالة قاطعة اللجاج في تحقيق حل الخراج	علي بن الحسين‏ المحقق الكركي	Masaha	1165	0.29667
		الكشّاف [ج ٣]	محمود بن عمر الزمخشري	Rafed	3123	0.29662
		ذيل الصواعق لمحو الأباطيل والمخارق	التويجري، حمود بن عبد الله	ShamAY	35275	0.2966
		الذين يحبهم الله تعالى في القرآن والسُّنَّةِ ط2	علي بن نايف الشحود	ShamAY	34833	0.29657
		المغني عن حمل الأسفار في الأسفار، في تخريج ما في الإحياء من الأخبار (مطبوع بهامش إحياء علوم الدين)	أبو الفضل زين الدين عبد الرحيم بن الحسين بن عبد الرحمن بن أبي بكر بن إبراهيم العراقي (المتوفى: 806ه)	ShamelaY19	21550	0.29654
		ملامح رئيسية للمنهج السلفي	علاء بكر	ShamAY	34779	0.29653
		الأخلاق الزكية في آداب الطالب المرضية	أحمد بن يوسف بن محمد الأهدل	ShamAY	2027	0.29653
		السياسة الشرعية في إصلاح الراعي والرعية	تقي الدين أبو العباس أحمد بن عبد الحليم بن عبد السلام بن عبد الله بن أبي القاسم بن محمد ابن تيمية الحراني الحنبلي الدمشقي (المتوفى: 728ه)	ShamelaY19	31237	0.29652
		الزينة في ضوء القرآن الكريم - دراسة موضوعية	عوض أبو عليان	ShamAY	36388	0.29651
		بحوث مؤتمر السنة النبوية في الدراسات المعاصرة	مجموعة من المؤلفين	ShamAY	37345	0.2965
		الاعتقاد القادري	أَبُو طَاهِرٍ أَحْمَدُ بنُ الحَسَنِ بنِ أَحْمَدَ بنِ الحَسَنِ بنِ خُدَادَادَ الكَرَجِيُّ، البَاقِلاَّنِيُّ، البَغْدَادِيُّ (المتوفى: 489هـ)	ShamAY	26421	0.2965
		حاشية الدرة المضية في عقد الفرقة المرضية	عبد الرحمن بن محمد بن قاسم العاصمي الحنبلي النجدي (المتوفى: 1392هـ)	ShamAY	7369	0.29649
		أصول المذهب الرافضي	د. ناصر بن عبد الله بن علي القفاري	ShamAY	35665	0.29649
		عقد الجواهر الثمينة في مذهب عالم المدينة	أبو محمد جلال الدين عبد الله بن نجم بن شاس بن نزار الجذامي السعدي المالكي (المتوفى: 616ه)	Sham19Y	14594	0.29649
		دعاء الندبه و توثيقه من الكتاب و السنه	موسسه پيام امام هادي عليه السلام	Ghbook	14797	0.29649
		نخبه النظار	محمد جواد فاضل لنكراني	Ghbook	12233	0.29649
		فضل الصلاة على النبي صلى الله عليه وسلم وبيان معناها وكيفيتها وشيء مما ألف فيها	عبد المحسن بن حمد بن عبد المحسن بن عبد الله بن حمد العباد البدر	ShamAY	11222	0.29646
		مصدر القرآن الكريم في رأي المستشرقين عرض ودراسة ونقد		ShamAY	36949	0.29644
		وأحسن كما أحسن الله إليك	عبد الملك بن محمد القاسم	ShamelaY19	95666	0.29641
		البرهان المنير في دحض شبهات أهل التكفير والتفجير	عبد العزيز بن ريس الريس	ShamAY	36229	0.29641
		من أحكام سورة المائدة	د. سعيد بن علي بن وهف القحطاني	ShamelaY19	96526	0.2964
		طالب العلم بين أمانة التحمل ومسؤولية الأداء	محمد بن خليفة بن علي التميمي	ShamAY	11246	0.29639
		مباحث الأمر التي انتقدها شيخ الإسلام ابن تيمية في مجموع الفتاوى	سليمان بن سليم الله الرحيلي	ShamAY	3552	0.29639
		 معرفة الإمام 	 السيد محمد حسين الطهراني 	ABLibrary	8881	0.29635
		شرح كتاب الإبانة من أصول الديانة	أبو الأشبال حسن الزهيري آل مندوه المنصوري المصري	ShamAY	646	0.29634
		فيض القدير شرح الجامع الصغير	زين الدين محمد المدعو بعبد الرؤوف بن تاج العارفين بن علي بن زين العابدين الحدادي ثم المناوي القاهري (المتوفى: 1031ه)	Sham19Y	21660	0.29634
		جامع المقاصد في شرح القواعد	علي بن حسين بن عبدالعالي محقق كركي	Ghbook	3476	0.29632
		اثر النشاط و الحكمه في تقدم المسلمين	آيت الله العظمي سيد محمد حسيني شيرازي	Ghbook	7864	0.29632
		جنّة المأوى	الشيخ محمد حسين كاشف الغطاء	Rafed	862	0.2963
		كتاب المزار - مناسك المزار	محمد بن  محمد بن نعمان شيخ مفيد	Ghbook	2589	0.2963
		كتابُ تحريمِ مُشارَكةِ الكُفَّارِ مِنْ أهلِ الكِتابِ والْمُشْرِكِينَ في أعيادِهِمْ أو تهنِئَتِهِمْ بهَا .	الشيخ وائل بن عليّ بن أحمد الدِّسُوقيّ	ShamAY	36484	0.29626
		تفسير الخازن لباب التأويل في معاني التنزيل	علاء الدين علي بن محمد بن إبراهيم بن عمر الشيحي أبو الحسن، المعروف بالخازن (المتوفى: 741هـ)	ShamAY	31780	0.29625
		حكم تكرار الجماعة في المسجد	محمد طاهر حكيم	ShamAY	12149	0.29624
		حوار مع صديقي الشيعي	الهاشمي بن علي	Rafed	1206	0.2962
		 منتهى المطلب ( ط . ج ) 	 العلامة الحلي 	ABLibrary	9327	0.29619
		النهايه في غريب الحديث و الاثر	مبارك بن محمد ابن اثير ( صاحب نهايه و جامع الاصول )	Ghbook	8171	0.29619
		البرهان في علوم القرآن	أبو عبد الله بدر الدين محمد بن عبد الله بن بهادر الزركشي (المتوفى: 794هـ)	ShamAY	11436	0.29616
		البخلاء	عمرو بن بحر الجاحظ	Masaha	2332	0.29612
		كلمات مضيئة في الدعوة إلي الله	محمد علي محمد إمام	ShamelaY19	37558	0.29611
		الزام الناصب في اثبات الحجة الغائب عجل الله تعالي فرجه الشريف	علي يزدي حائري	Ghbook	9253	0.29611
		تيسير العزيز الحميد شرح كتاب الحقائق في التوحيد		ShamAY	35525	0.29609
		إتحاف أعلام الناس بجمال أخبار حاضرة مكناس	ابن زيدان عبد الرحمن بن محمد السجلماسي (المتوفى: 1365)	ShamAY	32704	0.29608
		السيرة النبوية - دروس وعبر	مصطفى بن حسني السباعي (المتوفى: 1384ه)	ShamelaY19	20364	0.29607
		الخمس	السيد علي السبزواري	Masaha	4898	0.29607
		رسالة في صلاة الجمعة	الشيخ محمد تقي المجلسي الأصفهاني	Masaha	4967	0.29606
		مقتطفات من السيرة	عمر عبد الكافى شحاتة	Sham19Y	37043	0.29604
		أصول الإيمان (مطبوع ضمن مؤلفات الشيخ محمد بن عبد الوهاب، الجزء الأول)	محمد بن عبد الوهاب بن سليمان التميمي النجدي (المتوفى: 1206هـ)	ShamAY	7504	0.29603
		قضية المحكم والمتشابه وأثرها على القول بالتفويض	محمود بن عبد الرازق	ShamAY	35568	0.29602
		الرهص والوقص لمُسْتَحِل الرقص	إبراهيم الحَلَبي	ShamAY	36052	0.29601
		أصول مذهب الشيعة الإمامية الإثني عشرية - عرض ونقد -	ناصر بن عبد الله بن علي القفاري	ShamAY	12760	0.29601
		شمس العلوم [ج ٣]	نشوان بن سعيد الحميري	Rafed	1377	0.296
		السيف اليماني لمن قال بحل سماع الآلات والمغاني للبرلسي	البرلسي، مصطفى بن رمضان	ShamAY	36161	0.29596
		مساحة للحوارمن أجل الوفاق ومعرفة الحقيقة	المحامي أحمد حسين يعقوب	Masaha	390	0.29596
		تلخيص كتاب الاستغاثة = الرد على البكري	تقي الدين أبو العباس أحمد بن عبد الحليم بن عبد السلام بن عبد الله بن أبي القاسم بن محمد ابن تيمية الحراني الحنبلي الدمشقي (المتوفى: 728هـ)	ShamAY	34352	0.29595
		رسالة في لبس السواد - الأنوار الإلهية	الميرزا جواد التبريزي	Masaha	5129	0.29594
		التقيّة	الشيخ مرتضى الأنصاري	Rafed	1370	0.29594
		كيفية دعوة أهل الكتاب إلى الله تعالى في ضوء الكتاب والسنة	د. سعيد بن علي بن وهف القحطاني	ShamelaY19	96518	0.29593
		شرح ابن ناجي التنوخي على متن الرسالة لابن أبي زيد القيرواني	قاسم بن عيسى بن ناجي التنوخي القيرواني (المتوفى: 837هـ)	ShamAY	32007	0.29592
		مقتطفات من السيرة	عمر عبد الكافى شحاتة	ShamAY	391	0.29592
		موعود الاديان : ردا علي شبهات حول امام الزمان (عج)	آيت الله العظمي حسينعلي منتظري	Ghbook	16475	0.29592
		الكلم الطيب	تقي الدين أبو العباس أحمد بن عبد الحليم بن عبد السلام بن عبد الله بن أبي القاسم بن محمد ابن تيمية الحراني الحنبلي الدمشقي (المتوفى: 728ه)	ShamelaY19	21578	0.2959
		سلاح اليقظان لطرد الشيطان	الواحدي :: عبد العزيز السلمان	ShamAY	35001	0.29589
		اعلام الهدايه	المجمع العالمي لاهل البيت عليهم السلام	Ghbook	3775	0.29589
		النور المبين في قصص الأنبياء والمرسلين	السيد نعمة الله الجزائري	Masaha	4680	0.29587
		يثرب قبل الإسلام	محمد السيد الوكيل	ShamAY	38491	0.29586
		مشارق انوار اليقين في اسرار المومنين	شيخ رجب برسي	Ghbook	8368	0.29586
		 منتهى المطلب ( ط . ج ) 	 العلامة الحلي 	ABLibrary	9328	0.29585
		تسمية المولود	الواحدي :: بكر أبو زيد	ShamAY	36441	0.29584
		 أدب الطف أو شعراء الحسين ( ع ) 	 جواد شبر 	ABLibrary	7406	0.29582
		 مسالك الأبصار في ممالك الأمصار 	 أحمد بن يحيى العمري 	ABLibrary	9187	0.29581
		مذكرات في المدخل لعلم أصول الفقه		ShamAY	37579	0.2958
		السجود على التربة الحسينية	الشيخ عبد الحسين الأميني النجفي	Masaha	295	0.2958
		مجموعة رسائل وفتاوى في مسائل مهمة تمس إليها حاجة العصر	مجموعة من المؤلفين	ShamelaY19	30944	0.29571
		الرد على البكري تلخيص كتاب الاستغاثة - ط الغرباء	أحمد بن عبد الحليم بن تيمية الحراني أبو العباس	ShamAY	34402	0.29568
		تاريخ الفقه الجعفري	هاشم معروف الحسني	Rafed	3882	0.29566
		الرد علي الفتاوي المتطرفه	علي كوراني	Ghbook	3509	0.29566
		شرح صحيح البخاري - عبد الكريم الخضير	عبد الكريم الخضير	ShamAY	63	0.29564
		فيض القدير شرح الجامع الصغير	زين الدين محمد المدعو بعبد الرؤوف بن تاج العارفين بن علي بن زين العابدين الحدادي ثم المناوي القاهري (المتوفى: 1031هـ)	ShamAY	21660	0.29563
		توجيهات ووصايا مهمة للمرأة المسلمة العصرية	محمد حامد محمد	ShamAY	37467	0.29561
		وظيفة المسجد في المجتمع	صالح بن ناصر بن صالح الخزيم (المتوفى: 1418ه)	ShamelaY19	31292	0.29555
		الصلاة وصف مفصل للصلاة بمقدماتها مقرونة بالدليل من الكتاب والسنة، وبيان لأحكامها وآدابها وشروطها وسننها من التكبير حتى التسليم	أ. د / عبد الله بن محمد بن أحمد الطيار	ShamAY	7662	0.29554
		الصحيح من سيرة النبي الأعظم صلّى الله عليه وآله [ج ٢٤]	السيد جعفر مرتضى العاملي	Rafed	2570	0.29554
		المسائل الفقهية من كتاب الروايتين والوجهين	القاضي أبو يعلى، محمد بن الحسين بن محمد بن خلف المعروف بـ ابن الفراء (المتوفى: 458هـ)	ShamAY	31761	0.29553
		دورة تدريبية في مصطلح الحديث	أبو الأشبال حسن الزهيري آل مندوه المنصوري المصري	ShamAY	703	0.29552
		بحار الأنوار [ج ٧٨]	الشيخ محمّد باقر بن محمّد تقي المجلسي	Rafed	1105	0.29551
		وَقَفَاتٌ على الطَّريق	علي بن نايف الشحود	ShamAY	359	0.29549
		التعليقات المختصرة على متن العقيدة الطحاوية	صالح بن فوزان بن عبد الله الفوزان	ShamAY	21523	0.29548
		البصيرة في الدعوة إلى الله	عزيز بن فرحان العنزي	ShamelaY19	30916	0.29547
		الأسئلة والأجوبة الفقهية	أبو محمد عبد العزيز بن محمد بن عبد الرحمن بن عبد المحسن السلمان (المتوفى: 1422ه)	Sham19Y	11192	0.29547
		الإيضاح في علوم البلاغة	جلال الدين محمّد بن عبد الرحمن بن عمر بن أحمد	Rafed	1998	0.29547
		منار السبيل في شرح الدليل	ابن ضويان، إبراهيم بن محمد بن سالم (المتوفى: 1353هـ)	ShamAY	5463	0.29546
		موسوعة الأخلاق - الخراز	خالد بن جمعة بن عثمان الخراز	ShamelaY19	121380	0.29544
		 مكاشفة القلوب المقرب إلى علام الغيوب 	 الغزالي 	ABLibrary	8715	0.29544
		الحكمة في الدعوة إلى الله تعالى	د. سعيد بن علي بن وهف القحطاني	ShamAY	1953	0.29543
		إقامة البرهان في الرد على من أنكر خروج المهدي والدجال ونزول المسيح في آخر الزمان	حمود بن عبد الله بن حمود بن عبد الرحمن التويجري (المتوفى: 1413هـ)	ShamAY	32254	0.29541
		تنوير العقول في الفرق بين النبي والرسول	محمد بن عبد الله الإمام	ShamAY	35736	0.29541
		عقد الجواهر الثمينة في مذهب عالم المدينة	أبو محمد جلال الدين عبد الله بن نجم بن شاس بن نزار الجذامي السعدي المالكي (المتوفى: 616هـ)	ShamAY	32019	0.29541
		غنية النزوع إلى علمي الأصول والفروع	السيّد حمزة بن علي بن زهرة الحلبي [ ابن زهرة ]	Rafed	1459	0.29541
		الاستراتيجيه الحربيه في معركه عاشوراء	نبيل قدوري الحسني	Ghbook	12342	0.29539
		طرق الكشف عن مقاصد الشارع	الدكتور نعمان جغيم	ShamAY	32486	0.29537
		الحواشي على درة الغواص (مطبوع ضمن «درة الغواص وشرحها وحواشيها وتكملتها»)	ابن بري وابن ظفر	ShamelaY19	29601	0.29535
		الإمام البخاري وفقه التراجم في جامعه الصحيح	نور الدين محمد عتر الحلبي	ShamAY	553	0.29535
		المنهج الصحيح	عبد الله بن محمد الغنيمان	ShamAY	33	0.29533
		بنورفاطمة (ع) اهتديت	الكاتب السوداني عبد المنعم حسن	Masaha	191	0.29533
		تراجعات الألباني	محمد ناصر الدين الألباني (المتوفى: 1420ه)	Sham19Y	8217	0.2953
		مسند فاطمه الزهراء ( سلام الله عليها )	حسين شيخ الاسلامي	Ghbook	3789	0.2953
		الدرر اللوامع في شرح جمع الجوامع	شهاب الدين أحمد بن إسماعيل الكوراني (812 - 893 ه)	ShamelaY19	132415	0.29529
		في التعريب والمعرب وهو المعروف بحاشية ابن بري	عبد الله بن بَرّي بن عبد الجبار المقدسي الأصل المصري، أبو محمد، ابن أبي الوحش (المتوفى: 582هـ)	ShamAY	7060	0.29526
		أنواع الصبر ومجالاته - مفهومٌ، وأهميَّةٌ، وطرُقٌ، وتحصيْلٌ في ضوء الكتاب والسنة	د. سعيد بن علي بن وهف القحطاني	ShamAY	1829	0.29524
		مختصر منهاج القاصدين	نجم الدين، أبو العباس، أحمد بن عبد الرحمن بن قدامة المقدسي (المتوفى: 689ه)	ShamelaY19	98087	0.29523
		نزهة المالك والمملوك في مختصر سيرة من ولي مصر من الملوك «يؤرخ من عصر الفراعنة والأنبياء حتى سنة 717 هـ»	الحسَن بن أبي محمّد عبد الله بن عمر بن محاسن بن عبد الكريم الهَاشِمِي العبّاسي الصَّفَدِي (المتوفى: بعد 717 هـ)	ShamAY	32328	0.29521
		التقرير في حكم وخطورة التكفير والتفجير	يوسف بن محمد الدخيل	ShamAY	33490	0.29519
		صلاة العيدين - مفهوم، وفضائل، وآداب، وشروط، وأحكام في ضوء الكتاب والسنة	د. سعيد بن علي بن وهف القحطاني	ShamAY	1856	0.29517
		 نشر المحاسن الغالية في فضائل مشايخ الصوفية أصحاب المقامات العالية 	 عبد الله بن أسعد اليافعي اليمني المكي 	ABLibrary	8802	0.29514
		البيان والتحصيل والشرح والتوجيه والتعليل لمسائل المستخرجة	أبو الوليد محمد بن أحمد بن رشد القرطبي (المتوفى: 520ه)	ShamelaY19	21751	0.29513
		المحاسن النفسانيه	حسين آل عصفور	Ghbook	12080	0.29513
		الأحاديث والآثار المروية في عد آي القرآن دلالاتها ومدى مطابقة هذا العلم لها	حاتم التميمي	ShamAY	36664	0.2951
		النور الأسنى فى شرح أسماء الله الحُسْنَى	أمين الأنصاري	ShamAY	35070	0.29507
		الخصال المكفرة للذنوب	شمس الدين، محمد بن أحمد الخطيب الشربيني الشافعي (المتوفى: 977ه)	Sham19Y	9279	0.29506
		قواعد الأصول ومعاقد الفصول مختصر تحقيق الأمل في علمي الأصول والجدل	صفي الدين عبد المؤمن بن عبد الحق القطيعي البغدادي الحنبلي (ت: 739 ه)	ShamelaY19	147662	0.29505
		المفصل في أحكام العقيقة	حسام الدين بن موسى محمد بن عفانة	Sham19Y	37333	0.29505
		حرمة المسلم على المسلم	الدكتور ماهر ياسين الفحل	Sham19Y	1769	0.29505
		نزول القرآن الكريم والعناية به في عهد الرسول صلى الله عليه وسلم	محمد بن عبد الرحمن الشايع	ShamAY	12110	0.29504
		إبراز الحكم من حديث رُفِعَ القَلم	أبو الحسن تقي الدين علي بن عبد الكافي السبكي (المتوفى: 756هـ)	ShamAY	8466	0.29503
		البيان المشرق لسبب صيام المغرب برؤية المشرق	العلامة عبد الله بن الصديق الغماري	ShamAY	36231	0.29503
		ضوابط للدراسات الفقهية	الواحدي :: سلمان العودة	ShamAY	37571	0.29503
		المفاهيم الصحيحة للجهاد في سبيل الله تعالى في ضوء الكتاب والسنة	د. سعيد بن علي بن وهف القحطاني	ShamelaY19	96476	0.29502
		نظرات في التربية الإيمانية	مجدي الهلالي	ShamAY	288	0.29502
		الشيخ محمد بن عثيمين من العلماء الربانيين	عبد المحسن بن حمد بن عبد المحسن بن عبد الله بن حمد العباد البدر	ShamAY	7659	0.29496
		الزام النواصب بامامة علي بن ابي طالب عليه السلام	الشيخ مفلح بن الحسين (الحسن) بن راشد (رشيد) ابن صلاح البحراني	Rafed	111	0.29493
		سؤالات أبي الحسن المأربي للعلامة المحدث الألباني	العلامة المحدث محمد بن ناصر الدين الألباني	ShamAY	33148	0.29489
		الحدائق الناضرة [ج ١٥]	الشيخ يوسف بن أحمد البحراني [ صاحب الحدائق ]	Rafed	2852	0.29489
		التقية .. الوجه الآخر		ShamAY	35638	0.29488
		شرح العمدة لابن تيمية - كتاب الطهارة	تقي الدين أبو العباس أحمد بن عبد الحليم بن عبد السلام بن عبد الله بن أبي القاسم بن محمد ابن تيمية الحراني الحنبلي الدمشقي (المتوفى: 728 هـ)	ShamAY	32293	0.29487
		بيان المعاني [مرتب حسب ترتيب النزول]	عبد القادر بن ملا حويش السيد محمود آل غازي العاني (المتوفى: 1398ه)	ShamelaY19	23595	0.29484
		 لقط المنافع في علم الطب 	 ابن الجوزي 	ABLibrary	9876	0.29484
		لماذا الكوارث ؟	آيت الله العظمي سيد محمد حسيني شيرازي	Ghbook	7800	0.29484
		شرح نخبة الفكر	عبد الكريم الخضير	ShamelaY19	25955	0.29482
		الرسائل الأحمدية - الجزء1	الشيخ أحمد آل طعان البحراني	Masaha	1796	0.29482
		إقامة الحجة والدليل وإيضاح المحجة والسبيل	سليمان بن سحمان بن مصلح بن حمدان بن مصلح بن حمدان بن مسفر بن محمد بن مالك بن عامر الخثعمي , التبالي , العسيري , النجدي (المتوفى: 1349هـ)	ShamAY	7516	0.29478
		نظام الإثبات في الفقه الإسلامي	عوض عبد الله أبو بكر	ShamAY	23082	0.29477
		الصّحاح [ج ١]	إسماعيل بن حمّاد الجوهري	Rafed	2873	0.29477
		الأيام النضرة في السيرة العطرة	أبو هاشم صالح بن عواد بن صالح المغامسي	Sham19Y	37741	0.29476
		التوحيد وأثره في حياة المسلم	حمد بن إبراهيم الحريقي	ShamAY	32280	0.29475
		مع الخطيب ! فى خطوطه العريضة	لطف الله الصّافي	Rafed	1515	0.29475
		المثلثات اللغوية للمهلبي = شرح نظم مثلث قطرب	سديد الدين أبي القاسم عبد الوهاب بن الحسن بن بركات المهلبي	ShamAY	37030	0.29474
		الإمام مالك وموقفه من الرافضة	أبو عبد البر محمد كاوا	Sham19Y	13594	0.29474
		عقيدة الولاء والبراء - المقدم	محمد أحمد إسماعيل المقدم	ShamAY	44	0.29472
		التفسير المنير [ج ١٠]	الدكتور وهبة الزحيلي	Rafed	2953	0.29469
		 الرد الجميل لإلهية عيسى بصريح الإنجيل 	 الغزالي 	ABLibrary	8425	0.29468
		أسباب رفع العقوبة عن العبد لشيخ الإسلام ابن تيمية	الواحدي :: علي بن نايف الشحود	ShamAY	36067	0.29467
		سبعون حديثاً في الجهاد	أبو عبد الله عبيد الله بن محمد بن محمد بن حمدان العُكْبَري المعروف بابن بَطَّة العكبري (المتوفى: 387هـ)	ShamAY	1582	0.29463
		الصحاح تاج اللغة وصحاح العربية	أبو نصر إسماعيل بن حماد الجوهري الفارابي (المتوفى: 393هـ)	ShamAY	23235	0.29463
		 معرفة المعاد 	 السيد محمد حسين الطهراني 	ABLibrary	8874	0.29463
		وأحسن كما أحسن الله إليك	عبد الملك بن محمد القاسم	Sham19Y	95666	0.29455
		مودة أهل البيت(ع) وفضائلهم في الكتاب والسنة	مركز الرسالة	Masaha	454	0.29455
		التعليقات على متن لمعة الاعتقاد لابن جبرين	عبد الله بن عبد الرحمن بن عبد الله بن إبراهيم بن فهد بن حمد بن جبرين (المتوفى: 1430هـ)	ShamAY	8586	0.29452
		حوار مع صديقي الشيعي	الهاشمي بن علي	Masaha	242	0.29451
		 الطراز الأول والكناز لما عليه من لغة العرب المعول 	 ابن معصوم المدني 	ABLibrary	7951	0.29447
		كتاب السرد والفرد في صحائف الأخبار ونسخها المنقولة عن سيد المرسلين صلوات الله وسلامه عليه - مخطوط	أبو الخير أحمد بن إسماعيل الطالقاني القزويني	ShamAY	32963	0.29446
		الأربعون النووية	أبو زكريا محيي الدين يحيى بن شرف النووي (المتوفى: 676هـ)	ShamAY	12836	0.29444
		الروض الأنيق في فضل الصديق	عبد الرحمن بن أبي بكر، جلال الدين السيوطي (المتوفى: 911هـ)	ShamAY	194	0.29444
		عقد الدرر فيما صَحَّ في فضائل السور	أيمن أبانمي	ShamAY	36843	0.29443
		قصه الشيعه	آيت الله العظمي سيد محمد حسيني شيرازي	Ghbook	7775	0.29443
		البدعة مفهومها وحدودها	مركز الرسالة	Masaha	198	0.29441
		نور الإسلام وظلمات الكفر في ضوء الكتاب والسنة	د. سعيد بن علي بن وهف القحطاني	ShamelaY19	96535	0.2944
		الأيام النضرة في السيرة العطرة	أبو هاشم صالح بن عوّاد بن صالح المغامسي	ShamAY	31909	0.2944
		تحقيق الفوائد الغياثية	محمد بن يوسف بن علي بن سعيد، شمس الدين الكرماني (المتوفى: 786 هـ)	ShamAY	32571	0.2944
		مسار الشيعه	محمد بن  محمد بن نعمان شيخ مفيد	Ghbook	2606	0.29437
		الإيجابية والسلبية في الشعر العربي بين الجاهلية والإسلام	علي الشعيبي	ShamAY	34537	0.29434
		100 كتاب للشيخ سعيد عبد العظيم	سعيد عبد العظيم	ShamAY	32991	0.29433
		البدع وأثرها السيء في الأمة	الواحدي	ShamAY	35468	0.29432
		حماية الرسول صلى الله عليه وسلم حمى التوحيد	محمد بن عبد الله زربان الغامدي	ShamAY	11167	0.29432
		المهَذَّبُ في تفسيرِ جزء عَمَّ	علي بن نايف الشحود	ShamAY	33097	0.29428
		 سلسلة المسائل الفقهية 	 الشيخ السبحاني 	ABLibrary	9572	0.29428
		 الذريعة إلى حافظ الشريعة ( شرح أصول الكافي ) 	 رفيع الدين محمد بن محمد مؤمن الجيلاني 	ABLibrary	7914	0.29426
		شمس العلوم و دواء كلام العرب من الكلوم	نشوان  بن سعيد حميري	Ghbook	16230	0.29426
		إصلاح المساجد من البدع والعوائد	محمد جمال الدين بن محمد سعيد بن قاسم الحلاق القاسمي (المتوفى: 1332هـ)	ShamAY	10541	0.29424
		جامع لطائف التفسير	عبد الرحمن بن محمد القماش	ShamAY	33107	0.29424
		المفصل في أحكام العقيقة	حسام الدين بن موسى محمد بن عفانة	ShamAY	949	0.29421
		في رحاب السيرة .. عبر وعظات	أبو عامر الطيماوي	ShamAY	37400	0.29421
		الإفاضة من عرفات قبل غروب الشمس لمن وقف نهارا	عبد الله السكاكر	ShamAY	36655	0.2942
		مفتاح الأفكار للتأهب لدار القرار	أبو محمد عبد العزيز بن محمد بن عبد الرحمن بن عبد المحسن السلمان (المتوفى: 1422هـ)	ShamAY	120	0.2942
		نظرات في التربية الإيمانية	مجدي الهلالي	Sham19Y	36414	0.2942
		فتاوى حديثية - سعد آل حميد	سعد الحميد	ShamAY	37281	0.29419
		تلخيص البيان في مجازات القرآن	الشريف الرضي	Masaha	2328	0.29416
		الإعتقادات	الشيخ الصدوق	Masaha	84	0.29415
		مختصر تنزيه المسجد الحرام عن بدع الجهلة العوام - سلسلة لقاء العشر الأواخر بالمسجد الحرام (4)	محمد بن أحمد بن الضياء محمد القرشي العمري المكي الحنفي، بهاء الدين أبو البقاء، المعروف بابن الضياء (المتوفى: 854 هـ)	ShamAY	32390	0.29413
		شرح الشّواهد الشعريّة في أمّات الكتب النحويّة [ج ١]	محمّد محمّد حسن شرّاب	Rafed	1883	0.29412
		نضرة النعيم في مكارم أخلاق الرسول الكريم	مجموعة من المؤلفين	Sham19Y	22798	0.2941
		الصيام في الإسلام في ضوء الكتاب والسنة - مفهوم، وفضائل، وفوائد، وخصائص، وشروط، وأركان، ومسائل، وآداب، وحكم، وأحكام	د. سعيد بن علي بن وهف القحطاني	ShamelaY19	96467	0.29408
		بحر الدموع	جمال الدين أبو الفرج عبد الرحمن بن علي بن محمد الجوزي (المتوفى: 597هـ)	ShamAY	2506	0.29408
		الأمثال المولدة	محمد بن العباس الخوارزمي، أبو بكر (المتوفى: 383هـ)	ShamAY	10497	0.29407
		 التعليقة على الرسالة الصومية ( مع تعليقات الخاجوئي ) 	 الشيخ البهائي العاملي 	ABLibrary	9349	0.29407
		مختصر كتاب جلباب المرأة المسلمة للألباني	حسام الدين عفانة	Sham19Y	9291	0.29405
		أدب الطّف أو شعراء الحسين عليه السلام [ج ٨]	جواد شبّر	Rafed	379	0.29405
		تاريخ الفقه الجعفري‏	هاشم معروف الحسني‏	Masaha	3197	0.29403
		المؤتلف من المختلف بين أئمة السلف - الجزء1	الشيخ ابو علي الفضل بن الحسن الطبرسي	Masaha	1050	0.29402
		تاريخ الفقه الجعفري‏	هاشم معروف الحسني‏	Masaha	2707	0.29399
		دروس الشيخ محمد إسماعيل المقدم	محمد أحمد إسماعيل المقدم	ShamelaY19	37018	0.29397
		سهم إبليس وقوسه	عبد الملك بن محمد القاسم	ShamelaY19	95671	0.29397
		الدليل العقلي علي امامه علي عليه السلام	آيت الله علي حسيني ميلاني	Ghbook	4537	0.29395
		الشيخ عبد الرحمن بن سعدي وجهوده في تو ضيح العقيدة	عبد الرزاق بن عبد المحسن البدر	Sham19Y	7651	0.29393
		مشكاة المصابيح	محمد بن عبد الله الخطيب العمري، أبو عبد الله، ولي الدين، التبريزي (المتوفى: 741هـ)	ShamAY	8360	0.29392
		 موسوعة كشاف اصطلاحات الفنون والعلوم 	 محمد علي التهانوي 	ABLibrary	8654	0.29392
		الإعلام الملتزم بفضيلة زمزم - سلسلة لقاء العشر الأواخر بالمسجد الحرام (25)	أحمد بن علي الأزهري الشافعي (المتوفى: 1179 ه)	Sham19Y	17806	0.29391
		الأفضليات	علي بن منجب بن سليمان، أبو القاسم، تاج الرياسة، ابن الصيرفي (المتوفى: 542هـ)	ShamAY	5432	0.2939
		التفسير المنير [ج ٦]	الدكتور وهبة الزحيلي	Rafed	2948	0.2939
		السيرة النبوية - راغب السرجاني	راغب الحنفي راغب السرجاني	ShamelaY19	37369	0.29389
		محاكمات الخلفاء و اتباعهم	جواد جعفر خليلي	Ghbook	7701	0.29389
		أصول الوصول إلى الله تعالى	أبو العلاء محمد بن حسين بن يعقوب السلفي المصري	ShamelaY19	98088	0.29387
		تقارب الاديان		ShamAY	35521	0.29387
		فقه التاجر المسلم	حسام الدين بن موسى محمد بن عفانة	ShamAY	975	0.29385
		الفرقان في تفسير القرآن بالقرآن والسنّة [ج ٣]	الشيخ محمد الصادقي	Rafed	3009	0.29385
		الاماكن	محمد بن موسي حازمي	Ghbook	10351	0.29385
		الشيخ عبد الرحمن بن سعدي وجهوده في تو ضيح العقيدة	عبد الرزاق بن عبد المحسن البدر	ShamAY	7651	0.29384
		الخصال الموجبة لظل العرش	علي بن نايف الشحود	ShamAY	34831	0.29382
		ابن تيمية لم يكن ناصبياً	سليمان الخراشي	ShamAY	35285	0.29382
		المغني عن حمل الأسفار - مكتبة طبرية	العراقي، زين الدين	ShamAY	34126	0.29379
		مشاهيرالمدفونين في كربلاء	سلمان هادي آل طعمه	Ghbook	11227	0.29376
		إبراز المعاني من حرز الأماني	أبو القاسم شهاب الدين عبد الرحمن بن إسماعيل بن إبراهيم المقدسي الدمشقي المعروف بأبي شامة (المتوفى: 665هـ)	ShamAY	5486	0.29375
		أسرار الكون = الهيئة السَّنِية في الهيئة السُّنِّية	عبد الرحمن بن أبي بكر، جلال الدين السيوطي (المتوفى: 911هـ)	ShamAY	209	0.29374
		أخذ المضحي من شعره وظفره	فؤاد الهاشمي	ShamAY	36686	0.29374
		خريدة القصر وجريدة العصر - قسم شعراء المغرب والأندلس جـ 2	عماد الدين الكاتب الأصبهاني، محمد بن محمد صفي الدين بن نفيس الدين حامد بن أله، أبو عبد الله (المتوفى: 597هـ)	ShamAY	12856	0.29374
		عرف الطيب من أخبار مكة ومدينة الحبيب‏	محمد بن محمد عاقولي	Masaha	4518	0.29371
		نهج البيان عن كشف معاني القرآن [ج ٢]	محمّد بن الحسن الشيباني	Rafed	1629	0.29371
		الشفاعة في الحديث النبوي	أبو ذر عبد القادر بن مصطفى بن عبد الرزاق المحمدي	ShamelaY19	95695	0.29369
		الأسئلة والأجوبة الفقهية	أبو محمد عبد العزيز بن محمد بن عبد الرحمن بن عبد المحسن السلمان (المتوفى: 1422هـ)	ShamAY	11192	0.29368
		الأجوبة العراقية على الأسئلة اللاهورية	شهاب الدين محمود بن عبد الله الحسيني الألوسي (المتوفى: 1270ه)	ShamelaY19	36066	0.29364
		السيرة النبوية - دروس وعبر	مصطفى بن حسني السباعي (المتوفى: 1384هـ)	ShamAY	914	0.29364
		كيفية دعوة أهل الكتاب إلى الله تعالى في ضوء الكتاب والسنة	د. سعيد بن علي بن وهف القحطاني	Sham19Y	96518	0.29364
		السواك وسنن الفطرة - المقدم	محمد أحمد إسماعيل المقدم	ShamelaY19	36999	0.29358
		 تأسيس الغرب الإسلامي 	 هشام جعيط 	ABLibrary	9018	0.29358
		مشكاة المصابيح	محمد بن عبد الله الخطيب العمري، أبو عبد الله، ولي الدين، التبريزي (المتوفى: 741ه)	Sham19Y	8360	0.29356
		دراسات لغوية في أمهات كتب اللغة	إبراهيم محمد أبو سكين	Sham19Y	11751	0.29356
		تاج العروس [ج ١٩]	محبّ الدين أبي فيض السيد محمّد مرتضى الحسيني الواسطي الزبيدي الحنفي	Rafed	1611	0.29356
		البدعه و آثارها الموبقه	آيت الله العظمي جعفر سبحاني	Ghbook	5039	0.29356
		الشيعة هم العدو فاحذرهم	شحاتة محمد صقر	ShamAY	566	0.29354
		الخصال المكفرة للذنوب	شمس الدين، محمد بن أحمد الخطيب الشربيني الشافعي (المتوفى: 977هـ)	ShamAY	970	0.29353
		نور السنة وظلمات البدعة في ضوء الكتاب والسنة	د. سعيد بن علي بن وهف القحطاني	ShamelaY19	96539	0.29351
		السيرة النبوية - راغب السرجاني	راغب الحنفي راغب السرجاني	ShamAY	628	0.29351
		تحفة النظار في غرائب الأمصار وعجائب الأسفار  - الجزء1	محمد بن عبد الله ابن بطوطة	Masaha	3962	0.29351
		التحفة الرضويّة في مجرّبات الإماميّة	محمّد الرضي الرضوي	Rafed	2073	0.29351
		تلخيص البيان فى مجازات القرآن	الشريف الرضى	ShamAY	34094	0.29349
		إفادة المستفيد بشرح كتاب التوحيد	صالح بن محمد الأسمري	ShamAY	35761	0.29348
		مدارك الأحكام [ج ٣]	السيد محمّد بن علي الموسوي العاملي	Rafed	593	0.29347
		تحريم المتعة في الكتاب والسنة	يوسف جابر المحمدي	ShamAY	35677	0.29345
		الحدائق الناضرة [ج ١٦]	الشيخ يوسف بن أحمد البحراني [ صاحب الحدائق ]	Rafed	2855	0.29345
		التقريب والإرشاد (الصغير)	محمد بن الطيب بن محمد بن جعفر بن القاسم، القاضي أبو بكر الباقلاني المالكي (المتوفى: 403 هـ)	ShamAY	32372	0.29344
		سيره الائمه ( عليهم السلام ) باسلوب قصصي ميسر - الامام العسكري ( عليه السلام )	محمد رضا عباس محمد دباغ	Ghbook	6232	0.29344
		الطّراز الأوّل [ج ٦]	السيّد علي بن أحمد بن محمّد معصوم الحسيني	Rafed	494	0.29343
		مكفرات الذنوب في القرآن والسنة	علي بن نايف الشحود	ShamAY	34850	0.29341
		دخول الشهر القمري بين رؤية الهلال والحساب الفلكي	فهد الحسون	ShamAY	36446	0.29338
		مكفرات الذنوب وموجبات الجنة	عبد الرحمن بن علي بن محمد الشيباني الزبيدي الشافعي، وجيه الدين، المعروف بابن الديبع (المتوفى: 944هـ)	ShamAY	28114	0.29333
		حلية طالب العلم (وهو مطبوع ضمن كتاب المجموعة العلمية)	بكر بن عبد الله أبو زيد بن محمد بن عبد الله بن بكر بن عثمان بن يحيى بن غيهب بن محمد (المتوفى: 1429هـ)	ShamAY	9884	0.29333
		الأربعون الودعانية الموضوعة	محمد بن علي بن عبيد الله بن أحمد بن صالح بن سليمان بن ودعان الموصلي، أبو نصر (المتوفى: 494ه)	ShamelaY19	30584	0.29332
		كتاب كسر الصنم	آية الله البرقعي رحمه الله	ShamAY	35312	0.2933
		صلاة المسافر - مفهوم، وأنواع، وآداب، ودرجات، وأحكام في ضوء الكتاب والسنة	د. سعيد بن علي بن وهف القحطاني	Sham19Y	31236	0.2933
		الحصون المنيعه في رد ما اورده صاحب المنار في حق الشيعه	محسن امين عاملي	Ghbook	7544	0.29328
		آثاَرُ ابْنُ بَادِيسَ	عبد الحميد محمد بن باديس الصنهاجي (المتوفى: 1359هـ)	ShamAY	428	0.29326
		الإمام الرضا عليه السلام سيرة وتاريخ	عبّاس الذهبي	Rafed	607	0.29325
		الوضوء علي ضوء الكتاب و السنه	آيت الله العظمي جعفر سبحاني	Ghbook	5059	0.29322
		دروس في علوم القرآن	حسين جوان آراسته	Ghbook	15054	0.29322
		 بحوث في الملل والنحل 	 الشيخ السبحاني 	ABLibrary	8358	0.29321
		شرح حديث يتبع الميت ثلاث	ابن رجب الحنبلي	ShamAY	35968	0.2932
		كيف يبني طالب العلم مكتبته	عبد الكريم بن عبد الله بن عبد الرحمن بن حمد الخضير	ShamelaY19	23765	0.29319
		أعلام السنة المنشورة لاعتقاد الطائفة الناجية المنصورة (الكتاب نشر - أيضا - بعنوان: 200 سؤال وجواب في العقيدة الاسلامية)	حافظ بن أحمد بن علي الحكمي (المتوفى: 1377ه)	ShamelaY19	30821	0.29318
		فتح القوي المتين في شرح الأربعين وتتمة الخمسين للنووي وابن رجب رحمهما الله	عبد المحسن بن حمد بن عبد المحسن بن عبد الله بن حمد العباد البدر	ShamAY	11325	0.29318
		الإعلام بتوضيح نواقض الإسلام	الواحدي	ShamAY	35464	0.29317
		زجر المتهاون بضرر قاعدة المعذرة والتعاون	حمد بن إبراهيم العثمان	ShamAY	33451	0.29317
		نقد الشعر	قدامة بن جعفر بن قدامة بن زياد البغدادي، أبو الفرج (المتوفى: 337هـ)	ShamAY	28181	0.29317
		الأربعون القرآنية	أحمد بن عبد الرزاق آل إبراهيم العنقري التميمي الكويتي	ShamAY	92	0.29314
		إعجاز القرآن العلمي والبلاغي والحسابي	محمّد حسن قنديل	Rafed	3107	0.29314
		 الأطعمة والأشربة ، آدابها وفوائدها ( النفحات الزكية في شرح الأرجوزة الأعسمية ) 	 الشيخ محمد علي الأعسم 	ABLibrary	9973	0.29312
		حديث تركت فيكم أمرين دراسة لمصدرية التلقي في هذا الدين	فالح بن محمد الصغير	ShamAY	35986	0.29311
		مشارق أنوار اليقين في أسرار أمير المؤمنين	رجب البرسي	Rafed	3507	0.29309
		جزء يعلى بن عباد شيوخه (ضمن مجموع مطبوع باسم الفوائد لابن منده!)	يعلى بن عباد (المتوفى: 230هـ)	ShamAY	9413	0.29307
		الفكر الصوفي في ضوء الكتاب والسنة	عبد الرحمن بن عبد الخالق اليوسف	ShamAY	11545	0.29307
		مقومات الداعية الناجح في ضوء الكتاب والسنة - مفهوم، ونظر، وتطبيق	د. سعيد بن علي بن وهف القحطاني	ShamelaY19	96524	0.29305
		الألفاظ والمصطلحات المتعلقة بتوحيد الربوبية	آمال بنت عبد العزيز العمرو	ShamAY	7547	0.29305
		ابن تيمية في صورته الحقيقية	صائب عبد الـحميد	Masaha	34	0.29305
		تحقيق جزء من كتاب الشامل لأمير كاتب الفارابي من أول باب الأمر والنهي	خيرت يوسف نور الدين	ShamAY	37599	0.29304
		أحاديث الصيام أحكام وآداب	الواحدي :: عبد الله الفوزان	ShamAY	36453	0.29304
		الصداقة بين العلماء	الواحدي :: محمد بن إبراهيم الحمد	ShamAY	33493	0.29303
		طريق الهجرتين وباب السعادتين - ط عالم الفوائد	ابن القيم	ShamAY	38387	0.29302
		الفقه: من الآداب الطبيه	آيت الله العظمي سيد محمد حسيني شيرازي	Ghbook	7836	0.29301
		منحة القريب المجيب في الرد على عباد الصليب	عبد العزيز بن حمد بن ناصر بن عثمان آل معمر (المتوفى: 1244هـ)	ShamAY	10895	0.293
		المنتقى من بطون الكتب	الواحدي :: محمد بن إبراهيم الحمد	ShamAY	37720	0.29299
		شرح الرسالة الصلاتية	الشيخ يوسف البحراني	Masaha	1520	0.29299
		تأسيس الغرب الإسلامي	هشام جعيط	Rafed	2495	0.29298
		مع المهدي المنتظر (عجل الله تعالي فرجه الشريف ) في دراسه منهجيه مقارنه بين الفكر...	مهدي حمد فتلاوي	Ghbook	6684	0.29297
		التعيين في شرح الأربعين	سليمان بن عبد القوي بن عبد الكريم الطوفي الصرصري، أبو الربيع، نجم الدين (المتوفى: 716 ه)	ShamelaY19	18568	0.29296
		الرد على فيصل مراد علي رضا فيما كتبه عن شأن الأموات وأحوالهم	صالح الفوزان	ShamAY	33850	0.29296
		 الطراز الأول والكناز لما عليه من لغة العرب المعول 	 ابن معصوم المدني 	ABLibrary	7947	0.29295
		بيان العلم الأصيل والمزاحم الدخيل	أبو محمد عبد الكريم بن صالح بن عبد الكريم الحميد	ShamAY	980	0.29294
		البحر المحيط في التّفسير [ج ٤]	محمّد بن يوسف [ أبي حيّان الأندلسي الغرناطي ]	Rafed	2420	0.29292
		 الياقوت في علم الكلام 	 ابو اسحاق ابراهيم بن نوبخت 	ABLibrary	8680	0.29291
		موارد السجن في النصوص و الفتاوي	نجم الدين طبسي	Ghbook	9566	0.29291
		ثمرة التسارع إلى الحب في الله تعالى وترك التقاطع - سلسلة لقاء العشر الأواخر بالمسجد الحرام (9)	محمد جمال الدين بن محمد سعيد بن قاسم الحلاق القاسمي (المتوفى: 1332 هـ)	ShamAY	32394	0.29288
		رسائل الثعالبي	عبد الملك بن محمد بن إسماعيل أبو منصور الثعالبي (المتوفى: 429هـ)	ShamAY	623	0.29288
		الأساليب الشرعية في تأديب الأطفال	علي بن نايف الشحود	ShamAY	34823	0.29287
		الأجوبة النافعة عن أسئلة لجنة مسجد الجامعة	أبو عبد الرحمن محمد ناصر الدين، بن الحاج نوح بن نجاتي بن آدم، الأشقودري الألباني (المتوفى: 1420هـ)	ShamAY	7524	0.29287
		مواقف لا تنسى - من سيرة والدتي رحمها الله تعالى (1345 ه - 1428 ه)	د. سعيد بن علي بن وهف القحطاني	ShamelaY19	96533	0.29286
		التاج في أخلاق الملوك	عمرو بن بحر بن محبوب الكناني بالولاء، الليثي، أبو عثمان، الشهير بالجاحظ (المتوفى: 255ه)	ShamelaY19	22623	0.29286
		وَا مُحَمَّدَاهُ {إِنَّ شَانِئَكَ هُوَ الْأَبْتَرُ}	أبو التراب سيد بن حسين بن عبد الله العفاني	ShamAY	2059	0.29284
		تراجم شهداء الدعوة الإسلامية في العصر الحديث	عبد القادر عبار غنّوش	ShamAY	35816	0.29284
		 رسالتان في سر الحروف ومعانيها 	 ابن عربي 	ABLibrary	8748	0.29284
		الكبائر - ت آل سلمان	الذهبي، شمس الدين	ShamAY	33744	0.29282
		 دور أهل البيت ( ع ) في بناء الجماعة الصالحة 	 السيد محمد باقر الحكيم 	ABLibrary	973	0.2928
		 الأنوار في مولد النبي محمد ( ص ) 	 أحمد بن عبد الله البكري 	ABLibrary	7904	0.2928
		الكشّاف [ج ١]	محمود بن عمر الزمخشري	Rafed	3095	0.29279
		أبكار الأفكار في أصول الدّين [ج ٤]	أبي الحسن علي بن محمد بن سالم الثعلبي [ سيف الدين الآمدي ]	Rafed	3406	0.29276
		لسان العرب	محمد بن مكرم ابن منظور	Ghbook	7322	0.29276
		الصرفة دلالتها لدى القائلين بها وردود المعارضين لها		ShamAY	36934	0.29275
		موسوعة الأخلاق الإسلامية - الدرر السنية	مجموعة من المؤلفين	ShamAY	1521	0.29273
		بيان المعاني [مرتب حسب ترتيب النزول]	عبد القادر بن ملّا حويش السيد محمود آل غازي العاني (المتوفى: 1398هـ)	ShamAY	23595	0.29271
		 موسوعة الإمام العسكري ( ع ) 	 الشيخ أبو القاسم الخزعلي 	ABLibrary	7849	0.29271
		الزكاة في الإسلام في ضوء الكتاب والسنة - مفهوم, ومنزلة, وحكم, وفوائد، وأحكام, وشروط, ومسائل	د. سعيد بن علي بن وهف القحطاني	ShamelaY19	96466	0.29268
		فقه السيرة النبوية مع موجز لتاريخ الخلافة الراشدة	محمد سعيد رمضان البوطي	ShamelaY19	23657	0.29267
		الحدائق الناضرة [ج ١٤]	الشيخ يوسف بن أحمد البحراني [ صاحب الحدائق ]	Rafed	2851	0.29267
		النفحات الزكية من المراسلات العلمية	الواحدي :: فيصل المبارك	ShamAY	36528	0.29266
		التأويل عند أهل العلم	الحسن الكتاني	ShamAY	37512	0.29264
		البيان المبدي لشناعة القول المجدي	سليمان بن سحمان بن مصلح بن حمدان بن مصلح بن حمدان بن مسفر بن محمد بن مالك بن عامر الخثعمي , التبالي , العسيري , النجدي (المتوفى: 1349هـ)	ShamAY	7568	0.29262
		 فقه الحج 	 الشيخ لطف الله الصافي الگلپايگاني 	ABLibrary	9740	0.29261
		دروس الشيخ عائض القرني	عائض بن عبد الله القرني	Sham19Y	7708	0.2926
		 بلاغة الإمام علي بن الحسين ( ع ) 	 جعفر عباس الحائري 	ABLibrary	808	0.2926
		الحدائق الناضره في احكام العتره الطاهره	يوسف بحراني	Ghbook	10764	0.29259
		فقه العبادات على المذهب الحنبلي	الحاجة سعاد زرزور	Sham19Y	12899	0.29257
		الزبدة الفقهيّة [ج ٢]	السيّد محمّد حسن ترحيني العاملي	Rafed	2473	0.29256
		فرق أهل السنّة	صالح الورداني	Rafed	1235	0.29256
		الدّرر النجفيّة [ج ٤]	الشيخ يوسف بن أحمد البحراني [ صاحب الحدائق ]	Rafed	3713	0.29255
		اهل البيت عليهم السلام سماتهم و حقوقهم في القرآن الكريم	آيت الله العظمي جعفر سبحاني	Ghbook	3871	0.29255
		خلاصة البدر المُنير	ابن الملقن سراج الدين أبو حفص عمر بن علي بن أحمد الشافعي المصري (المتوفى: 804هـ)	ShamAY	21104	0.29251
		مطلع البدرين فيمن يؤتى أجره مرتين	عبد الرحمن بن أبي بكر، جلال الدين السيوطي (المتوفى: 911ه)	ShamelaY19	26551	0.2925
		حطم صنمك وكن عند نفسك صغيرا	مجدي الهلالي	ShamelaY19	36328	0.2925
		قاطعة اللجاج في تحقيق حلّ الخراج	الشيخ عليّ بن الحسين بن عبد العالي الكركي	Rafed	24	0.2925
		النهي عن بيعتين في بيعة	سيف هشام	ShamAY	36314	0.29249
		فهرسة مخطوطات علم الحديث ومصطلحه خلال التراث الجزائري	عبد الحفيظ قطاش	ShamAY	37628	0.29249
		فصل الخطاب في شرح (مسائل الجاهلية، التي خالف فيها رسول الله صلى الله عليه وسلم أهل الجاهلية لمحمد بن عبد الوهاب رحمه الله)	أبو المعالي محمود شكري بن عبد الله بن محمد بن أبي الثناء الألوسي (المتوفى: 1342ه)	ShamelaY19	30866	0.29247
		الامام زين العابدين العابدين (ع) صاحب الصحيفه الربانيه و حامل الالام المضيئه	هادي مدرسي	Ghbook	6353	0.29246
		أدب النفس	محمد بن علي بن الحسن بن بشر، أبو عبد الله، الحكيم الترمذي (المتوفى: نحو 320هـ)	ShamAY	447	0.29244
		 الكتاب العزيزي ( المسالك والممالك ) 	 حسن بن أحمد المهلبي 	ABLibrary	9162	0.29241
		إتمام الدراية لقراء النقاية	عبد الرحمن بن أبي بكر، جلال الدين السيوطي (المتوفى: 911هـ)	ShamAY	10733	0.29237
		 ولاية الفقيه في حكومة الإسلام 	 السيد محمد حسين الطهراني 	ABLibrary	9445	0.29237
		آراء محمد رشيد رضا العقائدية في أشراط الساعة الكبرى وآثارها الفكرية	مشاري سعيد المطرفي	ShamelaY19	32254	0.29236
		شذرات الذهب دراسة في البلاغة القرآنية	محمود توفيق محمد سعد	ShamAY	2124	0.29233
		السيّدة رقيّة بنت الإمام الحسين عليه السلام	الشيخ علي ربّاني الخلخالي	Rafed	1778	0.29233
		الرد على الأخنائي واستحباب زيارة خير البرية - ت المعلمي	ابن تيمية	ShamAY	34360	0.2923
		تقريب الوصول إلي معرفة الرسول صلى الله عليه وسلم	طارق محمد امعيتيق	ShamAY	37439	0.29227
		مبحث الاجتهاد والخلاف (مطبوع ضمن مؤلفات الشيخ محمد بن عبد الوهاب، الجزء الثالث)	محمد بن عبد الوهاب بن سليمان التميمي النجدي (المتوفى: 1206هـ)	ShamAY	11369	0.29227
		المسالك والممالك للمهلبي = العزيزي	الحسن بن أحمد المهلبي العزيزي (المتوفى: 380هـ)	ShamAY	11785	0.29227
		المنهل الروي في الطب النبوي	ابن طولون (953 هـ)	ShamAY	33561	0.29226
		التوجيهات الإلهية للفرد المسلم من خلال القصص القرآني في سورة القصص	مسلم اليوسف	ShamAY	36733	0.29226
		دروس الشيخ عائض القرني	عائض بن عبد الله القرني	ShamAY	423	0.29223
		توجيهاتٌ قرآنيةٌ لأصحابِ الدَّعوةِ	علي بن نايف الشحود	ShamAY	33271	0.29222
		معتقد أهل السنة والجماعة في أسماء الله الحسنى	محمد بن خليفة بن علي التميمي	ShamAY	12074	0.29221
		أطائب الكلم في بيان صلة الرّحم	الشيخ حسن بن علي الكركي	Masaha	1661	0.29221
		مودّة أهل البيت وفضائلهم في الكتاب والسنّة	السيد تقي يوسف الحكيم	Rafed	758	0.29221
		العلاج بالقرآن ( حقيقته ، أهميته ، حكمه، وضوابطه )	عبد الحق حميش	ShamAY	34895	0.29217
		إيضاح البيان عن معنى أم القرآن	سُلَيمانُ بنُ عَبدِ القَوي الطُّوفِي الحَنبَلِي	ShamAY	33099	0.29217
		الإقتباس من القرآن الكريم [ج ٢]	أبي منصور عبد الملك بن محمّد بن اسماعيل الثعالبي	Rafed	3177	0.29216
		نزهة المجالس ومنتخب النفائس	عبد الرحمن بن عبد السلام الصفوري (المتوفى: 894ه)	ShamelaY19	28168	0.29214
		العدة شرح العمدة [وهو شرح لكتاب عمدة الفقه، لموفق الدين بن قدامة المقدسي]	عبد الرحمن بن إبراهيم بن أحمد، أبو محمد بهاء الدين المقدسي (المتوفى: 624هـ)	ShamAY	34263	0.29214
		 سند العروة الوثقى ( كتاب الحج ) 	 تقرير بحث الشيخ محمد السند لسيد الماجد والشيخ حسن العصفور 	ABLibrary	9545	0.29214
		شرح الفصول المهمة في مواريث الأمة	محمد بن محمد بن أحمد الغزال الدمشقيّ، بدر الدين، الشهير بسبط المارديني (المتوفى: 912هـ)	ShamAY	12018	0.29213
		تاريخ المساجد الشهيرة	عبد الله سالم نجيب	ShamAY	37121	0.29213
		فكر ومباحث	علي بن مصطفى الطنطاوي (المتوفى: 1420هـ)	ShamAY	32251	0.29211
		الولاء والبراء في الإسلام - البركاتي	أبو عاصم الشحات شعبان محمود عبد القادر البركاتي المصري	ShamAY	1757	0.2921
		صلاة المؤمن - مفهوم، وفضائل، وآداب، وأنواع، وأحكام، وكيفية في ضوء الكتاب والسنة	د. سعيد بن علي بن وهف القحطاني	ShamelaY19	96550	0.29208
		البدعة ضوابطها وأثرها السيء في الأمة	علي بن محمد بن ناصر الفقيهي	Sham19Y	8791	0.29208
		الطّراز الأوّل [ج ٢]	السيّد علي بن أحمد بن محمّد معصوم الحسيني	Rafed	481	0.29208
		أشراط الساعة الصغرى من موقع المنبر	مجموعة من المؤلفين	ShamAY	35205	0.29207
		يسألونك عن الزكاة	حسام الدين بن موسى محمد بن عفانة	ShamAY	946	0.29207
		 في رحاب أهل البيت ( ع ) 	 لجنة بحوث المجمع العالمي لأهل البيت ( ع ) 	ABLibrary	8557	0.29207
		الرحلة الورثيلانيّة [ج ١]	الحسين بن محمّد الورثيلاني	Rafed	2202	0.29203
		دروس الشيخ عبد الحي يوسف	أبو عمر عبد الحي بن يوسف	ShamelaY19	37422	0.29202
		فضل الإسلام (مطبوع ضمن مؤلفات الشيخ محمد بن عبد الوهاب، الجزءالأول)	محمد بن عبد الوهاب بن سليمان التميمي النجدي (المتوفى: 1206هـ)	ShamAY	11221	0.29202
		فتح القدير [ج ٣]	محمد بن علي بن محمد الشوكاني	Rafed	3965	0.29201
		آكام المرجان فى ذكر المدائن المشهورة فى كل مكان	إسحاق بن الحسين المنجم (المتوفى: ق 4هـ)	ShamAY	11568	0.292
		نضرة النعيم في مكارم أخلاق الرسول الكريم - صلى الله عليه وسلم	عدد من المختصين بإشراف الشيخ/ صالح بن عبد الله بن حميد إمام وخطيب الحرم المكي	ShamAY	22798	0.292
		رياض الصالحين بالعربية والإنجليزية	يحيى بن شرف النووي أبو زكريا	ShamAY	38643	0.29199
		شرح العمدة لابن تيمية - كتاب الصيام	تقي الدين أبو العباس أحمد بن عبد الحليم بن عبد السلام بن عبد الله بن أبي القاسم بن محمد ابن تيمية الحراني الحنبلي الدمشقي (المتوفى: 728 هـ)	ShamAY	32291	0.29199
		موسوعة محاسن الإسلام ورد شبهات اللئام	أحمد بن سليمان أيوب، ونخبة من الباحثين	Sham19Y	146418	0.29197
		النحو الوافي - الجزء1_1	عباس حسن	Masaha	2501	0.29197
		الإبطال لنظرية الخلط بين دين الإسلام وغيره من الأديان	بكر بن عبد الله أبو زيد بن محمد بن عبد الله بن بكر بن عثمان بن يحيى بن غيهب بن محمد (المتوفى: 1429هـ)	ShamAY	10487	0.29195
		منظومة في وجوب التمسك بالكتاب والسنة		ShamAY	35633	0.29194
		مجلة الجامعة الإسلامية بالمدينة المنورة	الجامعة الإسلامية بالمدينة النبوية	ShamAY	4473	0.29193
		مختصر معارج القبول	هشام آل عقدة	ShamelaY19	22922	0.29192
		الكلمات الحسان في بيان علو الرحمن	عبد الهادي بن حسن وهبي	ShamelaY19	37343	0.29191
		الصحيح من سيرة النبي الأعظم صلّى الله عليه وآله [ج ٣٠]	السيد جعفر مرتضى العاملي	Rafed	2645	0.29191
		مجمع الفائدة والبرهان في شرح إرشاد الأذهان [ج ١]	الشيخ أحمد بن محمّد الأردبيلي [ المقدّس الأردبيلي ]	Rafed	1890	0.29191
		حياة ما بعد الموت	السيد محمد حسين الطباطبائي	Masaha	2496	0.2919
		القصد السديد على كتاب التوحيد	الواحدي	ShamAY	35647	0.29188
		معجم ما كتب في الحجّ والزّيارة والمعالم المشرّفة في الحجاز	الدكتور عبد الجبّار الرفاعي	Rafed	2587	0.29188
		النَّظْمُ المُسْتَعْذَبُ فِي تفْسِير غريبِ ألْفَاظِ المهَذّبِ	محمد بن أحمد بن محمد بن سليمان بن بطال الركبي، أبو عبد الله، المعروف ببطال (المتوفى: 633هـ)	ShamAY	32113	0.29186
		خطورة التسرع في التكفير والقيام بالتفجير وما ينشأ عنهما من سفك للدماء وتخريب للمنشآت	مجموعة من المؤلفين	Sham19Y	546	0.29186
		مفرحة الأنام في تأسيس بيت الله الحرام‏	زين العابدين الحسيني الكاشاني	Masaha	3746	0.29186
		الخصال الموجبة لدخول الجنة	علي بن نايف الشحود	ShamAY	34829	0.29184
		رساله حول رويه الله سبحانه	آيت الله العظمي جعفر سبحاني	Ghbook	5040	0.29184
		الانتصار للسلف الأخيار: نقد لكتاب «أسماء الله الحسنى» للدكتور: محمود عبدالرازق الرضواني	محمد محب الدين أبو زيد	ShamelaY19	19449	0.29182
		المسح علي الخفين	آيت الله العظمي جعفر سبحاني	Ghbook	5055	0.29182
		تحريم النظر في كتب الكلام	أبو محمد موفق الدين عبد الله بن أحمد بن محمد بن قدامة الجماعيلي المقدسي ثم الدمشقي الحنبلي، الشهير بابن قدامة المقدسي (المتوفى: 620هـ)	ShamAY	6467	0.29181
		 آية التطهير رؤية مبتكرة 	 الشيخ فاضل اللنكراني - الشيخ شهاب الدين الإشراقي 	ABLibrary	8306	0.29181
		 شرح أصول الكافي 	 صدر الدين محمد الشيرازي ( صدر المتألهين ) 	ABLibrary	7917	0.2918
		البدعه مفهومها، حدها و آثارها	آيت الله العظمي جعفر سبحاني	Ghbook	7531	0.2918
		معجم ماكتب في الحج و الزياره و المعالم المشرفه في الحجاز	عبدالجبار رفاعي	Ghbook	3494	0.2918
		شرح القصيدة الدالية للكلوذاني	عبد الرحمن بن ناصر البراك	ShamAY	32533	0.29177
		سامرّاء دراسة في النشاة والبنية السكانية	د. صالح أحمد العلي	Rafed	2441	0.29177
		فقه العبادات على المذهب الحنبلي	الحاجّة سعاد زرزور	ShamAY	12899	0.29176
		حكم تارك الصلاة - العثيمين	محمد بن صالح بن محمد العثيمين (المتوفى: 1421ه)	Sham19Y	11166	0.29176
		دراسات لغوية في أمهات كتب اللغة	إبراهيم محمد أبو سكين	ShamAY	11751	0.29175
		الشفاء في بديع الاكتفاء	محمد بن حسن بن علي بن عثمان النواجي، شمس الدين (المتوفى: 859ه)	ShamelaY19	36073	0.29173
		الرد علي الوهابيه	محمد جواد بلاغي	Ghbook	7552	0.29172
		فتح المنعم شرح صحيح مسلم	الأستاذ الدكتور موسى شاهين لاشين	ShamAY	38844	0.2917
		الغرر النقية على الدرر البهية	فيصل بن عبد العزيز آل مبارك (المتوفى: 1376 ه)	ShamelaY19	29570	0.29165
		مصباح الظلام في الرد على من كذب الشيخ الإمام ونسبه إلى تكفير أهل الإيمان والإسلام	عبد اللطيف بن عبد الرحمن بن حسن بن محمد بن عبد الوهاب آل الشيخ (المتوفى: 1293ه)	ShamelaY19	30868	0.29165
		التوحيد للفوزان	صالح بن فوزان بن عبد الله الفوزان	ShamelaY19	30846	0.29163
		قيام رمضان فضله وكيفية أدائه ومشروعية الجماعة فيه ومعه بحث قيم عن الاعتكاف	أبو عبد الرحمن محمد ناصر الدين، بن الحاج نوح بن نجاتي بن آدم، الأشقودري الألباني (المتوفى: 1420ه)	Sham19Y	11307	0.29163
		قبسات من حياه الائمه الهداه عليهم السلام	جعفر هادي	Ghbook	10524	0.29163
		(مختصر في الطب) العلاج بالأغذية والأعشاب في بلاد المغرب	عبد الملك بن حَبِيب بن حبيب بن سليمان بن هارون السلمي الإلبيري القرطبي، أبو مروان (المتوفى: 238هـ)	ShamAY	10705	0.29161
		الأمثال في القرآن	محمد بن أبي بكر بن أيوب بن سعد شمس الدين ابن قيم الجوزية (المتوفى: 751هـ)	ShamAY	928	0.2916
		مع الشاطبي في مباحث من علوم القرآن	شايع الأسمري	ShamAY	36817	0.29158
		 جواهر النصوص في حل كلمات الفصوص 	 الشيخ عبد الغني النابلسي 	ABLibrary	8854	0.29158
		موسوعة الإمام أمير المؤمنين علي بن أبي طالب(ع) - الجزء1	الشيخ باقر شريف القرشي	Masaha	3109	0.29158
		منهج ابن الأثير الجزري في مصنفه «النهاية في غريب الحديث والأثر»	أ. د. أحمد بن محمد الخراط، أبو بلال	ShamAY	12098	0.29156
		 موسوعة الإمام العسكري ( ع ) 	 الشيخ أبو القاسم الخزعلي 	ABLibrary	7850	0.29154
		تفسير القاسمي = محاسن التأويل	محمد جمال الدين بن محمد سعيد بن قاسم الحلاق القاسمي (المتوفى: 1332ه)	ShamelaY19	23631	0.2915
		تحذير الجمهور من مفاسد شهادة الزور - لقاء العشر الأواخر بالمسجد الحرام (11)	أحمد بن عمر بن محمَّد بن غنيم المحمصاني البيروتي الأزهري (المتوفى: 1370 هـ)	ShamAY	32395	0.29148
		الأساليب النبوية في التعليم	علي بن نايف الشحود	ShamAY	34824	0.29145
		بيان المعاني (الترقي)	ملاحويش آل غازى عبدالقادر	ShamAY	34051	0.29145
		الرسائل الأصولية	الوحيد البهبهاني	Masaha	3458	0.29145
		تفسير الصنعاني	أبو بكر عبد الرزاق بن همام بن نافع الحميري اليماني الصنعاني (المتوفى: 211 هـ)	ShamAY	34074	0.29144
		التفسير المنير [ج ٥]	الدكتور وهبة الزحيلي	Rafed	2946	0.29144
		منازل الحور العِين في قلوب العارفين برب العالمين	أبو محمد عبد الكريم بن صالح بن عبد الكريم الحميد	ShamAY	1081	0.29143
		كيف تغسل ميتا؟ دراسة تطبيقية عملية في أحكام الجنائز	أسامة الغامدي	ShamAY	36143	0.29142
		رسالة رد الروافض	أحمد بن عبد الأحد بن زين العابدين، العمري الفاروقي نسبا، السرهندي مولدا ووطنا، الحنفي مذهبا (المتوفى: 1034ه)	ShamelaY19	36475	0.2914
		الإعلام الملتزم بفضيلة زمزم - سلسلة لقاء العشر الأواخر بالمسجد الحرام (25)	أحمد بن علي الأزهري الشافعي (المتوفى: 1179 هـ)	ShamAY	32480	0.29139
		مفهوم الحرية بين الإسلام والجاهلية	علي بن نايف الشحود	ShamAY	1608	0.29137
		الامام الرضا(ع) سيرة وتاريخ	عباس الذهبي	Masaha	1665	0.29136
		أحكام المساجد في الشريعة الإسلامية (الجزء الثاني)	إبراهيم بن صالح الخضيري	ShamAY	31248	0.29134
		قاعدة الاحتياط الفقهية وأثرها في الطهارة الشرعية	زبير الهوساوي	ShamAY	37603	0.2913
		الجامع الصحيح للسنن والمسانيد	صهيب عبد الجبار	ShamAY	31842	0.29128
		الدر المختار وحاشية ابن عابدين (رد المحتار)	ابن عابدين، محمد أمين بن عمر بن عبد العزيز عابدين الدمشقي الحنفي (المتوفى: 1252ه)	ShamelaY19	21613	0.29126
		مجموع فتاوى العلامة الألباني (الجزءان الأول والثاني)	ناصر الدين الألباني	ShamAY	33147	0.29123
		تقرير بحث المرجع الديني الايه العظمي السيد حسين الطباطبائي البروجردي في القبله، ...	آيت الله العظمي سيد حسين طباطبايي بروجردي	Ghbook	10134	0.29123
		الشيعة هم العدو فاحذرهم	شحاتة محمد صقر	ShamelaY19	36168	0.29122
		إكفار الملحدين في ضروريات الدين	محمد أنور شاه بن معظم شاه الكشميري الهندي (المتوفى: 1353ه)	ShamelaY19	21788	0.29121
		المحب والمحبوب والمشموم والمشروب	السري بن أحمد بن السري الكندي الرفاء (المتوفى: 362هـ)	ShamAY	731	0.29119
		الإسلام وضرورات الحياة	الواحدي :: عبد الله قادري الأهدل	ShamAY	33416	0.29117
		الرد على كتاب الهيروغليفية تفسِّر القرآن الكريم	علي بن عبد الرحمن القضيب العويشز	ShamAY	36847	0.29117
		صلاة الخوف - مفهوم، وسماحة، وأنواع، وكيفية، وأحكام في ضوء الكتاب والسنة	د. سعيد بن علي بن وهف القحطاني	ShamelaY19	96503	0.29116
		معجم افتراءات الغرب على الإسلام	أنور محمود زناتي - جامعة عين شمس	ShamAY	33409	0.29115
		الإيمانُ بيومِ القِيامةِ وأهوالِهِ	علي بن نايف الشحود	ShamAY	35263	0.29111
		إجابة السؤال في زكاة الأموال	محمد بن عبد العزيز السديس	ShamAY	12136	0.29108
		معجم ما كتب في الحج والزيارة والمعالم المشرفة في الحجاز	عبد الجبار الرفاعي‏	Masaha	4556	0.29105
		 معتصم الشيعة في أحكام الشريعة 	 الفيض الكاشاني 	ABLibrary	9338	0.291
		قبس من شعاع الامام الحسين ( عليه السلام )	آيت الله العظمي سيد محمد حسيني شيرازي	Ghbook	5977	0.29099
		المفضليات	المفضل بن محمد بن يعلى بن سالم الضبي (المتوفى: نحو 168ه)	Sham19Y	6904	0.29097
		نظام الإرث في الشريعة الإسلامية الغراء	الشيخ جعفر السبحاني	Masaha	5144	0.29097
		مختصر كتاب جلباب المرأة المسلمة للألباني	حسام الدين عفانة	ShamAY	977	0.29095
		من لا يحضره الفقيه	محمد بن علي بن بابويه شيخ صدوق	Ghbook	793	0.29095
		فتح رب العبيد في الرد على مختصر شرح الطحاوية وكتاب التوحيد	الشيخ عبدالعزيز الراجحي	ShamAY	35566	0.29093
		تنوير المقباس من تفسير ابن عباس	الفيروزآبادي	ShamAY	31591	0.29092
		فرق معاصرة تنتسب إلى الإسلام وبيان موقف الإسلام منها	د. غالب بن علي عواجي	Sham19Y	9336	0.2909
		أحكام الصلاة	علي راغب	ShamAY	36469	0.29089
		اصوليه الامامه	خليفه عبيد كلباني عماني	Ghbook	7519	0.29089
		هكذا كان الصالحون	أبو عبد الملك خالد بن عبد الرحمن الحسينان	ShamelaY19	37311	0.29087
		كشف الغمة في بيان المسائل التي اختلفت فيها فرق الأمة	أبو سيف خليل بن إبراهيم العبيدي العراقي	ShamAY	35576	0.29086
		جواب في صيغ الحمد	محمد بن أبي بكر بن أيوب بن سعد شمس الدين ابن قيم الجوزية (المتوفى: 751ه)	Sham19Y	6841	0.29086
		شرح الصحيفه السجاديه الكامله	محمد باقر بن محمد ميرداماد	Ghbook	15646	0.29086
		البراهين على ألا بدعة حسنة في الدين والرد على شبه المخالفين	أبو طاهر السِّلَفي	ShamAY	36481	0.29084
		الوعد المنجَّز في نقد النَّصِّ المؤسَّس	صلاح بن علي الزيات	ShamAY	35508	0.29083
		الألفية في فقه الصلاة اليومية	الشهيد الأول	Masaha	1056	0.29083
		الزياره في الكتاب و السنه	آيت الله العظمي جعفر سبحاني	Ghbook	4599	0.29083
		المنهج المسلوك في سياسة الملوك	عبد الرحمن بن نصر بن عبد الله، أبو النجيب، جلال الدين العدوي الشيزري الشافعي (المتوفى: نحو 590هـ)	ShamAY	7235	0.29082
		مجموع كتب ورسائل الإمام القاسم بن إبراهيم الرسي ( 169 ـ 246 هـ ) [ج ٢]	القاسم بن ابراهيم بن اسماعيل بن ابراهيم بن الحسن بن الحسن بن علي بن أبي طالب عليهم السلام	Rafed	3478	0.29082
		فهم القرآن ومعانيه	الحارث بن أسد المحاسبي، أبو عبد الله (المتوفى: 243هـ)	ShamAY	5550	0.29079
		بحار الأنوار [ج ٩٣]	الشيخ محمّد باقر بن محمّد تقي المجلسي	Rafed	1209	0.29078
		اللوامع الإلهيّة في المباحث الكلاميّة	جمال الدين مقداد بن عبد الله السيوري الحلّي	Rafed	3482	0.29078
		فرق معاصرة تنتسب إلى الإسلام وبيان موقف الإسلام منها	د. غالب بن علي عواجي	ShamAY	9336	0.29077
		بيان فضل علم السلف على علم الخلف	عبد الرحمن بن أحمد بن رجب الحنبلي (المتوفى: 795ه)	Sham19Y	132	0.29077
		مكارم الأخلاق لابن عثيمين	محمد بن صالح بن محمد العثيمين (المتوفى: 1421ه)	Sham19Y	12082	0.29076
		روضة الناظر وجنة المناظر في أصول الفقه على مذهب الإمام أحمد بن حنبل	أبو محمد موفق الدين عبد الله بن أحمد بن محمد بن قدامة الجماعيلي المقدسي ثم الدمشقي الحنبلي، الشهير بابن قدامة المقدسي (المتوفى: 620هـ)	ShamAY	12010	0.29075
		الرسائل الاعتقاديه	سيدمهدي رجايي	Ghbook	15607	0.29075
		الوهابيه فرقه للتفرقه بين المسلمين	حامد ابراهيم عبدالله	Ghbook	11219	0.29074
		 أبكار الأفكار في أصول الدين 	 سيف الدين الآمدي 	ABLibrary	8317	0.29071
		الصحيح من سيرة النبي الأعظم صلّى الله عليه وآله [ج ٢٦]	السيد جعفر مرتضى العاملي	Rafed	2631	0.29071
		سهام الإسلام	عبد اللطيف بن علي بن أحمد بن محمد السلطاني القنطري الجزائري (المتوفى: 1404ه)	ShamelaY19	115131	0.2907
		شرح حصن المسلم من أذكار الكتاب والسنة	أبو مسلم مجدي بن عبد الوهاب الأحمد	ShamelaY19	96495	0.29069
		علم التخريج ودوره في حفظ السنة النبوية - محمد بن ظافر الشهري	محمد بن ظافر الشهري	ShamAY	11294	0.29069
		أحكام القرآن لابن الفرس	أبو محمد عبد المنعم بن عبد الرحيم المعروف «بابن الفرس الأندلسي» (المتوفى: 597 ه)	ShamelaY19	133357	0.29068
		 شمس العلوم ودواء كلام العرب من الكلوم 	 نشوان بن سعيد الحميري 	ABLibrary	9790	0.29068
		حديث ثلاث من كن فيه وجد بهن حلاوة الإيمان .. وقفات وتأملات	فالح بن محمد الصغير	ShamAY	35982	0.29067
		المعنى القرآنى فى ضوء اختلاف القراءات	أحمد سعد الخطيب	ShamAY	36834	0.29067
		نهاية الأرب في فنون الأدب	أحمد بن عبد الوهاب بن محمد بن عبد الدائم القرشي التيمي البكري، شهاب الدين النويري (المتوفى: 733هـ)	ShamAY	10283	0.29067
		أحكام القرآن [ج ٣]	أبي بكر محمّد بن عبدالله [ ابن العربي ]	Rafed	3220	0.29067
		الغرر في فضائل عمر	عبد الرحمن بن أبي بكر، جلال الدين السيوطي (المتوفى: 911هـ)	ShamAY	193	0.29063
		زبدة المقال في خمس الرسول والآل	السيد حسين البروجردي	Masaha	4991	0.29063
		يا صاحب الستين	علي بن سعيد بن دعجم	ShamelaY19	37340	0.29061
		 الدرر النجفية من الملتقطات اليوسفية 	 المحقق البحراني 	ABLibrary	994	0.2906
		مفردات القرآن - نظرات جديدة في تفسير ألفاظ قرآنية	عبد الحميد الفراهي الهندي (المتوفى: 1349هـ)	ShamAY	1981	0.29058
		التفسير الجامع لسورة الملك	أبو يوسف بن اسماعيل المصري	ShamAY	33110	0.29056
		الصحيح من سيرة النبي الأعظم صلّى الله عليه وآله [ج ٣٢]	السيد جعفر مرتضى العاملي	Rafed	2647	0.29055
		الحدائق الناضرة [ج ١]	الشيخ يوسف بن أحمد البحراني [ صاحب الحدائق ]	Rafed	2698	0.29055
		المكاسب المحرمه (للاراكي)	محمد علي اراكي	Ghbook	15435	0.29055
		التفسير الموضوعي 2 - جامعة المدينة	مناهج جامعة المدينة العالمية	ShamAY	1644	0.29054
		الفروق الفقهية للدمشقي	أبو الفضل مسلم بن علي الدمشقي (المتوفى في القرن الخامس الهجري)	ShamelaY19	20763	0.2905
		حديث إن الله كتب الإحسان على كل شيء .. دراسة حديثية نفسية	فالح بن محمد الصغير	ShamAY	35981	0.2905
		دروس أكاديمية المجد الإسلامية المفتوحة - الحديث وعلومه	أكاديمية المجد الإسلامية المفتوحة	ShamAY	34752	0.2905
		التفسير المنير [ج ٢٨]	الدكتور وهبة الزحيلي	Rafed	2976	0.2905
		بلوغ المرام من أدلة الأحكام ت فحل	أبو الفضل أحمد بن علي بن محمد بن أحمد بن حجر العسقلاني (المتوفى: 852 هـ)	ShamAY	32350	0.29048
		الموسوعة العقدية - الدرر السنية	مجموعة من المؤلفين	ShamelaY19	38058	0.29047
		تنبيه ذوي الألباب السليمة عن والوقوع في الألفاظ المبتدعة الوخيمة	سليمان بن سحمان بن مصلح بن حمدان بن مصلح بن حمدان بن مسفر بن محمد بن مالك بن عامر الخثعمي , التبالي , العسيري , النجدي (المتوفى: 1349هـ)	ShamAY	11123	0.29045
		غاية المرام في تخريج أحاديث الحلال والحرام	محمد ناصر الدين الألباني (المتوفى: 1420ه)	Sham19Y	682	0.29042
		تمام نهج البلاغه	جمعي از راويان	Ghbook	15393	0.29042
		تفسير السلمي	أبو عبد الرحمن السلمي	ShamAY	34058	0.2904
		الكواكب الدرّية على المنظومة البيقونية	سليمان بن خالد الحربي	ShamAY	126	0.29039
		في ظلال القرآن [ج ٦]	سيّد قطب	Rafed	3889	0.29038
		منهاج التأسيس والتقديس في كشف شبهات داود بن جرجيس	عبد اللطيف بن عبد الرحمن بن حسن بن محمد بن عبد الوهاب آل الشيخ (المتوفى: 1293هـ)	ShamAY	12094	0.29037
		 الدرر النجفية من الملتقطات اليوسفية 	 المحقق البحراني 	ABLibrary	993	0.29035
		مناظرات المستبصرين	الشيخ عبدالله الحسن	Masaha	435	0.29032
		الشيعة شبهات وردود	آية الله مكارم الشيرازي	Rafed	3475	0.29032
		حركه النساء في المسيره الحسينيه	محمد رضا عبدالامير انصاري	Ghbook	14042	0.2903
		الرسائل الشخصية (مطبوع ضمن مؤلفات الشيخ محمد بن عبد الوهاب، الجزء السادس)	محمد بن عبد الوهاب بن سليمان التميمي النجدي (المتوفى: 1206هـ)	ShamAY	7629	0.29029
		سماحة الإسلام في التعامل مع غير المسلمين	أ. د. حكمت بن بشير بن ياسين	ShamAY	1196	0.29028
		الذكر والدعاء والعلاج بالرقي من الكتاب والسنة	سَعِيد بن علي بن وهف القحطاني	ShamAY	32594	0.29021
		أخلاق أهل البيت عليهم السلام	السيد علي الحسيني الصدر	Rafed	1774	0.29021
		القصص و الحكايات	آيت الله العظمي سيد محمد حسيني شيرازي	Ghbook	8072	0.2902
		المهدي المنتظر .. هذه الخرافة	طه الدليمي	ShamAY	35676	0.29019
		الإحكام في تمييز الفتاوى عن الأحكام وتصرفات القاضي والإمام	أبو العباس شهاب الدين أحمد بن إدريس بن عبد الرحمن المالكي الشهير بالقرافي (المتوفى: 684 هـ)	ShamAY	32415	0.29017
		الشيعه و الحكم في العراق	آيت الله العظمي سيد محمد حسيني شيرازي	Ghbook	7751	0.29016
		الرد علي الفتوي (الوهابيه)	عبدالله احسائي	Ghbook	7551	0.29014
		 مآثر الكبراء تاريخ سامراء 	 الشيخ ذبيح الله المحلاتي 	ABLibrary	9174	0.29012
		اعتقاد الإمام ابن حنبل	عبد الواحد بن عبد العزيز بن الحارث التميمي	ShamAY	33902	0.29011
		أدب الطفولة بين القرآن الكريم والسنة الشريفة	علي علي صبح	ShamelaY19	23139	0.2901
		 الدرر النجفية من الملتقطات اليوسفية 	 المحقق البحراني 	ABLibrary	992	0.2901
		المجتمع والأسرة في الإسلام	محمد طاهر الجوابي	ShamAY	8538	0.29007
		إهداء للبرنامج من دار الركائز للنشر والتوزيع - دولة الكويت	د. عبد العزيز بن عدنان العيدان، د. أنس بن عادل اليتامى	ShamelaY19	147657	0.29006
		الشهب الثاقبه (تلخيص الصوارم المهرقه في رد الصواعق المحرقه)	نورالله تستري	Ghbook	11353	0.29006
		التغني بالقرآن	لبيب السعيد	ShamAY	34091	0.29005
		تفسير القرآن العزيز لابن أبي زمنين	أبو عبد الله محمد بن عبد الله بن عيسى بن محمد المري، الإلبيري المعروف بابن أبي زَمَنِين المالكي (المتوفى: 399هـ)	ShamAY	1638	0.29003
		فتيا في حكم القيام والانحناء والألقاب	شيخ الإسلام أحمد ابن تيمية	ShamAY	34354	0.29003
		سهام الإسلام	عبد اللطيف بن علي بن أحمد بن محمد السلطاني القنطري الجزائري (المتوفى: 1404ه)	Sham19Y	115131	0.29003
		بلوغ المرام من أدلة الأحكام - ت الفقي	أحمد بن علي بن حجر العسقلاني	ShamAY	34283	0.29002
		اللموع فيما يختلف فيه الرجال والنساء من أحكام البيوع	أحمد بن عبد الله العمري	ShamAY	36624	0.29001
		 الطب العربي التونسي في عشرة قرون 	 أحمد بن ميلاد 	ABLibrary	9994	0.29001
		كشف زيف التصوف وبيان حقيقته وحال حملته (حوار مع الدكتور القاري وأنصاره)	ربيع بن هادي المدخلي	ShamAY	33025	0.28999
		تحسين القبيح وتقبيح الحسن	عبد الملك بن محمد بن إسماعيل أبو منصور الثعالبي (المتوفى: 429ه)	Sham19Y	6040	0.28999
		حقيقة الإيمان	طارق عبد الحليم	ShamAY	2024	0.28998
		شرح مقدمة التسهيل لعلوم التنزيل لابن جزي	د مساعد بن سليمان بن ناصر الطيار	ShamAY	31795	0.28998
		رحلة ابن بطوطة [ج ١]	شمس الدين أبي عبد الله محمد بن عبد الله اللواتي الطنجي	Rafed	2357	0.28996
		تاريخ نزول القرآن	محمد رأفت سعيد	ShamelaY19	37483	0.28995
		الدروس السلفية لليالي الرمضانية	عمر عاتق الحربي	ShamAY	35062	0.28989
		البصيرة في الدعوة إلى الله	عزيز بن فرحان العنزي	ShamAY	30916	0.28989
		الرد المفحم على من خالف العلماء وتشدد وتعصب وألزم المرأة أن تستر وجهها وكفيها وأوجب ولم يقنع بقولهم: إنه سنة ومستحبة	محمد ناصر الدين الألباني (المتوفى: 1420هـ)	ShamAY	314	0.28988
		النص الكامل لكتاب العواصم من القواصم	القاضي محمد بن عبد الله أبو بكر بن العربي المعافري الاشبيلي المالكي (المتوفى: 543هـ)	ShamAY	1695	0.28988
		مرض القلوب وشفاؤها عند شيخ الإسلام ابن تيمية وابن القيم جمع ودراسة	سعود بن حمد الصقري	ShamAY	34858	0.28986
		تحقيق المطالب بشرح دليل الطالب	أبو المنذر محمود بن محمد بن مصطفى بن عبد اللطيف المنياوي	ShamelaY19	37590	0.28985
		الوجوه والنظائر الحديثية وأثرها في فقه الحديث	د. مصطفى حميداتو	ShamAY	37267	0.28985
		مختصر اليمانيات المسلولة على الرافضة المخذولة	-	ShamAY	991	0.28985
		الحيدة والاعتذار في الرد على من قال بخلق القرآن	أبو الحسن عبد العزيز بن يحيى بن مسلم بن ميمون الكناني المكي (المتوفى: 240ه)	Sham19Y	7610	0.28985
		 الإلهيات على هدى الكتاب والسنة والعقل 	 الشيخ السبحاني 	ABLibrary	8346	0.28978
		 الديباج على مسلم 	 جلال الدين السيوطي 	ABLibrary	884	0.28977
		الوجيزة في الرجال‌	العلامة المجلسي	Masaha	3515	0.28977
		أوهام شعراء العرب في المعاني	أحمد بن إسماعيل بن محمد تيمور (المتوفى: 1348ه)	Sham19Y	5361	0.28974
		الحدائق الناضرة [ج ٨]	الشيخ يوسف بن أحمد البحراني [ صاحب الحدائق ]	Rafed	2831	0.28974
		الوهابية بين المباني الفكرية والنتائج العملية	الشيخ جعفر السبحاني	Rafed	3417	0.28972
		شرح الوصية الكبرى لابن تيمية - الراجحي	عبد العزيز بن عبد الله بن عبد الرحمن الراجحي	ShamelaY19	37013	0.28971
		منية المريد	الشهيد الثاني	Masaha	4698	0.28971
		حفظ القرآن - الدويش	الواحدي	ShamAY	36979	0.28968
		مفاهيم القرآن [ج ١٠]	الشيخ جعفر السبحاني	Rafed	452	0.28968
		بأي عقل ودين يكون التفجير والتدمير جهادا؟! ويحكم ... أفيقوا يا شباب!!	عبد المحسن بن حمد بن عبد المحسن بن عبد الله بن حمد العباد البدر	ShamAY	11066	0.28967
		محمد صالح العثيمين العالم القدوة المربي والشيخ الزاهد الورع	إبراهيم محمد العلي - إبراهيم باجس عبد المجيد	ShamAY	38607	0.28965
		خمس نداءات بمناسبته ايام شهاده الصديقه الطاهره فاطمه الزهرا عليها السلام	محمد جواد فاضل لنكراني	Ghbook	15249	0.28965
		أعلام السنة المنشورة لاعتقاد الطائفة الناجية المنصورة (الكتاب نشر - أيضا - بعنوان: 200 سؤال وجواب في العقيدة الاسلامية)	حافظ بن أحمد بن علي الحكمي (المتوفى: 1377ه)	Sham19Y	30821	0.28962
		النبي ومستقبل الدعوة	مروان خليفات	Rafed	1188	0.28962
		أحاديث في الفتن والحوادث ط القاسم	محمد بن عبد الوهاب بن سليمان التميمي النجدي (المتوفى: 1206هـ)	ShamAY	7486	0.28961
		معتقد أهل السنة والجماعة في أسماء الله الحسنى	محمد بن خليفة بن علي التميمي	Sham19Y	12074	0.28961
		تفسير الصّافي [ج ١]	محمّد بن المرتضى [ الفيض الكاشاني ]	Rafed	3028	0.28961
		الشيخ الطبرسي إمام المفسرين في القرن السادس	الشيخ جعفر السبحاني	Masaha	2789	0.28959
		البحر المحيط في التّفسير [ج ٣]	محمّد بن يوسف [ أبي حيّان الأندلسي الغرناطي ]	Rafed	2417	0.28959
		صلاة الجمعة - مفهوم، وشروط، وفضائل، وخصائص، وآداب، وأحكام في ضوء الكتاب والسنة	د. سعيد بن علي بن وهف القحطاني	ShamelaY19	96502	0.28958
		مفردات القرآن - نظرات جديدة في تفسير ألفاظ قرآنية	عبد الحميد الفراهي الهندي (المتوفى: 1349ه)	ShamelaY19	96629	0.28957
		مثل ما بعثني الله	فالح بن محمد الصغير	ShamAY	35970	0.28955
		دروس الهجرة - عطية سالم	عطية بن محمد سالم (المتوفى: 1420هـ)	ShamAY	420	0.28955
		الاعتداء في الدعاء	هيثم حيدر	ShamAY	35049	0.28955
		الرجعة أو العودة الى الحياة الدنيا بعد الموت	مركز الرسالة	Masaha	260	0.28954
		الزيارة في الكتاب والسنة	الشيخ جعفر السبحاني	Masaha	296	0.28952
		 اخبار الاولياء ( رسالة صفي الدين بن ظافر ) 	 صفي الدين بن ظافر 	ABLibrary	8778	0.2895
		فتاوى ورسائل سماحة الشيخ عبد الرزاق عفيفي - قسم العقيدة	عبد الرزاق عفيفي (المتوفى: 1415هـ)	ShamAY	8613	0.28948
		التفسير المنير [ج ٢٢]	الدكتور وهبة الزحيلي	Rafed	2967	0.28945
		شعاع من المحراب	د. سليمان بن حمد العودة	ShamelaY19	20948	0.28943
		شرح الأربعين النووية - عبد الكريم الخضير	عبد الكريم الخضير	ShamelaY19	23423	0.28943
		بلوغ المرام من أدلة الأحكام ت فحل	أبو الفضل أحمد بن علي بن محمد بن أحمد بن حجر العسقلاني (المتوفى: 852 ه)	Sham19Y	17757	0.28943
		المغني عن حمل الأسفار في الأسفار، في تخريج ما في الإحياء من الأخبار (مطبوع بهامش إحياء علوم الدين)	أبو الفضل زين الدين عبد الرحيم بن الحسين بن عبد الرحمن بن أبي بكر بن إبراهيم العراقي (المتوفى: 806هـ)	ShamAY	21550	0.28941
		الفرقان في تفسير القرآن بالقرآن والسنّة [ج ٨]	الشيخ محمد الصادقي	Rafed	3019	0.28938
		التعليقة على الرسالة الصومية	الشيخ الخواجوئي	Masaha	1445	0.28936
		نزهة المجالس ومنتخب النفائس	عبد الرحمن بن عبد السلام الصفوري (المتوفى: 894ه)	Sham19Y	28168	0.28931
		 في رحاب أهل البيت ( ع ) 	 لجنة بحوث المجمع العالمي لأهل البيت ( ع ) 	ABLibrary	8556	0.28931
		النجاة في القيامة في تحقيق أمر الإمامة	ميثم بن علي بن ميثم البحراني	Rafed	3523	0.2893
		السيل الجرار المتدفق على حدائق الأزهار	محمد بن علي بن محمد بن عبد الله الشوكاني اليمني (المتوفى: 1250هـ)	ShamAY	7342	0.28927
		نهاية الأرب في فنون الأدب‏ - الجزء1	أحمد بن عبد الوهاب النويري‏	Masaha	3070	0.28926
		 عبقات الأنوار في إمامة الأئمة الأطهار ( فارسي ) 	 السيد حامد النقوي 	ABLibrary	8508	0.28925
		آل البيت عليهم السلام و حقوقهم الشرعيه	آيت الله العظمي جعفر سبحاني	Ghbook	10643	0.28923
		تاريخ نزول القرآن	محمد رأفت سعيد	ShamAY	688	0.28921
		كنز العرفان في فقه القرآن [ج ٢]	جمال الدين مقداد بن عبد الله السيوري الحلّي	Rafed	1264	0.28921
		حطِّم صنمك وكن عند نفسك صغيرًا	مجدي الهلالي	ShamAY	232	0.2892
		‏الشيخ الانصاري : رائد النهضة العلمية الحديثة	الشيخ جعفر السبحاني	Masaha	2822	0.2892
		تحذير الأنام بما في الأقوال والأفعال من الآثام	ماجد البنكاني	ShamAY	34914	0.28917
		حلية الفقهاء	أحمد بن فارس بن زكرياء القزويني الرازي، أبو الحسين (المتوفى: 395هـ)	ShamAY	31769	0.28917
		خطب ودروس الشيخ عبد الرحيم الطحان	عبد الرحيم الطحان	ShamelaY19	21782	0.28916
		 فقه الحدود والتعزيرات 	 السيد عبد الكريم الموسوي الاردبيلي 	ABLibrary	9532	0.28914
		شمس العلوم [ج ٤]	نشوان بن سعيد الحميري	Rafed	1378	0.28914
		أحكام السواك	عبد الله السهلي	ShamAY	36718	0.28912
		استيفاء الأقوال في تحريم الإسبال على الرجال	محمد بن إسماعيل بن صلاح بن محمد الحسني، الكحلاني ثم الصنعاني، أبو إبراهيم، عز الدين، المعروف كأسلافه بالأمير (المتوفى: 1182ه)	ShamelaY19	29877	0.28911
		تفسير الزمخشري = الكشاف عن حقائق غوامض التنزيل	أبو القاسم محمود بن عمرو بن أحمد، الزمخشري جار الله (المتوفى: 538ه)	Sham19Y	23627	0.2891
		الكشاف عن حقائق غوامض التنزيل وعيون الأقاويل فى وجوه التأويل	العلامة جار الله أبو القاسم محمود بن عمر الزمخشرى (467 ـ 538 هـ)	ShamAY	34070	0.28904
		حكم البناء علي القبور	المجمع العالمي لاهل البيت عليهم السلام	Ghbook	7642	0.28904
		الأجوبة العراقية على الأسئلة اللاهورية	شهاب الدين محمود بن عبد الله الحسيني الألوسي (المتوفى: 1270هـ)	ShamAY	521	0.28903
		رسالة التوحيد المسمى ب تقوية الإيمان	إسماعيل بن عبد الغني بن ولي الله بن عبد الرحيم العمري الدهلوي (المتوفى: 1246ه)	Sham19Y	1123	0.28899
		في رحاب الشيعه	باقر شريف قرشي	Ghbook	7099	0.28899
		 كتاب الحج 	 السيد حسن الطباطبائي 	ABLibrary	9502	0.28898
		تحقيق المسح على الجوربين والنعلين	محمد جمال الدين القاسمي (المتوفى: 1332هـ)	ShamAY	343	0.28895
		حرمة المسلم على المسلم	الدكتور ماهر ياسين الفحل	ShamAY	1769	0.28894
		الأربعون حديثا في حق الفقراء لأبي طاهر السلفي - مخطوط (ن)	صدر الدين، أبو طاهر السِّلَفي أحمد بن محمد بن أحمد بن محمد بن إبراهيم سِلَفَه الأصبهاني (المتوفى: 576هـ)	ShamAY	12883	0.28893
		صفة جزيرة العرب	ابن الحائك، أبو محمد الحسن بن أحمد بن يعقوب بن يوسف بن داود الشهير بالهمداني (المتوفى: 334هـ)	ShamAY	12521	0.28893
		نفحات القرآن [ج ٩]	آية الله مكارم الشيرازي	Rafed	3824	0.28891
		زاد المسير في علم التفسير	جمال الدين أبو الفرج عبد الرحمن بن علي بن محمد الجوزي (المتوفى: 597ه)	ShamelaY19	23619	0.28888
		كتاب الله عز وجل ومكانته العظيمة	عبد العزيز بن عبد الله بن محمد بن عبد اللطيف بن عبد الرحمن بن حسن بن الشيخ محمد بن عبد الوهاب	ShamAY	21767	0.28888
		أساليب دعوة العصاة	أ. د. : عبد الرب بن نواب الدين بن غريب الدين آل نواب	Sham19Y	12194	0.28888
		الجنة والنار	عمر بن سليمان بن عبد الله الأشقر العتيبي	ShamAY	12714	0.28887
		حقائق عن الامام المهدي عليه السلام	آيت الله العظمي سيد محمد حسيني شيرازي	Ghbook	7888	0.28887
		بحار الأنوار [ج ٩١]	الشيخ محمّد باقر بن محمّد تقي المجلسي	Rafed	1171	0.28885
		قضية التكفير بين أهل السنة وفرق الضلال في ضوء الكتاب والسُّنَّة	د. سعيد بن علي بن وهف القحطاني	ShamAY	1869	0.28883
		موسوعة كشاف اصطلاحات الفنون والعلوم	محمد بن علي ابن القاضي محمد حامد بن محمّد صابر الفاروقي الحنفي التهانوي (المتوفى: بعد 1158هـ)	ShamAY	1141	0.2888
		الكافي [ج ٨]	أبو جعفر محمّد بن يعقوب الكليني الرازي	Rafed	1122	0.2888
		فضائل القدس	جمال الدين أبو الفرج عبد الرحمن بن علي بن محمد الجوزي (المتوفى: 597هـ)	ShamAY	1599	0.28879
		تصويبات في فهم بعض الآيات	د صلاح عبد الفتاح الخالدي	Sham19Y	5377	0.28879
		الصحيح من سيرة النبي الأعظم صلّى الله عليه وآله [ج ١٠]	السيد جعفر مرتضى العاملي	Rafed	2498	0.28879
		تصويبات في فهم بعض الآيات	د صلاح عبد الفتاح الخالدي	ShamAY	115	0.28878
		شرح الأربعين النووية - العباد	عبد المحسن بن حمد بن عبد المحسن بن عبد الله بن حمد العباد البدر	ShamAY	96	0.28878
		شعاع من المحراب	د. سليمان بن حمد العودة	Sham19Y	20948	0.28877
		الأساس في التفسير [ج ٣]	سعيد حوّى	Rafed	3136	0.28869
		الياقوت في علم الكلام	أبي اسحاق ابراهيم بن نوبخت	Rafed	3395	0.28868
		أقاويل الثقات في تأويل الأسماء والصفات والآيات المحكمات والمشتبهات	مرعي بن يوسف بن أبى بكر بن أحمد الكرمى المقدسي الحنبلى (المتوفى: 1033هـ)	ShamAY	6454	0.28867
		وباء التبرج	أحمد بن محمد السعيد العزيزى	ShamAY	35079	0.28867
		خيانات الشيعة وأثرها في هزائم الأمة الإسلامية	د. عماد علي عبد السميع حسين	ShamAY	35304	0.28867
		أخطاء عامة تقع فيها النساء	ندا أبو أحمد	ShamAY	36224	0.28866
		الزواجر عن اقتراف الكبائر	أحمد بن محمد بن علي بن حجر الهيتمي السعدي الأنصاري، شهاب الدين شيخ الإسلام، أبو العباس (المتوفى: 974ه)	ShamelaY19	21629	0.28864
		دروس الشيخ عبد الحي يوسف	أبو عمر عبد الحي بن يوسف	ShamAY	857	0.28862
		 مجموع السيد حميدان 	 أبي عبد الله حميدان بن يحيى القاسمي 	ABLibrary	8587	0.28861
		نزهة المجالس ومنتخب النفائس	عبد الرحمن بن عبد السلام الصفوري (المتوفى: 894هـ)	ShamAY	28168	0.2886
		الولاء والبراء والعداء في الإسلام	أبو فيصل البدراني	ShamelaY19	96246	0.28855
		نقض فتاوي الوهابيه	آل كاشف الغطاء	Ghbook	4587	0.28854
		موسوعة كشاف اصطلاحات الفنون والعلوم	محمد بن علي ابن القاضي محمد حامد بن محمد صابر الفاروقي الحنفي التهانوي (المتوفى: بعد 1158ه)	Sham19Y	2573	0.28852
		معالم الدين وملاذ المجتهدين‏	الشيخ جمال الدين الحسن بن زين الدين‏ العاملي	Masaha	4331	0.28852
		سفينه النجاه	محمد بن سليمان تنكابني	Ghbook	15645	0.28851
		فضائل القدس	جمال الدين أبو الفرج عبد الرحمن بن علي بن محمد الجوزي (المتوفى: 597هـ)	ShamAY	32164	0.28849
		أبيات مختارة تشتمل على: عقيدة، نصائح، مواعظ، وصايا، حكم، أمثال، أدب	عبد الله بن محمد البصيري	Sham19Y	7473	0.28848
		الوصايا العشر مع فضائل العشر	الشربيني بن فايق الشربيني	ShamelaY19	147909	0.28847
		المحدّث في الإسلام	الشيخ عبد الحسين الأميني النجفي	Masaha	403	0.28845
		شرح الكافية الشافية	محمد بن عبد الله، ابن مالك الطائي الجياني، أبو عبد الله، جمال الدين (المتوفى: 672هـ)	ShamAY	12024	0.28844
		ثلاثة الأصول وأدلتها - وشروط الصلاة - والقواعد الأربع	محمد بن عبد الوهاب بن سليمان التميمي النجدي (المتوفى: 1206هـ)	ShamAY	239	0.2884
		معالم الأصول(مع حاشية سلطان العلماء)	الشيخ جمال الدين الحسن بن زين الدين‏ العاملي	Masaha	4330	0.28839
		تنبيه ذوي العقول السديدة إلى حكم صوم السبت في غير فريضة	أبو حسام الدين الطرفاوي	ShamAY	36443	0.28838
		الشيعة في الإسلام	آية الله السيد محمد حسين الطباطبائي	Rafed	3518	0.28831
		المورد العذب الزلال في نقض شبه أهل الضلال - ط المكتب الإسلامي لإحياء التراث	عبد الرحمن بن حسن بن محمد بن عبد الوهاب	ShamAY	33876	0.28829
		الدّرر النجفيّة [ج ٣]	الشيخ يوسف بن أحمد البحراني [ صاحب الحدائق ]	Rafed	1553	0.28829
		شرح بلوغ المرام - عبد الكريم الخضير	عبد الكريم الخضير	ShamelaY19	22644	0.28828
		تزكية النفوس	أحمد فريد	ShamAY	1105	0.28827
		معترك الأقران في إعجاز القرآن، ويُسمَّى (إعجاز القرآن ومعترك الأقران)	عبد الرحمن بن أبي بكر، جلال الدين السيوطي (المتوفى: 911هـ)	ShamAY	1417	0.28826
		ختم الأولياء للحكيم الترمذي	الحكيم الترمذي أبو عبد الله محمد بن علي بن الحسن (متوفى بعد 318 هـ)	ShamAY	33732	0.28824
		مفتاح طريق الأولياء - سلسلة لقاء العشر الأواخر بالمسجد الحرام (1)	أحمد بن إبراهيم بن عبد الرحمن بن مسعود، عماد الدين الواسطي البغدادي ثم الدمشقيّ، المعروف: بابن شيخ الحزامين (المتوفى: 711 هـ)	ShamAY	32387	0.28823
		المغني عن حمل الأسفار في الأسفار، في تخريج ما في الإحياء من الأخبار (مطبوع بهامش إحياء علوم الدين)	أبو الفضل زين الدين عبد الرحيم بن الحسين بن عبد الرحمن بن أبي بكر بن إبراهيم العراقي (المتوفى: 806ه)	Sham19Y	21550	0.28821
		 أربع رسائل كلامية 	 الشهيد الأول 	ABLibrary	8323	0.28821
		المدينة المنورة في عهد الزنكيين الأيوبيين والمماليك	عبد الباسط عبد الرزاق بدر	ShamAY	38445	0.2882
		مع الشيخ جاد الحق في ارث العصبة	آيت الله العظمي لطف اللّه صافي گلپايگاني	Ghbook	9155	0.2882
		الدين الخالص أو إرشاد الخلق إلى دين الحق (والمجلد التاسع طبع باسم: إرشاد الناسك إلى أعمال المناسك)	محمود محمد خطاب السبكي	ShamelaY19	20907	0.28819
		معرفه الله ( نقد العرفان و التصوف )	لجنة التاليف	Ghbook	7712	0.28816
		اللؤلؤ والمرجان فيما اتفق عليه الشيخان	محمد فؤاد بن عبد الباقي بن صالح بن محمد (المتوفى: 1388ه)	Sham19Y	10619	0.28814
		تفسير الزمخشري = الكشاف عن حقائق غوامض التنزيل	أبو القاسم محمود بن عمرو بن أحمد، الزمخشري جار الله (المتوفى: 538هـ)	ShamAY	23627	0.28813
		الطريق إلى الجنة	عبد الله بن أحمد آل علاف الغامدي	ShamAY	35068	0.28812
		فهرس مخطوطات القرويين		ShamAY	37621	0.28811
		مدخل إلى تفسير القرآن وعلومه	عدنان محمد زرزور	ShamAY	1492	0.28811
		معجم أسر بريدة	محمد بن ناصر العبودي	ShamelaY19	147374	0.28809
		الرقائق	محمد أحمد الراشد	ShamAY	33337	0.28809
		 مناقب القطب الرباني سيدي عبد الوهاب الشعراني 	 محمد بن عبد الرحمن المليجي الشعراني الشافعي 	ABLibrary	8864	0.28809
		الأنس الجليل بتاريخ القدس والخليل [ج ٢]	مجير الدين الحنبلي العليمي	Rafed	2093	0.28809
		شرح حديث جبريل في تعليم الدين	عبد المحسن بن حمد بن عبد المحسن بن عبد الله بن حمد العباد البدر	ShamAY	11259	0.28807
		المفصل في أحكام الأضحية	حسام الدين بن موسى محمد بن عفانة	Sham19Y	9281	0.28807
		التعليق على القواعد المثلى	عبد الرحمن بن ناصر بن براك بن إبراهيم البراك	ShamelaY19	18605	0.28806
		مدخل إلى تفسير القرآن وعلومه	عدنان محمد زرزور	Sham19Y	38031	0.28806
		غاية المرام في تخريج أحاديث الحلال والحرام	محمد ناصر الدين الألباني (المتوفى: 1420هـ)	ShamAY	682	0.28803
		الإمام الشافعي وموقفه من الرافضة	أبو عبد البر محمد كاوا	ShamAY	38506	0.28801
		أين سنة الرسول؟!	المحامي أحمد حسين يعقوب	Masaha	140	0.28801
		الرد على اللمع	شحاتة محمد صقر	ShamAY	571	0.288
		كتاب الجمع والتجريد في شرح كتاب التوحيد	علي الخضير	ShamAY	35481	0.28798
		تأسيس الغرب الإسلامي‏	هشام جعيط	Masaha	4567	0.28797
		الديباج المذهب في مصطلح الحديث (مطبوع مع شرح منلا حنفي عليه)	ينسب لعلي بن محمد بن علي الزين الشريف الجرجاني (المتوفى: 816ه)	ShamelaY19	30531	0.28796
		 دليل تحرير الوسيلة ( احياء الموات ) 	 علي أكبر السيفي المازندراني 	ABLibrary	894	0.28793
		الأنوار و مفتاح السرور و الأفكار في مولد النبي المختار	أحمد بن عبد الله البكري‏	Masaha	1919	0.28793
		مجمع الفائدة والبرهان في شرح إرشاد الأذهان [ج ٣]	الشيخ أحمد بن محمّد الأردبيلي [ المقدّس الأردبيلي ]	Rafed	1896	0.28793
		حرمة الإفساد في الأرض	عبد العزيز بن عبد الله آل الشيخ	ShamelaY19	31088	0.28792
		مفهوم القدر والحريةعند أوائل الصوفية	محمود بن عبد الرازق	ShamAY	35403	0.28792
		رحلة ابن بطوطة (تحفة النظار في غرائب الأمصار وعجائب الأسفار)	محمد بن عبد الله بن محمد بن إبراهيم اللواتي الطنجي، أبو عبد الله، ابن بطوطة (المتوفى: 779هـ)	ShamAY	11769	0.28792
		الحكايات	محمد بن  محمد بن نعمان شيخ مفيد	Ghbook	2407	0.28792
		ثم شتان دراسة منهجية في مقارنة الأديان	محمود عبد الرازق رضواني	ShamAY	35738	0.28791
		قبس من القرآن في صفات الرسول الاعظم ( صلي الله عليه و آله و سلم )	عبداللطيف بغدادي	Ghbook	5299	0.28791
		افعل ولا حرج	الواحدي :: سلمان العودة	ShamAY	36370	0.2879
		شرح كتاب الحج من صحيح البخاري لابن عثيمين	محمد الصالح العثيمين	ShamAY	34745	0.2879
		مجمع الفائدة والبرهان في شرح إرشاد الأذهان [ج ١٣]	الشيخ أحمد بن محمّد الأردبيلي [ المقدّس الأردبيلي ]	Rafed	1911	0.2879
		الآيات البينات في عدم سماع الأموات على مذهب الحنفية السادات	نعمان بن محمود بن عبد الله، أبو البركات خير الدين، الآلوسي (المتوفى: 1317هـ)	ShamAY	6457	0.28788
		الرد الجميل لإلهية عيسى بصريح الإنجيل - ط العصرية	أبو حامد محمد بن محمد الغزالي الطوسي (المتوفى: 505 هـ)	ShamAY	33896	0.28786
		تصحيح و تحشية علي الحضارةالاسلامية في القرن الرابع	آيت الله العظمي محمد رحمتي سيرجاني	Ghbook	12197	0.28785
		الجرح والتعديل للقاسمي	محمد جمال الدين بن محمد سعيد بن قاسم الحلاق القاسمي (المتوفى: 1332ه)	ShamelaY19	36616	0.28784
		خطوات إلى السعادة	عبد المحسن بن محمد بن عبد الرحمن القاسم القحطاني	ShamAY	32279	0.28784
		الأم للشافعي	الشافعي أبو عبد الله محمد بن إدريس بن العباس بن عثمان بن شافع بن عبد المطلب بن عبد مناف المطلبي القرشي المكي (المتوفى: 204هـ)	ShamAY	1655	0.28783
		الكتاب العزيزي أو المسالك والممالك‏	حسن بن أحمد المهلبي	Masaha	4350	0.28783
		موسوعة مسائل الجمهور في الفقه الإسلامي	محمد نعيم محمد هاني ساعي	ShamAY	31731	0.28781
		أضواء على الرسالة المنسوبة إلى الحافظ الذهبي .. النصيحة الذهبية لابن تيمية وتحقيق في صاحبها	أبو الفضل القونوي	ShamAY	37246	0.2878
		إكفار الملحدين في ضروريات الدِّين	محمد أنور شاه بن معظم شاه الكشميري الهندي (المتوفى: 1353هـ)	ShamAY	21788	0.28779
		 الأعلاق النفيسة ( ويليه كتاب البلدان لليعقوبي ) 	 أحمد بن عمر ( ابن رسته ) / ابن واضح الكاتب ( اليعقوبي ) 	ABLibrary	8933	0.28778
		المعلم الأول صلى الله عليه وسلم	فؤاد بن عبد العزيز الشلهوب	ShamAY	1936	0.28776
		الإمام مالك وموقفه من الرافضة	أبو عبد البر محمد كاوا	ShamAY	31814	0.28774
		الدرّ المنظوم في ذكر محاسن الأمصار والرسوم	السيد أمجد حمود بن أحمد بن سيف البوسعيدي	Rafed	2222	0.28772
		مفرحه الانام في تاسيس بيت الله الحرام	زين العابدين بن نورالدين حسيني كاشاني	Ghbook	9209	0.28772
		التمثيل والمحاضرة	عبد الملك بن محمد بن إسماعيل أبو منصور الثعالبي (المتوفى: 429ه)	Sham19Y	5683	0.28771
		الفية السيد المرتضي رحمة الله	علي شهرستاني	Ghbook	16146	0.28771
		تفسير التستري	أبو محمد سهل بن عبد الله بن يونس بن رفيع التستري (المتوفى: 283ه)	ShamelaY19	23600	0.28769
		خصائص الرسول صلى الله عليه وسلم	علي بن نايف الشحود	ShamAY	37382	0.28769
		الاداره و المداراه	آيت الله العظمي سيد محمد حسيني شيرازي	Ghbook	8054	0.28767
		أخبار أبي الطيب المتنبي	محمد توفيق البكري الصديقي	ShamAY	34456	0.28766
		قوت القلوب في معاملة المحبوب ووصف طريق المريد إلى مقام التوحيد	محمد بن علي بن عطية الحارثي، أبو طالب المكي (المتوفى: 386هـ)	ShamAY	482	0.28764
		 الأفق أو الآفاق 	 الشيخ المنتظري 	ABLibrary	9524	0.28764
		تنزيه الأنبياء عمّا نسب اإيهم حثالة الأغبياء	أبو الحسن علي بن أحمد السبتي [ ابن خمير ]	Rafed	1909	0.28764
		العلمانية والمذهب المالكي	أبو سفيان مصطفى باحو السلاوي المغربي	ShamelaY19	96924	0.28763
		وجوب تطبيق الشريعة الإسلامية في كل عصر	صالح بن غانم بن عبد الله بن سليمان بن علي السدلان	ShamAY	32446	0.28763
		 عصمة الأنبياء والرسل 	 السيد مرتضى العسكري 	ABLibrary	8512	0.28763
		عبد الغني الدقر النحوي الفقيه والمؤرخ الأديب	إياد خالد الطباع	ShamAY	38623	0.28762
		تحفةُ العروسين	مجدي بن منصور بن سيد الشورى :: مجدي الشورى	ShamAY	36108	0.28761
		دروس تربوية من الأحاديث النبوية	أبو عبد الملك خالد بن عبد الرحمن الحسينان	ShamAY	507	0.2876
		تهذيب اقتضاء الصراط المستقيم	شحاتة صقر	ShamelaY19	36155	0.28758
		الرد على اللمع	شحاتة محمد صقر	ShamelaY19	36181	0.28758
		اطائب الكلم في بيان صله الرحم	علي بن حسين بن عبدالعالي محقق كركي	Ghbook	4637	0.28758
		 البلوغ ، حقيقته ، علامته وأحكامه ( وتليه رسالة في تأثير الزمان والمكان على استنباط الأحكام ) 	 الشيخ السبحاني 	ABLibrary	9557	0.28755
		تهذيب اقتضاء الصراط المستقيم	شحاتة صقر	ShamAY	556	0.28754
		الجواهر الثمينة في محاسن المدينة	محمد كبريت الحسيني المدني	Masaha	4131	0.28754
		نضرة النعيم في مكارم أخلاق الرسول الكريم	مجموعة من المؤلفين	ShamelaY19	22798	0.28753
		إناس النبلاء في سيرة شيخنا العقلاء	عبد الرحمن الجفن	ShamAY	35888	0.28753
		تهذيب اللغة [ج ١٥]	محمّد بن أحمد الأزهري	Rafed	1967	0.28753
		دروس للشيخ علي القرني	علي بن عبد الخالق القرني	ShamAY	900	0.28752
		الولاء والبراء والعداء في الإسلام	أبو فيصل البدراني	ShamAY	1718	0.28751
		الدرر النجفيه من الملتقطات اليوسفيه	يوسف بن احمد بن ابراهيم بحراني آل عصفور	Ghbook	12119	0.2875
		إلقاء الضوء القرآني على كتابة الدكتور علوي حول النبهاني	عبد القادر بن حبيب الله السندي	Sham19Y	8856	0.28745
		زبدة التّفاسير [ج ٤]	فتح الله بن شكر الله الشريف الكاشاني	Rafed	1714	0.28744
		التكفير من منظار علماء الاسلام	كنگره جهاني جريان هاي افراطي و تكفيري از ديدگاه علماي اسلام	Ghbook	14142	0.28743
		التعليقات البازية على كتاب التوحيد		ShamAY	35472	0.28742
		آلاء الرحمن في تفسير القرآن [ج ١]	الشيخ محمد جواد البلاغي	Rafed	3150	0.28742
		شرح أبيات سيبويه [ج ١]	أبي محمّد يوسف بن أبي سعيد السيرافي	Rafed	2243	0.28742
		دراسات في ولايه الفقيه و فقه الدوله الاسلاميه	آيت الله العظمي حسينعلي منتظري	Ghbook	9845	0.28742
		تفسير الصافي - الجزء1	الفيض الكاشاني	Masaha	16	0.28741
		المستقصي في أمثال العرب - الجزء1	ابو القاسم محمود بن عمر الزمخشري	Masaha	4054	0.28741
		رسالة في السبعة الذين يظلهم الله يوم القيامة يوملا ظلّ إلاّ ظله	الزُّرْقاني، عبد الباقي	ShamAY	36160	0.2874
		وقفات مع حفظ الوقت	سامي بن محمد بن جاد الله :: سامي محمد	ShamAY	35011	0.28739
		التعليقات السنية على العقيدة الواسطية	فيصل بن عبد العزيز بن فيصل ابن حمد المبارك الحريملي النجدي (المتوفى: 1376ه)	ShamelaY19	21517	0.28738
		تعرف على الإسلام	منقذ بن محمود السقار	ShamelaY19	38184	0.28737
		إرشاد العباد في فضل الجهاد - سلسلة لقاء العشر الأواخر بالمسجد الحرام (14)	حسن بن إبراهيم بن حسن بن محمد، المعروف بالبيطار (المتوفى: 1272 هـ)	ShamAY	32398	0.28735
		التمثيل والمحاضرة	عبد الملك بن محمد بن إسماعيل أبو منصور الثعالبي (المتوفى: 429هـ)	ShamAY	5683	0.28735
		جامع تراث العلامة الألباني في الفقه	د. شادي بن محمد بن سالم آل نعمان	ShamelaY19	145204	0.28734
		من عقائد الشيعة - السلفي	عبد الله بن محمد السلفي	ShamAY	37759	0.28734
		الموسوعة التاريخية للخلفاء الفاطميين - الجزء1	عارف تامر	Masaha	4074	0.28734
		الانتصار للسلف الأخيار: نقد لكتاب «أسماء الله الحسنى» للدكتور: محمود عبدالرازق الرضواني	محمد محب الدين أبو زيد	Sham19Y	19449	0.28732
		البحر المحيط في التّفسير [ج ٨]	محمّد بن يوسف [ أبي حيّان الأندلسي الغرناطي ]	Rafed	2429	0.2873
		ألفية السيوطي في علم الحديث ت ماهر الفحل	عبد الرحمن بن أبي بكر، جلال الدين السيوطي (المتوفى: 911هـ)	ShamAY	10483	0.28728
		الإعتقادات	أبي جعفر محمّد بن علي بن الحسين بن بابويه القمّي [ الشيخ الصدوق ]	Rafed	5	0.28728
		المفصل في أحكام الأضحية	حسام الدين بن موسى محمد بن عفانة	ShamAY	971	0.28725
		الميزان في تفسير القرآن [ج ٥]	آية الله السيد محمد حسين الطباطبائي	Rafed	1434	0.28725
		نصره المظلوم	محمد علي الحلو	Ghbook	12334	0.28723
		إسهامات المجتمع في دعم جمعيات التحفيظ	عبد المحسن الزكري	ShamAY	36771	0.28721
		شعاع من المحراب	د. سليمان بن حمد العودة	ShamAY	38889	0.28721
		الترغيب بالجنة والتحذير من النار	علي بن نايف الشحود	ShamAY	34828	0.2872
		 في رحاب أهل البيت ( ع ) 	 لجنة بحوث المجمع العالمي لأهل البيت ( ع ) 	ABLibrary	8546	0.28719
		نقض كلام المفترين على الحنابلة السلفيين	أحمد بن حجر بن محمد بن حجر بن أحمد بن حجر بن طامي بن حجر بن سند بن سعدون آل بوطامي البنعلي (المتوفى: 1423هـ)	ShamAY	10896	0.28717
		معالم الدين وملاذ المجتهدين [ج ٢]	الشيخ حسن بن زين الدين العاملي	Rafed	1363	0.28715
		نفحات من علوم القرآن	محمد أحمد محمد معبد (المتوفى: 1430ه)	ShamelaY19	37530	0.28714
		الصّحابة بين العدالة والعصمة	الشيخ محمد السند	Rafed	3484	0.28714
		موسوعة تاريخ العراق بين احتلالين [ج ٣]	عباس العزاوي المحامي	Rafed	1921	0.28713
		 في رحاب أهل البيت ( ع ) 	 لجنة بحوث المجمع العالمي لأهل البيت ( ع ) 	ABLibrary	8559	0.28711
		الكبائر للذهبي	تنسب لشمس الدين أبي عبد الله محمد بن أحمد بن عثمان بن قَايْماز الذهبي (المتوفى: 748هـ)	ShamAY	6848	0.28707
		الكذب	عبد الملك بن محمد القاسم	ShamelaY19	95668	0.28705
		تحقيق المطالب بشرح دليل الطالب	أبو المنذر محمود بن محمد بن مصطفى بن عبد اللطيف المنياوي	Sham19Y	37590	0.28703
		الفرقان في تفسير القرآن بالقرآن والسنة [ج ٧]	الشيخ محمد الصادقي	Rafed	3017	0.287
		مظاهر التشبه بالكفار في العصر الحديث وأثرها على المسلمين	أشرف بارقعان	ShamAY	36555	0.28699
		سهام الإسلام	عبد اللطيف بن علي بن أحمد بن محمد السلطاني القنطري الجزائري (المتوفى: 1404هـ)	ShamAY	31654	0.28697
		أحكام القرآن [ج ١]	أبي بكر محمّد بن عبدالله [ ابن العربي ]	Rafed	3218	0.28697
		تقريرات ثلاثه : الوصيه و منجزات المريض - ميراث الازواج - الغصب	آيت الله العظمي سيد حسين طباطبايي بروجردي	Ghbook	10090	0.28697
		نور الشيب وحكم تغييره في ضوء الكتاب والسنة	د. سعيد بن علي بن وهف القحطاني	ShamelaY19	96540	0.28695
		تهذيب الأجوبة ط عالم الكتب	أبو عبد الله الحسن بن حامد بن علي بن مروان البغدادي الحنبلي (المتوفى: 403 هـ)	ShamAY	32354	0.28694
		كتاب أصول الإيمان في ضوء الكتاب والسنة	مجموعة من المؤلفين	ShamelaY19	30847	0.28693
		سبل السلام من صحيح سيرة خير الأنام عليه الصلاة والسلام	صالح بن طه عبد الواحد	ShamelaY19	97933	0.28691
		مسائل أحمد بن حنبل رواية ابنه عبد الله	أبو عبد الله أحمد بن محمد بن حنبل بن هلال بن أسد الشيباني (المتوفى: 241هـ)	ShamAY	6105	0.28691
		أحوال المحتضر	محمد عبد العزيز أحمد العلي	ShamAY	12181	0.28691
		الرد الشامل على عمر كامل	د. عبد الله بن حسين الموجان	ShamAY	35467	0.28688
		الإخنائية أو الرد على الإخنائي ت زهوي	تقي الدين أبو العباس أحمد بن عبد الحليم بن عبد السلام بن عبد الله بن أبي القاسم بن محمد ابن تيمية الحراني الحنبلي الدمشقي (المتوفى: 728ه)	ShamelaY19	37816	0.28687
		صلاة الاستسقاء - مفهوم، وأسباب، وأنواع، وآداب، وآيات، وحكم، وأحكام في ضوء الكتاب والسنة	د. سعيد بن علي بن وهف القحطاني	Sham19Y	9832	0.28687
		المسح علي الارجل او غسلها في الوضوء	عبدالحسين شرف الدين	Ghbook	11121	0.28687
		الأعياد وأثرها على المسلمين	سليمان بن سالم السحيمي	ShamAY	7545	0.28686
		الدرر المباحة في الحظر والإباحة	خليل بن عبد القادر الشيباني الشهير بالنحلاوي	ShamAY	37518	0.28684
		أشرطة مفرغة للشيخ ربيع المدخلي	ربيع بن هادي المدخلي	ShamAY	33008	0.28684
		السراج الوهاج لمحو أباطيل الشلبي عن الإسراء والمعراج	حمود بن عبد الله بن حمود بن عبد الرحمن التويجري (المتوفى: 1413هـ)	ShamAY	32256	0.28682
		شرح ثلاثة الأصول لابن باز	عبد العزيز بن عبد الله بن باز (المتوفى : 1420هـ)	ShamAY	11255	0.28681
		مضمار الحقائق وسر الخلائق	محمد بن عمر المظفر بن شاهنشاه، الأيوبي، أبو المعالي، ناصر الدين، المنصور ابن المظفر (المتوفى: 617هـ)	ShamAY	6708	0.28681
		المختار من شعر شعراء الأندلس	علي بن منجب بن سليمان، أبو القاسم، تاج الرياسة، ابن الصيرفي (المتوفى: 542هـ)	ShamAY	10914	0.28681
		مجمع الفائدة والبرهان في شرح إرشاد الأذهان [ج ٨]	الشيخ أحمد بن محمّد الأردبيلي [ المقدّس الأردبيلي ]	Rafed	1905	0.2868
		بستان الخطيب	أمير بن محمد المدري	ShamAY	35073	0.28679
		التحذير من البدع	عبد العزيز بن عبد الله بن باز (المتوفى: 1420ه)	ShamelaY19	30917	0.28677
		الحيوان	عمرو بن بحر بن محبوب الكناني بالولاء، الليثي، أبو عثمان، الشهير بالجاحظ (المتوفى: 255ه)	ShamelaY19	23775	0.28675
		أحكام القرآن لابن الفرس	أبو محمد عبد المنعم بن عبد الرحيم المعروف «بابن الفرس الأندلسي» (المتوفى: 597 ه)	Sham19Y	133357	0.28674
		البدعة وأثرها في محنة المسلمين	أبو إسحاق الحويني الأثري حجازي محمد شريف	ShamAY	7692	0.28672
		الجيل الموعود بالنصر والتمكين	مجدي الهلالي	ShamelaY19	36396	0.2867
		كيف نفهم الرسالة العمليّة [ج ٢]	محمد مهدي المؤمن	Rafed	1220	0.28669
		تتميم امل الامل	عبدالنبي بن محمدتقي قزويني	Ghbook	7064	0.28669
		التفسير المنير [ج ٧]	الدكتور وهبة الزحيلي	Rafed	2949	0.28668
		شرح العقيدة الطحاوية للبراك	عبد الرحمن بن ناصر بن براك بن إبراهيم البراك	ShamAY	14	0.28667
		أدب الطفولة بين القرآن الكريم والسنة الشريفة	علي علي صبح	ShamAY	23139	0.28667
		إهداء للبرنامج من دار الركائز للنشر والتوزيع - دولة الكويت	شيخ الإسلام أحمد بن عبد الحليم ابن تيمية الحراني (المتوفى: 728 ه)	ShamelaY19	147665	0.28665
		منازل الآخرة والمطالب الفاخرة	الشيخ عباس القمي	Masaha	1751	0.28664
		شرح الشواهد الشعرية في أمات الكتب النحوية «لأربعة آلاف شاهد شعري»	محمد بن محمد حسن شُرَّاب	ShamAY	32347	0.28662
		الاستشراق وموقفه من السنة النبوية	فالح بن محمد بن فالح الصغير	ShamAY	7539	0.28661
		مفتاح دار السعادة ومنشور ولاية العلم والإرادة	محمد بن أبي بكر بن أيوب بن سعد شمس الدين ابن قيم الجوزية (المتوفى: 751ه)	Sham19Y	6840	0.2866
		كتاب من لا يحضره الفقيه [ج ٣]	أبي جعفر محمّد بن علي بن الحسين بن بابويه القمّي [ الشيخ الصدوق ]	Rafed	1431	0.2866
		الشعر العربي في بلاد العجم في القرن السادس للهجرة من خلال خريدة القصر وجريدة العصر للعماد الأصفهاني المتوفى سنة 597 للهجرة	جنان قحطان فرحان	ShamAY	34559	0.28657
		الدرر النجفية من الملتقطات اليوسفية - الجزء1	الشيخ يوسف البحراني	Masaha	1449	0.28656
		خطبة الجمعة في الكتاب والسنة	عبد الرحمن بن محمد الحمد	ShamelaY19	31297	0.28655
		الفرقان في تفسير القرآن بالقرآن والسنة [ج ٥]	الشيخ محمد الصادقي	Rafed	3015	0.28655
		شرح كتاب نقد متون السنة للدميني - محمد حسن عبد الغفار	محمد حسن عبد الغفار	ShamelaY19	37698	0.28651
		النقد الأدبي ومقاييسه خلال عهد الرسول صلى الله عليه وسلم وعصر الخلافة الراشدة	محمد عارف محمود حسين	ShamAY	8972	0.2865
		القواعد للحصني	أبو بكر بن محمد بن عبد المؤمن المعروف ب «تقي الدين الحصني» (المتوفى: 829 ه)	ShamelaY19	127669	0.28648
		الكلمات النافعة في المكفرات الواقعة	أبو سليمان عبد الله بن محمد بن عبد الوهاب بن سليمان التميمي النجدي (المتوفى: 1242ه)	Sham19Y	8532	0.28648
		النهاية في مجرد الفقه و الفتاوى	الشيخ الطوسي	Masaha	953	0.28648
		عليّ المرتضى نقطة باء البسملة	السيّد عادل العلوي	Rafed	1582	0.28646
		 البرق المتألق في محاسن جلق 	 محمد بن مصطفى ابن الراعي 	ABLibrary	8966	0.28644
		ظاهرة الافتراء على الشيعة عبر التاريخ	الشيخ جعفر السبحاني	Rafed	3438	0.28644
		فقه التعامل بين الزوجين وقبسات من بيت النبوة	الواحدي :: مصطفى العدوي	ShamAY	36601	0.28643
		مفتاح دار السعادة ومنشور ولاية العلم والإرادة	محمد بن أبي بكر بن أيوب بن سعد شمس الدين ابن قيم الجوزية (المتوفى: 751هـ)	ShamAY	6840	0.28643
		 تقسيم الخواطر ( ويليه العرف العاطر في معرفة الخواطر ) 	 روزبهان البقلي الشيرازي ( شطاح فارس ) 	ABLibrary	8730	0.28643
		السياسة الشرعية في إصلاح الراعي والرعية - ط المعرفة	أحمد بن عبد الحليم بن تيمية الحراني	ShamAY	34361	0.28642
		وجوب العمل بسنة الرسول صلى الله عليه وسلم وكفر من أنكرها	عبد العزيز بن عبد الله بن باز (المتوفى: 1420هـ)	ShamAY	30889	0.28636
		سورة الحجرات دراسة تحليلية وموضوعية	ناصر بن سليمان العمر	ShamAY	36942	0.28633
		البعثه النبويه الشريفه و الدين الاسلامي	آيت الله العظمي سيد محمد حسيني شيرازي	Ghbook	8070	0.28633
		إعراب لا إله إلا الله	حسن موسى الشاعر	ShamAY	8697	0.28631
		الفرقان في تفسير القرآن بالقرآن والسنّة [ج ٤]	الشيخ محمد الصادقي	Rafed	3010	0.28627
		مرآة الرشاد في الوصية الي الاحبة و الذرية و الاولاد	ملا عبد اللّٰه بن محمد حسن مامقاني	Ghbook	16409	0.28627
		البدعة ضوابطها وأثرها السيء في الأمة	علي بن محمد بن ناصر الفقيهي	ShamAY	8791	0.28623
		الصواعق السماوية علي منكري آيات الكتاب وصحيح السنة		ShamAY	35486	0.28623
		المباحث العقدية المتعلقة بالكبائر ومرتكبها في الدنيا	سعود بن عبد العزيز الخلف	ShamAY	8905	0.28619
		الإلهيّات على هدى الكتاب والسنّة والعقل [ج ٤]	الشيخ حسن محمد مكي العاملي	Rafed	3382	0.28619
		حقوق الإنسان في الإسلام لعبد الفتاح عشماوي	عبد الفتاح بن سليمان عشماوي	ShamelaY19	23068	0.28616
		نواقض الإيمان الاعتقادية وضوابط التكفير عند السلف		ShamAY	35601	0.28616
		نفح الطيب من غصن الأندلس الرطيب، وذكر وزيرها لسان الدين بن الخطيب	شهاب الدين أحمد بن محمد المقري التلمساني (المتوفى: 1041هـ)	ShamAY	1002	0.28616
		ابن رُشيد الفهري السّبتي ورحلته ملء العيبة	علي إبراهيم كردي	ShamAY	35807	0.28616
		عيد الغدير اعظم الاعياد في الاسلام	آيت الله العظمي سيد محمد حسيني شيرازي	Ghbook	7767	0.28615
		الدين الخالص أو إرشاد الخلق إلى دين الحق (والمجلد التاسع طبع باسم: إرشاد الناسك إلى أعمال المناسك)	محمود محمد خطاب السبكي	Sham19Y	20907	0.28614
		علاج الهموم	محمد صالح المنجد	ShamAY	34724	0.28612
		 رحلة ابن بطوطة ( تحفة النظار في غرائب الأمصار وعجائب الأسفار ) 	 ابن بطوطة 	ABLibrary	9073	0.28612
		المسائل التي علل فيها الحنابلة الحكم بـ خروجا من الخلاف في المعاملات المالية وفقه الأسرة جمعاً ودراسة	أنس اليتامي	ShamAY	37604	0.28611
		سلسلة علو الهمة - المقدم	محمد أحمد إسماعيل المقدم	ShamAY	375	0.2861
		جامع تراث العلامة الألباني في الفقه	د. شادي بن محمد بن سالم آل نعمان	Sham19Y	145204	0.2861
		التفسير الوسيط للقرآن الكريم [ج ٦]	الدكتور محمد سيد طنطاوي	Rafed	3944	0.2861
		الخشوع في الصلاة في ضوء الكتاب والسنة - مفهوم، وفروق، وفضائل، وعلم، وعمل، وفوائد، وأسباب، وآداب، وأحكام	د. سعيد بن علي بن وهف القحطاني	ShamAY	1810	0.28609
		السياسة الشرعية في إصلاح الراعي والرعية	تقي الدين أبو العباس أحمد بن عبد الحليم بن عبد السلام بن عبد الله بن أبي القاسم بن محمد ابن تيمية الحراني الحنبلي الدمشقي (المتوفى: 728هـ)	ShamAY	31237	0.28607
		خصائص جزيرة العرب	بكر بن عبد الله أبو زيد	ShamAY	37113	0.28606
		 الرحلة الحجازية ( الارتسامات اللطاف في خاطر الحاج إلى أقدس مطاف ) 	 شكيب أرسلان 	ABLibrary	9092	0.28605
		التوريث الدعوي	محمد بن حسن بن عقيل موسى الشريف	ShamelaY19	36504	0.28604
		الجواهر الثمينة في محاسن المدينة	محمد كبريت	ShamAY	38440	0.28604
		الدعوة الإسلامية في عهدها المكي: مناهجها وغاياتها	دكتور رؤوف شلبي	ShamAY	11736	0.28603
		الخدعة رحلتي من السنة إلى الشيعة	الكاتب المصري صالح الورداني	Masaha	245	0.28602
		المبدع في شرح المقنع	إبراهيم بن محمد بن عبد الله بن محمد ابن مفلح، أبو إسحاق، برهان الدين (المتوفى: 884ه)	ShamelaY19	21619	0.28598
		 الإستبصار في عجايب الأمصار 	 مؤلف مجهول 	ABLibrary	8953	0.28595
		رسائل في آثار المدينة النبوية	غازي بن سالم التمام	ShamAY	38415	0.28591
		بطلان عقائد الرافضة للتونسوى		ShamAY	35300	0.28587
		نصرة الثائر على المثل السائر	صلاح الدين خليل بن أيبك الصفدي (المتوفى: 764ه)	Sham19Y	514	0.28585
		 في رحاب أهل البيت ( ع ) 	 لجنة بحوث المجمع العالمي لأهل البيت ( ع ) 	ABLibrary	8533	0.28585
		 مسالك الأبصار في ممالك الأمصار 	 أحمد بن يحيى العمري 	ABLibrary	9194	0.28585
		الإعلام بنقد كتاب الحلال والحرام	صالح الفوزان	ShamAY	36638	0.28581
		 مجموع كتب ورسائل الإمام القاسم بن إبراهيم الرسي 	 القاسم بن إبراهيم الرسي 	ABLibrary	8592	0.28581
		الدين الخالص أو إرشاد الخلق إلى دين الحق	محمود خطاب السبكى	ShamAY	33229	0.28578
		الحيدة والاعتذار في الرد على من قال بخلق القرآن	أبو الحسن عبد العزيز بن يحيى بن مسلم بن ميمون الكناني المكي (المتوفى: 240هـ)	ShamAY	7610	0.28578
		الدر المختار وحاشية ابن عابدين (رد المحتار)	ابن عابدين، محمد أمين بن عمر بن عبد العزيز عابدين الدمشقي الحنفي (المتوفى: 1252هـ)	ShamAY	21613	0.28576
		الاثار و التاريخ 	خالد فائق عبيدي	Ghbook	2789	0.28575
		خريدة القصر وجريدة العصر - قسم شعراء العراق جـ 1	عماد الدين الكاتب الأصبهاني، محمد بن محمد صفي الدين بن نفيس الدين حامد بن أله، أبو عبد الله (المتوفى: 597هـ)	ShamAY	12821	0.28573
		الكذاب اللئيم زكريا بطرس	محمد جلال القصاص	ShamAY	35351	0.28573
		 من الآداب الطبية 	 السيد محمد الحسيني الشيرازي 	ABLibrary	9990	0.28573
		النظريه السياسيه لدي الامام زين العابدين عليه السلام	محمود بغدادي	Ghbook	6373	0.28573
		الآثار السيئة للوضع في الحديث	عبد الله بن ناصر الشقاري	Sham19Y	8710	0.28572
		تنزيه الشريعة عن الألفاظ الشنيعة		ShamAY	35522	0.28571
		ثبت مؤلفات الألباني	عبد الله بن محمد الشمراني	ShamAY	2237	0.2857
		حقيقة السحر وحكمه في الكتاب والسنة	د عواد بن عبد الله المعتق	ShamAY	10156	0.28565
		مفاتح تدبر القرآن والنجاح في الحياة		ShamAY	36860	0.28563
		أبحاث فقهية	الدكتور: هاني بن عبد الله بن محمد الجبير	ShamAY	36460	0.28563
		العقيدة الواسطية بتعليق ابن مانع	تقي الدين أبو العباس أحمد بن عبد الحليم بن عبد السلام بن عبد الله بن أبي القاسم بن محمد ابن تيمية الحراني الحنبلي الدمشقي (المتوفى: 728 ه)	Sham19Y	18098	0.28563
		البحر المحيط في التّفسير [ج ١٠]	محمّد بن يوسف [ أبي حيّان الأندلسي الغرناطي ]	Rafed	2457	0.28562
		الشفاعة في الحديث النبوي	أبو ذر عبد القادر بن مصطفى بن عبد الرزاق المحمدي	ShamAY	1628	0.28561
		عصمة الأنبياء والرسل	السيد مرتضى العسكري	Masaha	342	0.2856
		التاج في أخلاق الملوك	عمرو بن بحر بن محبوب الكناني بالولاء، الليثي، أبو عثمان، الشهير بالجاحظ (المتوفى: 255هـ)	ShamAY	22623	0.28559
		حقيقه مصحف عند الشيعه	اكرم بركات عاملي	Ghbook	4850	0.28557
		ديوان معاوية بن أبي سفيان	معاوية بن أبي سفيان	ShamelaY19	149482	0.28556
		اللحية لماذا؟	محمد بن أحمد بن إسماعيل المقدم	ShamelaY19	98135	0.28556
		الفجر الصادق في الرد علي منكري التوسل و الكرامات و الخوارق	جميل صدقي زهاوي	Ghbook	7580	0.28556
		ضمانات حقوق المرأة الزوجية	محمد يعقوب الدهلوي	ShamAY	11281	0.28555
		يا صاحب الستين	علي بن سعيد بن دعجم	ShamAY	615	0.28554
		الإرهاب والعنف والتطرف في ميزان الشرع (2)	محمد علي إبراهيم	ShamAY	33369	0.28554
		منتهى الطلب من أشعار العرب	محمد بن المبارك بن محمد بن ميمون البغدادي (المتوفى: 597هـ)	ShamAY	732	0.28552
		 منتهى المطلب ( ط . ج ) 	 العلامة الحلي 	ABLibrary	9324	0.28552
		 موسوعة الإمام أمير المؤمنين على بن أبى طالب ( ع ) 	 الشيخ باقر شريف القرشي 	ABLibrary	7812	0.28552
		أسلوب الالتفات وأقسامه في القرآن الكريم	الواحدي	ShamAY	36906	0.28551
		يسألونك عن رمضان	حسام الدين بن موسى محمد بن عفانة	Sham19Y	1436	0.28551
		إغاثة اللهفان من مصائد الشيطان - المعرفة	محمد بن أبي بكر أيوب الزرعي أبو عبد الله	ShamAY	34412	0.28549
		موسوعة معارف الكتاب والسنة	محمد محمدي ري شهري	Ghbook	15912	0.28549
		أحكام القرآن [ج ٢]	أبي بكر محمّد بن عبدالله [ ابن العربي ]	Rafed	3219	0.28548
		الفوائد الرجالية - الجزء1	السيد بحر العلوم	Masaha	3382	0.28546
		الصحيح من سيرة النبي الأعظم صلّى الله عليه وآله [ج ٢١]	السيد جعفر مرتضى العاملي	Rafed	2523	0.28546
		نواهد الأبكار وشوارد الأفكار = حاشية السيوطي على تفسير البيضاوي	عبد الرحمن بن أبي بكر، جلال الدين السيوطي (المتوفى: 911ه)	ShamelaY19	29882	0.28544
		العلمانية والمذهب المالكي	أبو سفيان مصطفى باحُّو السلاوي المغربي	ShamAY	2040	0.28543
		المختصر المفيد لأشراط الساعة وأحداث يوم الوعيد	حسني محمد العطار	ShamAY	35773	0.28543
		مختصر معارج القبول	أبو عاصم هشام بن عبد القادر بن محمد آل عقدة	ShamAY	22922	0.28542
		التفسير الموضوعي لسورة الكهف	أحمد بن محمد الشرقاوى	ShamAY	33132	0.28542
		الشفاعة في الحديث النبوي	أبو ذر عبد القادر بن مصطفى بن عبد الرزاق المحمدي	Sham19Y	95695	0.28542
		مدارك الأحكام [ج ٨]	السيد محمّد بن علي الموسوي العاملي	Rafed	599	0.28541
		موسوعه الالوف في نظم تاريخ الطفوف	حسين عبدالسيد النصار	Ghbook	12380	0.2854
		صفوة المسائل في التوحيد والفقه والفضائل	أبو رحمة / محمد نصر الدين محمد عويضة	ShamAY	33230	0.28538
		نصرة الثائر على المثل السائر	صلاح الدين خليل بن أيبك الصفدي (المتوفى: 764هـ)	ShamAY	514	0.28537
		المحرّر الوجيز في تفسير الكتاب العزيز [ج ٤]	أبي محمّد عبدالحقّ بن غالب بن عطيّة الأندلسي	Rafed	3301	0.28537
		سيماء المرأة في الإسلام بين النفس والصورة	فريد الأنصاري المغربي (المتوفى: 1430 هـ)	ShamAY	32333	0.28535
		حقوق آل البيت	تقي الدين أبو العباس أحمد بن عبد الحليم بن عبد السلام بن عبد الله بن أبي القاسم بن محمد ابن تيمية الحراني الحنبلي الدمشقي (المتوفى: 728هـ)	ShamAY	11162	0.28534
		التفسير الموضوعي لسورة المنافقون	أحمد بن محمد الشرقاوى	ShamAY	33133	0.28531
		موسوعة الرقائق والأدب - ياسر الحمداني	ياسر بن أحمد بن محمود بن أحمد بن أبي الحمد الكويس الحمداني	ShamelaY19	38154	0.2853
		تزيين الأسواق في أخبار العشاق	داود بن عمر الأنطاكي، المعروف بالأكمه (المتوفى: 1008هـ)	ShamAY	630	0.28529
		موقعة اليرموك دراسة وتحليل	محمد السيد الوكيل	ShamAY	4109	0.28529
		تكسير الاصنام بين تصريح النبي صلي الله عليه وآله وسلم وتعتيم البخاري	نبيل قدوري الحسني	Ghbook	12345	0.28529
		التفسير والمفسرون أساسياته واتجاهاته ومناهجه في العصر الحديث	الأستاذ الدكتور فضل حسن عباس	ShamelaY19	145333	0.28528
		الحدائق الناضرة [ج ١٣]	الشيخ يوسف بن أحمد البحراني [ صاحب الحدائق ]	Rafed	2850	0.28528
		رحلة الشنقيطي إلى إفريقيا ط عالم الفوائد	محمد الأمين بن محمد المختار الجكني الشنقيطي (1325 - 1393)	ShamelaY19	20555	0.28526
		اجوبه الشبهات حول شعايرالحسيني	علي حمود عناد عبادي	Ghbook	11348	0.28524
		جامع شروح المنظومة الحائية .	أبو عبد الله ريدان الأثري	ShamAY	35551	0.28523
		لمحات من محاسن الإسلام	محمد بن علي العرفج	ShamAY	33406	0.28523
		جامع المقاصد في شرح القواعد [ج ١]	الشيخ عليّ بن الحسين بن عبد العالي الكركي	Rafed	545	0.28521
		 دليل تحرير الوسيلة ( الصيد ) 	 علي أكبر السيفي المازندراني 	ABLibrary	893	0.28519
		أعلام السنة المنشورة لاعتقاد الطائفة الناجية المنصورة (الكتاب نشر - أيضا - بعنوان: 200 سؤال وجواب في العقيدة الاسلامية)	حافظ بن أحمد بن علي الحكمي (المتوفى: 1377هـ)	ShamAY	30821	0.28518
		ففروا إلى الله - القلموني	أبو ذر القلموني، عبد المنعم بن حسين بن حنفي بن حسن بن الشاهد	ShamAY	912	0.28518
		أحكام النكاح وآدابه	مجموعة من المؤلفين	ShamAY	36681	0.28518
		رفع الأستار لإبطال أدلة القائلين بفناء النار	محمد بن إسماعيل بن صلاح بن محمد الحسني، الكحلاني ثم الصنعاني، أبو إبراهيم، عز الدين، المعروف كأسلافه بالأمير (المتوفى: 1182ه)	Sham19Y	1756	0.28518
		الشرح الكبير على متن المقنع	عبد الرحمن بن محمد بن أحمد بن قدامة المقدسي الجماعيلي الحنبلي، أبو الفرج، شمس الدين (المتوفى: 682هـ)	ShamAY	1153	0.28516
		من حقي أن أكون شيعية	السيدة أم محمد علي المعتصم	Masaha	437	0.28516
		محمد صلى الله عليه وآله وسلم في مكة	المستشرق الإنجليزي ويليام مونتجمري وات	ShamelaY19	23669	0.28512
		 مباني منهاج الصالحين 	 السيد تقي الطباطبائي القمي 	ABLibrary	9722	0.28512
		إلقاء الضوء القرآني على كتابة الدكتور علوي حول النبهاني	عبد القادر بن حبيب الله السندي	ShamAY	8856	0.28511
		فقه الرد	بسام الغانم العطاوي	ShamAY	36195	0.28509
		بناء المقاله الفاطميه	سيد جمال الدين احمد بن موسي بن طاووس ابن طاووس  ( صاحب عين العبره و بناء المقاله العلويه )	Ghbook	2479	0.28508
		الانتصار للسلف الأخيار: نقد لكتاب «أسماء الله الحسنى» للدكتور: محمود عبدالرازق الرضواني	محمد محب الدين أبو زيد	ShamAY	38789	0.28507
		نوادر الخلفاء المشهور بـ «إعلام الناس بما وقع للبرامكة مع بني العباس»	محمد، المعروف بدياب الإتليدي (المتوفى: ق 12هـ)	ShamAY	408	0.28507
		خريدة القصر وجريدة العصر - أقسام أخرى	عماد الدين الكاتب الأصبهاني، محمد بن محمد صفي الدين بن نفيس الدين حامد بن أله، أبو عبد الله (المتوفى: 597هـ)	ShamAY	12815	0.28506
		شرح ألفية العراقي - عبد الكريم الخضير	عبد الكريم الخضير	ShamelaY19	23769	0.28505
		الخلاصة في أحكام التجسس	علي بن نايف الشحود	ShamAY	1603	0.28502
		التفسير المنير [ج ٢٦]	الدكتور وهبة الزحيلي	Rafed	2974	0.28502
		صلاه ابي بكر في مرض النبي ( صلي الله عليه و آله )	مرتضي عسكري	Ghbook	7666	0.28499
		الكلم الطيب	تقي الدين أبو العباس أحمد بن عبد الحليم بن عبد السلام بن عبد الله بن أبي القاسم بن محمد ابن تيمية الحراني الحنبلي الدمشقي (المتوفى: 728هـ)	ShamAY	21578	0.28498
		الروضة الندية شرح الدرر البهية ط المعرفة	أبو الطيب محمد صديق خان بن حسن بن علي ابن لطف الله الحسيني البخاري القِنَّوجي (المتوفى: 1307هـ)	ShamAY	7444	0.28498
		المسلم وحقوق الآخرين	أبو فيصل البدراني	ShamelaY19	96245	0.28497
		الوجيز في أصول الفقه الإسلامي	الأستاذ الدكتور محمد مصطفى الزحيلي	ShamAY	32540	0.28493
		الفرقان في تفسير القرآن بالقرآن والسنّة [ج ٢١]	الشيخ محمد الصادقي	Rafed	3044	0.28492
		المفصل في صنعة الإعراب	أبي القاسم محمود بن عمر الزمخشري	Rafed	2078	0.28488
		التشيع والوسطية الإسلامية	أكرم عبد الكريم ذياب	Masaha	219	0.28483
		الأم للشافعي - ط الوفاء	محمد بن إدريس الشافعي	ShamAY	34255	0.28482
		ملاحظات على البيجوري في شرح جوهرة التوحيد		ShamAY	35573	0.28482
		عليكم بالسنة فإن السنة مفتاح القرآن	محمود اليوسفي	ShamAY	37493	0.28479
		الزهور العطرة في رياض المغفرة	يوسف الساجر	ShamAY	35064	0.28477
		الغرر النقية على الدرر البهية	فيصل بن عبد العزيز آل مبارك (المتوفى: 1376 ه)	Sham19Y	29570	0.28475
		المجتبى عليه السلام بين وميض الحرف ووهج القافية	الناشر: المكتبة الأدبيّة المختصّة	Rafed	20	0.28475
		يسألونك عن رمضان	حسام الدين بن موسى محمد بن عفانة	ShamAY	948	0.28473
		إغاثة اللهفان من مصايد الشيطان	محمد بن أبي بكر بن أيوب بن سعد شمس الدين ابن قيم الجوزية (المتوفى: 751هـ)	ShamAY	11688	0.28472
		الحيوان	عمرو بن بحر بن محبوب الكناني بالولاء، الليثي، أبو عثمان، الشهير بالجاحظ (المتوفى: 255هـ)	ShamAY	23775	0.28469
		محمد ناصر الدين الألباني محدث العصر وناصر السنة	إبراهيم محمد العلي	ShamAY	38614	0.28469
		قطر الولي على حديث الولي = ولاية الله والطريق إليها	محمد بن علي بن محمد بن عبد الله الشوكاني اليمني (المتوفى: 1250ه)	Sham19Y	6886	0.28469
		 الدر المنظوم في ذكر محاسن الأمصار والرسوم 	 حمود بن أحمد البوسعيدي 	ABLibrary	9066	0.28469
		الآثار لأبي يوسف	أبو يوسف يعقوب بن إبراهيم بن حبيب بن سعد بن حبتة الأنصاري (المتوفى: 182هـ)	ShamAY	12987	0.28468
		ذم الموسوسين	أبو محمد الموفق عبد الله بن أحمد بن محمد بن قدامة المقدسي (620 هـ)	ShamAY	34304	0.28468
		علم العقيدة والتوحيد		ShamAY	35560	0.28468
		الصحيفة المهديه المنتخبه	مرتضي مجتهدي سيستاني	Ghbook	2505	0.28468
		الكبائر لمحمد بن عبد الوهاب (مطبوع ضمن مؤلفات الشيخ محمد بن عبد الوهاب، الجزء الأول)	محمد بن عبد الوهاب بن سليمان التميمي النجدي (المتوفى: 1206ه)	Sham19Y	8531	0.28467
		نحو اداره ناجحه	آيت الله العظمي سيد محمد حسيني شيرازي	Ghbook	8166	0.28465
		ابتغاء السلامة في بعض أحكام الإمامة	السيد العربي	ShamAY	36458	0.28464
		تفسير التّحرير والتّنوير [ج ٩]	الشيخ محمّد الطاهر ابن عاشور	Rafed	2913	0.28464
		الجامع لأحكام الصلاة وصفة صلاة النبي -صلى الله عليه وسلم-	عادل بن سعد	ShamelaY19	37547	0.28463
		روح المعاني [ج ٦]	أبي الفضل شهاب الدين السيّد محمود الألوسي البغدادي	Rafed	3190	0.28463
		الشريف الرضي	الشيخ محمد رضا كاشف الغطاء	Masaha	2342	0.28461
		الجيل الموعود بالنصر والتمكين	مجدي الهلالي	ShamAY	268	0.2846
		الصراط .. أصول منهج أهل السنة والجماعة في الاعتقاد والعمل	عبد الرحمن بن عبد الخالق	ShamAY	35764	0.28459
		الاستعداد للموت وسؤال القبر	زين الدين بن عبد العزيز بن زين الدين ابن علي بن أحمد المعبري المليباري الهندي (المتوفى: 987هـ)	ShamAY	483	0.28456
		صلاح الدين و التعصب الطائفي	آيت الله العظمي سيد محمد حسيني شيرازي	Ghbook	7908	0.28456
		 شمس العلوم ودواء كلام العرب من الكلوم 	 نشوان بن سعيد الحميري 	ABLibrary	9797	0.28455
		روضة القضاة وطريق النجاة	علي بن محمد بن أحمد، أبو القاسم الرحبي المعروف بابن السمناني (المتوفى: 499 ه)	ShamelaY19	18608	0.28453
		تعرف على الإسلام	منقذ بن محمود السقار	ShamAY	1279	0.28451
		الفرقان في تفسير القرآن بالقرآن والسنّة [ج ١٣]	الشيخ محمد الصادقي	Rafed	3024	0.28449
		الأمة بين سنتي الابتلاء والعمل	مجموعة من المؤلفين	ShamAY	1867	0.28446
		الرسول الاعظم صلي الله عليه و آله يبشر بظهور الامام المهدي عجل الله تعالي فرجه ا...	علي محمد علي دخيل	Ghbook	11217	0.28446
		انتقاض الاعتراض في الرد على العيني في شرح البخاري	أبو الفضل أحمد بن علي بن محمد بن أحمد بن حجر العسقلاني (المتوفى: 852هـ)	ShamAY	31787	0.28445
		مراحل تشريع القتال في الإسلام	الواحدي :: علي بن نايف الشحود	ShamAY	36101	0.28445
		شرح الشّواهد الشعريّة في أمّات الكتب النحويّة [ج ٣]	محمّد محمّد حسن شرّاب	Rafed	1955	0.28445
		شحذ النصال في الرد على أهل الضلال		ShamAY	37810	0.28444
		وظيفة المسجد في المجتمع	صالح بن ناصر بن صالح الخزيم (المتوفى: 1418هـ)	ShamAY	31292	0.28442
		أسبابُ تخلُّفِ الوعيدِ	الواحدي :: علي بن نايف الشحود	ShamAY	36066	0.28441
		الدين الخالص أو إرشاد الخلق إلى دين الحق (والمجلد التاسع طبع باسم: إرشاد الناسك إلى أعمال المناسك)	محمود محمد خطاب السّبكي	ShamAY	38872	0.2844
		أبيات مختارة تشتمل على: عقيدة، نصائح، مواعظ، وصايا، حكم، أمثال، أدب	عبد الله بن محمد البصيري	ShamAY	7473	0.2844
		الفراء وأثره في المدرسة الكوفية	جميل عبد الله عويضة	ShamAY	37042	0.28438
		أساليب دعوة العصاة	أ. د. : عبد الرب بن نواب الدين بن غريب الدين آل نواب	ShamAY	12194	0.28436
		خزانة الأدب وغاية الأرب لابن حجة الحموي	ابن حجة الحموي، تقي الدين أبو بكر بن علي بن عبد الله الحموي الأزراري (المتوفى: 837هـ)	ShamAY	8675	0.28434
		حصول المأمول بشرح ثلاثة الأصول	عبد الله بن صالح الفوزان	ShamAY	11158	0.28434
		الشرك في القديم والحديث	أبو بكر محمد زكريا	ShamelaY19	145209	0.28433
		البيان والتحصيل والشرح والتوجيه والتعليل لمسائل المستخرجة	أبو الوليد محمد بن أحمد بن رشد القرطبي (المتوفى: 520هـ)	ShamAY	21751	0.28433
		النجاة في القيامة في تحقيق أمر الإمامة	الشيخ ميثم بن علي البحراني	Masaha	433	0.28432
		غنائم الأيّام في مسائل الحلال و الحرام - الجزء1	الميرزا القمي	Masaha	1464	0.28431
		المجالس المعصومية كريمة أهل البيت السيدة فاطمة بنت موسي بن جعفر عليها السلام	مهدي تاج الدين	Ghbook	16466	0.28431
		اختلاف الفقهاء = اختلاف العلماء للمروزي	أبو عبد الله محمد بن نصر بن الحجاج المَرْوَزِي (المتوفى: 294هـ)	ShamAY	2919	0.2843
		 اللمع في التصوف 	 عبد الله بن علي السراج الطوسي 	ABLibrary	8700	0.28429
		الطب النبوي (جزء من كتاب زاد المعاد لابن القيم)	محمد بن أبي بكر بن أيوب بن سعد شمس الدين ابن قيم الجوزية (المتوفى: 751هـ)	ShamAY	23649	0.28428
		شرح المقاصد [ج ٥]	مسعود بن عمر بن عبدالله [ سعد الدين التفتازاني ]	Rafed	3517	0.28427
		تفسير ابن باديس ((في مجالس التذكير من كلام الحكيم الخبير)).	عبد الحميد محمد بن باديس الصنهاجي (المتوفى: 1359هـ)	ShamAY	55	0.28426
		تطور علم أصول الفقه وتجدده (وتأثره بالمباحث الكلامية)	د. عبد السلام بلاجي	ShamAY	34202	0.28423
		 في رحاب أهل البيت ( ع ) 	 لجنة بحوث المجمع العالمي لأهل البيت ( ع ) 	ABLibrary	8531	0.28423
		الرد الأثري على البيجوري في جوهرة التوحيد		ShamAY	35728	0.28422
		تيسير الاعتقاد شرح لمعة الاعتقاد	سليمان اللهيميد	ShamAY	35737	0.2842
		الآمل والمأمول	ينسب لأبي عثمان عمرو بن بحر الجاحظ (المتوفى: 255ه) ، ولا يقطع بنسبته إليه، والأرحج أنه لابن المزبان الباحث	Sham19Y	594	0.28417
		زبدة التّفاسير [ج ٢]	فتح الله بن شكر الله الشريف الكاشاني	Rafed	1711	0.28417
		 الجوهرة المضيئة في سلوك الطالب ونصح البرية 	 ابراهيم بن أبو المجد الدسوقي 	ABLibrary	8776	0.28415
		العلمانية والمذهب المالكي	أبو سفيان مصطفى باحو السلاوي المغربي	Sham19Y	96924	0.28414
		 نتائج الأفكار القدسية في بيان معاني شرح الرسالة القشيرية 	 الشيخ عبد الله العروسي 	ABLibrary	8827	0.28414
		قطر الولي على حديث الولي = ولاية الله والطريق إليها	محمد بن علي بن محمد بن عبد الله الشوكاني اليمني (المتوفى: 1250هـ)	ShamAY	6886	0.28413
		الحيوان - الجزء1	عمرو بن بحر الجاحظ	Masaha	2972	0.28411
		أوهام شعراء العرب في المعاني	أحمد بن إسماعيل بن محمد تيمور (المتوفى: 1348هـ)	ShamAY	5361	0.2841
		آثار المثل الأعلى ((دراسة عقدية))	عيسى السعدي	ShamAY	35843	0.28406
		رحلة الشتاء والصيف	محمد بن عبد الله بن محمد، من أحفاد شرف الدين بن يحيى الحمزي الحسيني المولوي المعروف ب كبريت (المتوفى: 1070ه)	ShamelaY19	37345	0.28405
		شرح الوصية الكبرى لابن تيمية - الراجحي	عبد العزيز بن عبد الله بن عبد الرحمن الراجحي	ShamAY	48	0.28405
		حجاب المسلمة بين انتحال المبطلين وتأويل الجاهلين	محمد فؤاد البرازي	ShamAY	36444	0.28405
		آداب اللسان فيما يخص اللسان من خير أو شر في ضوء الكتاب والسنة وأقوال السلف	أبو أنس ماجد إسلام البنكاني :: ماجد البنكاني	ShamAY	35147	0.28403
		كتاب الذكر والدعاء في ضوء الكتاب والسنة	عبد الرزاق بن عبد المحسن البدر	ShamelaY19	31318	0.284
		الأنوار الساطعات لآيات جامعات أو البرهان المحكم في أن القرآن يدي للتي هي أقوم	الواحدي :: عبد العزيز السلمان	ShamAY	35006	0.28399
		معالم تربوية لطالبي أسنى الولايات الشرعية	محمد بن محمد المختار الشنقيطي	ShamAY	3934	0.28398
		شرح الكافي - الجزء1	الشيخ محمد صالح المازندراني	Masaha	1352	0.28394
		هكذا كان الصالحون	أبو عبد الملك خالد بن عبد الرحمن الحسينان	ShamAY	611	0.28392
		الذّريعة إلى تصانيف الشّيعة [ج ٢٢]	الشيخ آقا بزرك الطهراني	Rafed	498	0.2839
		آثار تعليم القرآن الكريم على الفرد والمجتمع (الأثر التربوي والأخلاقي)	محمد سبتان	ShamAY	36761	0.28389
		الاقتصاد و الاجتماع 	خالد فائق عبيدي	Ghbook	2830	0.28389
		كنز العرفان في فقه القرآن - الجزء1	المقداد السيوري	Masaha	1121	0.28387
		سلم أخلاق النبوة	محمود محمد غريب: من علماء الأزهر الشريف والموجه الديني لشباب جامعة القاهرة	Sham19Y	12770	0.28384
		الفضائل	شاذان بن جبرئيل قمي	Ghbook	2425	0.28383
		الفوائد الرجالية (للسيد بحر العلوم)  - الجزء1	السيد بحر العلوم	Masaha	3499	0.28382
		بدائع الفوائد ط عالم الفوائد	أبو عبد الله محمد بن أبي بكر بن أيوب ابن قيم الجوزية (691 - 751)	ShamelaY19	145410	0.2838
		موسوعة الكتيبات الإسلامية	مجموعة من المؤلفين	ShamAY	36645	0.28379
		 نظرية الحكم في الإسلام 	 الشيخ محسن الأراكي 	ABLibrary	9531	0.28378
		الفتح الكبير في ضم الزيادة إلى الجامع الصغير	عبد الرحمن بن أبي بكر، جلال الدين السيوطي (المتوفى: 911هـ)	ShamAY	1975	0.28377
		إتحاف الأطهار بفضل الدعاء وصحيح الأذكار وفوائدهما	ماجد البنكاني	ShamAY	35193	0.28377
		الدر المنظوم في ذكر محاسن الأمصار والرسوم‏	حمود بن أحمد بو سعيدي	Masaha	4132	0.28376
		تنقيح القول الحثيث في شرح لباب الحديث	محمد بن عمر النووي البنتني	ShamAY	35984	0.28371
		مقامات القرني	عائض بن عبدالله القرني :: عائض القرني	ShamAY	34503	0.28371
		بهج الصباغه في شرح نهج البلاغه علي بن ابي طالب (عليه السلام)	محمد تقي شوشتري ( تستري )	Ghbook	16229	0.28371
		الإرشاد إلى سبيل الرشاد	محمد بن أحمد بن أبي موسى الشريف، أبو علي الهاشمي البغدادي (المتوفى: 428هـ)	ShamAY	31845	0.28369
		المبدع شرح المقنع - عالم الكتب	إبراهيم بن محمد بن عبد الله بن محمد ابن مفلح، أبو إسحاق، برهان الدين (المتوفى: 884هـ)	ShamAY	34265	0.28368
		وفاة رسول الله (ص) و موضع قبره و روضته بين اختلاف أصحاب و استملاك أزواجه	نبيل الحسني	Ghbook	15681	0.28368
		أحكام القرآن للكيا الهراسي	علي بن محمد بن علي، أبو الحسن الطبري، الملقب بعماد الدين، المعروف بالكيا الهراسي الشافعي (المتوفى: 504هـ)	ShamAY	23582	0.28367
		 الرسائل الأربع 	 الشيخ السبحاني 	ABLibrary	9565	0.28367
		 نزهة الأنام في محاسن الشام 	 عبد الله بن محمد البدري 	ABLibrary	9294	0.28367
		 سلسلة المسائل الفقهية 	 الشيخ السبحاني 	ABLibrary	9569	0.28366
		الانتصار لأهل الأثر = نقض المنطق - ط عالم الفوائد	شيخ الإسلام أحمد بن عبد الحليم بن عبد السلام ابن تيمية	ShamAY	38316	0.28364
		بيان عقيدة أهل السنة والجماعة ولزوم اتباعها في ضوء الكتاب والسُّنَّة	د. سعيد بن علي بن وهف القحطاني	ShamAY	1831	0.28363
		مجموع فتاوى العلامة عبد العزيز بن باز رحمه الله	عبد العزيز بن عبد الله بن باز (المتوفى: 1420ه)	ShamelaY19	21537	0.28361
		الكشف عن مساوي شعر المتنبي	إسماعيل بن عباد بن العباس، أبو القاسم الطالقاني، المشهور بالصاحب بن عباد (المتوفى: 385ه)	ShamelaY19	37056	0.2836
		مآثر الكبراء في تأريخ سامرّاء [ج ٢]	الشيخ ذبيح الله المحلاتي	Rafed	2367	0.2836
		معارج الأصول	المحقق الحلي	Masaha	4329	0.28359
		قبس من نورالامام الحسين عليه السلام	حسن الشمري الحائري	Ghbook	12315	0.28359
		الأنوار البهية في القواعد الفقهية	السيد تقي الطباطبائي القمي	Masaha	2417	0.28358
		مدخل إلى تفسير القرآن وعلومه	عدنان محمد زرزور	ShamelaY19	38031	0.28356
		ولا تقربوا الفواحش	جمال بن عبد الرحمن إسماعيل	ShamelaY19	31360	0.28355
		فقه أهل البيت عليهم السلام بين السنة و الشيعة	آيت الله العظمي جعفر سبحاني	Ghbook	16457	0.28355
		الجيل الموعود بالنصر والتمكين	مجدي الهلالي	Sham19Y	36396	0.28354
		 مسند الإمام السجاد ( ع ) 	 الشيخ عزيز الله عطاردي 	ABLibrary	7707	0.28353
		اللّباب في علوم الكتاب [ج ٥]	أبي حفص عمر بن علي بن عادل الدمشقي الحنبلي	Rafed	3096	0.28353
		من هدي الرسول صلى الله عليه وسلم المسمى «سفر السعادة»	أبو طاهر مجد الدين محمد بن يعقوب الفيروزابادي (المتوفى: 816 ه)	ShamelaY19	132416	0.28352
		المواسم والمراسم	السيد جعفر مرتضى العاملي	Masaha	450	0.28352
		الدّرر الملتقطة في تفسير الآيات القرآنيّة	محمد إسماعيل الخواجوئي	Rafed	1406	0.28349
		شرح الأربعين النووية للإمام النووي رحمه الله	سليمان اللهيميد	ShamAY	35962	0.28346
		أصول الفقه - آيات وأحاديث الأحكام من أمالي الأستاذ الإمام	ابن باديس، عبد الحميد	ShamelaY19	20979	0.28344
		التربية الإبداعية في منظور التربية الإسلامية	خالد بن حامد الحازمي	ShamAY	10288	0.28343
		مسلم بن عقيل عليه السلام	محمد البغدادي	Ghbook	12329	0.28343
		حقوق الإنسان في الإسلام لعبد الفتاح عشماوي	عبد الفتاح بن سليمان عشماوي	ShamAY	23068	0.28342
		شرح كتاب نقد متون السنة للدميني - محمد حسن عبد الغفار	محمد حسن عبد الغفار	Sham19Y	37698	0.28342
		 مصباح الناسك في شرح المناسك 	 السيد تقي الطباطبائي القمي 	ABLibrary	9730	0.28341
		شمس العلوم [ج ١١]	نشوان بن سعيد الحميري	Rafed	1423	0.28341
		شرح الزركشي على مختصر الخرقي	شمس الدين محمد بن عبد الله الزركشي المصري الحنبلي (المتوفى: 772ه)	ShamelaY19	21743	0.2834
		مذكرة على العقيدة الواسطية	محمد بن صالح بن محمد العثيمين (المتوفى: 1421ه)	ShamelaY19	96858	0.2834
		الزواجر عن اقتراف الكبائر - العصرية	الواحدي :: ابن حجر الهيتمي	ShamAY	33753	0.2834
		فتاوى الشيخ أبي عبد المعز محمد علي فركوس الجزائري	محمد علي فركوس الجزائري	ShamAY	37665	0.2834
		دراسات تاريخيّة من القرآن الكريم [ج ١]	دكتور محمد بيومي مهران	Rafed	1777	0.2834
		حديث الثقلين	السيد علي الحسيني الميلاني	Masaha	229	0.28339
		نظرات في أشرطة سيرة الصديق والفاروق للدكتور طارق السويدان	أبو عبد الله الذهبي	ShamAY	35805	0.28338
		الامام الحسن العسكري، قدوه و اسوه	آيت الله العظمي سيد محمد تقي مدرسي	Ghbook	12863	0.28338
		الإيضاح في مناسك الحج والعمرة	أبو زكريا محيي الدين يحيى بن شرف النووي (المتوفى: 676ه)	ShamelaY19	96232	0.28337
		التخريج الصغير والتحبير الكبير (مطبوع ضمن مجموع رسائل ابن عبد الهادي)	يوسف بن حسن بن أحمد بن حسن ابن عبد الهادي الصالحي، جمال الدين، ابن المِبْرَد الحنبلي (المتوفى: 909 هـ)	ShamAY	32312	0.28337
		الإخنائية أو الرد على الإخنائي ت العنزي	تقي الدين أبو العباس أحمد بن عبد الحليم بن عبد السلام بن عبد الله بن أبي القاسم بن محمد ابن تيمية الحراني الحنبلي الدمشقي (المتوفى: 728ه)	Sham19Y	9277	0.28337
		القُدْوَةُ الحَسَنَةُ وأَثَرُها في بِناءِ الجِيلِ	علي بن نايف الشحود	ShamAY	33264	0.28336
		كتاب الحج	آيت الله العظمي سيد حسن طباطبائي قمي	Ghbook	10138	0.28334
		احذروا اليأس فإنه قتال	علي بن نايف الشحود	ShamAY	34820	0.28332
		أركان الإيمان عند الصوفية	حمود السلامه	ShamAY	37762	0.28329
		رد اعتبار الجامع الصغير	الامام الحافظ أبي الفضل عبد الله الصديق الغماري	ShamAY	34211	0.28326
		 الجوامع والفوارق بين السنة والشيعة 	 محمد جواد مغنيه 	ABLibrary	8406	0.28326
		كتاب الإقتراح في علم أصول النحو	جلال الدين عبد الرحمن بن أبي بكر السيوطي	Rafed	1773	0.28326
		تطهير الاعتقاد عن أدران الإلحاد ويليه شرح الصدور في تحريم رفع القبور	محمد بن إسماعيل الصنعاني، محمد بن علي بن محمد الشوكاني	ShamAY	11098	0.28324
		اللّباب في علوم الكتاب [ج ٢]	أبي حفص عمر بن علي بن عادل الدمشقي الحنبلي	Rafed	3091	0.28322
		 الديباج على مسلم 	 جلال الدين السيوطي 	ABLibrary	885	0.28321
		نظرات في حديث (حُفَّت الجنة ُبالمكاره و النارُ بالشهوات) أو" صفة الجنة والنار "	السيد مختار	ShamAY	35123	0.2832
		خَصائِصُ المنْهَجِ الإسلاميِّ في القرآن الكريم	علي بن نايف الشحود	ShamAY	357	0.28318
		الحدائق الناضرة [ج ٢٥]	الشيخ يوسف بن أحمد البحراني [ صاحب الحدائق ]	Rafed	2997	0.28316
		التنبيهات المختصرة شرح الواجبات المتحتمات المعرفة على كل مسلم ومسلمة	إبراهيم بن الشيخ صالح بن أحمد الخريصي	ShamAY	7590	0.28315
		حجية خبر الآحاد في العقائد والأحكام - فرحانة بنت علي شويتة	فرحانة بنت علي شويتة	ShamAY	11154	0.28315
		 دفاع عن الرسول ضد الفقهاء والمحدثين 	 صالح الورداني 	ABLibrary	881	0.28313
		المهدويه عند اهل البيت (عليهم الصلاه و السلام)	عبدالكريم بهبهاني	Ghbook	6625	0.28312
		تفسير آيات الأحكام للسايس	محمد علي السايس الأستاذ بالأزهر الشريف	ShamelaY19	23599	0.2831
		نهاية الإيجاز في سيرة ساكن الحجاز	رفاعة رافع بن بدوي بن علي الطهطاوي (المتوفى: 1290هـ)	ShamAY	1515	0.2831
		موقعة اليرموك دراسة وتحليل	محمد السيد الوكيل	Sham19Y	4109	0.28309
		الفرقان بين أولياء الرحمن وأولياء الشيطان	تقي الدين أبو العباس أحمد بن عبد الحليم بن عبد السلام بن عبد الله بن أبي القاسم بن محمد ابن تيمية الحراني الحنبلي الدمشقي (المتوفى: 728ه)	ShamelaY19	21499	0.28307
		فدك و العوالي أو الحوائط السبعة في الكتاب و السنة و التاريخ و الأدب‏	السيد محمد باقر الحسيني الجلالي‏	Masaha	2870	0.28307
		سلم الوصول لبيان ستة الأصول	زيد بن محمد المدخلي	ShamAY	32980	0.28306
		فنون الأفنان في عيون علوم القرآن	جمال الدين أبو الفرج عبد الرحمن بن علي بن محمد الجوزي (المتوفى: 597هـ)	ShamAY	1402	0.28302
		نهضة الحسين (ع)	السيد هبة الدين الحسيني الشهرستاني	Rafed	1530	0.28302
		القول السديد في وجوب الاهتمام بالتوحيد	إسلام محمود دربالة	ShamAY	35496	0.28301
		دور المسجد في التربية	عبد الله قادري الأهدل	ShamAY	35101	0.283
		الإخنائية أو الرد على الإخنائي ت العنزي	تقي الدين أبو العباس أحمد بن عبد الحليم بن عبد السلام بن عبد الله بن أبي القاسم بن محمد ابن تيمية الحراني الحنبلي الدمشقي (المتوفى: 728هـ)	ShamAY	1155	0.28298
		شرح مقدمة التفسير لصالح آل الشيخ	صالح آل الشيخ	ShamAY	3052	0.28298
		حوار مع صديقي الشيعي	بن علي هاشمي	Ghbook	4558	0.28297
		 مباني منهاج الصالحين 	 السيد تقي الطباطبائي القمي 	ABLibrary	9719	0.28294
		مجالس شهر رمضان	محمد بن صالح بن محمد العثيمين (المتوفى: 1421هـ)	ShamAY	32243	0.28291
		عيوب تشييد البناء في دار الفناء	أبو محمد عبد الكريم بن صالح بن عبد الكريم الحميد	ShamelaY19	37579	0.28289
		مقومات الداعية الناجح في ضوء الكتاب والسنة - مفهوم، ونظر، وتطبيق	د. سعيد بن علي بن وهف القحطاني	ShamAY	1887	0.28289
		كيف نقرأ القرآن	محمد جعفر الهاشمي	Rafed	903	0.28289
		فصل الخطاب في ( تباب اتباع ) مذهب محمد بن عبدالوهاب	سليمان بن عبدالوهاب نجدي	Ghbook	7681	0.28289
		التفسير المنير [ج ٢]	الدكتور وهبة الزحيلي	Rafed	2943	0.28288
		سعد السعود	سيد رضي الدين علي بن موسي بن طاووس ابن طاووس	Ghbook	2572	0.28288
		الحياة الفكريه و السياسيه لائمه اهل البيت عليهم السلام	رسول جعفريان	Ghbook	9265	0.28287
		شرح الفتوى الحموية	خالد بن عبد الله بن محمد المصلح	ShamAY	7727	0.28285
		الشيعة في الإسلام	السيد محمد حسين الطباطبائي	Masaha	2319	0.28285
		انوار الحقائق الجليه في كشف زندقه الوهابيه	لجنة البحوث و الدراسات بالطريقة العزمية	Ghbook	7607	0.28285
		مختصر الصواعق المرسلة على الجهميّة والمعطّلة	ابن القيّم الجوزيّة	Rafed	3496	0.28281
		جواب الاعتراضات المصرية على الفتيا الحموية - قطعة منه	تقي الدين أبو العباس أحمد بن عبد الحليم بن تيمية الحراني (المتوفى: 728هـ)	ShamAY	34353	0.28278
		التحصين من كيد الشياطين	د خالد بن عبد الرحمن بن علي الجريسي	Sham19Y	7835	0.28276
		فتح الرحمن في تفسير القرآن	مجير الدين بن محمد العليمي المقدسي الحنبلي (المتوفى: 927 هـ)	ShamAY	32701	0.28275
		إنما بعثت لأتمم مكارم الأخلاق	جمال محمد الزكي	ShamAY	34873	0.28273
		 الدلائل في شرح منتخب المسائل 	 السيد تقي الطباطبائي 	ABLibrary	9708	0.28273
		تفسير من وحي القرآن [ج ٨]	السيد محمد حسين فضل الله	Rafed	3269	0.2827
		الرسائل الأدبية	عمرو بن بحر بن محبوب الكناني بالولاء، الليثي، أبو عثمان، الشهير بالجاحظ (المتوفى: 255هـ)	ShamAY	10670	0.28268
		الوجازة في شرح الأصول الثلاثة - علي الخضير		ShamAY	35493	0.28267
		نفحة اليمن فيما يزول بذكره الشجن	أحمد بن محمد بن علي بن إبراهيم الأنصاري الشرواني (المتوفى: 1253ه)	ShamelaY19	35888	0.28266
		أخلاق الوزيرين = مثالب الوزيرين = أخلاق الصاحب بن عباد وابن العميد	أبو حيان التوحيدي، علي بن محمد بن العباس (المتوفى: نحو 400هـ)	ShamAY	12541	0.28266
		التحصين من كيد الشياطين	د خالد بن عبد الرحمن بن علي الجريسي	ShamAY	7835	0.28265
		المهدي (عجل الله تعالي فرجه الشريف) في الكتاب و السنه موجزا	محمد هادي معرفت	Ghbook	6635	0.28265
		مجلة التوحيد	جماعة أنصار السنة المحمدية - مصر	ShamAY	38793	0.28264
		سلسلة القصص - المنجد	محمد صالح المنجد	Sham19Y	18269	0.28263
		105 حديث از حضرت امام جواد عليه السلام	موسسه آل البيت (ع)	Ghbook	15993	0.28261
		ثوره الموطئين للمهدي في ضوء أحاديث أهل السنة	مهدي حمد الفتلاوي	Masaha	2498	0.2826
		آفات على الطريق	الدكتور: السيد محمد نوح	ShamAY	33512	0.28256
		المفضليات	المفضل بن محمد بن يعلى بن سالم الضبي (المتوفى: نحو 168هـ)	ShamAY	6904	0.28256
		شرح الفتوى الحموية	خالد المصلح	Sham19Y	7727	0.28256
		 منارات السائرين إلى حضرة الله ومقامات الطائرين 	 عبد الله بن محمد بن شاهاور الرازي 	ABLibrary	8755	0.28256
		محاضرات في الأسماء - الرضواني	الواحدي :: محمود عبد الرازق رضواني	ShamAY	34972	0.28255
		 دليل تحرير الوسيلة ( ولاية الفقيه ) 	 علي أكبر السيفي المازندراني 	ABLibrary	892	0.28255
		شرح كتاب السنة للبربهاري - الراجحي	عبد العزيز بن عبد الله بن عبد الرحمن الراجحي	ShamelaY19	35083	0.28253
		وظائف رمضان	عبد الرحمن بن محمد بن قاسم العاصمي الحنبلي النجدي (المتوفى: 1392ه)	Sham19Y	7374	0.28253
		 مختصر الصواعق المرسلة على الجهمية المعطلة ( استعجال الصواعق ) 	 ابن قيم الجوزية ( اختصار محمد بن الموصلي ) 	ABLibrary	8597	0.28252
		تبصير الناسك بأحكام المناسك على ضوء الكتاب والسنّة والمأثور عن الصحابة	عبد المحسن العباد	ShamAY	36416	0.28248
		التبيان شرح نواقض الإسلام	سليمان العلوان	ShamAY	35471	0.28247
		 مقالتان في الحواس ومسائل طبيعية 	 عبد اللطيف البغدادي 	ABLibrary	9884	0.28247
		 معرفة الإمام 	 السيد محمد حسين الطهراني 	ABLibrary	8896	0.28247
		ما ألفه المسلمون في رد هجمات المبشرين	السيد محمد علي الحكيم	Masaha	369	0.28247
		المنطلق	محمد أحمد الراشد	ShamAY	33335	0.28246
		العقيدة الواسطية: اعتقاد الفرقة الناجية المنصورة إلى قيام الساعة أهل السنة والجماعة	تقي الدين أبو العباس أحمد بن عبد الحليم بن عبد السلام بن عبد الله بن أبي القاسم بن محمد ابن تيمية الحراني الحنبلي الدمشقي (المتوفى: 728ه)	ShamelaY19	22665	0.28245
		احذر المخالفة فتهلك	كمال بن مختار بن إسماعيل	ShamAY	35150	0.28245
		الفوائد الملية لشرح الرسالة النفلية	الشهيد الثاني	Masaha	1146	0.28244
		مذكرة على العقيدة الواسطية	محمد بن صالح بن محمد العثيمين (المتوفى: 1421ه)	Sham19Y	96858	0.28243
		غرقاب: تراجم اعلام القرن الحادي عشر و ما بعده	محمدمهدي الموسوي الشفتي	Ghbook	12890	0.28243
		سُلَّمُ أَخْلاقِ النُّبُوَّةِ	محمود محمد غريب: من علماء الأزهر الشريف والموجه الديني لشباب جامعة القاهرة	ShamAY	12770	0.28242
		الزواجر عن اقتراف الكبائر	أحمد بن محمد بن علي بن حجر الهيتمي السعدي الأنصاري، شهاب الدين شيخ الإسلام، أبو العباس (المتوفى: 974هـ)	ShamAY	21629	0.2824
		الرحلة الحجازية المسماة الارتسامات اللطاف في خاطر الحاج إلى أقدس مطاف‏	شكيب أرسلان	Masaha	4551	0.28239
		المنهج القويم في اختصار «اقتضاء الصراط المستقيم لشيخ الإسلام ابن تيمية»	محمد بن علي بن أحمد بن عمر بن يعلى، أبو عبد الله، بدر الدين البعلي (المتوفى: 778ه)	Sham19Y	9859	0.28238
		المباهلة	عبد الله السبيتي	Rafed	1736	0.28238
		المفيد في مهمات التوحيد	الدكتور عبد القادر بن محمد عطا صوفي	ShamAY	8672	0.28234
		استمتع بحياتك	محمد العريفي	ShamAY	35044	0.28234
		المسلم وحقوق الآخرين	أبو فيصل البدراني	ShamAY	1716	0.28231
		سماحة الإسلام في معاملة غير المسلمين	د. عبد الله بن إبراهيم اللحيدان	ShamAY	1197	0.28231
		رد الطعون الواردة في الموسوعة العبرية عن الإسلام ورسوله صلى الله عليه وسلم	موسى البسيط	Sham19Y	11209	0.28231
		ثوره الامام الحسن عليه السلام	آيت الله العظمي سيد محمد حسيني شيرازي	Ghbook	7898	0.28231
		تأويلات أهل السنّة تفسير الماتريدي [ج ٤]	أبي منصور محمّد بن محمّد بن محمود الماتريدي	Rafed	3970	0.2823
		شرح الطحاوية - عبد الرحيم السلمي	عبد الرحيم بن صمايل العلياني السلمي	ShamelaY19	37799	0.28229
		تهذيب اللغة [ج ١٠]	محمّد بن أحمد الأزهري	Rafed	1961	0.28229
		سلسلة القصص - المنجد	محمد صالح المنجد	ShamAY	153	0.28227
		الشيعة الروافض طائفة شرك وردة	عبد المنعم مصطفى حليمة " أبو بصير "	ShamAY	35671	0.28227
		نزهة الأنام في محاسن الشام	أبي البقاء عبدالله بن محمد البدري المصري الدمشقي	Rafed	3209	0.28227
		الحجج القاطعة في المواريث الواقعة [مطبوع ضمن: رسالتان في علم الفرائض]	فيصل بن عبد العزيز آل مبارك (المتوفى: 1376 ه)	ShamelaY19	29561	0.28225
		الامام المنتظر (عجل الله تعالي فرجه الشريف)	آيت الله العظمي حسيني	Ghbook	8043	0.28225
		المراه في المنظار الاسلامي	آيت الله العظمي سيد محمد حسيني شيرازي	Ghbook	7906	0.28225
		المقدمات الممهدات	أبو الوليد محمد بن أحمد بن رشد القرطبي (المتوفى: 520ه)	ShamelaY19	21735	0.28222
		اللؤلؤ والمرجان فيما اتفق عليه الشيخان	محمد فؤاد بن عبد الباقي بن صالح بن محمد (المتوفى: 1388هـ)	ShamAY	10619	0.28221
		إجابة النداء - أنواع، وفضائل، وفوائد، وآداب، وإجابة قولية وفعلية، وأحكام في ضوء الكتاب العزيز والسنة المطهرة	د. سعيد بن على بن وهف القحطاني	ShamelaY19	96452	0.2822
		ترجمة الشيخ فيصل بن عبد العزيز آل مبارك	محمد بن حسن المبارك	ShamAY	35867	0.2822
		تهذيب الوصول إلى علم الأصول‏	العلامة الحلي	Masaha	3619	0.28219
		الأشباه والنظائر للسبكي	تاج الدين عبد الوهاب بن تقي الدين السبكي (المتوفى: 771ه)	Sham19Y	8634	0.28216
		شرح لمعة الاعتقاد - يوسف الغفيص	يوسف بن محمد علي الغفيص	ShamelaY19	37781	0.28215
		عقيدة أهل البيت	عبد الله بن جوران الخضير	ShamAY	35309	0.28215
		إغاثة الغريق وإنارة الطريق [إجابات لشيخ الإسلام ابن تيميّة]	شريف بن علي الراجحي	ShamAY	35458	0.28213
		أحكام زراعة الشعر وإزالته	سعد الخثلان	ShamAY	36215	0.28211
		الميزان في تفسير القرآن [ج ١٢]	آية الله السيد محمد حسين الطباطبائي	Rafed	1444	0.28209
		في رحاب العقيده	مركز تحقيقات حج	Ghbook	7686	0.28209
		الشورى في الشريعة الإسلامية	القاضي حسين بن محمد المهدي	ShamelaY19	26217	0.28207
		القاموس المحيط	مجد الدين أبو طاهر محمد بن يعقوب الفيروزآبادى (المتوفى: 817هـ)	ShamAY	7283	0.28207
		إبطال مزاعم أبي الحسن حول المجمل والمفصل	ربيع بن هادي المدخلي	ShamAY	33037	0.28207
		موسوعة الرقائق والأدب - ياسر الحمداني	ياسر بن أحمد بن محمود بن أحمد بن أبي الحمد الكويس الحمداني	ShamAY	1258	0.28206
		التفسير الموضوعي لسورة الطلاق	أحمد بن محمد الشرقاوى	ShamAY	33131	0.28205
		الأنوار البهيّة في القواعد الفقهيّة	السيّد تقي الطباطبائي القمّي	Rafed	3763	0.28205
		الخلاصة في أهداف القتال في الإسلام	الواحدي :: علي بن نايف الشحود	ShamAY	36079	0.28203
		صفات المفلحين في القرآن والسنة	علي بن نايف الشحود	ShamAY	34847	0.28202
		أصول الوصول إلى الله تعالى	أبو العلاء محمد بن حسين بن يعقوب السلفي المصري	Sham19Y	98088	0.28201
		دروس تمهيدية في الفقه الاستدلالي على المذهب الجعفري - الجزء1	الشيخ باقر الإيرواني	Masaha	811	0.28199
		الإمامة في الصلاة - مفهوم، وفضائل، وأنواع، وآداب، وأحكام في ضوء الكتاب والسنة	د. سعيد بن علي بن وهف القحطاني	ShamelaY19	96459	0.28197
		الدرر السنية في الأجوبة النجدية	مجموعة من المؤلفين	ShamAY	3055	0.28197
		فصل الخطاب في شرح (مسائل الجاهلية، التي خالف فيها رسول الله صلى الله عليه وسلم أهل الجاهلية لمحمد بن عبد الوهاب رحمه الله)	أبو المعالي محمود شكري بن عبد الله بن محمد بن أبي الثناء الألوسي (المتوفى: 1342هـ)	ShamAY	30866	0.28193
		اعتقاد أئمة الحديث	أبو بكر أحمد بن إبراهيم بن إسماعيل بن العباس بن مرداس الإسماعيلي الجرجاني (المتوفى: 371هـ)	ShamAY	10472	0.28192
		تفسير مقاتل بن سليمان [ج ٤]	الناشر: مؤسسة التاريخ العربي للطباعة والنشر والتوزيع	Rafed	3851	0.28192
		نافذه علي اهم الفرق و المذاهب الاسلاميه	شكيب بن بديره الطبلبي	Ghbook	15102	0.28191
		كتاب أصول الإيمان في ضوء الكتاب والسنة	مجموعة من المؤلفين	ShamAY	30847	0.2819
		كتاب أثر التربية الإسلامية في أمن المجتمع الإسلامي	الواحدي :: عبد الله قادري الأهدل	ShamAY	35022	0.2819
		نثار الأزهار في الليل والنهار	محمد بن مكرم بن على، أبو الفضل، جمال الدين ابن منظور الأنصاري الرويفعى الإفريقى (المتوفى: 711ه)	ShamelaY19	37632	0.28188
		الدّرر النجفيّة [ج ٢]	الشيخ يوسف بن أحمد البحراني [ صاحب الحدائق ]	Rafed	1550	0.28188
		المقالات المسفرة عن دلائل المغفرة	علي بن عبد الله بن أحمد الحسني الشافعي، نور الدين أبو الحسن السمهودي (المتوفى: 911هـ)	ShamAY	32120	0.28187
		 الأزهر في ألف عام 	 محمد عبد المنعم خفاجي 	ABLibrary	8931	0.28187
		أقوال ذوي العرفان في أن أعمال الجوارح داخلة في مسمى الإيمان		ShamAY	35459	0.28186
		أعلام القرآن	أبو هاشم صالح بن عواد بن صالح المغامسي	ShamelaY19	37747	0.28185
		الأشباه والنظائر للسبكي	تاج الدين عبد الوهاب بن تقي الدين السبكي (المتوفى: 771هـ)	ShamAY	8634	0.28185
		الأعلاق النفيسة ويليه كتاب البلدان‏	أحمد بن عمر ابن رستة	Masaha	4394	0.28184
		المبسوط في القراءات العشر	أحمد بن الحسين بن مهران النيسابورى، أبو بكر (المتوفى: 381ه)	ShamelaY19	36104	0.28183
		الحاوي الكبير في فقه مذهب الإمام الشافعي وهو شرح مختصر المزني	أبو الحسن علي بن محمد بن محمد بن حبيب البصري البغدادي، الشهير بالماوردي (المتوفى: 450هـ)	ShamAY	6157	0.28181
		التوسل بالنبي وجهله الوهابيون	ابوحامد بن مرزوق	Ghbook	7542	0.2818
		الإفادة من مال اليتيم في عقود المعاوضات والتبرعات	خالد بن علي بن محمد بن حمود بن علي المشيقح	ShamAY	12141	0.28179
		حقوق المرأة في ضوء الكتاب والسنة	الدكتور/ مرزوق بن هياس آل مرزوق الزهراني	ShamelaY19	36118	0.28178
		منهج شيخ الإسلام محمد بن عبد الوهاب في التفسير	مسعد بن مساعد الحسيني	ShamAY	12102	0.28178
		السجود علي التربه الحسينيه عند الشيعه الاماميه	عبدالحسين اميني ( علامه اميني )	Ghbook	5927	0.28178
		البحر المديد في تفسير القرآن المجيد [ج ١]	أحمد بن محمد بن عجيبة	Rafed	3782	0.28175
		النقد الأدبي ومقاييسه خلال عهد الرسول صلى الله عليه وسلم وعصر الخلافة الراشدة	محمد عارف محمود حسين	Sham19Y	8972	0.28174
		شرح عمدة الأحكام - عبد الكريم الخضير	عبد الكريم الخضير	ShamelaY19	22645	0.28173
		تأملات في مماثلة المؤمن للنخلة	عبد الرزاق بن عبد المحسن البدر	ShamAY	10039	0.28165
		هجر المبتدع	بكر بن عبد الله أبو زيد	ShamAY	35587	0.28164
		الإمتاع والمؤانسة - العلمية	أبو حيان علي بن محمد ابن العباس التوحيدي	ShamAY	33777	0.28164
		تقريب التهذيب	أبو الفضل أحمد بن علي بن محمد بن أحمد بن حجر العسقلاني (المتوفى: 852هـ)	ShamAY	8609	0.28162
		دور علماء مكة المكرمة في خدمة السنة والسيرة النبوية	رضا بن محمد صفي الدين السنوسي	Sham19Y	11201	0.28162
		مصباح الظلام في الرد على من كذب الشيخ الإمام ونسبه إلى تكفير أهل الإيمان والإسلام	عبد اللطيف بن عبد الرحمن بن حسن بن محمد بن عبد الوهاب آل الشيخ (المتوفى: 1293هـ)	ShamAY	30868	0.28157
		السجود علي الارض 	علي احمدي ميانجي	Ghbook	15458	0.28156
		موسوعة الأخلاق الإسلامية - الدرر السنية	مجموعة من المؤلفين	ShamelaY19	38218	0.2815
		الشفاء في بديع الاكتفاء	محمد بن حسن بن علي بن عثمان النَّوَاجي، شمس الدين (المتوفى: 859هـ)	ShamAY	820	0.2815
		النور المبين في شرح زيارة الأربعين	مهدي تاج الدين	Rafed	2702	0.28146
		 مدارك تحرير الوسيلة ( الصلاة ) 	 الشيخ مرتضى بني فضل 	ABLibrary	9498	0.28142
		الفرقان بين أولياء الرحمن وأولياء الشيطان	تقي الدين أبو العباس أحمد بن عبد الحليم بن عبد السلام بن عبد الله بن أبي القاسم بن محمد ابن تيمية الحراني الحنبلي الدمشقي (المتوفى: 728ه)	Sham19Y	21499	0.2814
		الروضة البهية في شرح اللمعة الدمشقية ـ مقدمة	الشهيد الثاني	Masaha	586	0.28137
		" إعتقاد أهل السنة " (مخطوط)	أبو بكر بن قاسم بن أبي بكر بن عبد الرحمن الرحبي ت 749 هـ	ShamAY	35900	0.28135
		أصول الوصول إلى الله تعالى	أبو العلاء محمد بن حسين بن يعقوب السلفي المصري	ShamAY	31601	0.28133
		المعتصر شرح كتاب التوحيد	علي بن خضير الخضير	ShamAY	35494	0.28132
		مقامات بديع الزمان الهمذاني - العلمية	أبو الفضل أحمد بن الحسين بن يحيى	ShamAY	33792	0.28131
		الضوابط الشرعية في تلقي الأخبار وتقويم مصادرها	عبد الله الوشلي	ShamAY	37520	0.2813
		السيده زينب (سلام الله عليها) عقيله الوحي	ربيبه وحي	Ghbook	808	0.28129
		كتاب الجواب الكافي لمن سأل عن الدواء الشافي (الداء والدواء)	محمد بن أبي بكر أيوب الزرعي ابن القيم أبو عبد الله	ShamAY	34414	0.28128
		الرسالة الموضحة في ذكر سرقات أبي الطيب المتنبي وساقط شعره	محمد بن الحسن بن المظفر الحاتمي، أبو علي (المتوفى: 388هـ)	ShamAY	777	0.28128
		 أحسن التقاسيم في معرفة الأقاليم 	 محمد بن أحمد المقدسي ( المشاري ) 	ABLibrary	8919	0.28128
		سبيل الهدي الي الحق	آيت الله العظمي جعفر سبحاني	Ghbook	11359	0.28122
		مجموعة رسائل زيد بن محمد بن هادي المدخلي	زيد بن محمد المدخلي	ShamAY	32985	0.2812
		التوحيد وأثره وبيان العقيدة السلفية النقية	عبدالله بن محمد بن حميد	ShamAY	35479	0.28119
		مجمع الفائدة والبرهان في شرح إرشاد الأذهان [ج ٤]	الشيخ أحمد بن محمّد الأردبيلي [ المقدّس الأردبيلي ]	Rafed	1897	0.28118
		تاريخ مدينة دمشق [ج ٨٠]	أبي القاسم علي بن الحسن ابن هبة الله بن عبد الله الشافعي [ ابن عساكر ]	Rafed	2667	0.28118
		الحوار مع أتباع الأديان - مشروعيته وآدابه	منقذ بن محمود السقار	ShamelaY19	95567	0.28117
		رسائل وفتاوى الشيخ عبد الرحمن بن حسن بن محمد عبد الوهاب (مطبوع ضمن مجموعة الرسائل والمسائل النجدية، الجزء الثاني)	عبد الرحمن بن حسن بن محمد بن عبد الوهاب بن سليمان التميمي (المتوفى: 1285هـ)	ShamAY	11211	0.28117
		الشرك في القديم والحديث	أبو بكر محمد زكريا	Sham19Y	145209	0.28116
		روضة القضاة وطريق النجاة	علي بن محمد بن أحمد، أبو القاسم الرحبيّ المعروف بابن السِّمناني (المتوفى: 499 هـ)	ShamAY	32673	0.28115
		الأخوة الإسلامية هي الرابطة العالمية	د/ عبد العزيز بن عبد الله الحميدي	ShamAY	35047	0.28113
		مجموعة الرسائل والمسائل لابن تيمية - رشيد رضا	ابن تيمية	Sham19Y	11730	0.28113
		الحائريون: ترجمه من تلمذ من علماء اصفهان بالحائر	رحيم قاسمي	Ghbook	15148	0.28113
		التربيةُ الروحيَّةُ في الإسلام	غازي صبحي آق بيق	ShamAY	34854	0.28112
		الدفاع عن الصحابي أبي بكرة ومروياته والاستدلال لمنع ولاية النساء على الرجال	عبد المحسن بن حمد بن عبد المحسن بن عبد الله بن حمد العباد البدر	ShamAY	7617	0.28112
		نواة المكتبة	إبراهيم بن عبد الله المديهش	ShamelaY19	145433	0.28111
		آيات يحتج بها الشيعة	عبد الرحمن محمد سعيد دمشقية	ShamAY	37795	0.28111
		المبسوط في القراءات العشر	أحمد بن الحسين بن مهران النيسابورى، أبو بكر (المتوفى: 381ه)	Sham19Y	36104	0.2811
		بغية المرتاد في الرد على المتفلسفة والقرامطة والباطنية	تقي الدين أبو العباس أحمد بن عبد الحليم بن عبد السلام بن عبد الله بن أبي القاسم بن محمد ابن تيمية الحراني الحنبلي الدمشقي (المتوفى: 728ه)	Sham19Y	11071	0.28109
		تفسير القاسمي [ج ٨]	محمّد جمال الدين القاسمي	Rafed	3928	0.28108
		جهد المحتفي في أمر العالم المختفي	مرزوق بن هياس آل مرزوق الزهراني، الأستاذ المشارك بكلية الحديث الشريف والدراسات الإسلامية بالجامعة الإسلامية بالمدينة المنورة	ShamelaY19	132394	0.28107
		التعليقات السنية على العقيدة الواسطية	فيصل بن عبد العزيز بن فيصل ابن حمد المبارك الحريملي النجدي (المتوفى: 1376هـ)	ShamAY	21517	0.28107
		رفع الأستار لإبطال أدلة القائلين بفناء النار	محمد بن إسماعيل بن صلاح بن محمد الحسني، الكحلاني ثم الصنعاني، أبو إبراهيم، عز الدين، المعروف كأسلافه بالأمير (المتوفى: 1182هـ)	ShamAY	1756	0.28107
		غزوة خيبر دروس وعبر	الواحدي :: أمير بن محمد المدري	ShamAY	37444	0.28105
		سفينة النجاة	الفيض الكاشاني	Masaha	1287	0.28104
		الأربعون من رواية مالك عن نافع للسيوطي	عبد الرحمن بن أبي بكر، جلال الدين السيوطي (المتوفى: 911ه)	ShamelaY19	29569	0.28103
		شرح حديث جابر في صفة حج النبي صلى الله عليه وسلم	عبد الكريم بن عبد الله بن عبد الرحمن بن حمد الخضير	ShamAY	69	0.28102
		الذّريعة إلى تصانيف الشّيعة [ج ٢٣]	الشيخ آقا بزرك الطهراني	Rafed	499	0.281
		 شرح الأسماء الحسنى 	 ابو القاسم عبد الكريم القشيري 	ABLibrary	8454	0.28099
		 دروس تمهيدية في الفقه الاستدلالي على المذهب الجعفري 	 الشيخ محمد باقر الإيرواني 	ABLibrary	9540	0.28098
		أربع رسائل كلاميّة	محمّد بن جمال الدّين مكّي العاملي الجزيني [ الشهيد الأول ]	Rafed	694	0.28096
		الدعوة إلى التمسك بالقرآن الكريم وأثره في حياة المسلم	د. عبد الرحيم بن محمد المغذوي	ShamAY	7616	0.28094
		وجاء النبي المنتظر	عبد الوهاب بن عبد السلام بن طويلة	ShamAY	1561	0.28093
		من روائع القرآن - تأملات علمية وأدبية في كتاب الله عز وجل	محّمد سَعيد رَمضان البوطي	ShamAY	1233	0.28092
		الزهرة	أبو بكر محمد بن داود بن علي بن خلف الأصبهاني ثم البغدادي الظاهري (المتوفى: 297ه)	Sham19Y	738	0.28091
		الامام المهدي (عجل الله تعالي فرجه الشريف) امل الشعوب 	حسن موسي صفار	Ghbook	6579	0.2809
		النصيحة هي المسؤولية المشتركة في العمل الدعوي	ربيع بن هادي المدخلي	ShamAY	33043	0.28089
		المبدع في شرح المقنع	إبراهيم بن محمد بن عبد الله بن محمد ابن مفلح، أبو إسحاق، برهان الدين (المتوفى: 884هـ)	ShamAY	21619	0.28088
		حياة الصحابيات	أ. د/ طلعت محمد عفيفي سالم	ShamAY	35093	0.28087
		 رؤيت هلال ( فارسي ) 	 رضا مختاري / محسن صادقي 	ABLibrary	9760	0.28085
		اخلاقيات الامام علي امير المومنين عليه السلام	هادي مدرسي	Ghbook	16479	0.28083
		دروس للشيخ مصطفى العدوي	أبو عبد الله مصطفى بن العدوى شلباية المصري	ShamAY	415	0.28082
		نظام الارث في الشريعه الاسلاميه الغراء	آيت الله العظمي جعفر سبحاني	Ghbook	9780	0.2808
		مالك بن نبي وموقفه من القضايا الفكرية المعاصرة	حسن موسى العقبي	ShamAY	37709	0.28079
		نحو دراسة مؤثرة التوحيد والعقيدة نموذجاً	سلطان علي	ShamAY	35122	0.28076
		 مجموعه رسائل ابن عربي 	 ابن عربي 	ABLibrary	8753	0.28076
		أولياء الله بين المفهوم الصوفي والمنهج السني السلفي	عبد الرحمن دمشقية	ShamAY	35725	0.28075
		لؤلؤة البحرين في حكم صوم السبتين	خالد السعدون	ShamAY	36358	0.28073
		إعراب القرآن للأصبهاني	إسماعيل بن محمد بن الفضل بن علي القرشي الطليحي التيمي الأصبهاني، أبو القاسم، الملقب بقوام السنة (المتوفى: 535ه)	ShamelaY19	36506	0.28072
		أحكام القرآن [ج ١-٢]	عماد الدين بن محمد الطبري [ الكيا الهرّاسي ]	Rafed	3146	0.28072
		مفاتيح العلوم	محمد بن أحمد بن يوسف، أبو عبد الله، الكاتب البلخي الخوارزمي (المتوفى: 387هـ)	ShamAY	12077	0.28071
		مرويات السيرة بين قواعد المحدثين وروايات الإخباريين	مسفر بن غرم الله الدميني	Sham19Y	11393	0.28071
		روح المعاني [ج ١٤]	أبي الفضل شهاب الدين السيّد محمود الألوسي البغدادي	Rafed	3201	0.28069
		الفرقان في تفسير القرآن بالقرآن والسنّة [ج ٢٠]	الشيخ محمد الصادقي	Rafed	3043	0.28068
		رسائل الشيخ محمد بن إبراهيم الحمد في العقيدة	محمد بن إبراهيم بن أحمد الحمد	ShamAY	962	0.28066
		صفة صلاة النبي صلى الله عليه وسلم من التكبير إلى التسليم كأنك تراها	محمد ناصر الدين الألباني (المتوفى: 1420ه)	Sham19Y	657	0.28066
		شرح كتاب نقد متون السنة للدميني - محمد حسن عبد الغفار	محمد حسن عبد الغفار	ShamAY	729	0.28065
		الزهرة	أبو بكر محمد بن داود بن علي بن خلف الأصبهاني ثم البغدادي الظاهري (المتوفى: 297هـ)	ShamAY	738	0.28065
		تحرير المقال في موازنة الأعمال وحكم غير المكلفين في العقبى والمآل	أبو طالب وأبو المجد عقيل بن عطية بن أبي أحمد جعفر بن محمد بن عطية القضاعي الأندلسي الطرطوشي، ثم المراكشي (المتوفى: 608ه)	ShamelaY19	22712	0.28062
		رسائل الشيخ محمد بن إبراهيم الحمد في العقيدة	محمد بن إبراهيم بن أحمد الحمد	Sham19Y	962	0.28062
		الأشاعرة		ShamAY	35644	0.28061
		آيات الأحكام	محمد بن علي الاسترابادي	Rafed	3183	0.28059
		فضل الصلاة على النبي صلى الله عليه وسلم	أحمد بن عبد الله الباتلي	ShamAY	34807	0.28056
		المورد العذب الزلال في كشف شبه أهل الضلال (مطبوع ضمن الرسائل والمسائل النجية، الجزء الرابع، القسم الأول)	عبد الرحمن بن حسن بن محمد بن عبد الوهاب بن سليمان التميمي (المتوفى: 1285هـ)	ShamAY	8571	0.28055
		النّهاية [ج ١]	مجد الدين أبي السعادات المبارك بن محمد الجزري [ ابن الأثير ]	Rafed	3505	0.28055
		الأزهر في ألف عام [ج ٢]	الدكتور محمد عبد المنعم خفاجي	Rafed	2339	0.28055
		الخمس فريضه شرعيه	آيت الله العظمي جعفر سبحاني	Ghbook	10552	0.28053
		القول السديد في الرد على من أنكر تقسيم التوحيد	عبد الرزاق بن عبد المحسن البدر	ShamAY	38480	0.28052
		دلائل النبوة - السقار	منقذ بن محمود السقار	ShamelaY19	38185	0.2805
		شرح الزركشي على مختصر الخرقي	شمس الدين محمد بن عبد الله الزركشي المصري الحنبلي (المتوفى: 772هـ)	ShamAY	21743	0.2805
		سلسلة أعمال القلوب .. للمنجد	الواحدي :: محمد صالح المنجد	ShamAY	34974	0.28048
		شرح رياض الصالحين	محمد بن صالح بن محمد العثيمين (المتوفى: 1421ه)	Sham19Y	9260	0.28047
		التحرير شرح الدليل (شرح دليل الطالب) - كتاب الطهارة	أبو المنذر محمود بن محمد بن مصطفى بن عبد اللطيف المنياوي	ShamelaY19	36194	0.28046
		الانصاف في حكم الاعتكاف	الإمام محمد عبد الحي اللكنوي (ت1304هـ)	ShamAY	36004	0.28043
		أسماء الله الحسنى الثابتة في الكتاب والسنة - ط الرضوان	الواحدي :: محمود عبد الرازق رضواني	ShamAY	34971	0.28042
		 المغرب في ترتيب المعرب 	 ناصر الدين المطرزي 	ABLibrary	9219	0.28042
		المولد النبوي الشريف‏	صلاح الدين الهواري‏	Masaha	2863	0.28042
		أحوال النبي صلى الله عليه وسلم	د. مهران ماهر عثمان نوري	ShamAY	37390	0.28038
		 محاضرات في المواريث 	 محاضرات السيد الخوئي لمحمد علي الخرسان 	ABLibrary	9433	0.28038
		رد الطعون الواردة في الموسوعة العبرية عن الإسلام ورسوله صلى الله عليه وسلم	موسى البسيط	ShamAY	11209	0.28037
		الإسناد عند المحدثين .. الدلالة، التاريخ، المنهج	رضا أحمد صمدي	ShamAY	37361	0.28036
		الاستعْدادُ للموتِ	علي بن نايف الشحود	ShamAY	345	0.28034
		بغية المرتاد في الرد على المتفلسفة والقرامطة والباطنية	تقي الدين أبو العباس أحمد بن عبد الحليم بن عبد السلام بن عبد الله بن أبي القاسم بن محمد ابن تيمية الحراني الحنبلي الدمشقي (المتوفى: 728هـ)	ShamAY	11071	0.28033
		المدخل لابن الحاج	أبو عبد الله محمد بن محمد بن محمد العبدري الفاسي المالكي الشهير بابن الحاج (المتوفى: 737ه)	Sham19Y	11406	0.28033
		الإنصاف في مسائل الخلاف بين النّحويين : البصريّين والكوفييّن [ج ٢]	كمال الدين أبي البركات عبد الرحمن بن محمّد بن أبي سعيد الأنباري النحوي [ ابن انباري ]	Rafed	1886	0.28033
		شرح كتاب الإيمان - يوسف الغفيص	يوسف بن محمد علي الغفيص	ShamelaY19	37780	0.28028
		حقوق الإنسان	محمد الغزالي	ShamAY	36044	0.28028
		 الموضح عن جهة إعجاز القرآن 	 الشريف المرتضى 	ABLibrary	8653	0.28028
		الرّجعة	علي موسى الكعبي	Rafed	743	0.28028
		سيد المرسلين صلي الله عليه و آله : دراسه موضوعيه لحياه الرسول الاكرم...	آيت الله العظمي جعفر سبحاني	Ghbook	16469	0.28026
		النهاية في غريب الحديث والأثر	مجد الدين أبو السعادات المبارك بن محمد بن محمد بن محمد ابن عبد الكريم الشيباني الجزري ابن الأثير (المتوفى: 606ه)	ShamelaY19	23691	0.28024
		إرشاد العباد للاستعداد ليوم المعاد	الواحدي :: عبد العزيز السلمان	ShamAY	34998	0.28024
		أمّهات المعصومين عليهم السلام سيرة وتاريخ	عبد العزيز كاظم البهادلي	Rafed	723	0.28023
		 نهاية الإيجاز في سيرة ساكن الحجاز 	 الشيخ رفاعه رافع الطهطاوى 	ABLibrary	7878	0.28022
		كشف الغطاء عن مبهمات الشريعه الغراء (ط - الحديثه)	حسن بن جعفر بن خضر نجفي كاشف الغطاء	Ghbook	12118	0.28021
		تفسير آيات أشكلت على كثير من العلماء حتى لا يوجد في طائفة من كتب التفسير فيها القول الصواب بل لا يوجد فيها إلا ما هو خطأ	شيخ الإسلام أحمد بن عبد الحليم بن عبد السلام ابن تيمية	ShamAY	34374	0.2802
		الحاشية على أصول الكافي	محمد أمين الاسترابادي	Masaha	4684	0.2802
		السنة النبوية المصدر الثاني للتشريع الإسلامي ومكانتها من حيث الاحتجاج والعمل	نور بنت حسن قاروت	ShamAY	7537	0.28019
		الآيات الكونية دراسة عقدية	عبد المجيد بن محمد الوعلان	ShamAY	31651	0.28019
		 شرح الجامي على فصوص الحكم 	 عبد الرحمن جامي 	ABLibrary	8819	0.28019
		مصابيح الأحكام - الجزء1	السيد بحر العلوم	Masaha	1525	0.28019
		المهذب - الجزء1	القاضي ابن البراج	Masaha	722	0.28018
		التدريب وأهميته في العمل الإسلامي	محمد بن حسن بن عقيل موسى الشريف	ShamelaY19	36501	0.28012
		شرح رياض الصالحين	محمد بن صالح بن محمد العثيمين (المتوفى: 1421هـ)	ShamAY	9260	0.28009
		نثر الدر ـ موافق للمطبوع	أبو سعد منصور بن الحسين الآبي	ShamAY	34047	0.28009
		الموسوعة القرآنيّة [ج ٣]	ابراهيم الأبياري	Rafed	3812	0.28008
		عناية المملكة العربية السعودية بالقرآن الكريم من خلال المدارس الخاصة بالقرآن الكريم والكليات الجامعية للقرآن وعلومه	الدكتور محمد بن سيدي محمد محمد الأمين	ShamAY	36891	0.28005
		شرح خطبة عائشة أم المؤمنين في أبيها	محمد بن القاسم الأنباري (327 هـ)	ShamAY	33578	0.28004
		المبسوط في القراءات العشر	أحمد بن الحسين بن مِهْران النيسابورىّ، أبو بكر (المتوفى: 381هـ)	ShamAY	536	0.28
		الاعتقادات للشيخ الصدوق	محمد بن علي بن بابويه شيخ صدوق	Ghbook	6743	0.28
		موكب الشعراء المادحين للمهدي عجل الله تعالي فرجه الشريف	علي محمد علي دخيل	Ghbook	11228	0.27999
		تفسير عبد الرزاق	أبو بكر عبد الرزاق بن همام بن نافع الحميري اليماني الصنعاني (المتوفى: 211هـ)	ShamAY	21791	0.27998
		اعجاز القرآن 	ابوبكر محمد بن طيب باقلاني	Ghbook	2771	0.27998
		السنَّة النبويَّة مكانتها و أثرها في حياة مسلمي البوسنة و الهرسك رسالة أكاديميَّة أعدَّت لنيل الدرجة العالميَّة (الدكتوراة) من قسم السنة و علوم الحديث بكليَّة أصول الدين في جامعة أم درمان الإسلاميَّة	أحمد عبد الكريم نجيب	ShamAY	37363	0.27996
		الاتباع لابن أبي العز	صدر الدين محمد بن علاء الدين عليّ بن محمد ابن أبي العز الحنفي، الأذرعي الصالحي الدمشقي (المتوفى: 792هـ)	ShamAY	6248	0.27995
		نبي الرحمة	عبد الرحمن بن عبد الله	ShamAY	37412	0.27994
		دليل الواعظ إلى أدلة المواعظ (موضوعات للخطب بأدلتها من القرآن الكريم والسنة الصحيحة)	شحاتة محمد صقر	ShamelaY19	36157	0.27993
		درة التنزيل وغرة التأويل	أبو عبد الله محمد بن عبد الله الأصبهاني المعروف بالخطيب الإسكافي (المتوفى: 420هـ)	ShamAY	1340	0.27991
		الزهريات في شعر القرنين الثالث والرابع للهجرة (دراسة فنية)	رئاب عبد الصاحب خفي	ShamAY	34562	0.2799
		الصّحاح [ج ٢]	إسماعيل بن حمّاد الجوهري	Rafed	2874	0.2799
		مجمع الفائدة و البرهان في شرح إرشاد الأذهان - الجزء1	المقدس الأردبيلي	Masaha	1171	0.27989
		تاريخ بخاري ( متن عربي )	محمد بن جعفر نرشخي	Ghbook	8930	0.27989
		الروائع المختاره من خطب الامام الحسن عليه السلام 	مصطفي موسوي	Ghbook	6066	0.27987
		معاني المعروف في القرآن		ShamAY	36878	0.27985
		المسالك والحلول لوثنية القبور - الداء والدواء	عبد العزيز بن محمد آل عبد اللطيف	ShamAY	37797	0.27985
		المغرب في ترتيب المعرب [ج ٢]	أبي الفتح ناصر الدين المطرّزي	Rafed	2333	0.27985
		إتحاف ذوي الإتقان بحكم الرهان	حسن بن عمار بن علي الشرنبلالي المصري الحنفي (المتوفى: 1069ه)	ShamelaY19	96849	0.27984
		مشاهير المدفونين في الصحن العلوي الشريف	كاظم عبود الفتلاوي	Rafed	1509	0.27983
		 رسائل الجنيد 	 الجنيد البغدادي 	ABLibrary	8688	0.27981
		التفسير المنير [ج ٣]	الدكتور وهبة الزحيلي	Rafed	2944	0.27981
		أربعون حديثا في فضل القرآن للحسيني	عبد الرحمن بن عبد الله بلفقيه الحسيني التريمي الحضرمي (1162 هـ)	ShamAY	33541	0.2798
		إذهاب الحزن وشفاء الصدر السقيم في تعليم النبي صلّى اللّه عليه وسلّم أصحابه ألفاظ القرآن الكريم = المنهج النبوي في التعليم القرآني		ShamAY	36974	0.27979
		البحر المحيط في التّفسير [ج ٩]	محمّد بن يوسف [ أبي حيّان الأندلسي الغرناطي ]	Rafed	2456	0.27976
		التعليق على القواعد المثلى	عبد الرحمن بن ناصر بن براك بن إبراهيم البراك	ShamAY	32464	0.27972
		ظاهره الافتراء علي الشيعه عبر التاريخ	آيت الله العظمي جعفر سبحاني	Ghbook	10556	0.27972
		الحب في الله	أبو محمد عبد الكريم بن صالح بن عبد الكريم الحميد	ShamAY	1059	0.27971
		تطوّر البحث الدّلالي	الدكتور محمد حسين علي الصّغير	Rafed	247	0.27971
		مقومات رجل الدين	آيت الله العظمي سيد محمد حسيني شيرازي	Ghbook	7833	0.27971
		تفسير عبد الرزاق	أبو بكر عبد الرزاق بن همام بن نافع الحميري اليماني الصنعاني (المتوفى: 211ه)	ShamelaY19	21791	0.2797
		الكَشْف المُبْدِي لتمويه أبي الحسن السُّبكيّ، تكملة «الصّارم المنكي»	محمد بن حسين بن سليمان بن إبراهيم الفقيه (المتوفى: 1355هـ)	ShamAY	9063	0.2797
		التعليقات المختصرة على متن العقيدة الطحاوية	صالح بن فوزان بن عبد الله الفوزان	ShamelaY19	21523	0.27969
		المدخل لابن الحاج	أبو عبد الله محمد بن محمد بن محمد العبدري الفاسي المالكي الشهير بابن الحاج (المتوفى: 737هـ)	ShamAY	11406	0.27969
		صلاة العيدين في المصلى هي السنة	أبو عبد الرحمن محمد ناصر الدين، بن الحاج نوح بن نجاتي بن آدم، الأشقودري الألباني (المتوفى: 1420ه)	Sham19Y	11273	0.27969
		المدخل لابن الحاج - الفكر	ابن الحاج	ShamAY	34247	0.27968
		شرح اختصار علوم الحديث - اللاحم	د. إبراهيم بن عبد الله بن عبد الرحمن اللاحم	ShamAY	2066	0.27966
		رسالة الصاهل والشاجح	أحمد بن عبد الله بن سليمان بن محمد بن سليمان المعري، التنوخي (المتوفى: 449هـ)	ShamAY	563	0.27965
		كيفية صلاة النبي صلى الله عليه وسلم	عبد العزيز بن عبد الله بن باز (المتوفى: 1420ه)	ShamelaY19	31227	0.27963
		التقييد والإيضاح لقولهم لا مشاحة في الإصطلاح	محمد الثاني بن عمر موسى	ShamAY	37492	0.27963
		الإمامة في القرآن والسنة	امتثال الحبش	Masaha	94	0.27963
		مجموعة الرسائل والمسائل لابن تيمية - رشيد رضا	تقي الدين أبو العباس أحمد بن عبد الحليم بن تيمية الحراني (المتوفى : 728هـ)	ShamAY	11730	0.27961
		إعراب القرآن للنحاس	أبو جعفر النحاس أحمد بن محمد بن إسماعيل بن يونس المرادي النحوي (المتوفى: 338ه)	ShamelaY19	23587	0.2796
		موقف الشيعة من أهل السنة	محمد مال الله	ShamAY	35317	0.27958
		شروط الصلاة في ضوء الكتاب والسنة	د. سعيد بن علي بن وهف القحطاني	ShamelaY19	96497	0.27956
		فقه العبادات على المذهب الشافعي	الحاجة درية العيطة	ShamAY	12895	0.27956
		كيف يبني طالب العلم مكتبته	عبد الكريم بن عبد الله بن عبد الرحمن بن حمد الخضير	ShamAY	165	0.27956
		التعليقات المباركات على كتاب كشف الشبهات	زيد بن محمد المدخلي	ShamAY	32973	0.27953
		تحويل القبلة من القدس إلى الكعبة	محمد السيد عبده	ShamAY	36659	0.27953
		وقفه مع الدكتور الشيخ البراك	محمد مهدي آصفي	Ghbook	11232	0.27952
		معالم الاصول (مع حاشية سلطان العلماء)	شيخ زين الدين عاملي شهيد ثاني	Ghbook	15658	0.27948
		الجواب الكافي لمن سأل عن الدواء الشافي أو الداء والدواء	محمد بن أبي بكر بن أيوب بن سعد شمس الدين ابن قيم الجوزية (المتوفى: 751هـ)	ShamAY	158	0.27946
		موسوعه زيارات المعصومين عليهم السلام	موسسه پيام امام هادي عليه السلام	Ghbook	14754	0.27945
		أصناف التراجمة في ديوان الإنشاء المملوكي	أ. د. سمير الدروبي	ShamAY	35918	0.27943
		الأنوار الحيرية و الأقمار البدرية الأحمدية	الشيخ يوسف البحراني	Masaha	1442	0.27942
		دليل الواعظ إلى أدلة المواعظ (موضوعات للخطب بأدلتها من القرآن الكريم والسنة الصحيحة)	شحاتة محمد صقر	ShamAY	559	0.2794
		شفاء الضرر بفهم التوكل والقضاء والقدر	أبو فيصل البدراني	ShamelaY19	96249	0.27938
		تيسير البيان لأحكام القرآن	محمد بن علي بن عبد الله بن إبراهيم بن الخطيب اليمني الشافعي المشهور بـ «ابن نور الدين» (المتوفى: 825 هـ)	ShamAY	37998	0.27938
				ShamAY	37976	0.27938
		ديوان الصبابة	شهاب الدين أحمد بن أبي حجلة المغربي (المتوفى: 776هـ)	ShamAY	580	0.27938
		هَلْ تَخَلَّى اللهُ عَنْ أُمَّةِ مُحَمَّدٍ - صلى الله عليه وسلم -؟	علي بن نايف الشحود	ShamAY	33276	0.27937
		جنة الحوادث في شرح زيارة الوارث	الملّا حبيب الله الشريف الكاشاني	Rafed	3131	0.27934
		مُوْسُوعَة القَواعِدُ الفِقْهِيَّة	محمد صدقي بن أحمد بن محمد آل بورنو أبو الحارث الغزي	ShamAY	32148	0.27932
		الإبانة عن أصول الديانة	أبو الحسن علي بن إسماعيل بن إسحاق بن سالم بن إسماعيل بن عبد الله بن موسى بن أبي بردة بن أبي موسى الأشعري (المتوفى: 324ه)	Sham19Y	8178	0.27932
		أخبار الشيخ الزاهد عبد الكريم الدرويش	عبد الرحمن الهرفي	ShamAY	35883	0.27931
		من أخلاق الرسول الكريم صلى الله عليه وسلم	عبد المحسن بن حمد بن عبد المحسن بن عبد الله بن حمد العباد البدر	Sham19Y	12084	0.27926
		الحج و العمرة و معرفة الحرمين الشريفين	علي افتخاري گلپايگاني	Ghbook	3495	0.27926
		المساجد - مفهوم، وفضائل، وأحكام، وحقوق، وآداب في ضوء الكتاب والسنة	د. سعيد بن علي بن وهف القحطاني	ShamelaY19	96475	0.27925
		عقيدة المسلم في ضوء الكتاب والسنة - المفهوم، والفضائل، والمعنى، والمقتضى، والأركان، والشروط، والنواقص، والنواقض	د. سعيد بن على بن وهف القحطاني	ShamelaY19	96546	0.27925
		ظاهرة ضعف الإيمان	محمد صالح المنجد	ShamAY	261	0.27923
		شرح زروق على متن الرسالة لابن أبي زيد القيرواني	شهاب الدين أبو العباس أحمد بن أحمد بن محمد بن عيسى البرنسي الفاسي، المعروف بـ زروق (المتوفى: 899هـ)	ShamAY	32008	0.27922
		التفسير المنير [ج ١٦]	الدكتور وهبة الزحيلي	Rafed	2961	0.27922
		تهذيب اللغة [ج ٥]	محمّد بن أحمد الأزهري	Rafed	1945	0.27921
		الزّواج الموقّت في الإسلام	السيد جعفر مرتضى العاملي	Rafed	797	0.2792
		الحدائق الناضرة [ج ٢]	الشيخ يوسف بن أحمد البحراني [ صاحب الحدائق ]	Rafed	2772	0.27918
		الصواعق الشديدة على اتباع الهيئة الجديدة	حمود بن عبد الله بن حمود بن عبد الرحمن التويجري (المتوفى: 1413ه)	Sham19Y	13607	0.27916
		زوائد مسائل الجاهلية	عبد الله بن محمد بن أحمد الدويش (المتوفى: 1409هـ)	ShamAY	21507	0.27913
		اتحاف السائل بما لفاطمة من المناقب والفضائل	زين الدين محمد المدعو بعبد الرؤوف بن تاج العارفين بن علي بن زين العابدين الحدادي ثم المناوي القاهري (المتوفى: 1031هـ)	ShamAY	12731	0.27912
		شرح العقيدة الواسطية، ويليه ملحق الواسطية	محمد بن خليل حسن هراس (المتوفى: 1395ه)	ShamelaY19	22934	0.27911
		مناهج البكاء فى فجائع كربلاء	حسين بن الشيخ علي الفرطوسي الحويزي	Rafed	1545	0.27908
		الصّحاح [ج ٣]	إسماعيل بن حمّاد الجوهري	Rafed	2875	0.27908
		الواضح في أصول الفقه	أبو الوفاء، علي بن عقيل بن محمد بن عقيل البغدادي الظفري، (المتوفى: 513ه)	ShamelaY19	122232	0.27907
		زاد المسير - المكتب الإسلامي	عبد الرحمن بن علي بن محمد الجوزي	ShamAY	34060	0.27907
		مختصر الصواعق المرسلة على الجهمية المعطلة	محمد بن أبي بكر بن أيوب بن سعد شمس الدين ابن قيم الجوزية (المتوفى: 751 هـ)	ShamAY	37747	0.27906
		مختصر الإنصاف والشرح الكبير (مطبوع ضمن مجموعة مؤلفات الشيخ محمد بن عبد الوهاب، الجزء الثاني)	محمد بن عبد الوهاب بن سليمان التميمي النجدي (المتوفى: 1206هـ)	ShamAY	1685	0.27905
		رحلة الشتاء والصيف	محمد بن عبد الله بن محمد، من أحفاد شرف الدين بن يحيى الحمزي الحسيني المولوي المعروف بـ كِبْرِيت (المتوفى: 1070هـ)	ShamAY	622	0.27905
		أسباب الاتفاق والاختلاف في العمل الإسلامي بين الخلف والسلف	عمر يوسف حمزة	ShamAY	33234	0.27904
		رسالة رد الروافض	أحمد بن عبد الأحد بن زين العابدين، العمري الفاروقي نسبا، السِّرْهِنْدِي مولدا ووطنا، الحنفي مذهبا (المتوفى: 1034هـ)	ShamAY	578	0.27902
		رسالة التوحيد المسمى بـ تقوية الإيمان	إسماعيل بن عبد الغني بن وَلي الله بن عبد الرحيم العُمري الدهلوي (المتوفى: 1246هـ)	ShamAY	1123	0.27901
		شرح لمعة الاعتقاد - يوسف الغفيص	يوسف بن محمد علي الغفيص	ShamAY	31674	0.27901
		من روائع القرآن - تأملات علمية وأدبية في كتاب الله عز وجل	محمد سعيد رمضان البوطي	ShamelaY19	38086	0.279
		فتاوى نور على الدرب لابن باز بعناية الطيار	عبد العزيز بن عبد الله بن باز (المتوفى: 1420هـ)	ShamAY	8380	0.27898
		التحفة السنية في شرح النخبة المحسنية	السيد عبد الله الجزائري	Masaha	1443	0.27897
		فيض الباري على صحيح البخاري	(أمالي) محمد أنور شاه بن معظم شاه الكشميري الهندي ثم الديوبندي (المتوفى: 1353ه)	ShamelaY19	98124	0.27895
		مذكرة القول الراجح مع الدليل شرح منار السبيل - الصلاة	خالد بن إبراهيم الصقعبي	Sham19Y	13626	0.27895
		الولاء والبراء بين الغلو والجفاء في ضوء الكتاب والسنة	حاتم بن عارف بن ناصر الشريف العوني	ShamelaY19	30871	0.27894
		كشف الكربة في وصف أهل الغربة (وهو مطبوع ضمن مجموع رسائل الحافظ ابن رجب الحنبلي)	زين الدين عبد الرحمن بن أحمد بن رجب بن الحسن، السَلامي، البغدادي، ثم الدمشقي، الحنبلي (المتوفى: 795هـ)	ShamAY	10782	0.27894
		مباحث في عقيدة أهل السنة والجماعة وموقف الحركات الإسلامية المعاصرة منها	د. ناصر بن عبدالكريم العقل	ShamAY	35611	0.27894
		تفسير المراغي [ج ٢٦]	أحمد مصطفى المراغي	Rafed	1703	0.27894
		مهج الدعوات	سيد رضي الدين علي بن موسي بن طاووس ابن طاووس	Ghbook	2619	0.27894
		الإرشاد إلى توحيد رب العباد	عبد الرحمن بن حماد آل عمر	ShamelaY19	36499	0.27891
		الفتاوى الندية في العمليات الاستشهادية	مجموعة من المؤلفين	ShamAY	36138	0.2789
		الصّحاح [ج ٥]	إسماعيل بن حمّاد الجوهري	Rafed	2882	0.2789
		الانتصار في انفرادات الإمامية	السيد المرتضى	Masaha	978	0.27888
		الرد على السبكي في مسألة تعليق الطلاق	شيخ الإسلام أحمد بن عبد الحليم بن عبد السلام ابن تيمية (661 - 728 ه)	Sham19Y	32384	0.27886
		الأحاديث والآثار التي تكلم عليها شيخ الإسلام ابن تيمية	وليد الحسين :: ابن تيمية	ShamAY	34377	0.27885
		خطب من جامع ابن عثيمين بالزلفي ( 99 خطبة )	الواحدي	ShamAY	34743	0.27884
		 الدرر النجفية من الملتقطات اليوسفية 	 المحقق البحراني 	ABLibrary	991	0.27883
		التوحيد عند الشيخ ابن تيميه	كمال حيدري	Ghbook	11356	0.27881
		مناسك الحج والعمرة في الإسلام في ضوء الكتاب والسنة - مفهوم، وفضائل، ومنافع، وفوائد، وشروط، وأركان، وواجبات، وآداب، ومسائل، وحِكَمٌ، وأحكامٌ	د. سعيد بن على بن وهف القحطاني	ShamAY	1926	0.2788
		دور علماء مكة المكرمة في خدمة السنة والسيرة النبوية	رضا بن محمد صفي الدين السنوسي	ShamAY	11201	0.27879
		سماحة الشريعة الإسلامية وملحق به حكم التنازل عن الواجبات	ربيع بن هادي المدخلي	ShamAY	33044	0.27879
		الصابئة المندائية معتقدهم وعبادتهم	ماجد البنكاني	ShamAY	35729	0.27878
		قاعدة لا ضرر ولا ضرار	آية الله العظمى السيد علي السيستاني	Rafed	209	0.27874
		إخراج الناس من عبادة العباد لعبادة الله وحده	علي بن نايف الشحود	ShamAY	34821	0.27872
		القضاء والقدر للأشقر	عمر بن سليمان بن عبد الله الأشقر العتيبي	ShamAY	1792	0.27871
		 النسخ والبداء في الكتاب والسنة ورسالة حول حجية أحاديث وأقوال العترة الطاهرة ( ع ) 	 تقرير بحث الشيخ السبحاني لمحمد حسين الحاج العاملي 	ABLibrary	8661	0.27871
		ثقافه الارهاب في كتب الوهابيه	صالح ورداني	Ghbook	10555	0.27871
		مواقف يوم القيامة	السيد الجميلى	ShamAY	35206	0.27869
		اجتماع الجمعة والعيد الاتجاهات والشذوذات	فؤاد الهاشمي	ShamAY	36685	0.27869
		الرسائل الأربع [ج ٣]	عدّة من الأفاضل	Rafed	3937	0.27869
		القرآن الكريم منهج متكامل	أ. د. محمود بن يوسف فجال	ShamAY	1476	0.27866
		 شرح الأنفاس الروحانية لأئمة السلف الصوفية 	 محمد بن عبد الملك الديلمي 	ABLibrary	8727	0.27865
		تميز الصدق من المين في محاورة الرجلين	سليمان بن سحمان بن مصلح بن حمدان بن مصلح بن حمدان بن مسفر بن محمد بن مالك بن عامر الخثعمي , التبالي , العسيري , النجدي (المتوفى: 1349ه)	Sham19Y	6488	0.27864
		الغيبة	عبد الملك بن محمد القاسم	Sham19Y	95686	0.27861
		ذريعة الاستغناء في تحقيق الغناء	ملا حبيب الله الكاشاني	Masaha	5128	0.27861
		 ولاية الفقيه ، تأريخها ومبانيها 	 محسن الحيدري 	ABLibrary	9626	0.27859
		القواعد الحسان في أسرار الطاعة والاستعداد لرمضان	المعتز بالله أبو محمد رضا أحمد صمدي	ShamAY	2248	0.27858
		 خصوص النعم في شرح فصوص الحكم 	 علي بن أحمد المهائمي 	ABLibrary	8817	0.27858
		نظرات جديدة في علوم الحديث للمليباري	حمزة عبد الله المليباري	ShamAY	37294	0.27856
		شرح زاد المستقنع للحمد	حمد بن عبد الله بن عبد العزيز الحمد	ShamAY	852	0.27855
		العهد والميثاق في القرآن الكريم	ناصر العمر	ShamAY	36998	0.27855
		روح المعاني [ج ٣]	أبي الفضل شهاب الدين السيّد محمود الألوسي البغدادي	Rafed	3181	0.27855
		نفحة اليمن فيما يزول بذكره الشجن	أحمد بن محمد بن علي بن إبراهيم الأنصاري الشرواني (المتوفى: 1253هـ)	ShamAY	1022	0.27854
		معيد النعم ومبيد النقم	تاج الدين عبد الوهاب بن تقي الدين السبكي (المتوفى: 771 هـ)	ShamAY	32458	0.27853
		موسوعة الإمام الخوئي [ج ١١]	الشيخ مرتضى البروجردي	Rafed	884	0.27852
		فضل رب البرية في شرح الدرر البهية	أبو الحسن علي بن مختار الرملي	ShamelaY19	133386	0.27851
		خاتم النبيين صلى الله عليه وآله وسلم	محمد بن أحمد بن مصطفى بن أحمد المعروف بأبي زهرة (المتوفى: 1394ه)	Sham19Y	9800	0.27849
		إعراب القرآن - ط عالم الكتب	أبو جعفر أحمد بن محمد بن إسماعيل النحاس	ShamAY	34083	0.27848
		 موسوعة أحكام الأطفال وأدلتها 	 مركز فقه الأئمة الأطهار ( ع ) 	ABLibrary	9671	0.27847
		نفحات من علوم القرآن	محمد أحمد محمد معبد (المتوفى: 1430هـ)	ShamAY	1211	0.27846
		مدخل عام لدارسة فقه القرآن المقارن	خالد غفوري الحسني	Ghbook	15100	0.27846
		إعانة المسلم في شرح صحيح مسلم - كتاب الصوم	سليمان اللهيميد	ShamAY	35979	0.27844
		الآثار السيئة للوضع في الحديث	عبد الله بن ناصر الشقاري	ShamAY	8710	0.27841
		شبهات حول السنة والسيرة النبوية	عماد حسن أبو العينين	ShamAY	37451	0.27838
		سر الاستغفار عقب الصلوات - سلسلة لقاء العشر الأواخر بالمسجد الحرام (8)	محمد جمال الدين بن محمد سعيد بن قاسم الحلاق القاسمي (المتوفى: 1332 هـ)	ShamAY	32386	0.27837
		رسائل الشريف المرتضى [ج ٤]	علي بن الحسين الموسوي العلوي [ الشريف المرتضى علم الهدى ]	Rafed	3626	0.27836
		التفسير المنير [ج ١]	الدكتور وهبة الزحيلي	Rafed	2938	0.27835
		 نظام القضاء والشهادة في الشريعة الإسلامية الغراء 	 الشيخ السبحاني 	ABLibrary	9601	0.27834
		معالم في السلوك وتزكية النفوس	عبد العزيز بن محمد بن علي آل عبد اللطيف	Sham19Y	12073	0.27833
		خاتم النبيين صلى الله عليه وآله وسلم	محمد بن أحمد بن مصطفى بن أحمد المعروف بأبي زهرة (المتوفى: 1394هـ)	ShamAY	9800	0.27831
		الإمام علي بن الحسين عليه السلام دراسة تحليلية..	مختار الأسدي	Rafed	1195	0.27829
		مذكرة القول الراجح مع الدليل شرح منار السبيل - الصلاة	خالد بن إبراهيم الصقعبي	ShamAY	31778	0.27828
		محمد بن عبد الوهاب داعية التوحيد والتجديد في العصر الحديث	محمد بهجت الأثري بن محمود أفندي ابن عبد القادر بن أحمد بن محمود (المتوفى: 1416هـ)	ShamAY	5075	0.27828
		نهاية الوصول إلى علم الأصول [ج ٥]	الحسن بن يوسف بن علي المطّهر [ العلامة الحلّي ]	Rafed	3668	0.27828
		 المرتقى إلى الفقه الأرقى ( كتاب الزكاة ) 	 السيد محمد الروحاني 	ABLibrary	9469	0.27827
		الزبده الفقهيه في شرح الروضه البهيه	محمد حسن ترحيني عاملي	Ghbook	15128	0.27827
		إتحاف أهل الإيمان بدروس شهر رمضان	الشيخ صالح بن فوزان الفوزان	ShamAY	34756	0.27826
		 هذا هو بلال 	 الشيخ نبيل قاووق 	ABLibrary	799	0.27825
		كنوز من السنة	محمد الغزالي	ShamAY	34812	0.27824
		 المرتقى إلى الفقه الأرقى ( كتاب الحج ) 	 السيد محمد الروحاني 	ABLibrary	9466	0.27824
		وانقضت أوهام العمر	السيّد جمال محمّد صالح	Rafed	1221	0.27824
		الحجاب في الشرع والفطرة	عبد العزيز بن مرزوق الطّريفي	ShamAY	32287	0.27823
		مقامات عبد الرحمن بن حسن	عبد الرحمن بن حسن بن محمد بن عبد الوهاب بن سليمان التميمي (المتوفى: 1285هـ)	ShamAY	8561	0.27823
		نور الهدى وظلمات الضلال في ضوء الكتاب والسُّنَّة	د. سعيد بن علي بن وهف القحطاني	ShamAY	1923	0.27822
		الفن ومذاهبه في الشعر العربي	أحمد شوقي عبد السلام ضيف الشهير بشوقي ضيف (المتوفى: 1426هـ)	ShamAY	8666	0.27821
		مصطلحات في كتب العقائد	محمد بن إبراهيم بن أحمد الحمد	ShamAY	12070	0.27821
		التلخيص القيم لاختيارات أبي العباس وتلميذه ابن القيم	الواحدي :: وليد السعيدان	ShamAY	37641	0.2782
		هل يعتبر الفراعنة بمصرع من سبقهم؟	علي بن نايف الشحود	ShamAY	1609	0.27817
		الامام الرضا عليه السلام، قدوه و اسوه	آيت الله العظمي سيد محمد تقي مدرسي	Ghbook	12866	0.27815
		صلاة المسافر - مفهوم، وأنواع، وآداب، ودرجات، وأحكام في ضوء الكتاب والسنة	د. سعيد بن علي بن وهف القحطاني	ShamAY	1794	0.27814
		منائح الكرم في أخبار مكة والبيت وولاة الحرم [ج ٤]	علي بن تاج الدين بن تقي الدين السنجاري	Rafed	2693	0.27813
		(تاريخ الجزائر الثقافي) أو (الموسوعة الثقافية الجزائرية)	أبو القاسم سعد الله (المتوفى: 1435 هـ)	ShamAY	37974	0.27812
		الصحيح من سيرة النبي الأعظم صلّى الله عليه وآله [ج ١٢]	السيد جعفر مرتضى العاملي	Rafed	2502	0.27812
		 مناظرات عقائدية بين الشيعة وأهل السنة 	 السيد أمير محمد القزويني 	ABLibrary	8645	0.2781
		تحقيق لطيف حول التوقيع الشريف	آيت الله العظمي ميرزا يدالله دوزدوزاني	Ghbook	14799	0.27808
		ذريعة الاستغناء في تحقيق الغناء	ملا حبيب الله شريف كاشاني	Ghbook	11267	0.27808
		أوراق الملتقى الثالث لجمعيات تحفيظ القرآن بالمملكة	مجموعة من المؤلفين	ShamAY	37013	0.27807
		كشف المحجة لثمرة المهجة	السيد علي بن موسى بن طاووس	Masaha	4759	0.27803
		الفرقان في بيان حقيقة التقارب والتسامح بين الفرق والأديان		ShamAY	35489	0.27801
		نور الهدى وظلمات الضلال في ضوء الكتاب والسنة	د. سعيد بن علي بن وهف القحطاني	Sham19Y	96541	0.27801
		بين يدي الحكم رسالة الى القضاة	عبد الله بن سليمان الغفيلي	ShamAY	33169	0.278
		موقف الإمام والمأموم	عبد الله بن يوسف بن محمد بن حيّويه الجويني، أبو محمد (المتوفى: 438هـ)	ShamAY	12106	0.27799
		العَذْبُ النَّمِيرُ مِنْ مَجَالِسِ الشَّنْقِيطِيِّ فِي التَّفْسِيرِ	محمد الأمين بن محمد المختار بن عبد القادر الجكني الشنقيطي (المتوفى: 1393هـ)	ShamAY	1762	0.27794
		تيسير علم أصول الفقه	عبد الله بن يوسف بن عيسى بن يعقوب اليعقوب الجديع العنزي	ShamelaY19	22396	0.27793
		صلاة الجمعة - مفهوم، وشروط، وفضائل، وخصائص، وآداب، وأحكام في ضوء الكتاب والسنة	د. سعيد بن علي بن وهف القحطاني	ShamAY	1854	0.27793
		الاستصحاب المقلوب (تحكيم الحال)	أحمد الضويحي	ShamAY	37596	0.27792
		شفاء الضرر بفهم التوكل والقضاء والقدر	أبو فيصل البدراني	ShamAY	1723	0.27791
		موضوعات خطبة الجمعة	عبد الرحمن بن معلا اللويحق	ShamelaY19	31072	0.2779
		مفهوم الصبر عند ابن تيمية رحمه الله	أبو حمزة الشامي	ShamAY	35204	0.27788
		موسوعه الاعتكاف: دراسه قرآنيه، رواييه، فقهيه، اخلاقيه، تاريخيه	محمد امين پوراميني	Ghbook	15242	0.27787
		الإيمان حقيقته، خوارمه، نواقضه عند أهل السنة والجماعة	عبد الله بن عبد الحميد الأثري	ShamAY	9837	0.27786
		أحكام الجنائز - مفهوم، واغتنام، ومواعظ، وآداب، وحقوق وصبر، واحتساب، وفضائل، وأحكام في ضوء الكتاب والسنة	د. سعيد بن على بن وهف القحطاني	ShamAY	1800	0.27785
		 أقطاب الدوائر 	 الشيخ عبد الحسين 	ABLibrary	878	0.27785
		من سنن النبي صلي الله عليه و آله: البكاءعلي الميت	مرتضي عسكري	Ghbook	7534	0.27785
		 الوصايا 	 الحارث المحاسبي 	ABLibrary	8684	0.27784
		رسالة في تحريم الغناء	الشيخ محمد رسول الكاشاني	Masaha	1560	0.27784
		رحلة الشنقيطي إلى إفريقيا ط عالم الفوائد	محمد الأمين بن محمد المختار الجكني الشنقيطي (1325 - 1393)	ShamAY	38792	0.2778
		الصواعق الشديدة على اتباع الهيئة الجديدة	حمود بن عبد الله بن حمود بن عبد الرحمن التويجري (المتوفى: 1413هـ)	ShamAY	32259	0.2778
		الفِقْهُ الإسلاميُّ وأدلَّتُهُ (الشَّامل للأدلّة الشَّرعيَّة والآراء المذهبيَّة وأهمّ النَّظريَّات الفقهيَّة وتحقيق الأحاديث النَّبويَّة وتخريجها)	أ. د. وَهْبَة بن مصطفى الزُّحَيْلِيّ، أستاذ ورئيس قسم الفقه الإسلاميّ وأصوله بجامعة دمشق - كلّيَّة الشَّريعة	ShamAY	384	0.2778
		فتاوى يسألونك	الأستاذ الدكتور حسام الدين بن موسى عفانة	ShamAY	988	0.27779
		دفع شبهات المستشرقين حول السنة	أحمد بوقرين	ShamAY	33304	0.27779
		 رسائل ومقالات 	 الشيخ السبحاني 	ABLibrary	8441	0.27779
		جامع زيارات المعصومين عليهم السلام	موسسه پيام امام هادي عليه السلام	Ghbook	14795	0.27779
		الملخص في شرح كتاب التوحيد	صالح بن فوزان بن عبد الله الفوزان	ShamAY	9950	0.27776
		إهداء للبرنامج من دار الركائز للنشر والتوزيع - دولة الكويت	محمد بن بدر الدين البلباني الدمشقي الخزرجي الحنبلي	ShamelaY19	147656	0.27772
		إعراب القرآن للأصبهاني	إسماعيل بن محمد بن الفضل بن علي القرشي الطليحي التيمي الأصبهاني، أبو القاسم، الملقب بقوام السنة (المتوفى: 535هـ)	ShamAY	581	0.27772
		الفقه الإسلامي وأدلته (الشامل للأدلة الشرعية والآراء المذهبية وأهم النظريات الفقهية وتحقيق الأحاديث النبوية وتخريجها)	أ. د. وهبة بن مصطفى الزحيلي، أستاذ ورئيس قسم الفقه الإسلامي وأصوله بجامعة دمشق - كلية الشريعة	Sham19Y	384	0.27771
		نزهة الأنام في محاسن الشام‏  - الجزء1	عبد الله بن محمد البدري	Masaha	4227	0.27771
		نظرات في كتاب الله	حسن أحمد عبد الرحمن محمد البنا الساعاتي (المتوفى: 1368هـ)	ShamAY	1191	0.2777
		لمحات من حياه الامام الهادي ( عجل الله تعالي فرجه الشريف )	محمد رضا سيبويه	Ghbook	4045	0.2777
		سلسلة الآداب - المنجد	محمد صالح المنجد	ShamelaY19	35111	0.27769
		مذكرة - ما نهى عنه الإسلام	عبد الله بن سفر عباده العبدلي الغامدي	ShamAY	36362	0.27769
		تفسير التّحرير والتّنوير [ج ٥]	الشيخ محمّد الطاهر ابن عاشور	Rafed	2909	0.27769
		تفسير الكتاب العزيز وإعرابه	عبيد الله بن أحمد بن عبيد الله، ابن أبي الربيع القرشي الأموي العثماني الإشبيلي (المتوفى: 688هـ)	ShamAY	10091	0.27768
		كتاب الذكر والدعاء في ضوء الكتاب والسنة	عبد الرزاق بن عبد المحسن البدر	ShamAY	31318	0.27764
		عمارة قبور النبي و أهل بيته «صلي الله عليه و آله» مشعر الهي	محمد السند	Ghbook	15232	0.27764
		الصحيح من سيرة النبي الأعظم صلّى الله عليه وآله [ج ٣١]	السيد جعفر مرتضى العاملي	Rafed	2646	0.27763
		مجمع الفائدة والبرهان في شرح إرشاد الأذهان [ج ٥]	الشيخ أحمد بن محمّد الأردبيلي [ المقدّس الأردبيلي ]	Rafed	1899	0.27763
		مسالك الأبصار في ممالك الأمصار	أحمد بن يحيى بن فضل الله القرشي العدوي العمري، شهاب الدين (المتوفى: 749ه)	Sham19Y	11790	0.27762
		التعليقه علي  الرساله  الصوميه	بهاءالدين محمد بن حسين شيخ بهائي	Ghbook	11905	0.27762
		 الوجيزة في الرجال 	 العلامة المجلسي 	ABLibrary	9770	0.2776
		عقائد الإمامية	الشيخ محمد رضا المظفر	Masaha	346	0.2776
		الهدية الهادية إلى الطائفة التجانية	أبو شكيب محمد تقي الدين بن عبد القادر الهلالي (المتوفى: 1407ه)	Sham19Y	9080	0.27758
		صلاة الجماعة - مفهوم، وفضائل، وأحكام، وفوائد، وآداب في ضوء الكتاب والسنة	د. سعيد بن علي بن وهف القحطاني	ShamelaY19	96501	0.27757
		الأثر التربوي للمسجد	أ. د صالح بن غانم بن عبد الله بن سليمان بن علي السدلان	ShamelaY19	30901	0.27757
		نبي الرحمة الرسالة والإنسان	محمد مسعد ياقوت	ShamAY	37448	0.27754
		شرح منظومة الإيمان	البشير بن محمد عصام المسفيوي المراكشي	ShamAY	858	0.27754
		المسلمون قوّة الوحدة في عالم القوى	عبد القادر الإدريسي السوداني	Rafed	1237	0.27754
		 كتاب الوجود 	 الشيخ عبد الغني النابلسي 	ABLibrary	8857	0.27753
		المفصل فى تاريخ العرب قبل الإسلام	الدكتور جواد علي (المتوفى: 1408هـ)	ShamAY	7299	0.27752
		تذكرة بالإخبار عن اتّفاقات الأسفار	محمّد بن أحمد بن جبير الأندلسي	Rafed	2185	0.27752
		من ادعية الحبيب المصطفي (صلي الله عليه و آله وسلم ) 	علي كوراني	Ghbook	15143	0.27751
		مراح لبيد لكشف معنى القرآن المجيد	محمد بن عمر نووي الجاوي البنتني إقليما، التناري بلدا (المتوفى: 1316ه)	Sham19Y	22769	0.2775
		الحدائق الناضرة [ج ١٢]	الشيخ يوسف بن أحمد البحراني [ صاحب الحدائق ]	Rafed	2848	0.2775
		ثمرات النظر في علم الأثر	محمد بن إسماعيل بن صلاح بن محمد الحسني، الكحلاني ثم الصنعاني، أبو إبراهيم، عز الدين، المعروف كأسلافه بالأمير (المتوفى: 1182هـ)	ShamAY	5983	0.27748
		تحقيق المطالب بشرح دليل الطالب	أبو المنذر محمود بن محمد بن مصطفى بن عبد اللطيف المنياوي	ShamAY	1101	0.27747
		زكاة الأثمان الذهب، والفضة، والعملات المعدنية، والورقية - مفهوم، وضوابط، ومسائل، وأحكام في ضوء الكتاب والسنة	د. سعيد بن علي بن وهف القحطاني	ShamAY	1836	0.27746
		أحكام الجنائز - مفهوم، واغتنام، ومواعظ، وآداب، وحقوق وصبر، واحتساب، وفضائل، وأحكام في ضوء الكتاب والسنة	د. سعيد بن على بن وهف القحطاني	Sham19Y	96453	0.27744
		عدّة الأكياس في شرح معاني الأساس [ج ١]	أحمد بن محمّد بن صلاح الشرفي القاسمي	Rafed	3433	0.27744
		زكاة الخارج من الأرض الحبوب، والثمار، والمعدن، والركاز في ضوء الكتاب والسنة - مفهوم، وشروط، وضوابط، وأحكام، ومسائل	د. سعيد بن علي بن وهف القحطاني	ShamelaY19	96486	0.27743
		شرح العقيدة الأصفهانية - ط الرشد	أحمد بن عبد الحليم بن تيمية الحراني أبو العباس	ShamAY	34373	0.27743
		 رحلة ابن جبير ( تذكرة بالأخبار عن اتفاقات الأسفار ) ( دار السويدي ) 	 ابن جبير 	ABLibrary	9024	0.27743
		التوسل بالنبي (ص) والتبرك بآثاره	مرتضي عسكري	Ghbook	7541	0.27743
		التبيين لدعوات المرضى والمصابين	عبد الرزاق بن عبد المحسن البدر	ShamAY	7573	0.27742
		 بحار الأنوار 	 العلامة المجلسي 	ABLibrary	788	0.27742
		مباني منهاج الصالحين‌ - الجزء1	السيد تقي الطباطبائي القمي	Masaha	3541	0.27742
		الصارم المُنْكِي على عبدالرحمن مكي		ShamAY	35485	0.2774
		شرح شافية ابن الحاجب - ركن الدين الاستراباذي	حسن بن محمد بن شرف شاه الحسيني الأستراباذي، ركن الدين (المتوفى: 715ه)	Sham19Y	11750	0.2774
		أصول الدعوة وطرقها 2 - جامعة المدينة	مناهج جامعة المدينة العالمية	ShamAY	1669	0.27738
		الخلاصة في حقوق النبي صلى الله عليه وسلم	الواحدي :: علي بن نايف الشحود	ShamAY	36082	0.27737
		 في رحاب أهل البيت ( ع ) 	 لجنة بحوث المجمع العالمي لأهل البيت ( ع ) 	ABLibrary	8550	0.27737
		الغُرَرُ النَقِيَّةُ على الدُّرَر البَهيَّة	فيصل بن عبد العزيز آل مبارك (المتوفى: 1376 هـ)	ShamAY	38905	0.27735
		مع الامام أبي إسحاق الشاطبي في مباحث من علوم القرآن الكريم وتفسيره	شايع بن عبده بن شايع الأسمري	ShamAY	4545	0.27732
		دروس للشيخ عطية سالم	عطية بن محمد سالم (المتوفى: 1420هـ)	ShamAY	8	0.27731
		تفسير آية "أقم الصلاة لدلوك الشمس"	علي القضيب	ShamAY	33138	0.2773
		اضواء علي زياره عاشوراء	علي حيدر المؤيد	Ghbook	16331	0.2773
		الرّحلة الحجازيّة	الأمير شكيب أرسلان	Rafed	2385	0.27729
		معجم مقاييس اللغة [ج ١]	أبي الحسين أحمد بن فارس بن زكريّا	Rafed	2889	0.27729
		مفيد العلوم ومبيد الهموم	ينسب لأبي بكر الخوارزمي محمد بن العباس (المتوفى: 383هـ)	ShamAY	10262	0.27728
		نثار الأزهار في الليل والنهار	محمد بن مكرم بن على، أبو الفضل، جمال الدين ابن منظور الأنصاري الرويفعى الإفريقى (المتوفى: 711هـ)	ShamAY	2072	0.27728
		فقه الزكاة	يوسف القرضاوي	ShamAY	36406	0.27726
		البحر المديد في تفسير القرآن المجيد	أبو العباس أحمد بن محمد بن المهدي بن عجيبة الحسني الأنجري الفاسي الصوفي (المتوفى: 1224هـ)	ShamAY	10273	0.27723
		كيفية دعوة أهل الكتاب إلى اللَّه تعالى في ضوء الكتاب والسنة	د. سعيد بن علي بن وهف القحطاني	ShamAY	1877	0.27722
		مجالس مع فضيلة الشيخ محمد الأمين الجكني الشنقيطي - رحمه الله تعالى -	أحمد بن محمد الأمين بن أحمد بن المختار المحضريّ، ثم الإبراهيمي، ثم الجكنيّ الشنقيطي (المتوفى: 1434 هـ)	ShamAY	32526	0.27722
		مراح لبيد لكشف معنى القرآن المجيد	محمد بن عمر نووي الجاوي البنتني إقليما، التناري بلدا (المتوفى: 1316ه)	ShamelaY19	22769	0.27718
		الحياة البيتية للنبي صلى الله عليه وسلم	خالد عبد الرحمن الشايع	ShamAY	37464	0.27718
		أصول الدعوة وطرقها 2 - جامعة المدينة	مناهج جامعة المدينة العالمية	Sham19Y	8954	0.27713
		كل خير في اتباع من سلف وكل شر في ابتداع من خلف	عبد الله الطيار	ShamAY	35280	0.27712
		مواقف حلف فيها النبي صلى الله عليه وآله وسلم	أبو محمد خميس السعيد محمد عبد الله	ShamelaY19	23684	0.27708
		قواعد الترجيح المتعلقة بالنص عند ابن عاشور في تفسيره التحرير والتنوير - دراسة تأصيلية تطبيقية	عبير بنت عبد الله النعيم	ShamelaY19	20876	0.27707
		شرح الورقات في أصول الفقه - المحلي	جلال الدين محمد بن أحمد بن محمد بن إبراهيم المحلي الشافعي (المتوفى: 864ه)	ShamelaY19	21547	0.27707
		الحسين (ع) والوهّابيّة	جلال معاش	Rafed	1546	0.27707
		تفسير الشهيد زيد بن علي (ع)	الناشر: الدار العالميّة	Rafed	3781	0.27706
		قبسات من هدي النبي محمد صلى الله عليه وسلم في رمضان	ناصر بن عبد الله بن محمد آل متعب	ShamelaY19	96276	0.27704
		مسائل مهمات تتعلق بفقه الصوم والتراويح والقراءة على الأموات	حسام الدين بن موسى محمد بن عفانة	ShamAY	966	0.27704
		فتاوى يكثر السؤال عنها	الدكتور صلاح محمد أبو الحاج	ShamAY	37669	0.27703
		الفصول العشره في الغيبه	محمد بن  محمد بن نعمان شيخ مفيد	Ghbook	2423	0.27702
		شرح العمدة لشيخ الإسلام ابن تيمية - من أول كتاب الصلاة إلى آخر باب آداب المشي إلى الصلاة	تقي الدين أبو العباس أحمد بن عبد الحليم بن عبد السلام بن عبد الله بن أبي القاسم بن محمد ابن تيمية الحراني الحنبلي الدمشقي (المتوفى: 728 هـ)	ShamAY	32294	0.277
		النكت في القرآن الكريم (في معاني القرآن الكريم وإعرابه)	علي بن فَضَّال بن علي بن غالب المُجَاشِعِي القيرواني، أبو الحسن (المتوفى: 479هـ)	ShamAY	9066	0.277
		استقصاء النظر في البحث عن القضاء و القدر	حسن بن يوسف بن مطهر علامه حلي	Ghbook	2920	0.277
		عقيدة المسلم في ضوء الكتاب والسُّنَّة - المفهوم، والفضائل، والمعنى، والمقتضى، والأركان، والشروط، والنواقص، والنواقض	د. سعيد بن على بن وهف القحطاني	ShamAY	1925	0.27698
		 المطالع البدرية في المنازل الرومية 	 محمد العامري الغزي 	ABLibrary	9207	0.27698
		رسالتان في الامام المهدي عليه السلام	وسام البلداوي	Ghbook	12336	0.27698
		اللطائف الروحية في الدروس الرمضانية	مشعل بن عبد العزيز الفلاحي	ShamAY	35163	0.27696
		النكت في القرآن الكريم (في معاني القرآن الكريم وإعرابه)	علي بن فضال بن علي بن غالب المجاشعي القيرواني، أبو الحسن (المتوفى: 479ه)	Sham19Y	9066	0.27696
		قول الفلاسفة اليونان الوثنيين في توحيد الربوبية	سعود بن عبد العزيز الخلف	Sham19Y	3982	0.27696
		 موسوعة التصوف الاسلامي 	 محمود حمدي زقزوق 	ABLibrary	8914	0.27694
		شاعرات العرب في الجاهلية والإسلام	بشير يموت البيروتي (المتوفى: بعد 1347ه)	ShamelaY19	21508	0.27693
		مصادر الفقه الاسلامي و منابعه	آيت الله العظمي جعفر سبحاني	Ghbook	8998	0.27692
		شرح نخبة الفكر	عبد الكريم الخضير	ShamAY	172	0.27688
		شرح نخبة الفكر	عبد الكريم الخضير	Sham19Y	25955	0.27687
		الحوار مع أتباع الأديان - مشروعيته وآدابه	منقذ بن محمود السقار	ShamAY	1554	0.27686
		 فوائح الجمال وفواتح الجلال 	 نجم الدين الكبرى 	ABLibrary	8731	0.27686
		 الزبدة الفقهية في شرح الروضة البهية 	 السيد محمد حسن الترحيني العاملي 	ABLibrary	9692	0.27684
		عقيدة المسلم في ضوء الكتاب والسنة - المفهوم، والفضائل، والمعنى، والمقتضى، والأركان، والشروط، والنواقص، والنواقض	د. سعيد بن على بن وهف القحطاني	Sham19Y	96546	0.27682
		الطب النبوي (جزء من كتاب زاد المعاد لابن القيم)	محمد بن أبي بكر بن أيوب بن سعد شمس الدين ابن قيم الجوزية (المتوفى: 751ه)	ShamelaY19	23649	0.27681
		تنبيهات وتعقيبات لسماحة الوالد الشيخ عبدالعزيز بن عبدالله بن باز -رحمه الله- المفتي العام للمملكة العربية السعودية على بعض ما جاء في كتبي وأشرطتي	عبد الغني عبد الخالق	ShamAY	33477	0.27681
		موسوعة محاسن الإسلام ورد شبهات اللئام	أحمد بن سليمان أيوب، ونخبة من الباحثين	ShamelaY19	146418	0.27679
		 عدة الأكياس في شرح معاني الأساس 	 أحمد الشرفي القاسمي 	ABLibrary	8510	0.27679
		النجاه في القيامه في تحقيق امر الامامه	كمال الدين ميثم بن علي بن ميثم ابن ميثم بحراني	Ghbook	7592	0.27678
		غاية الأماني في تفسير الكلام الرباني	أحمد بن إسماعيل بن عثمان الكوراني، شهاب الدين الشافعي ثم الحنفي (المتوفى: 893ه)	ShamelaY19	95562	0.27676
		 الشجرة النعمانية ( شرح القونوي ) 	 ابن عربي 	ABLibrary	8749	0.27675
		الغدير في رحاب الكتاب والسنه	مجيد معارف	Ghbook	11351	0.2767
		و جاء الحق ...	سعيد ايوب	Ghbook	5307	0.27669
		 قاب قوسين وملتقى الناموسين في معرفة سيد الكونين 	 عبد الكريم بن ابراهيم الجيلي 	ABLibrary	8814	0.27665
		جامع الرسائل لابن تيمية - رشاد سالم	ابن تيمية	ShamelaY19	22653	0.27664
		تفسير التّحرير والتّنوير [ج ١٠]	الشيخ محمّد الطاهر ابن عاشور	Rafed	2914	0.2766
		الجرح والتعديل للقاسمي	محمد جمال الدين بن محمد سعيد بن قاسم الحلاق القاسمي (المتوفى: 1332هـ)	ShamAY	607	0.27659
		السمبوسة في كتب التراث	إبراهيم بن عبد الله المديهش	ShamelaY19	145424	0.27658
		تفسير التّحرير والتّنوير [ج ٢٨]	الشيخ محمّد الطاهر ابن عاشور	Rafed	2937	0.27658
		استفتائات في الشعائر الحسينيه المقدسه	آيت الله العظمي حسيني	Ghbook	7964	0.27658
		الحكم الفقهي لتعلم أحكام التجويد	الدكتور صلاح محمد أبو الحاج	ShamAY	36825	0.27657
		 الموسوعة الكبرى عن فاطمة الزهراء ( س ) 	 اسماعيل الأنصاري الزنجاني الخوئيني 	ABLibrary	7836	0.27655
		نواة المكتبة	إبراهيم بن عبد الله المديهش	Sham19Y	145433	0.27653
		 الطراز الأول والكناز لما عليه من لغة العرب المعول 	 ابن معصوم المدني 	ABLibrary	7950	0.27653
		الإمامة في القرآن والسنّة	امتثال الجحش	Rafed	1185	0.27652
		دروس للشيخ نبيل العوضي	نبيل بن علي العوضي	ShamAY	902	0.2765
		رحمة للعالمين محمد رسول الله سيد الناس أجمعين نبي الرحمة، الرحمة المهداة خاتم المرسلين صلى الله عليه وسلم - نشأته، وأخلاقه، ومعجزاته، وعموم رسالته صلى الله عليه وسلم في ضوء الكتاب والسنة	د. سعيد بن على بن وهف القحطاني	ShamelaY19	96721	0.27649
		نظرة سيد قطب إلى أصحاب رسول الله	ربيع بن هادي المدخلي	ShamAY	33020	0.27649
		الخاتميه في الكتاب و السنه و العقل الصريح	آيت الله العظمي جعفر سبحاني	Ghbook	5277	0.27649
		أسس الحدود والتعزيرات	الميرزا جواد التبريزي	Masaha	4866	0.27648
		النور والظلمات في ضوء الكتاب والسنة	د. سعيد بن علي بن وهف القحطاني	ShamelaY19	96477	0.27647
		تبصير الناسك بأحكام المناسك	الواحدي :: وليد السعيدان	ShamAY	36201	0.27647
		المواسم والمراسم	السيد جعفر مرتضى العاملي	Rafed	78	0.27647
		حمد الله ذاته الكريمه في آيات كتابه الحكيمة	عماد بن زهير حافظ	ShamAY	10174	0.27646
		المجلى في شرح القواعد المثلى في صفات الله وأسمائه الحسنى للعلامة محمد صالح العثيمين	كاملة بنت محمد بن جاسم بن علي آل جهام الكواري	Sham19Y	6942	0.27646
		حقيقه الاثر الغيبي في التربه الحسينيه	نبيل قدوري الحسني	Ghbook	12355	0.27646
		الامام علي الهادي ( عليه السلام ) مع مروق القصر و قضاه العصر سيره	كامل سليمان	Ghbook	4031	0.27646
		تأملات في قصة أصحاب الكهف	الواحدي	ShamAY	36901	0.27645
		 دفع أباطيل الكاتب 	 السيد المرتضى المهري 	ABLibrary	967	0.27644
		الاقصي المبارك	آيت الله العظمي سيد محمد حسيني شيرازي	Ghbook	7874	0.27643
		المعجزة المحمدية	السيد إبراهيم أحمد	ShamAY	37436	0.27642
		السياسة الشرعية - جامعة المدينة	مناهج جامعة المدينة العالمية	ShamAY	1650	0.27641
		التفسير المنير للزحيلي	وهبة الزحيلي	ShamelaY19	22915	0.2764
		فرائد الأصول [ج ٤]	الشيخ مرتضى الأنصاري	Rafed	2443	0.2764
		ألف فتوى للشيخ الألباني = مجموع فتاوى العلامة الألباني (الأجزاء الأول والثاني والثالث)	ناصر الدين الألباني	ShamAY	33152	0.27638
		تحسين القبيح وتقبيح الحسن	عبد الملك بن محمد بن إسماعيل أبو منصور الثعالبي (المتوفى: 429هـ)	ShamAY	6040	0.27638
		آداب الحسن البصري وزهده ومواعظه	ابن الجوزي (597 هـ)	ShamAY	34570	0.27636
		موارد الظمآن لدروس الزمان، خطب وحكم وأحكام وقواعد ومواعظ وآداب وأخلاق حسان	عبد العزيز بن محمد بن عبد المحسن السلمان (المتوفى: 1422هـ)	ShamAY	7480	0.27636
		مرويات السيرة بين قواعد المحدثين وروايات الإخباريين	مسفر بن غرم الله الدميني	ShamAY	11393	0.27635
		شرح المعالم في أصول الفقه	ابن التلمساني عبد الله بن محمد علي شرف الدين أبو محمد الفهري المصري (المتوفى: 644 ه)	ShamelaY19	145168	0.27634
		المجلى في شرح القواعد المثلى في صفات الله وأسمائه الحسنى للعلامة محمد صالح العثيمين	كاملة بنت محمد بن جاسم بن علي آل جهام الكواري	ShamAY	6942	0.27634
		طريقك الى الإخلاص والفقه في الدين	عبد الله بن ضيف الله الرحيلي	ShamAY	11247	0.27634
		 شرح المقاصد 	 التفتازاني 	ABLibrary	8467	0.27634
		الطّراز الأوّل [ج ٥]	السيّد علي بن أحمد بن محمّد معصوم الحسيني	Rafed	491	0.27633
		أدب الطّف أو شعراء الحسين عليه السلام [ج ١٠]	جواد شبّر	Rafed	384	0.27629
		الإيضاح والتبيين لبعض صفات المؤمنين	الواحدي :: عبد العزيز الراجحي	ShamAY	35051	0.27628
		 معرفة المعاد 	 السيد محمد حسين الطهراني 	ABLibrary	8871	0.27628
		شرح كتاب السنة للبربهاري - الراجحي	عبد العزيز بن عبد الله بن عبد الرحمن الراجحي	ShamAY	23	0.27626
		القول المعتبر : في مولد الإمام موسي بن جعفر عليهماالسلام	محمد باقر بن مرتضي موحد ابطحي اصفهاني	Ghbook	11399	0.27624
		سبل النجاة من الفتنة	عبد الحميد السحيباني	ShamAY	34975	0.27623
		الصراط المستقيم إلى مستحقي التقديم‏ - الجزء1	الشيخ علي النباطي‏	Masaha	2048	0.27623
		أحكام السواك من السعاية	الإمام محمد عبد الحي اللكنوي (ت1304هـ)	ShamAY	35999	0.27622
		الإكليل في استنباط التنزيل	جلال الدين عبد الرحمن بن أبي بكر السيوطي	Rafed	4010	0.27622
		أهمية الاستغفار وفوائده	علي بن نايف الشحود	ShamAY	34835	0.27621
		الرسول الأعظم صلّى الله عليه وآله على لسان وصيّه الإمام علي بن أبي طالب عليه السلام	السيّد محسن الحسيني الأميني	Rafed	2568	0.27621
		الحياه البرزخيه : تبحث عن امتداد حياه الانسان بعد الرحيل من الدنيا ...	آيت الله العظمي جعفر سبحاني	Ghbook	5044	0.27621
		سوء الخلق	محمد بن إبراهيم بن أحمد الحمد	Sham19Y	11245	0.27619
		تفسير البيان [ج ٥]	السيّد محمّد حسين الطباطبائي	Rafed	3769	0.27619
		تذكير البشر بأحكام السفر	عبد الله آل جار الله	ShamAY	36209	0.27618
		استيفاء الأقوال في تحريم الإسبال على الرجال	محمد بن إسماعيل بن صلاح بن محمد الحسني، الكحلاني ثم الصنعاني، أبو إبراهيم، عز الدين، المعروف كأسلافه بالأمير (المتوفى: 1182هـ)	ShamAY	201	0.27618
		ولا تقربوا الفواحش	جمال بن عبد الرحمن إسماعيل	ShamAY	31360	0.27618
		ماذا تعرف عن الشيعة	أبو عمر المصري	ShamAY	35313	0.27617
		المطالع البدريّة في المنازل الروميّة	بدر الدين محمّد العامري الغزّي الدمشقي	Rafed	2309	0.27616
		السلفيون وحوار هادئ مع الدكتور علي جمعة	شحاتة محمد صقر	ShamelaY19	96722	0.27614
		شخصية المسلم كما يصوغها الإسلام في الكتاب والسنة	الدكتور محمد علي الهاشمي	ShamelaY19	96265	0.27614
		دراسات في منهاج السنه لمعرفه ابن تيميه	آيت الله علي حسيني ميلاني	Ghbook	4760	0.27614
		حكمة الإشراق إلى كتاب الآفاق (بذيله: تتمة في نقد الآثار المرفوعة عن الخط والكتابة.)	محمد بن محمد بن عبد الرزاق الحسيني، أبو الفيض، الملقب بمرتضى، الزبيدي (المتوفى: 1205ه)	ShamelaY19	95576	0.27607
		المنظومة التبريزية في العقيدة الصحيحة السنية	عبد القاهر التبريزي	ShamelaY19	35312	0.27607
		السيل الجرار المتدفق على حدائق الأزهار	محمد بن علي بن محمد الشوكاني	ShamAY	34277	0.27601
		الحوار مع أتباع الأديان - مشروعيته وآدابه	منقذ بن محمود السقار	Sham19Y	95567	0.276
		دروس الشيخ محمد إسماعيل المقدم	محمد أحمد إسماعيل المقدم	Sham19Y	37018	0.27599
		 بيان الفقه في شرح العروة الوثقى ( الاجتهاد والتقليد ) 	 السيد صادق الحسيني الشيرازي 	ABLibrary	9664	0.27597
		دروس الشيخ محمد إسماعيل المقدم	محمد أحمد إسماعيل المقدم	ShamAY	383	0.27596
		المدارج في كشف شبهات للخوارج	أحمد بن عمر بازمول	ShamAY	35731	0.27594
		الذكر الثمين	محمد بن صالح بن محمد العثيمين (المتوفى: 1421ه)	ShamelaY19	21800	0.27593
		السنة المطهرة والتحديات	نور الدين محمد عتر الحلبي، أستاذ التفسير وعلوم القرآن والحديث وعلومه في كليات الشريعة والآداب في جامعتي دمشق وحلب	ShamelaY19	36617	0.27591
		التأدب مع الرسول في ضوء الكتاب والسنة	حسن نور حسن	ShamAY	35053	0.27591
		 دعوة الأطباء 	 ابن بطلان ( ابن عبدون ) 	ABLibrary	9862	0.27591
		انفقوا لكي تتقدموا	آيت الله العظمي سيد محمد حسيني شيرازي	Ghbook	7880	0.27591
		تفسير التّحرير والتّنوير [ج ٢٦]	الشيخ محمّد الطاهر ابن عاشور	Rafed	2935	0.27589
		كيف تنجو من كرب الصراط	د. محمد بن إبراهيم النعيم	ShamAY	34929	0.27588
		 الرسائل الفقهية 	 السيد مرتضى الحسيني النجومي 	ABLibrary	9523	0.27588
		نهج الدعاء	محمّد الري شهري	Rafed	3129	0.27588
		صدق الله العظيم وكذبت النبوءات	علي بن نايف الشحود	ShamAY	1775	0.27587
		حاشية على مختلف الشيعة (للعلامة)	السيد محمد باقر الميرداماد	Masaha	1268	0.27584
		شرح شافية ابن الحاجب - ركن الدين الاستراباذي	حسن بن محمد بن شرف شاه الحسيني الأستراباذي، ركن الدين (المتوفى: 715هـ)	ShamAY	11750	0.27583
		بيان فضل علم السلف على علم الخلف	عبد الرحمن بن أحمد بن رجب الحنبلي (المتوفى: 795هـ)	ShamAY	32660	0.27583
		البدعة الشرعية	أبو المنذر محمود بن محمد بن مصطفى بن عبد اللطيف المنياوي	ShamAY	2010	0.27582
		ادب الحوار	آيت الله علي حسيني ميلاني	Ghbook	4800	0.27582
		التبر المسبوك في نصيحة الملوك	أبو حامد محمد بن محمد الغزالي الطوسي (المتوفى: 505هـ)	ShamAY	4129	0.27581
		شرح الطحاوية - عبد الرحيم السلمي	عبد الرحيم بن صمايل العلياني السلمي	ShamAY	803	0.2758
		الخلاصة في أصول الحوار وأدب الاختلاف	علي بن نايف الشحود	ShamAY	33262	0.2758
		المنهج القويم في اختصار «اقتضاء الصراط المستقيم لشيخ الإسلام ابن تيمية»	محمد بن علي بن أحمد بن عمر بن يعلى، أبو عبد الله، بدر الدين البعليّ (المتوفى: 778هـ)	ShamAY	9859	0.27579
		مجموعة فتاوى ابن بابويه	علي بن بابويه القمي	Masaha	1005	0.27578
		شرح أسماء الله الحسنى	زين الدين أبي القاسم عبدالكريم ابن هوازن بن عبدالملك ابن طلحة بن محمد النيسابوري القشيري	Rafed	3485	0.27577
		مراح لبيد لكشف معنى القرآن المجيد	محمد بن عمر نووي الجاوي البنتني إقليما، التناري بلدا (المتوفى: 1316هـ)	ShamAY	22769	0.27575
		الطريق إلى الولد الصالح	وحيد بن عبد السلام بالي	ShamAY	1128	0.27574
		الهدية الهادية إلى الطائفة التجانية	أبو شكيب محمد تقي الدين بن عبد القادر الهلالي (المتوفى: 1407هـ)	ShamAY	9080	0.27574
		 شكوى الغريب عن الأوطان إلى علماء البلدان 	 عين القضاة 	ABLibrary	8718	0.27574
		فقه الحج	آيت الله العظمي لطف اللّه صافي گلپايگاني	Ghbook	9156	0.27574
		السقيفه 	محمد رضا مظفر	Ghbook	16290	0.27573
		مبدأ الاكتفاء الاقتصادي في بعض الأحكام القرآنية	محمد عامر مظاهري	ShamAY	36702	0.27572
		التّفسير الحديث [ج ٥]	محمّد عزّة دروزة	Rafed	3723	0.27571
		دروس الشيخ محمد حسن عبد الغفار	محمد حسن عبد الغفار	ShamelaY19	37634	0.27569
		 البراهين الجلية 	 السيد محمد حسن القزويني الحائري 	ABLibrary	822	0.27569
		البدعة وآثارها الموبقة	الشيخ جعفر السبحاني	Masaha	199	0.27569
		النهاية في غريب الحديث والأثر	مجد الدين أبو السعادات المبارك بن محمد بن محمد بن محمد ابن عبد الكريم الشيباني الجزري ابن الأثير (المتوفى: 606هـ)	ShamAY	23691	0.27568
		دروس للشيخ محمد حسان	محمد بن إبراهيم بن إبراهيم بن حسان	ShamAY	417	0.27567
		الغدير	ايوب حائري	Ghbook	15497	0.27567
		فتح الوهاب فى بيان أحكام الصيام سؤال وجواب	السيد العربى بن كمال	ShamAY	36599	0.27566
		التنكيل بما في لجاج أبي الحسن من الأباطيل	ربيع بن هادي المدخلي	ShamAY	33023	0.27566
		صراع الفكر والاتباع	عدنان بن محمد آل عرعور	ShamelaY19	147096	0.27564
		البلوغ، حقيقته، علامته وأحكامه - الجزء1	الشيخ جعفر السبحاني	Masaha	4948	0.27563
		علي مع القرآن وليس المذهب	عبد الرحمن دمشقية	ShamAY	35686	0.27562
		الدرر المنتقاة من الكلمات الملقاة	أمين بن عبد الله الشقاوي	ShamAY	38508	0.27561
		قصر الصلاة للمغتربين	إبراهيم بن محمد الصبيحي	ShamAY	36409	0.27561
		الحاكم ومستدركه	سعد الحميد	ShamAY	37340	0.2756
		العزاء في مراة الاستدلال	السيد محمد هادي الحجازي	Ghbook	15268	0.2756
		موقف الخميني من أهل السنة	محمد مال الله	ShamAY	35316	0.27559
		درة الغواص في أوهام الخواص	القاسم بن علي بن محمد بن عثمان، أبو محمد الحريري البصري (المتوفى: 516هـ)	ShamAY	6920	0.27559
		 سامراء 	 صالح أحمد العلي 	ABLibrary	9120	0.27557
		الدفاع عن السنة - جامعة المدينة (ماجستير)	مناهج جامعة المدينة العالمية	ShamelaY19	95992	0.27555
		التحاكم إلى الكتاب والسنة في حفظ الأمن وحماية الأرواح	عبد العزيز بن عبد الله بن باز (المتوفى: 1420ه)	ShamelaY19	31086	0.27555
		دلائل الصدق لنهج الحق [ج ٢]	الشيخ محمد حسن المظفر	Rafed	248	0.27551
		 أنوار الفقاهة ( كتاب النكاح ) 	 الشيخ ناصر مكارم الشيرازي 	ABLibrary	9680	0.27549
		 رسائل الجاحظ 	 الجاحظ 	ABLibrary	8436	0.27549
		أعلام القرآن	أبو هاشم صالح بن عوّاد بن صالح المغامسي	ShamAY	774	0.27548
		عيون الحقائق الناظرة في تتميم الحدائق - الجزء1	الشيخ حسين آل عصفور	Masaha	1462	0.27548
		الخلاصة في أحكام الحج والعمرة	الواحدي :: علي بن نايف الشحود	ShamAY	36072	0.27546
		كتاب الحاوى الكبير ـ الماوردى	العلامة أبو الحسن الماوردى	ShamAY	34249	0.27545
		أَحْكَامُ الْجِهَادِ وَفَضَائِلُهُ	الواحدي :: ابن عبد السلام	ShamAY	34275	0.27543
		الدّرر النجفيّة [ج ١]	الشيخ يوسف بن أحمد البحراني [ صاحب الحدائق ]	Rafed	1549	0.27543
		مسألة الإيمان دراسة تأصيلية	علي بن عبد العزيز بن علي الشبل	Sham19Y	1929	0.27542
		كتاب موقف المؤمن من الفتنة	عبد الله العبيلان	ShamAY	35088	0.27538
		تعطير الأنفاس بالتعليق علي وصية النبي لابن عباس	محمد بن عمران	ShamAY	35974	0.27538
		رسالتان في البداء	السيد أبو القاسم الموسوي الخوئي	Masaha	281	0.27537
		أصول الفقه - آيات وأحاديث الأحكام من أمالي الأستاذ الإمام	ابن باديس، عبد الحميد	ShamAY	38965	0.27532
		موقف أصحاب الأهواء والفرق من السنة النبوية ورواتها جذورهم ووسائلهم وأهدافهم قديما وحديثا	أبو ياسر محمد بن مطر بن عثمان آل مطر الزهراني (المتوفى: 1427هـ)	ShamAY	12105	0.27532
		 منظومة أسماء الله الحسنى 	 عبد القادر الجيلاني 	ABLibrary	8723	0.27532
		معدن الجواهر ورياضة الخواطر	الشيخ القاضي أبي الفتح محمد بن علي الكراجكي	Masaha	4571	0.27532
		معيار الاختيار في ذكر المعاهد والدّيار	أبي عبد الله محمّد بن عبد الله بن سعيد بن أحمد السلماني [ لسان الدين بن الخطيب ]	Rafed	2992	0.27532
		ولادة أمير المؤمنين(ع) في الكعبة	الشيخ عبد الحسين الأميني النجفي	Masaha	486	0.2753
		منهج أهل السنة في تقويم الرجال ومؤلفاتهم	الشيخ محمد بن أحمد إسماعيل المقدم	ShamAY	35593	0.27529
		 تنبيهات حول المبدأ والمعاد 	 ميرزا حسنعلي مرواريد 	ABLibrary	8397	0.27528
		أحسن التقاسيم في معرفة الأقاليم	أبو عبد الله محمد بن أحمد المقدسي البشاري	ShamelaY19	23696	0.27525
		غاية المراد في شرح نكت الإرشاد - الجزء1	الشهيد الأول	Masaha	1112	0.27525
		صفة صلاة النبي صلى الله عليه وسلم من التكبير إلى التسليم كأنك تراها	محمد ناصر الدين الألباني (المتوفى: 1420هـ)	ShamAY	31580	0.27524
		الفرقان في تفسير القرآن بالقرآن والسنّة [ج ١٠]	الشيخ محمد الصادقي	Rafed	3021	0.27524
		شخصية المسلم كما يصوغها الإسلام في الكتاب والسنة	الدكتور محمد علي الهاشمي	Sham19Y	96265	0.27523
		التفسير المنير [ج ١١]	الدكتور وهبة الزحيلي	Rafed	2954	0.27522
		البيان الزاهر إلى فرسان المنابر	عبد الرحمن الأحمد	ShamAY	35154	0.27521
		صوت الحق ودعوة الصدق	الشيخ لطف الله الصافي	Masaha	328	0.27521
		الدفاع عن السنة - جامعة المدينة (ماجستير)	مناهج جامعة المدينة العالمية	ShamAY	1671	0.27519
		إثبات الأحكام النحوية بالأحاديث النبوية	الدكتور حسن محمود هنداوي	ShamAY	37078	0.27519
		مناظرات عقائديّة بين الشيعة وأهل السنّة	السيد أمير محمد القزويني	Rafed	3531	0.27519
		مجموعة الرسائل والمسائل - ط وهبة	تقي الدين أبو العباس أحمد بن عبد الحليم بن تيمية الحراني (المتوفى : 728هـ)	ShamAY	34371	0.27518
		 نفح الطيب من غصن الأندلس الرطيب 	 أحمد بن محمد المقري التلمساني 	ABLibrary	9305	0.27518
		لطائف المعارف	أبو هاشم صالح بن عواد بن صالح المغامسي	ShamelaY19	37748	0.27517
		المرشد الوجيز	الميرزا محسن آل عصفور	Rafed	875	0.27517
		العروة الوثقى في ضوء الكتاب والسنة - المفهوم، والفضائل، والمقتضى، والأركان، والشروط، والنواقص، والنواقض	د. سعيد بن علي بن وهف القحطاني	ShamelaY19	96468	0.27516
		رحمة للعالمين محمد رسول الله سيد الناس أجمعين نبي الرحمة، الرحمة المهداة خاتم المرسلين صلى الله عليه وسلم - نشأته، وأخلاقه، ومعجزاته، وعموم رسالته صلى الله عليه وسلم في ضوء الكتاب والسنة	د. سعيد بن على بن وهف القحطاني	Sham19Y	96721	0.27516
		أسماء الله الحسنى الثابتة في الكتاب والسنة - ط سلسبيل	د/محمود عبد الرازق الرضواني - أستاذ العقيدة والمذاهب المعاصرة المشارك .	ShamAY	34970	0.27514
		شخصية المسلم كما يصوغها الإسلام في الكتاب والسنة	الدكتور محمد علي الهاشمي	ShamAY	1748	0.27513
		الفلك الدائر على المثل السائر (مطبوع بآخر الجزء الرابع من المثل السائر)	عبد الحميد بن هبة الله بن محمد بن الحسين بن أبي الحديد، أبو حامد، عز الدين (المتوفى: 656هـ)	ShamAY	10550	0.27511
		 ولاية الأمر في عصر الغيبة 	 السيد كاظم الحائري 	ABLibrary	9614	0.2751
		تفسير الإمام الشافعي	الشافعي أبو عبد الله محمد بن إدريس بن العباس بن عثمان بن شافع بن عبد المطلب بن عبد مناف المطلبي القرشي المكي (المتوفى: 204هـ)	ShamAY	9182	0.27509
		قيام رمضان فضله وكيفية أدائه ومشروعية الجماعة فيه ومعه بحث قيم عن الاعتكاف	أبو عبد الرحمن محمد ناصر الدين، بن الحاج نوح بن نجاتي بن آدم، الأشقودري الألباني (المتوفى: 1420هـ)	ShamAY	11307	0.27509
		موضوعات خطبة الجمعة	عبد الرحمن بن معلا اللويحق	Sham19Y	31072	0.27508
		حقيقة الاعتقاد بالإمام المهدي المنتظر	المحامي أحمد حسين يعقوب	Masaha	237	0.27508
		مجمع البحرين [ج ٤]	الشيخ فخر الدين الطريحي	Rafed	1245	0.27508
		التحفه السنيه في شرح النخبه المحسنيه	عبدالله بن نورالدين بن نعمت الله موسوي الجزايري	Ghbook	11904	0.27502
		الصحيح من سيرة النبي الأعظم صلّى الله عليه وآله [ج ٣٣]	السيد جعفر مرتضى العاملي	Rafed	2648	0.275
		يوم الخلاص في ظل القائم المهدي عليه السلام	كامل سليمان	Masaha	3244	0.27499
		أَوْضَحُ الْمَسالِكِ إلى أَحْكامِ الْمَناسِكِ	الواحدي :: عبد العزيز السلمان	ShamAY	36230	0.27498
		أحكام الصيام- الهرفي	الواحدي :: عبد الرحمن الهرفي	ShamAY	36535	0.27496
		التكفير وضوابطه - السقار	منقذ بن محمود السقار	ShamelaY19	95566	0.27495
		رَحمةٌ للعَالَمِين مُحَمَّدٌ رَسُولُ اللَّهِ سَيِّدُ النَّاسِ أَجمَعِين نَبيُّ الرَّحمةِ، الرَّحمَةُ المُهدَاةُ خَاتم المرسَلين صَلَّى اللَّهُ عَلَيْهِ وَسَلَّمَ - نَشأتهُ، وَأخلاقه، وَمُعجزاته، وَعُمُوم رِسَالَتِهِ صَلَّى اللَّهُ عَلَيْهِ وَسَلَّمَ في ضوء الكتاب والسُّنَّة	د. سعيد بن على بن وهف القحطاني	ShamAY	1983	0.27495
		أحكام الصلاة على الميت .. مقارنة بين روايات مذهب الإمام أحمد بن حنبل	عادل بن عبد الله العبد الجبار	ShamAY	36468	0.27495
		كتاب التوحيد المسمى بـ «التخلي عن التقليد والتحلي بالأصل المفيد»	عمر العرباوي الحملاوي (المتوفى: 1405هـ)	ShamAY	31656	0.27495
		طريق النزاهه	آيت الله العظمي سيد محمد حسيني شيرازي	Ghbook	7756	0.27494
		جامع المسائل لابن تيمية ط عالم الفوائد - المجموعة الثامنة	شيخ الإسلام أحمد بن عبد الحليم بن عبد السلام ابن تيمية	ShamAY	37977	0.27493
		الفرقان في تفسير القرآن بالقرآن والسنّة [ج ٢٢]	الشيخ محمد الصادقي	Rafed	3045	0.27492
		تهذيب اللغة [ج ٩]	محمّد بن أحمد الأزهري	Rafed	1960	0.27491
		 الرد على ابن تيمية من كلام الشيخ الأكبر 	 محمود محمود الغراب 	ABLibrary	8912	0.2749
		أسئلة جريئة وأجوبة صريحة حول تفجيرات الرياض		ShamAY	36228	0.27489
		دراساتنا من الفقه الجعفري	آيت الله العظمي سيد تقي طباطبايي قمي	Ghbook	9675	0.27489
		أسنى المتاجر وبيان أحكام من غلب على وطنه النصاري ولم يهاجر وما يترتب عليه من العقوبات والزواجر	أحمد بن يحيى بن محمد الونشريسي التلمساني، أبو العباس المالكي (المتوفى: 914ه)	Sham19Y	6243	0.27487
		تفسير التّحرير والتّنوير [ج ٣]	الشيخ محمّد الطاهر ابن عاشور	Rafed	2907	0.27486
		شرح كتاب الإيمان لأبي عبيد - الراجحي	عبد العزيز بن عبد الله بن عبد الرحمن الراجحي	ShamelaY19	37024	0.27485
		الرحلات المغربية والأندلسية	عواطف محمد يوسف النواب	Masaha	4112	0.27485
		تراثنا ـ العدد [ 6 ]	مؤسسة آل البيت عليهم السلام لإحياء التراث ـ قم	Rafed	2636	0.27482
		العدة شرح العمدة	عبد الرحمن بن إبراهيم بن أحمد، أبو محمد بهاء الدين المقدسي (المتوفى: 624هـ)	ShamAY	10908	0.27481
		نهاية الإيجاز في سيرة ساكن الحجاز	رفاعة رافع الطهطاوي‏	Masaha	3035	0.27481
		شرح الطيبي على مشكاة المصابيح المسمى ب (الكاشف عن حقائق السنن)	شرف الدين الحسين بن عبد الله الطيبي (743ه)	ShamelaY19	122257	0.2748
		الأسرار الفاطميّة	الشيخ محمد فاضل المسعودي	Rafed	171	0.2748
		شرح العقيدة الطحاوية للبراك	عبد الرحمن بن ناصر بن براك بن إبراهيم البراك	ShamelaY19	23088	0.27479
		أصول مسائل العقيدة عند السلف وعند المبتدعة	سعود بن عبد العزيز الخلف	Sham19Y	7259	0.27479
		النشوز بين الزوجين	عايد بن عبد الله الحربي	Sham19Y	8965	0.27477
		ختان الإناث بين علماء الشريعة والأطباء	الدكتورة مريم إبراهيم هندي	ShamAY	33221	0.27474
		شرح كتاب فضل الاسلام - ابن باز	سماحة الشيخ ابن باز	ShamAY	35628	0.27472
		حكم تارك الصلاة - الألباني	محمد ناصر الدين الألباني (المتوفى: 1420هـ)	ShamAY	416	0.27472
		لذة الأعمال الصالحة	سامي بن محمد بن جاد الله :: سامي محمد	ShamAY	35010	0.27471
		النشوز بين الزوجين	عايد بن عبد الله الحربي	ShamAY	8965	0.27468
		منتهى المطلب في تحقيق المذهب - الجزء1	العلامة الحلي	Masaha	1212	0.27467
		آل البيت عليهم السلام وحقوقهم الشرعية	الشيخ صالح بن عبد الله الدرويش	ShamAY	37787	0.27466
		نور الشيب وحكم تغييره في ضوء الكتاب والسنة	د. سعيد بن علي بن وهف القحطاني	Sham19Y	96540	0.27466
		 إيقاظ الهمم في شرح حكم سيدي أحمد بن عطاء الله السكندري 	 أحمد بن محمد بن عجيبة الحسنى 	ABLibrary	8865	0.27466
		 شبهات حول القرآن وتفنيدها 	 غازي عناية 	ABLibrary	8450	0.27465
		روائع البيان تفسير آيات الأحكام	محمد علي الصابوني	ShamAY	12347	0.27464
		تفسير الصافي	ملا محسن فيض كاشاني	Ghbook	5225	0.27464
		البدر التمام بما صح من أدلة الأحكام	ناصر بن سعيد السيف	ShamelaY19	36341	0.27462
		 مجلة فقه أهل البيت ( ع ) 	 مجموعة مؤلفين 	ABLibrary	9748	0.27461
		شرح لامية العجم (وهو مختصر شرح الصفدي المسمى الغيث المسجم)	كمال الدين، محمد بن موسى بن عيسى بن علي الدميري أبو البقاء الشافعي (المتوفى: 808ه)	ShamelaY19	95860	0.2746
		حقيقة المثل الأعلى وآثاره	عيسى بن عبد الله السعدي الغامدي	Sham19Y	17072	0.2746
		الامامه في اهم الكتب الكلاميه و عقيده الشيعه الاماميه 	آيت الله علي حسيني ميلاني	Ghbook	4781	0.2746
		التحذير من مختصرات الصابوني في التفسير	بكر أبو زيد	ShamAY	34771	0.27456
		كتاب التوحيد (مطبوع ضمن مؤلفات الشيخ محمد بن عبد الوهاب، الجزء الأول)	محمد بن عبد الوهاب بن سليمان التميمي النجدي (المتوفى: 1206هـ)	ShamAY	11318	0.27454
		الإيمان بالجن بين الحقيقة والتهويل	علي بن نايف الشحود	ShamAY	34	0.27452
		أوائل المقالات في المذاهب والمختارات	الشيخ المفيد	Masaha	188	0.27452
		توفيق الرحمن في دروس القرآن	فيصل بن عبد العزيز بن فيصل ابن حمد المبارك الحريملي النجدي (المتوفى: 1376هـ)	ShamAY	9254	0.2745
		الكشكول	محمد بن حسين بن عبد الصمد الحارثي العاملي الهمذاني، بهاء الدين (المتوفى: 1031هـ)	ShamAY	1571	0.2745
		اتخاذ القرآن الكريم أساسا لشؤون الحياة والحكم في المملكة	أ:د صالح بن غانم السدلان	ShamAY	33397	0.27449
		فقه النوازل	بكر بن عبد الله أبو زيد بن محمد بن عبد الله بن بكر بن عثمان بن يحيى بن غيهب بن محمد (المتوفى : 1429هـ)	ShamAY	10776	0.27449
		إصلاح أمالي القالي وما أُلحق به	الأستاذ صبحي البصّام	ShamAY	35916	0.27447
		حراسة العقيدة	د. ناصر بن عبدالكريم العقل	ShamAY	35532	0.27447
		أصول مسائل العقيدة عند السلف وعند المبتدعة	سعود بن عبد العزيز الخلف	ShamAY	7259	0.27446
		صب العذاب على من سب الأصحاب	أبو المعالي محمود شكري بن عبد الله بن محمد بن أبي الثناء الألوسي (المتوفى: 1342هـ)	ShamAY	9775	0.27444
		كيف تطلب العلم؟	ابن جبرين	ShamAY	34991	0.27443
		تعظيم النص الشرعي .. مكانته ومعالمه	حسن بخاري	ShamAY	37608	0.27442
		98 خطبة للشيخ سامي الحمود	سامي الحمود	ShamAY	34755	0.27441
		المذكر والمؤنث	أبو بكر، محمد بن القاسم بن محمد بن بشار بن الحسن بن بيان بن سماعة بن فَروة بن قَطَن بن دعامة الأنباري (المتوفى: 328 هـ)	ShamAY	32543	0.27439
		الارتقاء بالكتابة	الواحدي :: محمد بن إبراهيم الحمد	ShamAY	37188	0.27439
		دروس الشيخ حسن أبو الأشبال	حسن أبو الأشبال الزهيري	ShamelaY19	37626	0.27436
		مكتبة الطالب (2) معرفة الله	علي كوراني	Ghbook	15141	0.27436
		معرفه الله دراسه تحليليه في المعرفه العقليه والمعرفه الفطريه والفرق بينهما	محمد باقر علم الهدي	Ghbook	11881	0.27435
		معالم أصول الفقه عند أهل السنة والجماعة	محمَّد بنْ حسَيْن بن حَسنْ الجيزاني	ShamAY	7372	0.27433
		البيان المفيد فيما اتفق عليه علماء مكة و نجد من عقائد التوحيد	مجموعة علماء	ShamAY	35470	0.2743
		شرح تجريد التوحيد للمقريزي	سليمان العلوان	ShamAY	35707	0.27428
		تكميل مشارق الشموس في شرح الدروس	الشيخ آقا حسين الخوانساري	Masaha	1267	0.27427
		التوحيد للفوزان	صالح بن فوزان بن عبد الله الفوزان	ShamAY	30846	0.27425
		بيان فضل علم السلف على علم الخلف - ط الصميعي	عبد الرحمن بن أحمد بن رجب الحنبلي (المتوفى: 795هـ)	ShamAY	38626	0.27424
		التعليقات الأثرية على العقيدة الطحاوية لأئمة الدعوة السلفية	مجموعة من المؤلفين	ShamAY	954	0.27421
		الايمان و الكفر في الكتاب و السنه	آيت الله العظمي جعفر سبحاني	Ghbook	5037	0.27421
		الخلاصة في أحكام الفتوى	الواحدي :: علي بن نايف الشحود	ShamAY	36074	0.2742
		 كتاب الحجب 	 ابن عربي 	ABLibrary	8741	0.2742
		الإفصاح عن أحاديث النكاح	أحمد بن محمد بن علي بن حجر الهيتمي السعدي الأنصاري، شهاب الدين شيخ الإسلام، أبو العباس (المتوفى: 974هـ)	ShamAY	6247	0.27419
		النظر وأحكامه	د.طارق الطواري	ShamAY	36428	0.27419
		الصحيح من سيرة النبي الأعظم صلّى الله عليه وآله [ج ٢٣]	السيد جعفر مرتضى العاملي	Rafed	2569	0.27419
		 سلسلة المسائل الفقهية 	 الشيخ السبحاني 	ABLibrary	9578	0.27418
		روضة الطالبين- الكتب العلمية	محي الدين النووي (ت 676هـ)	ShamAY	34251	0.27414
		القُرآنُ الكريمُ في مواجهِةِ الجاهليَّة	علي بن نايف الشحود	ShamAY	354	0.27412
		التحاكم إلى الكتاب والسنة في حفظ الأمن وحماية الأرواح	عبد العزيز بن عبد الله بن باز (المتوفى: 1420ه)	Sham19Y	31086	0.27412
		 ولاية الفقيه في حكومة الإسلام 	 السيد محمد حسين الطهراني 	ABLibrary	9444	0.27411
		المباحث المختصرة في حوض النبي صلى الله عليه وسلم	عيسى العتيبي	ShamAY	37421	0.2741
		رسالة في المهر	الشيخ المفيد	Masaha	1002	0.27406
		الآمل والمأمول	ينُسب لأبي عثمان عمرو بن بحر الجاحظ (المتوفى: 255هـ) ، ولا يُقطع بنسبته إليه، والأرحج أنه لابن المزبان الباحث	ShamAY	594	0.27404
		الخوف في الشعر العربي قبل الإسلام	الدكتور جليل حسن محمَّد	ShamAY	34533	0.27404
		مواقف حلف فيها النبي صلى الله عليه وآله وسلم	أبو محمد خميس السعيد محمد عبد الله	ShamAY	23684	0.27404
		تبريد حرارة المصيبة عند موت الأحباب وفقد ثمرات الأفئدة وفلذات الأكباد في ضوء الكتاب والسُّنَّة	د. سعيد بن علي بن وهف القحطاني	ShamAY	1832	0.27403
		نفحات القرآن [ج ٨]	آية الله مكارم الشيرازي	Rafed	3823	0.27402
		السحر و الشعوذة في القنوات الفضائية وطرق و وسائل التصدي لتلك القنوات والتحصن من شرها.	المحامي الدكتور مسلم اليوسف	ShamAY	36131	0.27401
		نظام الحكم في الاسلام	آيت الله العظمي جعفر سبحاني	Ghbook	5068	0.27401
		جلاء البصائر في الرد على كتابي شفاء الفؤاد والذخائر		ShamAY	35531	0.274
		مائة مبحث ومبحث في ظلال دعاء أبي حمزة الثمالي	الشيخ جبّار جاسم مكّاوي	Rafed	3086	0.274
		المواهب في تحرير أحكام المكاسب	الشيخ جعفر السبحاني	Masaha	5045	0.27399
		الرسالة المحرقة على أهل الرفض والزدقة		ShamAY	35624	0.27398
		حلية العلماء في معرفة مذاهب الفقهاء	محمد بن أحمد بن الحسين بن عمر، أبو بكر الشاشي القفال الفارقيّ، الملقب فخر الإسلام، المستظهري الشافعي (المتوفى: 507هـ)	ShamAY	6131	0.27396
		التّفسير الحديث [ج ٩]	محمّد عزّة دروزة	Rafed	3762	0.27395
		القرآنُ الكريمُ وقَضايا العقيدةِ	علي بن نايف الشحود	ShamAY	356	0.27392
		عقائد السنة وعقائد الشيعة التقارب والتباعد	الكاتب المصري صالح الورداني	Masaha	347	0.27392
		التقريب لتفسير التحرير والتنوير للطاهر بن عاشور	الواحدي	ShamAY	36932	0.27391
		كتب الغريب: (غريب القرآن)، (غريب الحديث) ... (غريب اللغة) بين حقيقة معنى (الغريب) وواقع التأليف	محمد كشاش	ShamAY	37162	0.2739
		الاختيارين المفضليات والأصمعيات	علي بن سليمان بن الفضل، أبو المحاسن، المعروف بالأخفش الأصغر (المتوفى: 315هـ)	ShamAY	136	0.27389
		مضامين عقدية في قوله تعالى: (إن شانئك هو الأبتر)	د. سليمان بن سالم السّحيمي	ShamAY	35755	0.27388
		تيجان الولاء في شرح بعض فقرات زياره عاشوراء	وسام البلداوي	Ghbook	12295	0.27388
		 منتقد المنافع في شرح المختصر النافع 	 ملا حبيب الله الشريف الكاشاني 	ABLibrary	9405	0.27387
		محاضرات عقائدية	المستشار الدمرداش بن زكي العقالي	Rafed	227	0.27387
		مفهوم اللعن و السب في القرآن الكريم	المجمع العالمي لاهل البيت عليهم السلام	Ghbook	7713	0.27387
		تفسير التّحرير والتّنوير [ج ٤]	الشيخ محمّد الطاهر ابن عاشور	Rafed	2908	0.27385
		أحكام الجنائز	عبد الله الطيار	ShamAY	36145	0.27384
		الآثار الإيمانية والأمنية من كلام رب البرية		ShamAY	36861	0.27382
		كيف تصبح عالما	راغب السرجاني	ShamelaY19	37382	0.27379
		 الرحلة الحجازية 	 اولياء چلبي 	ABLibrary	9091	0.27379
		شرح العمدة في بيان مناسك الحج والعمرة المؤلف: تقي الدين أبو العباس أحمد بن عبد الحليم بن عبد السلام بن عبد الله بن أبي القاسم بن محمد ابن تيمية الحراني الحنبلي الدمشقي (المتوفى: 728 ه)	ابن تيمية	Sham19Y	10810	0.27377
		العدة في أصول الفقه	أبو يعلى ابن الفراء	ShamelaY19	22793	0.27376
		نور الهدى وظلمات الضلال في ضوء الكتاب والسنة	د. سعيد بن علي بن وهف القحطاني	ShamelaY19	96541	0.27374
		الأنوار النعمانية في الدعوة الربانية	محمد علي محمد إمام	ShamelaY19	21011	0.27374
		شرح الصدر بذكر ليلة القدر	أبو زرعة ولي الدين أحمد بن عبد الرحيم العراقي (826 هـ)	ShamAY	34306	0.27373
		تهذيب اللغة [ج ١٤]	محمّد بن أحمد الأزهري	Rafed	1965	0.27372
		وانقضت أوهام العمر	السيد جمال محمد صالح	Masaha	481	0.2737
		تفسير المراغي [ج ١]	أحمد مصطفى المراغي	Rafed	1658	0.2737
		 الذريعة إلى حافظ الشريعة ( شرح أصول الكافي ) 	 رفيع الدين محمد بن محمد مؤمن الجيلاني 	ABLibrary	7913	0.27369
		ضوء الدراري في أخبار شمس الدين الفناري	الدكتور صلاح محمد سالم أبو الحاج	ShamAY	35855	0.27368
		قول الفلاسفة اليونان الوثنيين في توحيد الربوبية	سعود بن عبد العزيز الخلف	ShamAY	3982	0.27368
		فيض الباري على صحيح البخاري	(أمالي) محمد أنور شاه بن معظم شاه الكشميري الهندي ثم الديوبندي (المتوفى: 1353ه)	Sham19Y	98124	0.27368
		الميزان في تفسير القرآن [ج ١٥]	آية الله السيد محمد حسين الطباطبائي	Rafed	1448	0.27368
		الطب النبوي لابن القيم - الفكر	الواحدي :: ابن القيم	ShamAY	34417	0.27367
		الرد على مزاعم المستشرقين جولد تسهير ويوسف شاخت ومن أيدهما من المستغربين	عبد الله بن عبد الرحمن الخطيب	ShamAY	7627	0.27366
		 أساس الحكومة الإسلامية 	 السيد كاظم الحائري 	ABLibrary	9607	0.27365
		مقالات الشيخ ربيع المدخلي	ربيع بن هادي المدخلي	ShamAY	33041	0.27363
		شرح «أدب القاضي للخصاف» للصدر الشهيد ت سرحان	برهان الأئمة حسام الدين عمر بن عبد العزيز بن مازة البخاري المعروف بالصدر الشهيد (المتوفى شهيدا: سنة 536 ه)	ShamelaY19	150967	0.27362
		خطبة الغديـر	محمد باقر الأنصارى	Masaha	246	0.27362
		الإقبال بالأعمال الحسنة فيما يعمل مرّة في السنة [ج ٣]	السيّد رضي الدين أبو القاسم علي بن موسى بن جعفر بن طاووس الحسني الحلّي [ السيّد بن طاووس ]	Rafed	1400	0.27362
		عيون المسائل للسمرقندي الحنفي	أبو الليث نصر بن محمد بن أحمد بن إبراهيم السمرقندي (المتوفى: 373هـ)	ShamAY	31838	0.27361
		تفسير الإمام الشافعي	الإمام / أبو عبد الله محمد بن إدريس الْمُطَّلَبِي	ShamAY	34050	0.27359
		تحفة الأخيار ببيان جملة نافعة مما ورد في الكتاب والسنة من الأدعية والأذكار	عبد العزيز بن عبد الله بن باز (المتوفى: 1420هـ)	ShamAY	31303	0.27357
		فضائل الأئمة الأربعة وما امتاز به كل إمام من الفضيلة، ويليه: فصل في اشتراط حفظ القرآن للمجتهد، وفصل آخر: في مدارك الكراهة	شيخ الإسلام أبو العباس أحمد بن عبد الحليم ابن تيمية الحراني	ShamAY	34394	0.27354
		غاية الأماني في تفسير الكلام الرباني	أحمد بن إسماعيل بن عثمان الكوراني، شهاب الدين الشافعيّ ثم الحنفي (المتوفى: 893هـ)	ShamAY	1545	0.27353
		الاعتصام بالله سبيل النجاة	أنور بن أهل الله	ShamelaY19	37584	0.27352
		صلاة المريض - مفهوم، وفضائل، وآداب، وكيفية، وأحكام في ضوء الكتاب والسنة	د. سعيد بن علي بن وهف القحطاني	ShamelaY19	96506	0.2735
		الزكاة في الإسلام في ضوء الكتاب والسنة - مفهوم, ومنزلة, وحكم, وفوائد، وأحكام, وشروط, ومسائل	د. سعيد بن علي بن وهف القحطاني	Sham19Y	96466	0.2735
		معجم مقائيس اللغة‌  - الجزء1	ابو الحسين احمد بن فارس بن زكريا‌	Masaha	3703	0.2735
		التّفسير الحديث [ج ٦]	محمّد عزّة دروزة	Rafed	3724	0.2735
		قاعدة في الجرح والتعديل (مطبوع مع كتاب «أربع رسائل في علوم الحديث» )	تاج الدين عبد الوهاب بن تقي الدين السبكي (المتوفى: 771ه)	ShamelaY19	26113	0.27349
		رسالة الملائكة ت الجندي	أَبُو العَلاء المَعَرِّي	ShamAY	38986	0.27349
		الزكاة في الإسلام في ضوء الكتاب والسنة - مفهوم, ومنزلة, وحِكَمٌ, وفوائد، وأحكام, وشروط, ومسائل	د. سعيد بن علي بن وهف القحطاني	ShamAY	1814	0.27346
		اللّباب في علوم الكتاب [ج ٦]	أبي حفص عمر بن علي بن عادل الدمشقي الحنبلي	Rafed	3097	0.27346
		أدب الحوار	الواحدي :: سلمان العودة	ShamAY	35014	0.27345
		أهمية دراسة السيرة النبوية للمعلمين	د. حصة بنت عبد الكريم الزيد	ShamAY	10898	0.27344
		 الاجتهاد والتقليد وسلطات الفقيه وصلاحياته 	 الشيخ محمد مهدي الآصفي 	ABLibrary	9537	0.27344
		 رسائل ابن سبعين 	 ابن سبعين 	ABLibrary	8760	0.27344
		دروس تمهيديّة في الفقه الإستدلالي على المذهب الجعفري [ج ٣]	الشيخ محمّد باقر الإيرواني	Rafed	2678	0.27342
		البدر التمام بما صح من أدلة الأحكام	ناصر بن سعيد السيف	Sham19Y	36341	0.27341
		 أدب الطف أو شعراء الحسين ( ع ) 	 جواد شبر 	ABLibrary	7408	0.27341
		بحار الأنوار [ج ٥٤]	الشيخ محمّد باقر بن محمّد تقي المجلسي	Rafed	1039	0.27341
		البرهان في علوم القرآن [ج ٣]	بدر الدين محمّد بن عبد الله الزّركشي	Rafed	2130	0.27341
		الدلائل في شرح منتخب المسائل - الجزء1	السيد تقي الطباطبائي القمي	Masaha	4902	0.27339
		دلائل الإعجاز بين أبي سعيد السيرافي والجرجاني	حسن بن إسماعيل بن حسن بن عبد الرازق الجناجي رئيس قسم البلاغة بجامعة الأزهر (المتوفى: 1429 ه)	ShamelaY19	151016	0.27338
		دروس الشيخ محمد حسن عبد الغفار	محمد حسن عبد الغفار	ShamAY	875	0.27338
		مكارم الأخلاق لابن عثيمين	محمد بن صالح بن محمد العثيمين (المتوفى: 1421هـ)	ShamAY	12082	0.27333
		بحث تحليلي في عقائد الوهابيه حول مبحث التوسل	جعفر سيدان	Ghbook	16181	0.27333
		الدلائل في حكم موالاة أهل الإشراك	سليمان بن عبد الله بن محمد بن عبد الوهاب (المتوفى: 1233هـ)	ShamAY	12827	0.27332
		تثبيت دلائل النبوة‏ - الجزء1	القاضي عبد الجبار	Masaha	1985	0.27332
		صلاه التراويح بين السنه و البدعه	آيت الله العظمي جعفر سبحاني	Ghbook	5061	0.2733
		الحلية في إعفاء اللحية	عبد اللطيف البلوشي	ShamAY	36577	0.27327
		الدفاع عن الله ورسوله وشرعه	أبو الأشبال حسن الزهيري آل مندوه المنصوري المصري	ShamelaY19	37616	0.27325
		دروس للشيخ صالح المغامسي	أبو هاشم صالح بن عواد بن صالح المغامسي	ShamelaY19	37431	0.27325
		الإنسان بين العبودية لله والعبودية للعبيد	علي بن نايف الشحود	ShamAY	1610	0.27325
		 الدلائل في شرح منتخب المسائل 	 السيد تقي الطباطبائي 	ABLibrary	9705	0.27324
		طرق الاستدلال بالسنة والاستنباط منها	عبد العزيز بن عزت بن الشيخ مصطفى بن الحاج أسعد الخياط	ShamelaY19	37347	0.27323
		جوامع الأخبار	عبد الرحمن بن ناصر بن عبد الله السعدي (المتوفى: 1376هـ)	ShamAY	33084	0.27321
		الكافي في فقه الإمام أحمد	أبو محمد موفق الدين عبد الله بن أحمد بن محمد بن قدامة الجماعيلي المقدسي ثم الدمشقي الحنبلي، الشهير بابن قدامة المقدسي (المتوفى: 620ه)	ShamelaY19	21731	0.27318
		أشراط الساعة الكبرى - المغامسي	أبو هاشم صالح بن عواد بن صالح المغامسي	ShamelaY19	37736	0.27318
		الإبانة في اللغة العربية	سَلَمة بن مُسْلِم العَوْتبي الصُحاري	ShamAY	32670	0.27318
		محمد أبو زهرة إمام الفقهاء المعاصرين والمدافع الجرئ عن حقائق الدين	محمد عثمان شبير	ShamAY	38601	0.27318
		شرح الأربعين النووية لعطية سالم	عطية بن محمد سالم (المتوفى : 1420هـ)	ShamAY	7719	0.27316
		التفسير القيم = تفسير القرآن الكريم لابن القيم	محمد بن أبي بكر بن أيوب بن سعد شمس الدين ابن قيم الجوزية (المتوفى: 751ه)	Sham19Y	23606	0.27316
		الحكم الجديرة بالإذاعة من قول النبي صلى الله عليه وسلم بعثت بالسيف بين يدي الساعة	زين الدين عبد الرحمن بن أحمد بن رجب بن الحسن، السلامي، البغدادي، ثم الدمشقي، الحنبلي (المتوفى: 795ه)	ShamelaY19	26141	0.27315
		كبرت كلمة تخرج من أفواههم ونطق الرويبضة الرافضي حسن شحاتة		ShamAY	35574	0.27311
		 سلسلة المسائل الفقهية 	 الشيخ السبحاني 	ABLibrary	9574	0.27311
		 تاج العروس الحاوى لتهذيب النفوس ( ويليه الهداية لباديس / الورع للأبياري / الطريق إلى الله للمزيدي ) 	 ابن عطاء الله السكندري 	ABLibrary	8789	0.2731
		تهذيب اللغة [ج ٢]	محمّد بن أحمد الأزهري	Rafed	1938	0.27309
		تاريخ الأدب العربي العصر الجاهلي	أحمد شوقي عبد السلام ضيف الشهير بشوقي ضيف (المتوفى: 1426هـ)	ShamAY	11996	0.27308
		رعاية الرسول - صلى الله عليه وسلم - للضعفاء	محمد مسعد ياقوت	ShamAY	36110	0.27307
		النبوة: اصطفاء وقدوة (السنة 33 - العدد 113)	أحمد مختار البزرة	ShamAY	8966	0.27307
		تهذيب اللغة [ج ١١]	محمّد بن أحمد الأزهري	Rafed	1962	0.27306
		بشارة المحبوب بتكفير الذنوب	عبد الرحمن بن خليل بن سلامة، زين الدين الأذرعي القابوني، ويعرف بابن الشيخ خليل (المتوفى: 869هـ)	ShamAY	10922	0.27305
		المقدمه العقائديه	آيت الله العظمي سيد محمد حسيني شيرازي	Ghbook	7832	0.27305
		مقالات الشيخ عبد الرحمن عبد الخالق	عبد الرحمن عبد الخالق اليوسف	ShamAY	34712	0.27303
		منهج الموازنة في الحكم على الأعيان عند شيخ الإسلام	أبو بكر بن عبد العزيز البغدادي	ShamAY	36526	0.27301
		مقدمات الشيخ ربيع المدخلي	ربيع بن هادي المدخلي	ShamAY	33019	0.273
		مقامات بديع الزمان الهمذاني	أبو الفضل أحمد بن الحسين بن يحيى بديع الزمان الهمذاني (المتوفى: 398ه)	ShamelaY19	28113	0.27299
		ارواء الضمآن من فضائل الرحمن	أبو سند محمد	ShamAY	35152	0.27299
		فضل الصحابة وذم من عاداهم	عبد الله الجبرين	ShamAY	35626	0.27299
		شرح المنظومة الحائية لابن أبي داود	عبد الكريم الخضير	ShamAY	15	0.27299
		تحفة البيان ، خطاب القرآن لاهل الايمان	علي حيدر المؤيد	Ghbook	16333	0.27298
		كيفية دعوة عصاة المسلمين إلى الله تعالى في ضوء الكتاب والسنة	د. سعيد بن علي بن وهف القحطاني	ShamelaY19	96519	0.27297
		فيض الباري على صحيح البخاري	(أمالي) محمد أنور شاه بن معظم شاه الكشميري الهندي ثم الديوبندي (المتوفى: 1353هـ)	ShamAY	31617	0.27296
		معيار الاختيار في ذكر المعاهد والديار	محمد بن عبد الله بن الخطيب	Masaha	4734	0.27293
		شرح الزركشي على مختصر الخرقي - العلمية	شمس الدين أبي عبد الله محمد بن عبد الله الزركشي المصري الحنبلي	ShamAY	34268	0.27292
		توضيح مقاصد العقيدة الواسطية (لابن تيمية)	عبد الرحمن بن ناصر البراك	ShamAY	32359	0.2729
		شرح اللمع		ShamAY	38479	0.27289
		الفرقان بين أولياء الرحمن وأولياء الشيطان - ط الفضيلة	الواحدي :: ابن تيمية	ShamAY	34364	0.27289
		الطب النبوي‏	ابن القيم الجوزي	Masaha	2051	0.27289
		معلم التجويد	د خالد بن عبد الرحمن بن علي الجريسي	ShamelaY19	21513	0.27288
		تفسير المراغي	أحمد بن مصطفى المراغي (المتوفى: 1371ه)	ShamelaY19	23608	0.27287
		شرح الورقات في أصول الفقه - المحلي	جلال الدين محمد بن أحمد بن محمد بن إبراهيم المحلي الشافعي (المتوفى: 864هـ)	ShamAY	984	0.27287
		أحكام الأضحية والذكاة (مطبوع ضمن كتاب الصيد الثمين في رسائل ابن عثيمين)	محمد بن صالح بن محمد العثيمين (المتوفى: 1421هـ)	ShamAY	11529	0.27286
		رسالتان في البداء	السيد محمد علي الحكيم	Rafed	1578	0.27286
		الرحلة الحجازية	أوليا الشلبي	Masaha	4644	0.27285
		اعتقاد أهل السنة شرح أصحاب الحديث	محمد بن عبد الرحمن الخميس	ShamAY	10471	0.27284
		من سنن النبي(ص) البكاء على الميت	السيد مرتضى العسكري	Masaha	439	0.27284
		شرح كتاب الإيمان - يوسف الغفيص	يوسف بن محمد علي الغفيص	ShamAY	31673	0.27283
		القاموس المحيط	مجد الدين أبو طاهر محمد بن يعقوب الفيروزآبادى (المتوفى: 817ه)	Sham19Y	7283	0.27282
		التفسير المنير في العقيدة والشريعة والمنهج	د وهبة بن مصطفى الزحيلي	ShamAY	22915	0.2728
		محمد صلى الله عليه وسلم كأنك تراه	الواحدي :: عائض القرني	ShamAY	37404	0.27279
		المفردات في غريب القرآن	أبو القاسم الحسين بن محمد المعروف بالراغب الأصفهانى (المتوفى: 502هـ)	ShamAY	23636	0.27279
		قواعد الترجيح المتعلقة بالنص عند ابن عاشور في تفسيره التحرير والتنوير - دراسة تأصيلية تطبيقية	عبير بنت عبد الله النعيم	ShamAY	38865	0.27276
		نخبة الفكر في مصطلح أهل الأثر (مطبوع ملحقا بكتاب سبل السلام)	أبو الفضل أحمد بن علي بن محمد بن أحمد بن حجر العسقلاني (المتوفى: 852ه)	Sham19Y	5940	0.27276
		الإيضاح في مناسك الحج والعمرة	أبو زكريا محيي الدين يحيى بن شرف النووي (المتوفى: 676هـ)	ShamAY	1706	0.27274
		الخزل والدأل بين الدور والدارات والديرة	شهاب الدين أبو عبد الله ياقوت بن عبد الله الرومي الحموي (المتوفى: 626هـ)	ShamAY	5379	0.27272
		معدن الجواهر ورياضة الخواطر	أبي الفتح محمّد بن علي الكراجكي	Rafed	1775	0.27269
		روائع الطب الإسلامي	محمد نزار الدقر	ShamAY	34905	0.27268
		المسائل الست الكرام المتعلقة بجمع أحاديث الإحرام والبيت الحرام وتفضيل البلد الحرام على المدينة المنورة على ساكنها الصلاة والسلام	مرعي بن يوسف المقدسي الحنبلي (1132هـ)	ShamAY	34295	0.27267
		الإرهاب والغلو	عبد الرحمن بن معلا اللويحق	ShamAY	33370	0.27266
		محاضرات مفرغة للشيخ سليمان اللهيمد		ShamAY	34728	0.27265
		مسالك الأبصار في ممالك الأمصار	أحمد بن يحيى بن فضل الله القرشي العدوي العمري، شهاب الدين (المتوفى: 749هـ)	ShamAY	11790	0.27263
		اللحية لماذا؟	محمد بن أحمد بن إسماعيل المقدم	Sham19Y	98135	0.27263
		 رسالتان في الحكمة المتعالية والفكر الروحي 	 حسن بن حمزة الشيرازي ( شرف البلاسي ) 	ABLibrary	8784	0.27261
		شرح الطحاوية - يوسف الغفيص	يوسف بن محمد علي الغفيص	ShamelaY19	37777	0.2726
		المنتخب من صحيح السنة النبوية (وهو المنهج المقرر للمرحلة الأولى من كلية العلوم الإسلامية - جامعة الأنبار)	الدكتور ماهر ياسين الفحل	Sham19Y	1766	0.27259
		رحلة ابن جبير	محمّد بن أحمد بن جبير الأندلسي	Rafed	2273	0.27259
		محاضرات عقائدية	المستشار الدمرداش العقالي	Masaha	400	0.27257
		العودة إلى القرآن لماذا وكيف	مجدي الهلالي	ShamAY	269	0.27256
		شرح العمدة في بيان مناسك الحج والعمرة المؤلف: تقي الدين أبو العباس أحمد بن عبد الحليم بن عبد السلام بن عبد الله بن أبي القاسم بن محمد ابن تيمية الحراني الحنبلي الدمشقي (المتوفى: 728 هـ)	ابن تيمية	ShamAY	32298	0.27255
		الإيمان والكفر في الكتاب والسنة	الشيخ جعفر السبحاني	Masaha	133	0.27254
		التذكرة الفخرية	الصاحب بهاء الدين علي بن عيسى بن أبي الفتح الإربلي (المتوفى: 692هـ)	ShamAY	724	0.27253
		جواهر الكلام [ج ٢٠]	الشيخ محمّد حسن النّجفي	Rafed	651	0.27253
		أحسن التقاسيم في معرفة الأقاليم‏	محمد بن أحمد بن عبد الهادي المقدسي	Masaha	4475	0.27251
		التّفسير الحديث [ج ٧]	محمّد عزّة دروزة	Rafed	3737	0.2725
		شرح الرسالة التدمرية	محمد بن عبد الرحمن الخميس	Sham19Y	11256	0.27249
		قوارب النجاة في حياة الدعاة	فتحي يكن	ShamAY	33403	0.27248
		العقيدة رواية أبي بكر الخلال	أبو عبد الله أحمد بن محمد بن حنبل بن هلال بن أسد الشيباني (المتوفى: 241هـ)	ShamAY	6498	0.27248
		التفسير القيم = تفسير القرآن الكريم لابن القيم	محمد بن أبي بكر بن أيوب بن سعد شمس الدين ابن قيم الجوزية (المتوفى: 751هـ)	ShamAY	23606	0.27247
		موضوعات خطبة الجمعة	عبد الرحمن بن معلا اللويحق	ShamAY	31072	0.27245
		الكشف عن حقيقة الصوفية	محمود القاسم	ShamAY	37771	0.27245
		رسائل الجاحظ (الكلامية)	عمرو بن بحر بن محبوب الكناني بالولاء، أبو عثمان، الشهير بالجاحظ (المتوفى: 255هـ)	ShamAY	34786	0.27242
		اعرف الحق	محمد تيجاني سماوي	Ghbook	15752	0.27241
		لطائف المعارف	أبو هاشم صالح بن عوّاد بن صالح المغامسي	ShamAY	886	0.27239
		تفسير ستّ سور	الملّا حبيب الله الشريف الكاشاني	Rafed	1581	0.27238
		الرسول الأعظم صلّى الله عليه وآله على لسان اُمّ أبيها فاطمة الزهراء عليها السلام	السيّد محسن الحسيني الأميني	Rafed	2671	0.27237
		شرح حديث جبريل - عليه السلام - في الإسلام والإيمان والإحسان المعروف باسم كتاب «الإيمان الأوسط»	أحمد بن عبد الحليم ابن تيمية	ShamelaY19	20587	0.27236
		إهداء للبرنامج من دار الركائز للنشر والتوزيع - دولة الكويت	عبد الرحمن بن عبد الله البعلي الحنبلي (ت: 1192 ه)	ShamelaY19	147660	0.27236
		العقيدة في الله عز وجل	صالح الرقب	ShamAY	35629	0.27236
		سيّدة النساء فاطمة الزهراء عليها السلام	علي موسى الكعبي	Rafed	127	0.27235
		ما يجب أن يعرفه المسلم عن دينه	أبو عبد الرحمن عبد الله بن عبد الغني بن محمد خياط (المتوفى: 1415ه)	ShamelaY19	30856	0.27233
		الزبدة الفقهيّة [ج ١]	السيّد محمّد حسن ترحيني العاملي	Rafed	2472	0.27233
		البكاء علي موتي المومنين	المجمع العالمي لاهل البيت عليهم السلام	Ghbook	7535	0.27232
		قاعدة مختصرة في قتال الكفار ومهادنتهم وتحريم قتلهم لمجرد كفرهم	شيخ الإسلام أحمد بن عبد الحليم ابن تيمية الحراني (661 - 728 ه)	ShamelaY19	147669	0.2723
		مساجلة علمية بين الإمامين الجليلين العز بن عبد السلام وابن الصلاح حول صلاة الرغائب المبتدعة	العز بن عبد السلام (660 هـ) وابن الصلاح (643 هـ)	ShamAY	34315	0.27229
		مجموع فتاوى العلامة عبد العزيز بن باز رحمه الله	عبد العزيز بن عبد الله بن باز (المتوفى: 1420هـ)	ShamAY	21537	0.27228
		الفقه المقارن أصوله وآثاره وأمثلته	الدكتور صلاح محمد أبو الحاج	ShamAY	37527	0.27227
		تهذيب اللغة [ج ١٣]	محمّد بن أحمد الأزهري	Rafed	1964	0.27227
		المفَصَّلُ في موضوعات سور القرآن	علي بن نايف الشحود	ShamAY	36743	0.27226
		طريق الهجرتين وباب السعادتين	محمد بن أبي بكر بن أيوب بن سعد شمس الدين ابن قيم الجوزية (المتوفى: 751هـ)	ShamAY	12029	0.27224
		البحر المديد في تفسير القرآن المجيد [ج ٤]	أحمد بن محمد بن عجيبة	Rafed	3805	0.27223
		شرح كتاب فضل الإسلام لمحمد بن عبد الوهاب - ناصر العقل	ناصر بن عبد الكريم العلي العقل	ShamelaY19	37719	0.27218
		السُنَّة المطهرة والتحديات	نور الدين محمد عتر الحلبي، أستاذ التفسير وعلوم القرآن والحديث وعلومه في كليات الشريعة والآداب في جامعتي دمشق وحلب	ShamAY	608	0.27218
		بنات النبي ( صلي الله عليه و آله و سلم ) ام ربائبه ؟!	سيد جعفرمرتضي حسيني عاملي	Ghbook	7616	0.27217
		مجلة لغة العرب العراقية - مجلة شهرية أدبية علمية تاريخية	أنستاس الكرملي	ShamelaY19	36540	0.27216
		نور الابصار في احوال الائمه التسعه الابرار ( عليهم السلام ) - الامام الباقر ( عل...	محمد مهدي مازندراني حائري	Ghbook	6292	0.27216
		دروس للشيخ محمد المنجد	محمد صالح المنجد	ShamAY	419	0.27215
		الولادات الثلاث: و سلام عليه يوم ولد و يوم يموت و يوم يبعث حيا	علي كوراني	Ghbook	15114	0.27215
		كشف الأسرار عن أصول فخر الإسلام البزدوي - العلمية	عبد العزيز بن أحمد بن محمد، علاء الدين البخاري (المتوفى: 730هـ)	ShamAY	34199	0.27214
		مجمع البحرين [ج ١]	الشيخ فخر الدين الطريحي	Rafed	1234	0.27214
		الاعتبار	أبو المظفر مؤيد الدولة مجد الدين أسامة بن مرشد بن علي بن مقلد بن نصر بن منقذ الكناني الكلبي الشيزري (المتوفى: 584ه)	ShamelaY19	21564	0.27212
		تنبيهات حول المبدأ والمعاد	الميرزا حسنعلي مرواريد	Rafed	724	0.27211
		شرح الأصول الثلاثة - اللهيمد	سليمان بن محمد اللهيميد	ShamAY	35426	0.27209
		الافصاح في الامامه	محمد بن  محمد بن نعمان شيخ مفيد	Ghbook	2379	0.27209
		لمحات من المعاد	السيد علي الحسيني الصدر	Rafed	1750	0.27207
		الإنسان بين علو الهمة وهبوطها	علي بن نايف الشحود	ShamAY	34825	0.27206
		ليحج خمسون مليونا كل عام !	آيت الله العظمي سيد محمد حسيني شيرازي	Ghbook	7805	0.27206
		أضواء إسلامية على عقيدة سيد قطب وفكره	ربيع بن هادي المدخلي	ShamAY	33031	0.27205
		تحرير الفتاوى على «التنبيه» و «المنهاج» و «الحاوي» المسمى (النكت على المختصرات الثلاث)	ولي الدين أبو زرعة أحمد بن عبد الرحيم بن الحسين بن عبد الرحمن العراقي الكردي المهراني القاهري الشافعي (762 ه - 826 ه)	ShamelaY19	127671	0.27204
		سياحة في كتاب الكافي للشيعة الإثني عشرية	عثمان بن محمد آل خميس الناصري أبو محمد التميمي	ShamAY	35307	0.27204
		بحوث ودراسات من موقع الإسلام اليوم	مجموعة من المؤلفين	ShamAY	36432	0.27204
		في السلوك الإسلامي القويم	ابن الشوكاني، أحمد بن محمد بن علي وهو ابن العلامة الشوكاني الكبير (المتوفى: 1281ه)	Sham19Y	31375	0.27204
		التيسير في أصول واتجاهات التفسير	عماد علي عبد السميع (معاصر)	ShamAY	32566	0.27202
		الإخلاص وأثره في قبول الأعمال	الواحدي :: عبد الله الطيار	ShamAY	34936	0.27202
		المقدمات الممهدات	أبو الوليد محمد بن أحمد بن رشد القرطبي (المتوفى: 520هـ)	ShamAY	32011	0.27201
		يبتدعون ولا يعلمون	أبو أنس ماجد إسلام البنكاني :: ماجد البنكاني	ShamAY	36562	0.27199
		الفواكه العديدة في المسائل المفيدة	أحمد بن محمد بن أحمد بن حمد المنقور (المتوفى: 1125 ه)	ShamelaY19	150961	0.27198
		اليسر والسماحة في الإسلام	فالح بن محمد الصغير	ShamAY	1138	0.27198
		في السلوك الإسلامي القويم	ابن الشوكاني، أحمد بن محمد بن علي وهو ابن العلامة الشوكاني الكبير (المتوفى: 1281ه)	ShamelaY19	31375	0.27195
		البدعة الشرعية	أبو المنذر محمود بن محمد بن مصطفى بن عبد اللطيف المنياوي	ShamelaY19	96850	0.27194
		النّجم الثاقب [ج ١]	صلاح بن علي بن محمّد بن أبي القاسم	Rafed	1953	0.27194
		الدعاء و الزياره	آيت الله العظمي سيد محمد حسيني شيرازي	Ghbook	8068	0.27194
		 الطراز الأول والكناز لما عليه من لغة العرب المعول - المقدمة 	 ابن معصوم المدني 	ABLibrary	7945	0.27193
		آداب طالب العلم	الدكتور صلاح محمد أبو الحاج	ShamAY	34944	0.27188
		عن الرسائل الشخصية للشيخ محمد بن عبد الوهاب (مطبوع ضمن بحوث ندوة دعوة الشيخ محمد بن عبد الوهاب، الجزء الأول)	عبد الله بن صالح العثيمين	ShamAY	7630	0.27186
		دفع اباطيل الكاتب	مرتضي مهري	Ghbook	4561	0.27186
		رسالتان	محمد واعظ زاده خراساني	Ghbook	7536	0.27186
		الدكتور علي جمعة إلى أين	طلحة محمد المسير	ShamelaY19	37659	0.27184
		شرح ألفية العراقي - عبد الكريم الخضير	عبد الكريم الخضير	ShamAY	143	0.27184
		دليل الحيران على مورد الظمآن	أبو إسحاق إبراهيم بن أحمد بن سليمان المارغني التونسي المالكي (المتوفى: 1349هـ)	ShamAY	1484	0.27184
		كيف تصبح عالما	راغب السرجاني	ShamAY	639	0.27184
		الدعوة إلى الله في ميادينها الثلاثة	حمد بن حامد آل عثمان الغامدي	ShamAY	33438	0.27183
		مصرع التصوف وهو كتابان: تنبيه الغبي إلى تكفير ابن عربي، وتحذير العباد من أهل العناد ببدعة الاتحاد	إبراهيم بن عمر بن حسن الرباط بن علي بن أبي بكر البقاعي (المتوفى: 885هـ)	ShamAY	8317	0.27182
		تذكرة بالأخبار عن اتقافات الأسفار  - الجزء1	محمد بن أحمد ابن جبير	Masaha	4170	0.27182
		عقيدة أبي طالب	السيد طالب الحسيني الرفاعي	Masaha	348	0.27182
		البدر التمام بما صح من أدلة الأحكام	ناصر بن سعيد السيف	ShamAY	235	0.27181
		مجموعة الرسائل والمسائل النجدية (الجزء الأول)	لبعض علماء نجد الأعلام	ShamAY	12064	0.27181
		زبدة التّفاسير [ج ١]	فتح الله بن شكر الله الشريف الكاشاني	Rafed	1713	0.2718
		شرح المنظومة البيقونية - عبد الكريم الخضير	عبد الكريم الخضير	ShamelaY19	23743	0.27179
		شرح ألفية العراقي - عبد الكريم الخضير	عبد الكريم الخضير	Sham19Y	23769	0.27178
		علم البديع	الدكتور عبدالعزيز عتيق	Rafed	2535	0.27178
		 إثنا عشر رسالة 	 السيد محمد باقر الداماد ( الميرداماد ) 	ABLibrary	838	0.27176
		خزانة التّواريخ النجديّة [ج ٨]	عبد الله بن عبد الرحمن بن صالح آل بسام	Rafed	2174	0.27172
		الدلائل والإشارات على كشف الشبهات	صَالح بنْ محمّد بن حَسَن الأسمَرِيّ	ShamAY	35727	0.27171
		مجمع البحرين [ج ٢]	الشيخ فخر الدين الطريحي	Rafed	1238	0.2717
		شرح العقيدة الواسطية للعثيمين	محمد بن صالح بن محمد العثيمين (المتوفى: 1421 هـ)	ShamAY	32374	0.27168
		الوامق النصراني وشعره في الغدير	الشيخ عبد الحسين الأميني النجفي	Masaha	480	0.27167
		الفرقان بين أولياء الرحمن وأولياء الشيطان	تقي الدين أبو العباس أحمد بن عبد الحليم بن عبد السلام بن عبد الله بن أبي القاسم بن محمد ابن تيمية الحراني الحنبلي الدمشقي (المتوفى: 728هـ)	ShamAY	21499	0.27166
		الفرقان في تفسير القرآن بالقرآن والسنّة [ج ٢]	الشيخ محمد الصادقي	Rafed	3004	0.27163
		اللباب في علوم الكتاب	أبو حفص سراج الدين عمر بن علي بن عادل الحنبلي الدمشقي النعماني (المتوفى: 775هـ)	ShamAY	9108	0.27159
		 شمس العلوم ودواء كلام العرب من الكلوم 	 نشوان بن سعيد الحميري 	ABLibrary	9796	0.27158
		شرح الطيبي على مشكاة المصابيح المسمى بـ (الكاشف عن حقائق السنن)	شرف الدين الحسين بن عبد الله الطيبي (743هـ)	ShamAY	31697	0.27155
		معاني القرآن للفراء	أبو زكريا يحيى بن زياد بن عبد الله بن منظور الديلمي الفراء (المتوفى: 207هـ)	ShamAY	23634	0.27155
		اهل بيت عليهم السلام عرشيان فرش نشين (ملائكه الارض)	حسين انصاريان	Ghbook	12840	0.27155
		شرح الرسالة التدمرية	محمد بن عبد الرحمن الخميس	ShamAY	11256	0.27154
		التكفير وضوابطه - السقار	منقذ بن محمود السقار	ShamAY	1553	0.27151
		 معيار الإختيار في ذكر المعاهد والديار 	 لسان الدين ابن الخطيب 	ABLibrary	9217	0.27149
		المناسك لابن أبي عروبة	أبو النضر سعيد بن أبي عروبة: مهران العدوي ـ ولاء ـ البصري (المتوفى: 156هـ)	ShamAY	9811	0.27147
		دروس للشيخ إبراهيم الدويش	إبراهيم بن عبد الله الدويش	ShamAY	7711	0.27147
		الفرقان في تفسير القرآن بالقرآن والسنّة [ج ١٧]	الشيخ محمد الصادقي	Rafed	3038	0.27146
		الفرقان في تفسير القرآن بالقرآن والسنّة [ج ١٨]	الشيخ محمد الصادقي	Rafed	3039	0.27145
		بدع الاعتقاد وأخطارها على المجتمعات الإسلامية		ShamAY	35514	0.27143
		مصطلح حسن عند الترمذي	الدكتور عبد القادر المحمدي	ShamAY	37289	0.27142
		 أنوار الحقيقة وأطوار الطريقة وأسرار الشريعة 	 السيد حيدر الآملي 	ABLibrary	8807	0.27142
		الاصلاح الاجتماعي	آيت الله العظمي سيد محمد حسيني شيرازي	Ghbook	8057	0.27142
		الفوائد الطوسيّة	محمد بن الحسن الحرّ العاملي [ العلامة الشيخ حرّ العاملي ]	Rafed	1302	0.2714
		التوحيد وبيان العقيدة السلفية النقية	عبد الله بن محمد بن عبد العزيز بن عبد الرحمن بن حسين بن حميد (المتوفى: 1402هـ)	ShamAY	8588	0.27139
		الاقتضاب في غريب الموطأ وإعرابه على الأبواب	محمد بن عبد الحق اليفرني (625 هـ)	ShamAY	32513	0.27137
		اعتقاد أهل السنة	عبد الله بن عبد الرحمن بن عبد الله بن جبرين	ShamAY	7707	0.27136
		شرح الأربعين النووية - عبد الكريم الخضير	عبد الكريم الخضير	Sham19Y	23423	0.27136
		أصول أهل السنة والجماعة	أبو الأشبال حسن الزهيري آل مندوه المنصوري المصري	ShamelaY19	37603	0.27135
		تيسير الوصول إلى معرفة الثلاثة الأصول في سؤال وجواب		ShamAY	35423	0.27135
		 دور أهل البيت ( ع ) في بناء الجماعة الصالحة 	 السيد محمد باقر الحكيم 	ABLibrary	972	0.27135
		 موسوعة مرآة الحرمين الشريفين وجزيرة العرب 	 أيوب صبري باشا 	ABLibrary	9288	0.27134
		الموسوعة الفقهية الكويتية	مجموعة من المؤلفين	ShamAY	11430	0.27131
		جواهر من أقوال الرسول	ياسر بن أحمد بن محمود بن أحمد بن أبي الحمد الكويس الحمداني	ShamelaY19	37569	0.2713
		مختصر الصارم المسلول لابن تيمية - البعلي - ت العمران - ط عالم الفوائد	محمد بن علي بن أحمد بن عمر بن يعلى، أبو عبد الله، بدر الدين البعليّ (المتوفى: 778هـ)	ShamAY	38465	0.2713
		المنتخب من كتب شيخ الإسلام	علوي السقاف	ShamelaY19	22890	0.27129
		إتحاف ذوي الإتقان بحكم الرهان	حسن بن عمار بن علي الشرنبلالي المصري الحنفي (المتوفى: 1069هـ)	ShamAY	2009	0.27129
		المهدي بين أهل السنة والروافض	ربيع بن هادي المدخلي	ShamAY	35293	0.27128
		الاخلاق والتزكية في رحاب القرآن والسنة	عبد الكريم الحمداوي	ShamAY	34946	0.27128
		الرؤى عند أهل السنة والجماعة والمخالفين	سهل بن رفاع بن سهيل الروقي العتيبي	ShamelaY19	35723	0.27127
		تفسير المراغي	أحمد بن مصطفى المراغي (المتوفى: 1371ه)	Sham19Y	23608	0.27123
		تهذيب طريق الوصول الي علم الاصول للعلامه الحلي	حسن بن يوسف بن مطهر علامه حلي	Ghbook	12016	0.27122
		كيفية دعوة الوثنيين إلى الله تعالى في ضوء الكتاب والسنة	د. سعيد بن علي بن وهف القحطاني	ShamelaY19	96517	0.2712
		شرح الأربعين النووية - عبد الكريم الخضير	عبد الكريم الخضير	ShamAY	68	0.27117
		الاخلاق	عبدالله بن محمدرضا شبر حسيني كاظميني	Ghbook	12378	0.27116
		تفسير الصّافي [ج ٢]	محمّد بن المرتضى [ الفيض الكاشاني ]	Rafed	3029	0.27115
		المخصّص [ج ١]	أبي الحسن علي بن إسماعيل بن سيده المرسي [ ابن سيده ]	Rafed	3541	0.27115
		خطبة الجمعة في الكتاب والسنة	عبد الرحمن بن محمد الحمد	ShamAY	31297	0.27114
		 هداية الأعلام إلى مدارك شرائع الأحكام 	 السيد تقي الطباطبائي القمي 	ABLibrary	9731	0.27113
		المهذب في تفسير سورة يس	علي بن نايف الشحود	ShamAY	33094	0.27112
		صناعة الفتوى وفقه الأقليات	الشيخ العلامة عبد الله بن بيه	ShamAY	37601	0.27111
		 سلسلة المسائل الفقهية 	 الشيخ السبحاني 	ABLibrary	9577	0.27111
		تاريخ الدولة العلية العثمانية	محمد فريد (بك) ابن أحمد فريد (باشا) ، المحامي (المتوفى: 1338هـ)	ShamAY	6638	0.27109
		شرح اللّمع في النحو	أبي الفتح عثمان بن جنّي	Rafed	2232	0.27109
		توجيهات إسلامية لعبد الله بن حميد	عبد الله بن محمد بن عبد العزيز بن عبد الرحمن بن حسين بن حميد (المتوفى: 1402هـ)	ShamAY	2191	0.27107
		آراء المستشرقين حول القرآن الكريم وتفسيره [ج ٢]	د. عمر بن إبراهيم رضوان	Rafed	3088	0.27107
		شرح بلوغ المرام - عبد الكريم الخضير	عبد الكريم الخضير	ShamAY	156	0.27105
		قاعدتان فقهيتان / تقريرات	الشيخ حسن محمد مكي العاملي	Masaha	4035	0.27105
		قرب الإسناد	أبي العباس عبد الله بن جعفر الحميري	Rafed	376	0.27102
		دروس الشيخ سعد البريك	الدكتور سعد البريك	ShamelaY19	37429	0.27101
		الأزهر في ألف عام	د. محمد عبد المنعم خفاجي (المتوفى:1427 هـ)	ShamAY	33841	0.27101
		الدين المعاملة	منقذ بن محمود السقار	ShamelaY19	38152	0.27097
		سلسلة الدار الآخرة - عمر عبد الكافي	عمر عبد الكافى شحاتة	ShamelaY19	37011	0.27097
		دركات النار من الكتاب وصحيح الأخبار	حاتم بن الشربيني	ShamAY	34919	0.27097
		 نفح الطيب من غصن الأندلس الرطيب 	 أحمد بن محمد المقري التلمساني 	ABLibrary	9304	0.27095
		هذه أخلاقنا حين نكون مؤمنين حقا	أبو أسامة، محمود محمد الخزندار (المتوفى: 1422هـ)	ShamAY	32104	0.27093
		الصّواعق الإلهيّة في الردّ على الوهابيّة	الشيخ سليمان بن عبد الوهاب النجدي	Rafed	1576	0.27092
		شرح الحموية - عبد الرحيم السلمي	عبد الرحيم بن صمايل العلياني السلمي	ShamelaY19	37798	0.27091
		الحكم الجديرة بالإذاعة من قول النبي صلى الله عليه وسلم بعثت بالسيف بين يدي الساعة	زين الدين عبد الرحمن بن أحمد بن رجب بن الحسن، السلامي، البغدادي، ثم الدمشقي، الحنبلي (المتوفى: 795ه)	Sham19Y	26141	0.27091
		حجة النبي صلى الله عليه وسلم كما رواها عنه جابر رضي الله عنه	محمد ناصر الدين الألباني (المتوفى: 1420هـ)	ShamAY	399	0.2709
		أهوال القبور	محمد حسين يعقوب	ShamAY	35015	0.27088
		تفسير الشريف المرتضى [ج ١]	الناشر: شركة الأعلمي للمطبوعات	Rafed	3793	0.27087
		الأجوبة الكافية عن الأسئلة الشامية	محمد بن يوسف بن محمد بن سعد الحيدري التونسي الكافي المالكي (المتوفى: 1380ه)	ShamelaY19	36571	0.27085
		الإيمان باليوم الآخر	عَلي محمد محمد الصَّلاَّبي	ShamAY	26	0.27085
		الأحكام السلطانية للماوردي	أبو الحسن علي بن محمد بن محمد بن حبيب البصري البغدادي، الشهير بالماوردي (المتوفى: 450ه)	ShamelaY19	22881	0.27083
		دلائل النبوة - السقار	منقذ بن محمود السقار	ShamAY	1280	0.27082
		 فدك والعوالي أو الحوائط السبعة في الكتاب والسنة والتاريخ والأدب 	 سيد محمد باقر الحسيني الجلالي 	ABLibrary	7627	0.27082
		ضمان المال بوضع اليد دراسة فقهيّة مقارنة	د. أحمد بن عبد الجبار الشعبي	ShamAY	36565	0.27081
		الشرح اليسير على مقدمة أصول التفسير	مهران عثمان	ShamAY	36807	0.27078
		أحكام القرآن للكيا الهراسي	علي بن محمد بن علي، أبو الحسن الطبري، الملقب بعماد الدين، المعروف بالكيا الهراسي الشافعي (المتوفى: 504ه)	ShamelaY19	23582	0.27077
		حنين الأفئدة	فهد بن يحيى العماري	ShamAY	35092	0.27074
		عظم المنة في رؤية المؤمنين ربهم في الجنة		ShamAY	35554	0.27074
		الحدائق الناضرة [ج ٢٠]	الشيخ يوسف بن أحمد البحراني [ صاحب الحدائق ]	Rafed	2876	0.27074
		إرشاد القلوب - الجزء1	الحسن الديلمي	Masaha	145	0.27072
		شرح العقيدة الطحاوية ـ الغفيص		ShamAY	35429	0.27071
		البحر المحيط في التّفسير [ج ٦]	محمّد بن يوسف [ أبي حيّان الأندلسي الغرناطي ]	Rafed	2424	0.27071
		 شمس العلوم ودواء كلام العرب من الكلوم 	 نشوان بن سعيد الحميري 	ABLibrary	9795	0.27069
		جزئيه « البسمله » من القرآن و حكمها في الصلاه	المجمع العالمي لاهل البيت عليهم السلام	Ghbook	7623	0.27069
		حقائق من تاريخ العلماء	آيت الله العظمي سيد محمد حسيني شيرازي	Ghbook	8077	0.27069
		الصوارم الحداد القاطعة لعلائق أرباب الاتحاد	محمد بن علي بن محمد بن عبد الله الشوكاني اليمني (المتوفى: 1250ه)	Sham19Y	6519	0.27066
		السيرة النبوية بين الآثار المروية والآيات القرآنية	محمد بن مصطفى بن عبد السلام الدبيسي	ShamAY	32089	0.27065
		شرح لامية العجم (وهو مختصر شرح الصفدي المسمى الغيث المسجم)	كمال الدين، محمد بن موسى بن عيسى بن علي الدَّمِيري أبو البقاء الشافعي (المتوفى: 808هـ)	ShamAY	1672	0.27065
		الانصاف في مسائل دام فيها الخلاف (الحج)	آيت الله العظمي جعفر سبحاني	Ghbook	2939	0.27065
		بغية أهل الإيمان في أحكام وتفسير سجدات القرآن	أبو يوسف محمد زايد	ShamAY	33204	0.27064
		صحيح وضعيف الجامع الصغير وزيادته	عبد الرحمن بن أبي بكر، جلال الدين السيوطي (المتوفى: 911هـ)	ShamAY	21659	0.27063
		تفسير المراغي	أحمد بن مصطفى المراغي (المتوفى: 1371هـ)	ShamAY	23608	0.27063
		الفرقان في تفسير القرآن بالقرآن والسنّة [ج ١٩]	الشيخ محمد الصادقي	Rafed	3042	0.27063
		حوارات النبي مع أهل الكتاب .. وعلى أي شيء نتحاور؟	عصام السيد محمود	ShamAY	37767	0.27062
		وظائف رمضان	عبد الرحمن بن محمد بن قاسم العاصمي الحنبلي النجدي (المتوفى: 1392هـ)	ShamAY	7374	0.27059
		مسؤولية إمام المسجد	علي بن حسن بن ناصر عسيري	ShamelaY19	30948	0.27058
		شرح حصن المسلم من أذكار الكتاب والسنة	أبو مسلم مجدي بن عبد الوهاب الأحمد	ShamAY	1848	0.27057
		التحفة الربانية في شرح الأربعين حديثًا النووية - ومعها: شرح الأحاديث التي زادها ابن رجب الحنبلي	إسماعيل بن محمد بن ماحي السعدي الأنصاري (المتوفى: 1417هـ)	ShamAY	993	0.27056
		رحلة ابن جبير ط دار الهلال	ابن جبير، محمد بن أحمد بن جبير الكناني الأندلسي، أبو الحسين (المتوفى: 614هـ)	ShamAY	10883	0.27056
		التسويف في نشر الرسالة الجامعية، والتدقيق المبالغ فيه في البحوث والتآليف، والتريث في إخراجها مع وجود الحاجة إليه	إبراهيم بن عبد الله المديهش	ShamelaY19	145422	0.27055
		 كتاب الحدود 	 الشيخ المنتظري 	ABLibrary	9525	0.27054
		تأثر الدعوات الإصلاحية في أندونيسيا بدعوة الشيخ محمد بن عبد الوهاب (مطبوع ضمن بحوث ندوة دعوة الشيخ محمد بن عبد الوهاب)	نجيح عبد الله	ShamAY	11076	0.27053
		مطلع البدرين فيمن يؤتى أجره مرتين	عبد الرحمن بن أبي بكر، جلال الدين السيوطي (المتوفى: 911هـ)	ShamAY	26551	0.27052
		الخلاصة في أصول التربية الإسلامية	علي بن نايف الشحود	ShamAY	34832	0.27052
		الدروس اليومية من السنن والأحكام الشرعية	د. راشد بن حسين العبد الكريم	ShamelaY19	98096	0.27051
		 الديباج على مسلم 	 جلال الدين السيوطي 	ABLibrary	886	0.27049
		 شرح الأسماء الحسنى 	 أبي المعالي القونوي 	ABLibrary	8773	0.27048
		صوت الحق و دعوه الصدق	آيت الله العظمي لطف اللّه صافي گلپايگاني	Ghbook	7667	0.27048
		الأريعون المدنية	أبو أحمد، محمد بن أحمد بن محمد العماري	ShamelaY19	36565	0.27045
		أحكام المرتد عند شيخ الإسلام ابن تيمية	الواحدي :: علي بن نايف الشحود	ShamAY	36065	0.27045
		 مصابيح الأحكام 	 السيد محمدمهدي بحر العلوم 	ABLibrary	9353	0.27045
		تذكره الاخبار في تلخيص ربيع الابرار	آيت الله العظمي سيد محمد حسيني شيرازي	Ghbook	8131	0.27045
		دروس الشيخ حسن أبو الأشبال	حسن أبو الأشبال الزهيري	ShamAY	874	0.27043
		المثل السائر في أدب الكاتب والشاعر ت محيي الدين عبد الحميد	نصر الله بن محمد بن محمد بن عبد الكريم الشيباني، الجزري، أبو الفتح، ضياء الدين، المعروف بابن الأثير الكاتب (المتوفى: 637ه)	ShamelaY19	23794	0.27042
		شرح كتاب فضل الإسلام لمحمد بن عبد الوهاب - ناصر العقل	ناصر بن عبد الكريم العلي العقل	Sham19Y	37719	0.27042
		 في رحاب أهل البيت ( ع ) 	 لجنة بحوث المجمع العالمي لأهل البيت ( ع ) 	ABLibrary	8537	0.27042
		غنائم الأيّام في مسائل الحلال والحرام [ج ٦]	الميرزا أبو القاسم القمّي	Rafed	1877	0.27042
		الإمامة الإلهية - الجزء2	الشيخ صادق الساعدي	Masaha	86	0.2704
		التحفة المهدية شرح العقيدة التدمرية	فالح بن مهدي بن سعد بن مبارك آل مهدي، الدوسري (المتوفى: 1392هـ)	ShamAY	7260	0.27038
		 الأزهر في ألف عام 	 محمد عبد المنعم خفاجي 	ABLibrary	8930	0.27038
		 لواقح الأنوار القدسية في بيان العهود المحمدية 	 عبد الوهاب الشعراني 	ABLibrary	8840	0.27038
		إعلام ذوي العقول بأن الخلوة بالمعقود عليها دخول	محمد عوض السكندري	ShamAY	36714	0.27037
		التفسير المنير [ج ١٥]	الدكتور وهبة الزحيلي	Rafed	2960	0.27037
		قبسات من هدي النبي محمد صلى الله عليه وسلم في رمضان	ناصر بن عبد الله بن محمد آل متعب	ShamAY	1758	0.27036
		عصمه الانبياء و الرسل ( عليهم السلام )	مرتضي عسكري	Ghbook	7672	0.27034
		الدروس اليومية من السنن والأحكام الشرعية	د. راشد بن حسين العبد الكريم	ShamAY	31679	0.27033
		أحكام طواف الإفاضة -رسالة علمية-.	سعود بن مقبل العصيمي.	ShamAY	36538	0.2703
		دروس للشيخ عبد العزيز بن باز	عبد العزيز بن عبد الله بن باز (المتوفى : 1420هـ)	ShamAY	7680	0.2703
		المنتقى من فرائد الفوائد	محمد بن صالح بن محمد العثيمين (المتوفى: 1421ه)	ShamelaY19	21802	0.27029
		الفرقان في تفسير القرآن بالقرآن والسنّة [ج ١١]	الشيخ محمد الصادقي	Rafed	3022	0.27029
		الفرقان بين أولياء الرحمن وأولياء الشيطان	الشيخ ياسر بن حسين برهامي	ShamelaY19	36996	0.27028
		ماذا خسر العالم بانحطاط المسلمين	علي أبو الحسن بن عبد الحي بن فخر الدين الندوي (المتوفى: 1420هـ)	ShamAY	21575	0.27027
		شمس العلوم [ج ١٠]	نشوان بن سعيد الحميري	Rafed	1422	0.27026
		وصولا الي حكومه اسلاميه واحده	آيت الله العظمي سيد محمد حسيني شيرازي	Ghbook	8124	0.27022
		حقيقة الاعتقاد بالامام المهدي المنتظر	احمد حسين يعقوب	Rafed	233	0.27021
		في ظلال سورة التوبة	الواحدي	ShamAY	36948	0.27019
		الرّحلة الحجازيّة	أوليا چلبي	Rafed	2200	0.27019
		فيض الرحيم الرحمن في أحكام ومواعظ رمضان	أبو محمد عبد الله بن محمد أحمد الطيار	ShamAY	34939	0.27018
		مجموعة رسائل التوجيهات الإسلامية لإصلاح الفرد والمجتمع	محمد بن جميل زينو	ShamAY	32252	0.27018
		المدخل إلى علوم القرآن الكريم	محمد فاروق النبهان	ShamelaY19	38032	0.27017
		شرح ألفيّة ابن مالك	عمر بن مظفّر بن الوردي	Rafed	1983	0.27016
		الفقه المنهجي على مذهب الإمام الشافعي رحمه الله تعالى	مجموعة من المؤلفين	ShamAY	402	0.27014
		أحكام الخلع واشتراط رضا الزوج فيه	الدكتور صلاح محمد أبو الحاج	ShamAY	36218	0.27014
		مجلة لغة العرب العراقية - مجلة شهرية أدبية علمية تاريخية	أنستاس الكرملي	Sham19Y	36540	0.27014
		 الموسوعة الكبرى عن فاطمة الزهراء ( س ) 	 اسماعيل الأنصاري الزنجاني الخوئيني 	ABLibrary	7834	0.27014
		القول المفيد في أدلة الاجتهاد والتقليد	محمد بن علي بن محمد بن عبد الله الشوكاني اليمني (المتوفى: 1250هـ)	ShamAY	6359	0.27012
		نور السنة وظلمات البدعة في ضوء الكتاب والسُّنَّة	د. سعيد بن علي بن وهف القحطاني	ShamAY	1913	0.27011
		المعارف الرافعه في شرح الزياره الجامعه 	مصطفي الامامي الاهوازي	Ghbook	16291	0.27011
		الدر الثمين والمورد المعين (شرح المرشد المعين على الضروري من علوم الدين)	محمد بن أحمد ميارة المالكي	ShamAY	31820	0.2701
		الانتصار - الجزء1	الشيخ علي الكوراني	Masaha	125	0.27009
		تحريم التصوير والرد على من أباحه	التويجري، حمود بن عبد الله	ShamAY	36521	0.27008
		 المواعظ والإعتبار في ذكر الخطط والآثار ( ط لندن ) 	 المقريزي 	ABLibrary	9237	0.27008
		رحلة ابن جبير  - الجزء1	محمد بن أحمد ابن جبير	Masaha	4171	0.27006
		ماذا خسر العالم بانحطاط المسلمين	علي أبو الحسن بن عبد الحي بن فخر الدين الندوي (المتوفى: 1420ه)	ShamelaY19	21575	0.27003
		التفسير المنير [ج ١٨]	الدكتور وهبة الزحيلي	Rafed	2963	0.27002
		مصارف الزكاة في الإسلام - مفهوم, وشروط، وأنواع، وأحكام في ضوء الكتاب والسنة	د. سعيد بن علي بن وهف القحطاني	ShamelaY19	96522	0.27001
		الكبائر لمحمد بن عبد الوهاب (مطبوع ضمن مؤلفات الشيخ محمد بن عبد الوهاب، الجزء الأول)	محمد بن عبد الوهاب بن سليمان التميمي النجدي (المتوفى: 1206هـ)	ShamAY	8531	0.26998
		التوضيح المفيد لمسائل كتاب التوحيد	عبد الله بن محمد بن أحمد الدويش (المتوفى: 1409ه)	Sham19Y	7593	0.26998
		موسوعة أخلاق القرآن [ج ١]	الدكتور أحمد الشرباصي	Rafed	3887	0.26998
		آيه التطهير في مصادر الفريقين	مرتضي عسكري	Ghbook	7508	0.26995
		الإمام المهدي عليه السلام	السيّد علي الحسيني الميلاني	Rafed	6	0.26992
		النفي و التغريب في مصادر التشريع الاسلامي	نجم الدين طبسي	Ghbook	9546	0.26992
		تفسير المراغي [ج ١٠]	أحمد مصطفى المراغي	Rafed	1680	0.26991
		مجلة لغة العرب العراقية - مجلة شهرية أدبية علمية تاريخية	أنستاس الكرملي	ShamAY	340	0.26989
		غنائم الأيّام في مسائل الحلال والحرام [ج ٣]	الميرزا أبو القاسم القمّي	Rafed	1821	0.26988
		الخيل	أبو عبيدة معمر بن المثنى التيمى (المتوفى: 209هـ)	ShamAY	790	0.26987
		إيقاظ الأفهام في شرح عمدة الأحكام	سليمان اللهيميد	ShamAY	35954	0.26987
		أنوار الولاية الساطعة في شرح الزيارة الجامعة	السيّد محمّد الوحيدي	Rafed	2731	0.26987
		سلسلة التفسير لمصطفى العدوي	أبو عبد الله مصطفى بن العدوى شلباية المصري	ShamAY	7695	0.26986
		بحار الأنوار [ج ٩]	الشيخ محمّد باقر بن محمّد تقي المجلسي	Rafed	821	0.26985
		أَركانُ الإيمانِ	علي بن نايف الشحود	ShamAY	35	0.26984
		 موسوعة أحكام الأطفال وأدلتها 	 مركز فقه الأئمة الأطهار ( ع ) 	ABLibrary	9672	0.26983
		سامراء دراسة في النشأة والبنية السكانية	صالح أحمد علي	Masaha	3971	0.26983
		البلاغة الواضحة	علي الحازم ومصطفى أمين	Rafed	2038	0.26983
		موسوعه الامام المهدي ( عجل الله تعالي فرجه الشريف )	مركز الابحاث العقائدية	Ghbook	4584	0.26983
		الهداية على مذهب الإمام أبي عبد الله أحمد بن محمد بن حنبل الشيباني	محفوظ بن أحمد بن الحسن، أبو الخطاب الكلوذاني	ShamelaY19	26094	0.26982
		القول السديد شرح كتاب التوحيد ط الوزارة	أبو عبد الله، عبد الرحمن بن ناصر بن عبد الله بن ناصر بن حمد آل سعدي (المتوفى: 1376هـ)	ShamAY	10458	0.26982
		مشكلة السرف في المجتمع المسلم وعلاجها في ضوء الإسلام	عبد الله بن إبراهيم الطريقي	ShamelaY19	31270	0.26981
		أحكام القرآن لابن العربي ط العلمية	القاضي محمد بن عبد الله أبو بكر بن العربي المعافري الاشبيلي المالكي (المتوفى: 543هـ)	ShamAY	488	0.2698
		حرمة الإفساد في الأرض	عبد العزيز بن عبد الله آل الشيخ	Sham19Y	31088	0.2698
		الجمع بين الصلاتين علي ضوءالكتاب والسنه	آيت الله العظمي جعفر سبحاني	Ghbook	5043	0.2698
		بحث قرآني، رواني، علمي، فقهي في اثبات ان مشاهدنا و قبور اهل البيت عليهم السلام م...	محمدرجب عبدالوهاب	Ghbook	11363	0.26979
		خطط الغرب في بلاد الاسلام	آيت الله العظمي سيد محمد حسيني شيرازي	Ghbook	8152	0.26977
		الدفاع عن الله ورسوله وشرعه	أبو الأشبال حسن الزهيري آل مندوه المنصوري المصري	ShamAY	873	0.26974
		شبهات حول السنة	عبد الرزاق عفيفي (المتوفى: 1415ه)	ShamelaY19	30836	0.26973
		كيفية صلاة النبي صلى الله عليه وسلم	عبد العزيز بن عبد الله بن باز (المتوفى: 1420ه)	Sham19Y	31227	0.26973
		شرح الطحاوية - يوسف الغفيص	يوسف بن محمد علي الغفيص	Sham19Y	37777	0.26973
		أسئلة وأجوبة في إعراب القرآن	عبد الله بن يوسف بن أحمد بن عبد الله ابن يوسف، أبو محمد، جمال الدين، ابن هشام (المتوفى: 761هـ)	ShamAY	7501	0.26972
		تفسير المراغي [ج ٦]	أحمد مصطفى المراغي	Rafed	1666	0.26972
		كتاب المسئولية في الإسلام	عبد الله قادري الأهدل	ShamAY	33349	0.26971
		أبحاث في الإعتقاد	عبد العزيز بن محمد آل عبد اللطيف	ShamAY	35709	0.26971
		 العقيدة وعلم الكلام ( ويليه نظرة عابرة في مزاعم من ينكر نزول عيسى ( ع ) قبل الآخرة و . . . ) 	 الشيخ محمد زاهد الكوثري 	ABLibrary	8349	0.2697
		المبسوط للسرخسي - الفكر	الواحدي :: السرخسي	ShamAY	34206	0.26969
		إيقاظ القوابل للتقرب بالنوافل للكوراني	برهان الدين إبراهيم الكوراني	ShamAY	36163	0.26968
		الصحابه بين العداله و العصمه	محمد السند	Ghbook	8401	0.26968
		مكانه القرآن الكريم في المجتمع الاسلامي	آيت الله العظمي سيد محمد حسيني شيرازي	Ghbook	8011	0.26967
		الحدائق الناضرة [ج ٥]	الشيخ يوسف بن أحمد البحراني [ صاحب الحدائق ]	Rafed	2826	0.26966
		أحكام القرآن لابن العربي ط العلمية	القاضي محمد بن عبد الله أبو بكر بن العربي المعافري الاشبيلي المالكي (المتوفى: 543ه)	Sham19Y	1464	0.26965
		ليلة عاشوراء في الحديث والأدب	الشيخ عبد الله الحسن	Rafed	207	0.26964
		الإرشاد إلى توحيد رب العباد	عبد الرحمن بن حماد آل عمر	ShamAY	31	0.26963
		شَوَاهِد التَّوضيح وَالتَّصحيح لمشكلات الجامع الصَّحيح	محمد بن عبد الله، ابن مالك الطائي الجياني، أبو عبد الله، جمال الدين (المتوفى: 672هـ)	ShamAY	31625	0.26962
		حقيقة المثل الأعلى وآثاره	عيسى بن عبد الله السعدي الغامدي	ShamAY	32098	0.26962
		إهداء للبرنامج من دار الركائز للنشر والتوزيع - دولة الكويت	د. أنس بن عادل اليتامى، د. عبد العزيز بن عدنان العيدان	ShamelaY19	147663	0.26961
		إيثار الحق على الخلق في رد الخلافات إلى المذهب الحق من أصول التوحيد	ابن الوزير، محمد بن إبراهيم بن علي بن المرتضى بن المفضل الحسني القاسمي، أبو عبد الله، عز الدين اليمني (المتوفى: 840هـ)	ShamAY	1238	0.26961
		30 سبب لدخول الجنة	مجموعة من المؤلفين	ShamAY	35018	0.26958
		رؤيـة الله في ضوء الكتاب والسنة والعقل	الشيخ جعفر السبحاني	Masaha	288	0.26958
		شرح الأصول الثلاثة للشيخ البراك	عبد الرحمن بن ناصر البراك	ShamAY	35427	0.26955
		مذكرة على العقيدة الواسطية	محمد بن صالح بن محمد العثيمين (المتوفى: 1421هـ)	ShamAY	2019	0.26954
		الأجوبة الكافية عن الأسئلة الشامية	محمد بن يوسف بن محمد بن سعد الحيدري التونسي الكافي المالكي (المتوفى: 1380هـ)	ShamAY	591	0.26954
		دراسة في علامات الظهور	السيد جعفر مرتضى العاملي	Masaha	511	0.26954
		منهج السالكين وتوضيح الفقة في الدين	أبو عبد الله، عبد الرحمن بن ناصر بن عبد الله بن ناصر بن حمد آل سعدي (المتوفى: 1376هـ)	ShamAY	12099	0.26953
		الميزان في تفسير القرآن [ج ١٣]	آية الله السيد محمد حسين الطباطبائي	Rafed	1446	0.26952
		تفسير المراغي [ج ٤]	أحمد مصطفى المراغي	Rafed	1664	0.26951
		علم اليقين في أصول الدين [ج ١]	محمّد بن المرتضى [ الفيض الكاشاني ]	Rafed	3440	0.2695
		مواعظ ابن الجوزي - الياقوتة	جمال الدين أبو الفرج عبد الرحمن بن علي بن محمد الجوزي (المتوفى: 597هـ)	ShamAY	8160	0.26948
		كيف تصلي وتخشع	الشيخ ندا أبو أحمد	ShamAY	34927	0.26947
		الاسرار الفاطميه	محمد فاضل مسعودي	Ghbook	3776	0.26946
		مجمع البحرين [ج ٦]	الشيخ فخر الدين الطريحي	Rafed	1247	0.26945
		السلفيون وحوار هادئ مع الدكتور علي جمعة	شحاتة محمد صقر	ShamAY	1984	0.26944
		تَكملَة مُعجم المُؤلفين، وَفيات (1397 - 1415 هـ) = (1977 - 1995 م)	محمد خير بن رمضان بن إسماعيل يوسف	ShamAY	1026	0.26944
		المعيار المعرب والجامع المغرب عن فتاوي أهل إفريقية والأندلس والمغرب	الوَنْشَرِيسي	ShamAY	34230	0.26944
		موسوعة الخطب والدروس الرمضانية	علي بن نايف الشحود	ShamAY	33048	0.26939
		الطّراز الأوّل	السيّد علي بن أحمد بن محمّد معصوم الحسيني	Rafed	397	0.26937
		بحار الأنوار [ج ١٣]	الشيخ محمّد باقر بن محمّد تقي المجلسي	Rafed	845	0.26936
		 الذخيرة في علم الكلام 	 الشريف المرتضى 	ABLibrary	8424	0.26935
		حال المؤمنين في شعبان	الدبيسي، محمد بن مصطفى	ShamAY	35091	0.26934
		أولياء الصوفية عند ابن تيمية في الفرقان		ShamAY	35380	0.26934
		الآداب النافعة بالألفاظ المختارة الجامعة	ابن شمس الخلافة، جعفر بن محمد (شمس الخلافة) ابن مختار الأفضلي، أبو الفضل، الملقب مجد الملك (المتوفى: 622هـ)	ShamAY	5433	0.26934
		الحسبة - جامعة المدينة	مناهج جامعة المدينة العالمية	ShamAY	1667	0.26934
		تحكيم القوانين	حمود السلامه	ShamAY	36658	0.26933
		 حق اليقين في معرفة أصول الدين 	 السيد عبد الله الشبر 	ABLibrary	8411	0.26933
		متعه الحج علي ضوء الكتاب و السنه	آيت الله العظمي جعفر سبحاني	Ghbook	5065	0.26933
		الدين المعاملة	منقذ بن محمود السقار	Sham19Y	38152	0.26931
		الثبات	صالح الرقب	ShamAY	35058	0.2693
		مختصر الفقه الإسلامي في ضوء القرآن والسنة	محمد بن إبراهيم بن عبد الله التويجري	ShamelaY19	36185	0.26928
		مجمع الفائدة والبرهان في شرح إرشاد الأذهان [ج ١١]	الشيخ أحمد بن محمّد الأردبيلي [ المقدّس الأردبيلي ]	Rafed	1908	0.26928
		الطب النبوي - الكتاب العربي	محمد بن أبي بكر بن أيوب بن سعد شمس الدين ابن قيم الجوزية (المتوفى : 751هـ)	ShamAY	34416	0.26927
		ميزان الأصول في نتائج العقول	علاء الدين شمس النظر أبو بكر محمد بن أحمد السمرقندي (المتوفى: 539 هـ)	ShamAY	37996	0.26927
		التّفسير الحديث  [ج ٢]	محمّد عزّة دروزة	Rafed	3690	0.26925
		أكلة لحوم البشر	يحيى بن موسى الزهراني	ShamAY	35153	0.26924
		 تحليل الكلام في فقه الإسلام 	 الشيخ راضي النجفي التبريزي 	ABLibrary	9606	0.26924
		تأويلات أهل السنّة تفسير الماتريدي [ج ٥]	أبي منصور محمّد بن محمّد بن محمود الماتريدي	Rafed	3971	0.26924
		الأحاديث الثابتة في فضائل سور وآيات القرآن	محمد بن رزق الطرهوني	ShamAY	36842	0.26918
		القائد إلى تصحيح العقائد (وهو القسم الرابع من كتاب «التنكيل بما تأنيب الكوثري من الأباطيل» )	عبد الرحمن بن يحيى بن علي بن محمد المعلمي العتمي اليماني (المتوفى: 1386هـ)	ShamAY	12761	0.26918
		قاعدة مختصرة في قتال الكفار ومهادنتهم وتحريم قتلهم لمجرد كفرهم	شيخ الإسلام أحمد بن عبد الحليم ابن تيمية الحراني (661 - 728 ه)	Sham19Y	147669	0.26918
		قرة العين في صلاة الليل	ميثاق عباس الخفاجي الحلي	Ghbook	15729	0.26918
		في علوم القرآن دراسات ومحاضرات	محمد عبد السلام كفافى وعبد الله الشريف	ShamelaY19	38014	0.26917
		مجاز القرآن	أبو عبيدة معمر بن المثنى التيمى البصري (المتوفى: 209ه)	ShamelaY19	23630	0.26917
		المجاب برد السلام السيد ابراهيم بن محمد العابد ابن الامام موسي بن جعفر عليه السل...	وسام البلداوي	Ghbook	12326	0.26917
		كيفية دعوة الوثنيين إلى الله تعالى في ضوء الكتاب والسنة	د. سعيد بن علي بن وهف القحطاني	Sham19Y	96517	0.26916
		التفرغ للرقية مفصلا	مجدي محمد الشهاوي ( أبو عبد الرحمن)	ShamAY	34882	0.26915
		المنهل الحديث في شرح الحديث	الأستاذ الدكتور موسى شاهين لاشين	Sham19Y	14106	0.26915
		مراح لبيد لكشف معنى القرآن المجيد [ج ١]	الشيخ محمّد بن عمر نووي الجاوي	Rafed	1526	0.26912
		آخر الزمان	خالد فائق صديق العبيدي	ShamAY	34099	0.26911
		سمات المؤمنين في الفتن وتقلب الأحوال	صالح بن عبد العزيز بن محمد بن إبراهيم آل الشيخ	ShamAY	30899	0.26909
		الإمام المهدي(ع)	السيد علي الحسيني الميلاني	Masaha	80	0.26909
		متطلبات المحافظة على نعمة الأمن والاستقرار في بلادنا	سليمان بن عبد الرحمن الحقيل	ShamelaY19	31566	0.26908
		فتاوى إسلامية	محمد بن عبد العزيز المسند	Sham19Y	1708	0.26907
		لا تغضب	محمد العماري	ShamelaY19	36442	0.26906
		صنائع المعروف ( ثلاثون باباً من أبواب الخير)	محمد مسعد ياقوت	ShamAY	35112	0.26906
		المشاركة في جيوش المشركين ضد المسلمين حرام	علي بن نايف الشحود	ShamAY	1605	0.26905
		تفسير العثيمين: الفاتحة والبقرة	محمد بن صالح بن محمد العثيمين (المتوفى: 1421ه)	Sham19Y	1537	0.26902
		 لطائف الأعلام في إشارات أهل الإلهام 	 عبد الرزاق الكاشاني ( القاشاني ) 	ABLibrary	8794	0.26902
		 مؤلفات ابن عربى تاريخُها وتصنيفُها 	 عثمان يحيى / احمد محمد الطيب 	ABLibrary	8869	0.269
		الاصلاح (بعض مقومات الاصلاح في المجتمع الاسلامي)	آيت الله العظمي سيد محمد حسيني شيرازي	Ghbook	2320	0.26899
		الإبانة عن أسباب الإعانة على صلاة الفجر وقيام الليل	رقية بنت محمد المحارب	ShamAY	7800	0.26898
		شرح الطحاوية - يوسف الغفيص	يوسف بن محمد علي الغفيص	ShamAY	31670	0.26898
		دفاع عن الرسول ضد الفقهاء والمحدثين	الكاتب المصري صالح الورداني	Masaha	256	0.26897
		الوحي المحمدي	محمد رشيد بن علي رضا بن محمد شمس الدين بن محمد بهاء الدين بن منلا علي خليفة القلموني الحسيني (المتوفى: 1354هـ)	ShamAY	1202	0.26896
		الفرقان في تفسير القرآن بالقرآن والسنّة [ج ٢٦]	الشيخ محمد الصادقي	Rafed	3053	0.26896
		البيان بالدليل لما في نصيحة الرفاعي والبوطي من الكذب الواضح	صالح الفوزان	ShamAY	35382	0.26895
		سلسلة الدار الآخرة - عمر عبد الكافي	عمر عبد الكافى شحاتة	ShamAY	382	0.26894
		 مفتاح المعية في دستور الطريقة النقشبندية 	 الشيخ عبد الغني النابلسي 	ABLibrary	8858	0.26894
		الإلمام بشيء من أحكام الصيام	الواحدي :: عبد العزيز الراجحي	ShamAY	36376	0.26893
		خلق المسلم	محمد الغزالي	ShamAY	34811	0.26893
		 مجلة فقه أهل البيت ( ع ) 	 مجموعة مؤلفين 	ABLibrary	9750	0.26893
		فِقْهُ الأُسرةِ المسلِمة معالِمُ تربويَّةُ لأسرةٍ راشدةٍ	المهندس. عبد اللطيف البريجاوي	ShamAY	36111	0.26892
		سلسلة الإيمان والكفر - المقدم	محمد أحمد إسماعيل المقدم	ShamelaY19	21753	0.26891
		ابن عربي سنّيّ متعصّب	السيد جعفر مرتضى العاملي	Rafed	1570	0.26889
		الكوكب الدري على جامع الترمذي	رشيد أحمد الكنكوهي (المتوفى: 1323 ه)	ShamelaY19	150962	0.26887
		تبرئة السلف من تفويض الخلف	محمد بن إبراهيم اللحيدان	ShamAY	33862	0.26886
		شرح كتاب الإيمان لأبي عبيد - الراجحي	عبد العزيز بن عبد الله بن عبد الرحمن الراجحي	ShamAY	51	0.26885
		التحرير شرح الدليل (شرح دليل الطالب) - كتاب الطهارة	أبو المنذر محمود بن محمد بن مصطفى بن عبد اللطيف المنياوي	ShamAY	576	0.26885
		كشاف القناع عن متن الإقناع	منصور بن يونس بن صلاح الدين ابن حسن بن إدريس البهوتى الحنبلى (المتوفى: 1051ه)	ShamelaY19	21642	0.26883
		موسوعة الدين النصيحة 1-5	الواحدي :: علي بن نايف الشحود	ShamAY	36104	0.26883
		الجامع لمسائل المدونة	أبو بكر محمد بن عبد الله بن يونس التميمي الصقلي (المتوفى: 451 ه)	ShamelaY19	18607	0.26882
		الولايه التكوينيه لآل محمد ( صلوات الله عليهم )	سيد علي عاشور	Ghbook	7595	0.26882
		البحر المديد في تفسير القرآن المجيد [ج ٥]	أحمد بن محمد بن عجيبة	Rafed	3836	0.26879
		الأساليب والإطلاقات العربية	أبو المنذر محمود بن محمد بن مصطفى بن عبد اللطيف المنياوي	ShamelaY19	36193	0.26878
		علم البديع	عبد العزيز عتيق (المتوفى: 1396 هـ)	ShamAY	32340	0.26878
		تيسيرُ علم أصول الفقه	عبد الله بن يوسف بن عيسى بن يعقوب اليعقوب الجديع العنزي	ShamAY	22396	0.26874
		البحر المديد في تفسير القرآن المجيد [ج ٢]	أحمد بن محمد بن عجيبة	Rafed	3783	0.26874
		فتاوى إسلامية	محمد بن عبد العزيز المسند	ShamAY	1708	0.26872
		الدكتور علي جمعة إلى أين	طلحة محمد المسير	ShamAY	1054	0.26871
		جعفر ايها الصديق ...	كمال السيد	Ghbook	6244	0.26871
		التناسب في سورة البقرة		ShamAY	36870	0.2687
		شرح القصيدة اللامية لابن تيمية - عبد الرحيم السلمي	عبد الرحيم بن صمايل العلياني السلمي	ShamelaY19	37805	0.26869
		الأحاديث العيدية المسلسلة للسلفي	صدر الدين، أبو طاهر السلفي أحمد بن محمد بن أحمد بن محمد بن إبراهيم سلفه الأصبهاني (المتوفى: 576ه)	ShamelaY19	26985	0.26865
		دروس الدكتور عمر عبد الكافي	عمر عبد الكافى شحاتة	ShamelaY19	37046	0.26863
		آداب العلماء والمتعلمين	الحسين بن المنصور بالله القاسم بن محمد بن علي اليمني (المتوفى: 1050هـ)	ShamAY	649	0.26862
		عقيدة التوحيد وبيان ما يضادها من الشرك الأكبر والأصغر والتعطيل والبدع وغير ذلك	صالح بن فوزان بن عبد الله الفوزان	ShamAY	8610	0.26862
		تفسير كتاب الله العزيز [ج ٣]	هود بن محكم الهوّاري الأوراسي	Rafed	3820	0.26862
		الديمقراطية وأخواتها آثار وثمرات	خليل بن إبراهيم العبيدي	ShamAY	33499	0.26861
		البنية السردية في كتاب الأغاني للأصفهاني	ميادة العامري	ShamAY	34557	0.26861
		أخبار الزّمان	أبو الحسن علي بن الحسين بن علي الهذلي المسعودي	Rafed	1745	0.26861
		تحقيق الإيمان لابن تيمية	تقي الدين أبو العباس أحمد بن عبد الحليم بن تيمية (المتوفى: 728ه)	Sham19Y	264	0.2686
		كتاب التوحيد المسمى ب «التخلي عن التقليد والتحلي بالأصل المفيد»	عمر العرباوي الحملاوي (المتوفى: 1405ه)	ShamelaY19	115133	0.26859
		من أحكام سورة المائدة	د. سعيد بن علي بن وهف القحطاني	ShamAY	1889	0.26857
		الدرس الصرفي بين ابن حجر العسقلاني في فتح الباري والعيني في عمدة القاري	هدى العبيدي	ShamAY	37098	0.26857
		الفوائد الطوسية	الحر العاملي	Masaha	1263	0.26857
		خبر إنكار ابن مسعود للذكر الجماعي	أشرف بارقعان	ShamAY	36139	0.26856
		شرح العقيدة الواسطية لشيخ الإسلام ابن تيمية في ضوء الكتاب والسنة	د. سعيد بن علي بن وهف القحطاني	ShamelaY19	96494	0.26855
		أخبار أبي نواس	عبد الله بن أحمد بن حرب المهزمي العبدي، أبو هفان (المتوفى: 257هـ)	ShamAY	5369	0.26855
		الآداب الإسلامية للناشئة	محمد خير فاطمة	ShamAY	34947	0.26854
		ثوابت الايمان بعد رمضان	صلاح سلطان	ShamAY	34917	0.26853
		فتاوى ومسائل (مطبوع ضمن مؤلفات الشيخ محمد بن عبد الوهاب، الجزء الرابع)	محمد بن عبد الوهاب بن سليمان التميمي النجدي (المتوفى: 1206هـ)	ShamAY	11324	0.26852
		أبجد العلوم	أبو الطيب محمد صديق خان بن حسن بن علي ابن لطف الله الحسيني البخاري القِنَّوجي (المتوفى: 1307هـ)	ShamAY	9579	0.26852
		فصول من السياسة الشرعية في الدعوة إلى الله	عبد الرحمن بن عبد الخالق	ShamAY	33520	0.26852
		نتف من حياة الامامين الكاظمين عليهما السلام	محمد السند	Ghbook	15230	0.26852
		المنهج السياسي لاهل البيت عليهم السلام	عبد الستار الجابري	Ghbook	12304	0.26851
		الميزان في تفسير القرآن [ج ١٤]	آية الله السيد محمد حسين الطباطبائي	Rafed	1447	0.2685
		أثر الوقف في الحياة العلمية بالمدينة	سحر مفتي	ShamAY	38433	0.26849
		نظام النكاح في الشريعه الاسلاميه الغراء	آيت الله العظمي جعفر سبحاني	Ghbook	9836	0.26849
		بداية المجتهد ونهاية المقتصد	أبو الوليد محمد بن أحمد بن محمد بن أحمد بن رشد القرطبي الشهير بابن رشد الحفيد (المتوفى: 595ه)	ShamelaY19	21739	0.26846
		تحبير التيسير في القراءات العشر	شمس الدين أبو الخير ابن الجزري، محمد بن محمد بن يوسف (المتوفى: 833هـ)	ShamAY	5556	0.26846
		نصر الشرعة بقمع البدعة رسالة في شرح قاعدة: (كل إحداث في الدين فهو رد)	الواحدي :: وليد السعيدان	ShamAY	37490	0.26845
		الإكليل في استنباط التنزيل	عبد الرحمن بن أبي بكر، جلال الدين السيوطي (المتوفى: 911هـ)	ShamAY	1385	0.26845
		مدارك الأحكام [ج ٢]	السيد محمّد بن علي الموسوي العاملي	Rafed	592	0.26845
		حياة محمد صلى الله عليه وآله وسلم	محمد حسين هيكل (المتوفى: 1376هـ)	ShamAY	9797	0.26842
		شرح الحموية - يوسف الغفيص	يوسف بن محمد علي الغفيص	ShamelaY19	37776	0.26841
		الخلاصة في أحكام هجر المسلم	الواحدي :: علي بن نايف الشحود	ShamAY	36077	0.26841
		تيسير التفسير للقطان	إبراهيم القطان (المتوفى: 1404هـ)	ShamAY	29	0.2684
		أوضح المسالك إلى ألفية ابن مالك	عبد الله بن يوسف بن أحمد بن عبد الله ابن يوسف، أبو محمد، جمال الدين، ابن هشام (المتوفى: 761هـ)	ShamAY	11825	0.26839
		موقف أبي الحسن من أخبار الآحاد	ربيع بن هادي المدخلي	ShamAY	33013	0.26838
		دروس للشيخ صالح المغامسي	أبو هاشم صالح بن عوّاد بن صالح المغامسي	ShamAY	860	0.26837
		المسلك في أصول الدّين	الشيخ نجم الدين أبي القاسم جعفر بن الحسن بن يحيى بن سعيد الهذلي [ المحقق الحلّي ]	Rafed	3474	0.26836
		السواك وسنن الفطرة - المقدم	محمد أحمد إسماعيل المقدم	ShamAY	372	0.26834
		تفسير العثيمين: الفاتحة والبقرة	محمد بن صالح بن محمد العثيمين (المتوفى: 1421هـ)	ShamAY	1537	0.26834
		الدعاء ومنزلته من العقيدة الإسلامية	جيلان العروسي	ShamAY	35063	0.26834
		ولادة الإمام المهدي عليه السلام	مركز الدراسات التخصصية في الامام المهدي (ع)	Masaha	4062	0.26834
		مجمع البيان في تفسير القرآن - الجزء1	الشيخ ابو علي الفضل بن الحسن الطبرسي	Masaha	2554	0.26834
		الشعر في موقعة صفين	الدكتور عدنان محمد أحمد	ShamAY	34470	0.26831
		مرويات ابن الجوزي في صيد الخاطر - دراسة نقدية	أحمد العتيبي	ShamAY	34132	0.26831
		ثلاث رسائل في الصلاة	عبد العزيز بن عبد الله بن باز (المتوفى: 1420هـ)	ShamAY	31256	0.2683
		الطب النبوي وبآخره فصل في السماع	الذهبي، شمس الدين	ShamAY	33562	0.26826
		أثر وسائل السفر الحديثة على رخص السفر وعلى سفر المرأة بدون محرم	د. حميد فرحان العفيف	ShamAY	36679	0.26826
		سوء الخلق	محمد بن إبراهيم بن أحمد الحمد	ShamAY	11245	0.26824
		الانوار الحيرية و الاقمار البدرية الاحمدية	يوسف بحراني	Ghbook	10356	0.26823
		جواب في صيغ الحمد	محمد بن أبي بكر بن أيوب بن سعد شمس الدين ابن قيم الجوزية (المتوفى: 751هـ)	ShamAY	6841	0.26822
		رسالة في الأمر بالمعروف والنهي عن المنكر	أ.د عبدالله بن محمد بن أحمد الطيار	ShamAY	36156	0.26822
		دروس الشيخ سعد البريك	الدكتور سعد البريك	ShamAY	859	0.26822
		دولة السلاجقة وبروز مشروع إسلامى لمقاومة التغلغل الباطني والغزو الصليبي	عَلي محمد محمد الصَّلاَّبي	ShamAY	290	0.26822
		قواعد الاعتدال لمَن أرادَ تقويم الجماعات وَالرِجَال	أبو عبدالرحمن عقيل بن محمد بن زيد المقطري	ShamAY	33312	0.26822
		تكملة معجم المؤلفين، وفيات (1397 - 1415 ه) = (1977 - 1995 م)	محمد خير بن رمضان بن إسماعيل يوسف	Sham19Y	36031	0.26822
		الرسائل الأربع( قواعد أصولية وفقهية) / تقريرات - الجزء1	الشيخ جعفر السبحاني	Masaha	3454	0.26822
		روح المعاني [ج ١١]	أبي الفضل شهاب الدين السيّد محمود الألوسي البغدادي	Rafed	3197	0.26822
		رسالة لشيخ الإسلام محمد بن عبد الوهاب يجيب فيها عن سؤال حول معنى لا إله إلا الله	محمد بن عبد الوهاب بن سليمان التميمي النجدي (المتوفى: 1206ه)	ShamelaY19	30882	0.26821
		الصّحاح [ج ٦]	إسماعيل بن حمّاد الجوهري	Rafed	2883	0.26821
		سلسلة الآداب - المنجد	محمد صالح المنجد	Sham19Y	35111	0.26819
		شرح الترغيب والترهيب للمنذرى - حطيبة	الشيخ الطبيب أحمد حطيبة	ShamelaY19	36971	0.26817
		فضائل القرآن (مطبوع ضمن مؤلفات الشيخ محمد بن عبد الوهاب، الجزء الخامس)	محمد بن عبد الوهاب بن سليمان التميمي النجدي (المتوفى: 1206هـ)	ShamAY	11328	0.26817
		غديريات	عبدالحسين اميني ( علامه اميني )	Ghbook	10563	0.26817
		القول الحق المبين على من يخاصم في إجماع علماء المسلمين		ShamAY	35495	0.26814
		زبدة التّفاسير [ج ٥]	فتح الله بن شكر الله الشريف الكاشاني	Rafed	1721	0.26814
		لباب الإعراب المانع من اللحن في السنة والكتاب	الواحدي :: الشَّعْراني، عبد الوهاب	ShamAY	37060	0.26813
		إعجاز القرآن ونقض مطاعن عبدة الصلبان	الشيخ وائل بن علي بن أحمد الدِّسُوقيّ	ShamAY	36975	0.26813
		 شرح توحيد الصدوق 	 القاضي سعيد القمي 	ABLibrary	8479	0.26811
		قاعدة لا ضرر ولا ضرار	السيد علي الحسيني‌ السيستاني	Masaha	1744	0.26807
		 الذريعة 	 آقا بزرگ الطهراني 	ABLibrary	854	0.26806
		ذكرى الشيعة في أحكام الشّريعة [ج ٤]	محمّد بن جمال الدّين مكّي العاملي الجزيني [ الشهيد الأول ]	Rafed	546	0.26806
		دلالة الأسماء الحسنى على التنزيه		ShamAY	35538	0.26805
		التشبيهات لابن أبي عون	أبو اسحاق بن أبي عون (المتوفى: 322ه)	Sham19Y	734	0.26805
		دروس للشيخ سعود الشريم	سعود الشريم	Sham19Y	7741	0.26804
		 ردع الفقرا عن دعوى الولاية الكبرى 	 عبد الوهاب الشعراني 	ABLibrary	8839	0.26801
		أصول أهل السنة والجماعة	أبو الأشبال حسن الزهيري آل مندوه المنصوري المصري	ShamAY	701	0.26799
		سلسلة الآداب - المنجد	محمد صالح المنجد	ShamAY	225	0.26798
		الإيمانُ بالملائكة وبيانُ صفاتهم	علي بن نايف الشحود	ShamAY	35262	0.26798
		شرح الشّواهد الشعريّة في أمّات الكتب النحويّة [ج ٢]	محمّد محمّد حسن شرّاب	Rafed	1889	0.26798
		صحيح وضعيف الجامع الصغير وزيادته	عبد الرحمن بن أبي بكر، جلال الدين السيوطي (المتوفى: 911ه)	ShamelaY19	21659	0.26797
		تهذيب اللغة [ج ٦]	محمّد بن أحمد الأزهري	Rafed	1957	0.26796
		سلامة الصدر، وخطر الحقد, والحسد, والتباغض, والشحناء, والهجر، والقطيعة - مفهوم، وأسباب، وآداب، وأحكام، وعلاج في ضوء الكتاب والسنة	د. سعيد بن علي بن وهف القحطاني	ShamelaY19	96491	0.26795
		في علوم القرآن دراسات ومحاضرات	محمد عبد السلام كفافى وعبد الله الشريف	ShamAY	1489	0.26795
		الدين المعاملة	منقذ بن محمود السقار	ShamAY	1257	0.26793
		المزار (للشهيد الأول)	الشهيد الأول	Masaha	1074	0.26792
		عصمة المعصوم عليه السلام وفق المعطيات القرآنية	الشيخ جلال الدين علي الصغير	Rafed	1093	0.26791
		نظام القضاء والشهادة في الشريعة الإسلامية الغراء - الجزء1	الشيخ جعفر السبحاني	Masaha	5115	0.26789
		دروس للشيخ علي بن عمر بادحدح	علي بن عمر بادحدح	Sham19Y	7721	0.26787
		السلفيون وقضية فلسطين في واقعنا المعاصر وفيه (حكم عمليات الاقتحام بالنفس)	أبو عبيدة مشهور بن حسن بن محمود آل سلمان	Sham19Y	1691	0.26787
		الأزهر في ألف عام [ج ١]	الدكتور محمد عبد المنعم خفاجي	Rafed	2338	0.26786
		الغيبة	عبد الملك بن محمد القاسم	ShamelaY19	95686	0.26785
		التبيان في أيمان القرآن ط عالم الفوائد	أبو عبد الله محمد بن أبي بكر بن أيوب ابن قيم الجوزية (691 - 751)	ShamelaY19	18337	0.26785
		جواهر من أقوال الرسول	يَاسِر بْنُ أَحْمَدَ بْنِ محْمُودِ بْنِ أَحْمَدَ بْنِ أَبي الحَمْدِ الْكُوَيِّس الحَمَدَاني	ShamAY	1080	0.26784
		النكت العصرية في أخبار الوزراء المصرية	عمارة بن علي بن زيدان الحكمي المذحجي اليمني، أبو محمد، نجم الدين (المتوفى: 569ه)	Sham19Y	9248	0.26784
		الرسائل الأحمديّة [ج ٢]	الشيخ أحمد آل طعّان	Rafed	1332	0.26784
		شرح كتاب التوحيد - عبد الرحيم السلمي	عبد الرحيم بن صمايل العلياني السلمي	ShamelaY19	37803	0.26783
		الإبطال والرفض لعدوان من تجرأ على (كشف الشبهات) بالنقض، ويليه / ملامح جهمية	أبو محمد عبد الكريم بن صالح بن عبد الكريم الحميد	ShamelaY19	37604	0.26782
		الموسوعة القرآنيّة [ج ٢]	ابراهيم الأبياري	Rafed	3784	0.26782
		بهجة قلوب الأبرار وقرة عيون الأخيار في شرح جوامع الأخبار	أبو عبد الله، عبد الرحمن بن ناصر بن عبد الله بن ناصر بن حمد آل سعدي (المتوفى: 1376ه)	ShamelaY19	31304	0.26781
		الحجج القاطعة في المواريث الواقعة [مطبوع ضمن: رسالتان في علم الفرائض]	فيصل بن عبد العزيز آل مبارك (المتوفى: 1376 هـ)	ShamAY	38903	0.26779
		تفسير أسماء الله الحسنى للزجاج	إبراهيم بن السري بن سهل، أبو إسحاق الزجاج (المتوفى: 311ه)	Sham19Y	6468	0.26778
		 الجوهرة المضيئة في سلوك الطالب ونصح البرية 	 ابراهيم بن أبو المجد الدسوقي 	ABLibrary	8775	0.26777
		الكافي في فقه الإمام أحمد	أبو محمد موفق الدين عبد الله بن أحمد بن محمد بن قدامة الجماعيلي المقدسي ثم الدمشقي الحنبلي، الشهير بابن قدامة المقدسي (المتوفى: 620هـ)	ShamAY	21731	0.26776
		قاعدة حسنة في الباقيات الصالحات	تقي الدين أبو العباس أحمد بن عبد الحليم بن عبد السلام بن عبد الله بن أبي القاسم بن محمد ابن تيمية الحراني الحنبلي الدمشقي (المتوفى: 728هـ)	ShamAY	22650	0.26776
		الواضح في أركان الإيمان	علي بن نايف الشحود	ShamAY	35269	0.26776
		 الدلائل في شرح منتخب المسائل 	 السيد تقي الطباطبائي 	ABLibrary	9707	0.26776
		مع صاحب الفضيلة والدنا الشيخ محمد الأمين الشنقيطي رحمه الله	عطية بن محمد سالم (المتوفى: 1420هـ)	ShamAY	4993	0.26775
		التشبيهات لابن أبي عون	أبو اسحاق بن أبي عون (المتوفى: 322هـ)	ShamAY	734	0.26775
		مفاهيم القرآن [ج ٣]	الشيخ جعفر السبحاني	Rafed	240	0.26775
		توحيد العبادة		ShamAY	35523	0.26774
		مكفرات الذنوب والخطايا وأسباب المغفرة من الكتاب والسنة	د. سعيد بن علي بن وهف القحطاني	ShamelaY19	96525	0.2677
		عدة البروق في جمع ما في المذهب من الجموع والفروق	أبو العباس أحمد بن يحيى الونشريسي	ShamelaY19	20588	0.2677
		تيسير الرحمن في أحكام سجود تلاوة القرآن	عصام عبد ربه مشاحيت	ShamAY	36176	0.2677
		مفهوم الولاء والبراء في القرآن والسنة	علي بن نايف الشحود	ShamAY	1615	0.26769
		أخلاق الشباب المسلم	أبو شكيب محمد تقي الدين بن عبد القادر الهلالي (المتوفى: 1407هـ)	ShamAY	12183	0.26767
		دروس للشيخ سعود الشريم	سعود بن إبراهيم بن محمد آل شريم	ShamAY	7741	0.26764
		سند العروة الوثقى - كتاب النكاح - الجزء1	الشيخ محمد السند	Masaha	4989	0.26764
		نور التوحيد وظلمات الشرك في ضوء الكتاب والسنة	د. سعيد بن علي بن وهف القحطاني	ShamelaY19	96538	0.26762
		الإسلام دين هداية ورحمة واستعصاء	الواحدي :: عبد الله قادري الأهدل	ShamAY	33421	0.26758
		آلاء الرحمن في تفسير القرآن	محمد جواد بلاغي	Ghbook	2721	0.26757
		دروس للشيخ علي بن عمر بادحدح	علي بن عمر بن أحمد بادحدح	ShamAY	905	0.26756
		 منازل السائرين ( شرح التلمساني ) 	 عبد الله الأنصاري الهروي 	ABLibrary	8779	0.26756
		الموسوعة القرآنيّة خصائص السور [ج ٣]	الناشر: دار التقريب بين المذاهب الإسلامية	Rafed	3728	0.26755
		شمس العلوم [ج ٩]	نشوان بن سعيد الحميري	Rafed	1412	0.26754
		رسالة في زكاة الحلي	محمد بن صالح بن محمد العثيمين (المتوفى: 1421هـ)	ShamAY	11224	0.26753
		فدك في التاريخ	آية الله السيّد محمّد باقر الصدر	Rafed	187	0.26753
		روح المعاني [ج ١٥]	أبي الفضل شهاب الدين السيّد محمود الألوسي البغدادي	Rafed	3203	0.26753
		الزواج بنية الطلاق من خلال أدلة الكتاب والسنة ومقاصد الشريعة الإسلامية	صالح بن عبد العزيز بن إبراهيم آل منصور (المتوفى: 1429ه)	ShamelaY19	36511	0.26751
		الكشّاف [ج ٢]	محمود بن عمر الزمخشري	Rafed	3120	0.26751
		شرح الوصية الكبرى	يوسف بن محمد علي الغفيص	ShamelaY19	37779	0.2675
		النكت العصرية في أخبار الوزراء المصرية	عمارة بن علي بن زيدان الحكمي المذحجي اليمني، أبو محمد، نجم الدين (المتوفى: 569هـ)	ShamAY	9248	0.26748
		مناهج التحصيل ونتائج لطائف التأويل في شرح المدونة وحل مشكلاتها	أبو الحسن علي بن سعيد الرجراجي (المتوفى: بعد 633ه)	ShamelaY19	123685	0.26747
		الإمامة في الصلاة - مفهوم، وفضائل، وأنواع، وآداب، وأحكام في ضوء الكتاب والسُّنَّة	د. سعيد بن علي بن وهف القحطاني	ShamAY	1806	0.26747
		إتحاف الإلف بذكر الفوائد الألف والنيف من سورة يوسف	سليم الهلالي	ShamAY	38627	0.26746
		الأصول الشرعية عند حلول الشبهات	صالح بن عبد العزيز بن محمد بن إبراهيم آل الشيخ	ShamelaY19	30898	0.26743
		حقوق المرأة في ضوء الكتاب والسنة	الدكتور/ مرزوق بن هياس آل مرزوق الزهراني	Sham19Y	36118	0.26741
		مجمع البيان في تفسير القرآن	طبرسي ( معروف ) ، امين الاسلام ابوعلي فضل بن حسن ( صاحب مجمع البيان و اعلام الوري و... )	Ghbook	15517	0.2674
		التفسير الموضوعي لسورة سبأ	أحمد بن محمد الشرقاوى	ShamAY	33134	0.26739
		أخبار الآحاد في الحديث النبوي	عبدالله بن عبدالرحمن بن عبدالله بن الجبرين	ShamAY	37251	0.26738
		تفسير كتاب الله العزيز [ج ٤]	هود بن محكم الهوّاري الأوراسي	Rafed	3821	0.26738
		قواعد الترجيح المتعلقة بالنص عند ابن عاشور في تفسيره التحرير والتنوير - دراسة تأصيلية تطبيقية	عبير بنت عبد الله النعيم	Sham19Y	20876	0.26736
		جامع الشتات	محمد اسماعيل بن الحسين بن محمدرضا مازندراني خواجوئي	Ghbook	15608	0.26734
		رفع الملام عن الإئمة الأعلام - ت: الشحود	الواحدي :: ابن تيمية	ShamAY	34383	0.26733
		 شرح حكم الشيخ الأكبر 	 حسن بن موسى القادري 	ABLibrary	8861	0.26732
		اسرار الحروف و يليه الحروف المقطعه في القران الكريم	كاظم محمد علي شكر	Ghbook	2391	0.26732
		المستشرقون والتراث	عبد العظيم محمود الديب (المتوفى: 1431ه)	ShamelaY19	23307	0.26731
		البحث اللغوي عند العرب	د أحمد مختار عبد الحميد عمر	ShamAY	8670	0.2673
		دروس في العقيدة - الراجحي	عبد العزيز بن عبد الله بن عبد الرحمن الراجحي	ShamelaY19	37010	0.26728
		أهل الحديث هم الطائفة المنصورة والفرقة الناجية - حوار مع سلمان بن فهد العودة	ربيع بن هادي المدخلي	ShamAY	33011	0.26727
		التفسير ورجاله للطاهر بن عاشور		ShamAY	36931	0.26727
		المنتخب من تفسير القرآن [ج ١]	أبو عبدالله محمّد بن أحمد بن إدريس الحلّي	Rafed	3827	0.26725
		تكفير المعين والفرق بين قيام الحجة وفهم الحجة	إسحاق بن عبد الرحمن بن حسن آل الشيخ	ShamAY	33877	0.26724
		ثواب القرب المهداة إلى أموات المسلمين - فضائل، وآداب، وأنواع، وأحكام في ضوء الكتاب والسنة	د. سعيد بن علي بن وهف القحطاني	ShamelaY19	96483	0.26722
		 الزبدة الفقهية في شرح الروضة البهية 	 السيد محمد حسن الترحيني العاملي 	ABLibrary	9694	0.26722
		ورد الصباح والمساء من الكتاب والسنة	د. سعيد بن على بن وهف القحطاني	ShamelaY19	96450	0.26721
		المنهل الحديث في شرح الحديث	الأستاذ الدكتور موسى شاهين لاشين	ShamAY	38845	0.26721
		عصمة الأنبياء عليهم السلام	زين العابدين عبد علي طاهر الكعبي	Rafed	809	0.26721
		مقاصد الشريعة الإسلامية	محمد الطاهر بن محمد بن محمد الطاهر بن عاشور التونسي (المتوفى: 1393هـ)	ShamAY	32107	0.2672
		إفحام اليهود، وقصة إسلام السموأل، ورؤياه النبي صلى الله عليه وسلم	السموأل بن يحيى بن عباس المغربي (المتوفى: نحو 570ه)	Sham19Y	6529	0.26719
		الصيام في الإسلام في ضوء الكتاب والسنة - مفهومٌ، وفضائلُ، وفوائدُ، وخصائصُ، وشروط، وأركان، ومسائل، وآداب، وحكمٌ، وأحكامٌ	د. سعيد بن علي بن وهف القحطاني	ShamAY	1815	0.26718
		شرح كتاب الفوائد	عمر عبد الكافى شحاتة	ShamelaY19	37045	0.26717
		شمس العلوم [ج ٨]	نشوان بن سعيد الحميري	Rafed	1411	0.26712
		كشف الأوهام والإلتباس عن تشبيه بعض الأغبياء من الناس	سليمان بن سحمان بن مصلح بن حمدان بن مصلح بن حمدان بن مسفر بن محمد بن مالك بن عامر الخثعمي , التبالي , العسيري , النجدي (المتوفى: 1349هـ)	ShamAY	6504	0.26711
		تذكرة الصوام بشيء من فضائل الصيام والقيام وما يتعلق بهما من أحكام	عبد الله بن صالح القصير	ShamelaY19	30926	0.2671
		البحر المحيط في التّفسير [ج ٧]	محمّد بن يوسف [ أبي حيّان الأندلسي الغرناطي ]	Rafed	2425	0.2671
		شرح زاد المستقنع - عبد الكريم الخضير	عبد الكريم الخضير	ShamelaY19	23834	0.26709
		روح المعاني [ج ١]	أبي الفضل شهاب الدين السيّد محمود الألوسي البغدادي	Rafed	3178	0.26707
		صلاة الاستسقاء - مفهوم، وأسباب، وأنواع، وآداب، وآيات، وحِكَمٌ، وأحكامٌ في ضوء الكتاب والسنة	د. سعيد بن علي بن وهف القحطاني	ShamAY	1931	0.26705
		عدة المريد الصادق	شهاب الدين أبو العباس أحمد بن أحمد بن محمد بن عيسى البرنسي الفاسي، المعروف ب زروق (المتوفى: 899ه)	ShamelaY19	123663	0.26701
		خطب مختارة	اختيار وكالة شئون المطبوعات والنشر بوزارة الشؤون الإسلامية والأوقاف والدعوة والإرشاد	ShamAY	30929	0.26701
		المزدكية هي أصل الاشتراكية	عبد اللطيف بن علي بن أحمد بن محمد السلطاني القنطري الجزائري (المتوفى: 1404هـ)	ShamAY	31736	0.26697
		المخصّص [ج ١١]	أبي الحسن علي بن إسماعيل بن سيده المرسي [ ابن سيده ]	Rafed	3556	0.26697
		مفاهيم أساسية لدراسة السيرة النبوية	محمد جلال القصاص	ShamAY	37406	0.26696
		كشف الارتياب في اتباع محمد بن عبد الوهاب	محسن امين عاملي	Ghbook	7739	0.26696
		فتاوى نور على الدرب لابن باز بعناية الشويعر	عبد العزيز بن عبد الله بن باز (المتوفى: 1420هـ)	ShamAY	107	0.26694
		إمامة الشيعة دعوة باطنية لاستمرار النبوة	عبد الملك بن عبد الرحمن الشافعي	ShamAY	35296	0.26694
		مدارك الأحكام [ج ٤]	السيد محمّد بن علي الموسوي العاملي	Rafed	595	0.26693
		مدارك الأحكام [ج ٦]	السيد محمّد بن علي الموسوي العاملي	Rafed	597	0.26692
		نفحات من علوم القرآن	محمد باقر ملكي ميانجي	Ghbook	11878	0.26692
		فقه علائم الظهور	محمد السند	Ghbook	4574	0.26691
		فصل الخطاب في شرح مسائل الجاهلية (مطبوع مع رسالة قطف الثمر لصديق حسن خان)	أبو المعالي محمود شكري بن عبد الله بن محمد بن أبي الثناء الألوسي (المتوفى: 1342هـ)	ShamAY	9637	0.26687
		جامع الرسائل لابن تيمية - رشاد سالم	تقي الدين أبو العَباس أحمد بن عبد الحليم بن عبد السلام بن عبد الله بن أبي القاسم بن محمد ابن تيمية الحراني الحنبلي الدمشقي (المتوفى : 728هـ)	ShamAY	22653	0.26686
		 سند العروة الوثقى ( كتاب الطهارة ) 	 الشيخ محمد السند 	ABLibrary	9549	0.26684
		مختصر الفتاوى المصرية لابن تيمية	محمد بن علي بن أحمد بن عمر بن يعلى، أبو عبد الله، بدر الدين البعليّ (المتوفى: 778هـ)	ShamAY	1627	0.26683
		شبهات حول السنة	عبد الرزاق عفيفي (المتوفى: 1415ه)	Sham19Y	30836	0.26683
		إمام المسجد مقوماته العلمية والخلقية	سعود بن محمد البشر	ShamelaY19	30874	0.26681
		 إعلام النبلاء بتاريخ حلب الشهباء 	 محمد راغب الطباخ الحلبي 	ABLibrary	8956	0.2668
		الغلو في التكفير المظاهر ـ الأسباب ـ العلاج	أبوحسام الدين الطرفاوي	ShamAY	35487	0.26679
		النصر والتمكين آت بإذن الله	علي بن نايف الشحود	ShamAY	1614	0.26679
		إصلاح غلط المحدثين	أبو سليمان حمد بن محمد بن إبراهيم بن الخطاب البستي المعروف بالخطابي (المتوفى: 388هـ)	ShamAY	1251	0.26678
		الأطعمة وأحكام الصيد والذبائح	صالح الفوزان	ShamAY	36326	0.26677
		مِنهاجُ المُسلم - كتاب عقائد وآداب وأخلاق وعَبادات ومعَاملات	أبو بَكر جَابِر الجَزَائِرِي	ShamAY	2071	0.26675
		 سرح العيون بشرح ما في النبات من الفنون 	 المناوي 	ABLibrary	9964	0.26675
		القواعد والأصول وتطبيقات التدبر	د/ خالد بن عثمان السبت	ShamelaY19	133376	0.26673
		الأحكام السلطانية لأبي يعلى الفراء	أبو يعلى ابن الفراء	ShamelaY19	22877	0.26673
		فتاوى نور على الدرب لابن باز بعناية الشويعر	عبد العزيز بن عبد الله بن باز (المتوفى: 1420ه)	Sham19Y	107	0.26669
		مجمع الفائدة والبرهان في شرح إرشاد الأذهان [ج ٦]	الشيخ أحمد بن محمّد الأردبيلي [ المقدّس الأردبيلي ]	Rafed	1901	0.26665
		من أصول الفقه على منهج أهل الحديث	زكريا بن غلام قادر الباكستاني	ShamAY	12085	0.26662
		شرح الطحاوية لسفر الحوالي	سفر بن عبد الرحمن الحوالي	ShamAY	2827	0.26662
		تقريظ للحافظ ابن حجر العسقلاني على الرد الوافر	محمد بن أحمد بن محمد بن خير الله، أبو الفضل، صفيّ الدين الحنفي الأثري الحسيني البخاري (المتوفى: 1200هـ)	ShamAY	6662	0.26661
		وصية الشيخ السلمي	محمد بن الحسين بن محمد بن موسى بن خالد بن سالم النيسابوري، أبو عبد الرحمن السلمي (المتوفى: 412ه)	Sham19Y	6890	0.26661
		 تكملة شوارق الألهام 	 محمد المحمدي الگيلاني 	ABLibrary	8389	0.26661
		اللّباب في علوم الكتاب [ج ٧]	أبي حفص عمر بن علي بن عادل الدمشقي الحنبلي	Rafed	3098	0.26661
		تحفة الناظر وغنية الذاكر في حفظ الشعائر وتغيير المناكر	أبو عبد الله محمد بن أحمد بن قاسم بن سعيد العقباني التلمساني (فقيه توفي بتلمسان عام 871 ه - 1467 م)	ShamelaY19	18493	0.2666
		ابطال ما استدلّ به لإمامة أبي بكر	السيّد علي الحسيني الميلاني	Rafed	179	0.26657
		 الحج في الشريعة الإسلامية الغراء 	 الشيخ السبحاني 	ABLibrary	9562	0.26656
		شرح لامية شيخ الإسلام	عبد الكريم الخضير	ShamelaY19	27248	0.26655
		الكافي في فقه ابن حنبل - المكتب الإسلامي	أبو محمد موفق الدين عبد الله بن أحمد بن محمد بن قدامة الجماعيلي المقدسي ثم الدمشقي الحنبلي، الشهير بابن قدامة المقدسي (المتوفى: 620هـ)	ShamAY	34259	0.26655
		التفسير والتأويل في القرآن	صلاح عبد الفتاح الخالدي (معاصر)	ShamAY	32567	0.26654
		أربع قواعد تدور الأحكام عليها ويليها نبذة في اتباع النصوص مع احترام العلماء (مطبوع ضمن مؤلفات الشيخ محمد بن عبد الوهاب، الجزء الثالث)	محمد بن عبد الوهاب بن سليمان التميمي النجدي (المتوفى: 1206ه)	Sham19Y	7499	0.26652
		أنموذج اللبيب في خصائص الحبيب (مطبوع مع شرح محمد بن أحمد عبد الباري الأهدل، المسمى: فتح الكريم القريب شرح أنموذج اللبيب)	عبد الرحمن بن أبي بكر، جلال الدين السيوطي (المتوفى: 911هـ)	ShamAY	12824	0.26651
		الأدلة علي ركنية قراءة الفاتحة للمأموم والرد علي المخالف	محمد بن عمران	ShamAY	36568	0.2665
		الفتاوى الشرعية في المسائل الطبية	الواحدي :: ابن جبرين	ShamAY	33199	0.2665
		كيف نصوم رمضان إيمانا واحتسابا؟	رأفت صلاح	ShamAY	34930	0.2665
		تعريف الطلاب بأصول الفقه في سؤال وجواب	وليد بن راشد السعيدان	ShamAY	37477	0.2665
		أمالي ابن الحاجب	عثمان بن عمر بن أبي بكر بن يونس، أبو عمرو جمال الدين ابن الحاجب الكردي المالكي (المتوفى: 646هـ)	ShamAY	31958	0.26649
		شرح العقيدة الواسطية للفوزان	صالح بن فوزان الفوزان	ShamAY	35431	0.26648
		شرح الطحاوية لسفر الحوالي	سفر بن عبد الرحمن الحوالي	Sham19Y	2827	0.26647
		الأربعون في ردع المجرم عن سب المسلم	ابن حجر العسقلاني	ShamAY	34808	0.26646
		التمام في تفسير أشعار هذيل (مما أغفله أبو سعيد السكري)	أبو الفتح عثمان بن جني (ت 392هـ)	ShamAY	31951	0.26646
		آية التطهير في مصادر الفريقين	السيد مرتضى العسكري	Masaha	10	0.26646
		الفتاوى الكبرى لابن تيمية	تقي الدين أبو العباس أحمد بن عبد الحليم بن عبد السلام بن عبد الله بن أبي القاسم بن محمد ابن تيمية الحراني الحنبلي الدمشقي (المتوفى: 728هـ)	ShamAY	9690	0.26642
		 الزبدة الفقهية في شرح الروضة البهية 	 السيد محمد حسن الترحيني العاملي 	ABLibrary	9695	0.26642
		حسن الأسوة بما ثبت من الله ورسوله في النسوة	أبو الطيب محمد صديق خان بن حسن بن علي ابن لطف الله الحسيني البخاري القِنَّوجي (المتوفى : 1307هـ)	ShamAY	3485	0.2664
		 مجموعه رسائل ابن عربي 	 ابن عربي 	ABLibrary	8752	0.26637
		 خزانة التواريخ النجدية 	 عبد الله بن عبد الرحمن آل بسام 	ABLibrary	9050	0.26636
		فلسفه الحج	آيت الله العظمي سيد محمد حسيني شيرازي	Ghbook	7772	0.26636
		 الآثار الباقية عن القرون الخالية 	 أبو ريحان البيروني 	ABLibrary	8916	0.26633
		التبيان في أحكام الأذان	أحمد رجب آل حسان	ShamAY	36548	0.2663
		الامام الهادي (ع) قدوه الثائرين	محمد وصفي	Ghbook	4030	0.26626
		الأنوار النعمانية في الدعوة الربانية	محمد علي محمد إمام	ShamAY	1140	0.26624
		دور الفلك في حكم الماء المستعمل في البرك	ابن طولون (953 هـ)	ShamAY	34303	0.26621
		شرح الطحاوية - ط الأوقاف السعودية	صدر الدين محمد بن علاء الدين علي بن محمد ابن أبي العز الحنفي، الأذرعي الصالحي الدمشقي (المتوفى: 792ه)	Sham19Y	10777	0.26621
		الإمامة والقيادة	الدكتور احمد عزّ الدين	Rafed	8	0.26619
		تكملة فتاوى الموقع للشيخ محمد بن صالح بن عثيمين	الواحدي :: ابن عثيمين	ShamAY	37675	0.26618
		نظام الطلاق في الشريعة الإسلامية الغراء	الشيخ جعفر السبحاني	Masaha	5087	0.26616
		الاعتصام بالكتاب والسنة أصل السعادة في الدنيا والآخرة ونجاة من مضلات الفتن	د. سعيد بن علي بن وهف القحطاني	ShamAY	1805	0.26615
		تعريف بالأماكن الواردة في البداية والنهاية لابن كثير	موقع الإسلام	ShamAY	429	0.26615
		دقائق التفسير الجامع لتفسير ابن تيمية	تقي الدين أبو العباس أحمد بن عبد الحليم بن عبد السلام بن عبد الله بن أبي القاسم بن محمد ابن تيمية الحراني الحنبلي الدمشقي (المتوفى: 728ه)	Sham19Y	5487	0.26614
		كتاب الحج من كتب عبد العزيز بن عبد الله بن أبي سلمة الماجشون	أَبُو عَبْدِ اللهِ، وَأَبُو الأَصْبَغِ المَاجَشُوْنُ عَبْدُ العَزِيْزِ بنُ عَبْدِ اللهِ التَّيْمِيُّ ابْنِ أَبِي سَلَمَةَ مَيْمُوْنٍ - وَقِيْلَ: دِيْنَارٍ - التَّيْمِيُّ مَوْلاَهُم، المَدَنِيُّ (المتوفى: 164هـ)	ShamAY	26922	0.26613
		الكلمات النافعة في المكفرات الواقعة	أبو سليمان عبد الله بن محمد بن عبد الوهاب بن سليمان التميمي النجدي (المتوفى: 1242هـ)	ShamAY	8532	0.26612
		منية السول في تفضيل الرسول (صلى الله عليه وسلم)	أبو محمد عز الدين عبد العزيز بن عبد السلام بن أبي القاسم بن الحسن السلمي الدمشقي، الملقب بسلطان العلماء (المتوفى: 660ه)	ShamelaY19	30051	0.26611
		الخطاب القومي في الثقافة الجزائرية -دراسة	عمر بن قينة	ShamAY	37685	0.2661
		المحاسن	احمد بن محمد بن خالد برقي	Ghbook	2634	0.26607
		التفسير الواضح [ج ٣]	دكتور محمّد محمود حجازي	Rafed	3990	0.26605
		شرح الطحاوية - ط الأوقاف السعودية	صدر الدين محمد بن علاء الدين عليّ بن محمد ابن أبي العز الحنفي، الأذرعي الصالحي الدمشقي (المتوفى: 792هـ)	ShamAY	479	0.26603
		شرح الحموية - عبد الرحيم السلمي	عبد الرحيم بن صمايل العلياني السلمي	ShamAY	801	0.26603
		جامع الشتات	الشيخ الخواجوئي	Masaha	1457	0.26603
		شرح الطحاوية لناصر العقل	ناصر بن عبد الكريم العلي العقل	ShamelaY19	37433	0.26602
		نزهة النظر في توضيح نخبة الفكر في مصطلح أهل الأثر	أبو الفضل أحمد بن علي بن محمد بن أحمد بن حجر العسقلاني (المتوفى: 852هـ)	ShamAY	1565	0.26599
		 إعجاز القرآن بين المعتزلة والأشاعرة 	 منير سلطان 	ABLibrary	8342	0.26599
		موسوعة أخلاق القرآن [ج ٦]	الدكتور أحمد الشرباصي	Rafed	3906	0.26599
		الوافية في أصول الفقه‏	الفاضل التوني	Masaha	3595	0.26598
		خواص القرآن و فوائده	ضياءالدين اعلمي	Ghbook	4853	0.26596
		أشراط الساعة الكبرى - المغامسي	أبو هاشم صالح بن عوّاد بن صالح المغامسي	ShamAY	757	0.26595
		سياسة نامة	العلامة دده أفندي	ShamAY	33172	0.26594
		شرح المفصل لابن يعيش	يعيش بن علي بن يعيش ابن أبي السرايا محمد بن علي، أبو البقاء، موفق الدين الأسدي الموصلي، المعروف بابن يعيش وبابن الصانع (المتوفى: 643هـ)	ShamAY	31811	0.26592
		البيوع المحرمة والمنهي عنها	عبد الناصر بن خضر ميلاد	ShamAY	7571	0.26592
		تفسير غرائب القرآن ورغائب الفرقان [ج ٥]	نظام الدين الحسن بن محمّد بن حسين القمي النيسابوري	Rafed	1803	0.26592
		الاستبصار فى عجائب الامصار	مؤلف: الاستبصار في عجائب الأمصار	Sham19Y	11684	0.2659
		الشهوات المهلكة	يحيى بن موسى الزهراني	ShamAY	35065	0.26588
		الجامع لمسائل المدونة	أبو بكر محمد بن عبد الله بن يونس التميمي الصقلي (المتوفى: 451 ه)	Sham19Y	18607	0.26588
		التعليق على تفسير الجلالين - عبد الكريم الخضير	عبد الكريم الخضير	ShamelaY19	23842	0.26587
		الحراب في صدر البهاء و الباب	محمد فاضل	Ghbook	7032	0.26585
		متطلبات المحافظة على نعمة الأمن والاستقرار في بلادنا	سليمان بن عبد الرحمن الحقيل	ShamAY	31566	0.26584
		 شمس العلوم ودواء كلام العرب من الكلوم 	 نشوان بن سعيد الحميري 	ABLibrary	9794	0.26584
		المعجزة الكبرى القرآن	محمد بن أحمد بن مصطفى بن أحمد المعروف بأبي زهرة (المتوفى: 1394ه)	ShamelaY19	23137	0.26583
		أسنى المتاجر وبيان أحكام من غلب على وطنه النصاري ولم يهاجر وما يترتب عليه من العقوبات والزواجر	أحمد بن يحيى بن محمد الونشريسي التلمساني، أبو العباس المالكي (المتوفى: 914هـ)	ShamAY	6243	0.26583
		تهذيب اللغة [ج ٣]	محمّد بن أحمد الأزهري	Rafed	1939	0.26583
		الأنوار النعمانية في الدعوة الربانية	محمد علي محمد إمام	Sham19Y	21011	0.26579
		تقويم اللسانين	محمد تقي الدين الهلالي	ShamelaY19	150601	0.26576
		محبة الرسول بين الاتباع والابتداع	عبد الرءوف محمد عثمان	ShamelaY19	30862	0.26576
		الشهادة الثالثة	الشيخ محمد السند	Masaha	4889	0.26576
		دقائق التفسير الجامع لتفسير ابن تيمية	تقي الدين أبو العباس أحمد بن عبد الحليم بن عبد السلام بن عبد الله بن أبي القاسم بن محمد ابن تيمية الحراني الحنبلي الدمشقي (المتوفى: 728هـ)	ShamAY	5487	0.26575
		الفتاوى الذهبية في الرقى الشرعية	خالد الجريسي	ShamAY	34898	0.26572
		نساء الطفوف	محمد علي الحلو	Ghbook	12356	0.26571
		الإيضاح في شرح المفصّل [ج ١]	ابن حاجب	Rafed	2183	0.2657
		ضعيف الجامع الصغير وزيادته	أبو عبد الرحمن محمد ناصر الدين، بن الحاج نوح بن نجاتي بن آدم، الأشقودري الألباني (المتوفى: 1420هـ)	ShamAY	1663	0.26569
		بر الوالدين وصلة الأرحام	الواحدي :: عبد الله آل جار الله	ShamAY	34960	0.26569
		الاختلاط بين الواقع والتشريع	إبراهيم الأزرق	ShamAY	36607	0.26568
		الأدب النبوي	محمد عبد العزيز بن علي الشاذلي الخَوْلي (المتوفى: 1349هـ)	ShamAY	9763	0.26568
		المدخل إلى علوم القرآن الكريم	محمد فاروق النبهان	ShamAY	1493	0.26568
		دروس الدكتور عمر عبد الكافي	عمر عبد الكافى شحاتة	ShamAY	393	0.26564
		مواقف وعبر من حياة العلامة الألباني يرويها بنفسه رحمه الله	أبو مالك محمد بن حامد بن عبد الوهاب	ShamAY	34136	0.26563
		الصرف بين معاني القرآن للفراء ومعاني القرآن للأخفش (دراسة موازنة)		ShamAY	36918	0.26563
		مسائل الإمام أحمد رواية أبي داود سليمان بن الأشعث السجستاني	السجستاني، أبو داود	ShamAY	34273	0.26563
		اعجاز القرآن بين المعتزلة والأشاعرة	دكتور منير سلطان	Rafed	3292	0.26562
		الفتاوى الكبرى - ط المعرفة	أحمد بن عبد الحليم بن تيمية الحراني أبو العباس	ShamAY	34363	0.26561
		النص الكامل لكتاب العواصم من القواصم	القاضي محمد بن عبد الله أبو بكر بن العربي المعافري الاشبيلي المالكي (المتوفى: 543ه)	ShamelaY19	96180	0.2656
		مرآة العقول [ج ٢٥]	الشيخ محمّد باقر بن محمّد تقي المجلسي	Rafed	1101	0.26559
		أحكام عصاة المؤمنين	مروان كجك	ShamAY	7490	0.26558
		التقييد الكبير في تفسير كتاب الله المجيد	أبو العباس أحمد بن محمد بن أحمد البسيلي التونسي (المتوفى: 380ه)	ShamelaY19	95565	0.26553
		مبارق الأزهار في شرح مشارق الأنوار	عبد اللطيف بن ملك	ShamAY	35990	0.26552
		التفسير الحديث [مرتب حسب ترتيب النزول]	محمد عزة دروزة	ShamelaY19	23603	0.26546
		دلائل النبوة في غزوة الأحزاب	خليل بن إبراهيم ملا خاطر	ShamAY	37440	0.26546
		رسائل آل طوق القطيفي [ج ٣]	الشيخ أحمد آل طوق	Rafed	1409	0.26546
		السنة النبوية وحي - خليل خاطر	خليل بن إبراهيم ملا خاطر	ShamAY	7611	0.26545
		العداله الاسلاميه	آيت الله العظمي سيد محمد حسيني شيرازي	Ghbook	7760	0.26545
		بداية المجتهد - الفكر	أبو الوليد محمد بن أحمد بن محمد بن أحمد بن رشد القرطبي الشهير بابن رشد الحفيد (المتوفى: 595هـ)	ShamAY	34221	0.26543
		أمراض القلوب وشفاؤها	تقي الدين أبو العباس أحمد بن عبد الحليم بن عبد السلام بن عبد الله بن أبي القاسم بن محمد ابن تيمية الحراني الحنبلي الدمشقي (المتوفى: 728هـ)	ShamAY	1512	0.26541
		الكشّاف [ج ٤]	محمود بن عمر الزمخشري	Rafed	3124	0.26538
		عقيدة الإمام أبي علي الهاشمي الحنبلي	أبو علي بن أبي موسى الهاشمي	ShamAY	35744	0.26537
		اصول العقيدة	السيد محمد سعيد الطباطبائي الحكيم	Masaha	603	0.26537
		ومضات السبط عليه السلام	نبيل قدوري الحسني	Ghbook	12379	0.26536
		طريق الهجرتين - دار ابن القيم	محمد بن أبي بكر أيوب الزرعي أبو عبد الله	ShamAY	34427	0.26534
		الوسطية في ضوء القرآن الكريم	ناصر بن سليمان العمر	ShamAY	1939	0.26533
		الفرقان بين أولياء الرحمن وأولياء الشيطان	الشيخ ياسر بن حسين برهامي	ShamAY	45	0.26532
		مصابيح الانوار قبسات من انوارالنبي و اهل بيته الاطهار عليه السلام ويليه قبسات من...	ايوب حائري	Ghbook	16058	0.26532
		الاتجاه العقلي في التفسير	نصرحامد ابوزيد	Ghbook	2851	0.26532
		يا أيها الذين آمنوا نداءُ اللهِ تعالَى للمؤمِنينَ	علي بن نايف الشحود	ShamAY	34853	0.26531
		الامام الحسين بن علي في الشعر العراقي الحديث	علي حسين يوسف	Ghbook	12302	0.26529
		أم البراهين .. في الرد التفصيلي على مذهب الأشعرية والماتردية	حامد بن عبد الله العلي	ShamAY	35448	0.26526
		الموضح عن جهة إعجاز القرآن	علي بن الحسين الموسوي العلوي [ الشريف المرتضى علم الهدى ]	Rafed	3620	0.26523
		مختصر سنا البرق الشامي	الفتح بن علي بن محمد البنداري الأصفهاني، أبو إبراهيم (المتوفى: 643هـ)	ShamAY	5400	0.26521
		فدك في التاريخ	السيد محمد باقر الصدر	Masaha	1743	0.26521
		الدّروع الواقية	السيّد رضي الدين أبو القاسم علي بن موسى بن جعفر بن طاووس الحسني الحلّي [ السيّد بن طاووس ]	Rafed	231	0.26521
		تحفة الإخوان بأجوبة مهمة تتعلق بأركان الإسلام	عبد العزيز بن عبد الله بن باز (المتوفى: 1420ه)	ShamelaY19	31252	0.2652
		 سند العروة الوثقى - كتاب النكاح 	 الشيخ محمد السند 	ABLibrary	9550	0.2652
		آيات عتاب المصطفى - صلى الله عليه وسلم - في ضوء العصمة والاجتهاد	عويد المطرفي	ShamelaY19	29736	0.26518
		الاتجاه العلماني المعاصر في علوم القرآن الكريم .. الجابِري أُنموذجاً	سامي عطا حسن	ShamAY	36994	0.26515
		 إيضاح الغوامض في تقسيم الفرائض 	 الشيخ علي الغروي 	ABLibrary	9396	0.26515
		تنبيه الخلان بتكميل مورد الظمآن "مطبوع ضمن كتاب دليل الحيران على مورد الظمآن"	أبو محمد بن عبد الواحد بن أحمد بن عاشر الأنصاري الأندلسي، المغربي الفاسي (المتوفى: 1090ه)	Sham19Y	10011	0.26514
		 الشهاب الثاقب في وجوب صلاة الجمعة العيني 	 الفيض الكاشاني 	ABLibrary	9337	0.26513
		العصبةُ المؤمنة بين عناية الرحمن ومكر الشيطان	علي بن نايف الشحود	ShamAY	353	0.26512
		ضعيف الجامع الصغير وزيادته	أبو عبد الرحمن محمد ناصر الدين، بن الحاج نوح بن نجاتي بن آدم، الأشقودري الألباني (المتوفى: 1420ه)	Sham19Y	1663	0.26512
		الأساس في التفسير [ج ٤]	سعيد حوّى	Rafed	3137	0.26512
		الطبّ النبوي	شمس الدّين محمّد بن أبي بكر بن أيّوب الزّرعي [ ابن قيّم الجوزيّة ]	Rafed	1430	0.26512
		الخشوع في الصلاة .. حقيقته وأسبابه	أبو عبد الله الخطيب	ShamAY	35156	0.2651
		مضاهاة أمثال كليلة ودمنة بما أشبهها من اشعار العرب	أبو عبد الله محمد بن حسين بن عمر اليمني (المتوفى: 400هـ)	ShamAY	674	0.26509
		مجموع السيّد حميدان	أبي عبدالله حميدان بن يحيى القاسمي	Rafed	3453	0.26509
		 شرفنامه 	 شرف خان البدليسي 	ABLibrary	9127	0.26506
		شرح المدائح النبوية	أبو هاشم صالح بن عواد بن صالح المغامسي	ShamelaY19	37737	0.26505
		الصوم في السفر	المجمع العالمي لاهل البيت عليهم السلام	Ghbook	7574	0.26505
		المبسوط للسرخسي	محمد بن أحمد بن أبي سهل شمس الأئمة السرخسي (المتوفى: 483هـ)	ShamAY	31804	0.26504
		أثر تعلم القرآن الكريم في اكتساب الملكات اللسانية - يوسف العليوي	يوسف العليوي	ShamAY	36764	0.26503
		مناهل العرفان في علوم القرآن	محمد عبد العظيم الزُّرْقاني (المتوفى: 1367هـ)	ShamAY	7249	0.26502
		مسألة الإيمان دراسة تأصيلية	علي بن عبد العزيز بن علي الشبل	ShamAY	1929	0.265
		مجاني الأدب في حدائق العرب	رزق الله بن يوسف بن عبد المسيح بن يعقوب شيخو (المتوفى: 1346هـ)	ShamAY	259	0.265
		التفسير المنير [ج ٨]	الدكتور وهبة الزحيلي	Rafed	2950	0.26499
		دراسه عسكريه للثوره الحسينيه	عباس ذهيبات	Ghbook	5958	0.26499
		وجوب تحكيم شرع الله ونبذ ما خالفه	عبد العزيز بن عبد الله بن باز (المتوفى: 1420ه)	ShamelaY19	30870	0.26498
		 علم اليقين في أصول الدين 	 الفيض الكاشاني 	ABLibrary	8516	0.26498
		كتاب الجيم [ج ١]	أبي عمرو الشيباني	Rafed	3533	0.26497
		بحوث لفظية قرآنية (نتائج جديدة لمعاني بعض الفاظ و تراكيب القرآن الكريم)	عبدالرحمن العقيلي	Ghbook	15739	0.26497
		ندوة الوقف وأثره في الدعوة والتنمية	محسن الحازمي	ShamAY	36531	0.26496
		الأحكام الملمة على الدروس المهمة لعامة الأمة	عبد العزيز بن داود الفايز	ShamAY	10448	0.26495
		الإرشاد إلى صحيح الاعتقاد والرد على أهل الشرك والإلحاد	صالح بن فوزان بن عبد الله الفوزان	ShamAY	7529	0.26494
		من أخلاق الداعية	سلمان بن فهد العودة	ShamAY	1994	0.26494
		مقتل الشيخ جميل الرحمن الأفغاني، ومعه (حول كلمة وهابي)	أَبِو عَبد الرَّحمَن مُقْبلُ بنُ هَادِي بنِ مُقْبِلِ بنِ قَائِدَةَ (اسم رجل) الهَمْدَاني الوادعِيُّ (المتوفى: 1422هـ)	ShamAY	2004	0.26494
		رسالة في أسس العقيدة	محمد بن عودة السعوي	ShamelaY19	30834	0.26493
		التكفير - مفهومه و أخطاره و ضوابطه		ShamAY	35475	0.26493
		مشابهة الرافضة الشيعة لليهود		ShamAY	35314	0.26492
		ارق نفسك وأهلك بنفسك	د خالد بن عبد الرحمن بن علي الجريسي	Sham19Y	5701	0.26491
		سيوف الله الآجله بمدد يمين مجاهد المله ، او : عذاب الله المجدي لجوف منكر التوسل ...	محمد عاشق الرحمن قادري حبيبي	Ghbook	7661	0.2649
		التّفسير الحديث  [ج ١]	محمّد عزّة دروزة	Rafed	3689	0.26489
		أصول الدعوة وطرقها 1 - جامعة المدينة	مناهج جامعة المدينة العالمية	ShamAY	1647	0.26487
		تعظيم الله جل جلاله «تأملات وقصائد»	أحمد بن عثمان المزيد	ShamAY	32096	0.26486
		سماحة الإسلام وحقوق الأقليّات الدينيّة	السيد سعيد كاظم العذاري	Masaha	1739	0.26486
		كتاب الفنون لابن عقيل	أبو الوفاء، علي بن عقيل بن محمد بن عقيل البغدادي الحنبلي	ShamAY	38993	0.26485
		الدعاء عند أهل البيت عليهم السلام	الشيخ محمد مهدي الآصفي	Rafed	2682	0.26483
		المثل السائر في أدب الكاتب والشاعر ت محيي الدين عبد الحميد	نصر الله بن محمد بن محمد بن عبد الكريم الشيباني، الجزري، أبو الفتح، ضياء الدين، المعروف بابن الأثير الكاتب (المتوفى: 637هـ)	ShamAY	23794	0.26482
		 الفقه ، الرأي العام والإعلام 	 السيد محمد الحسيني الشيرازي 	ABLibrary	9485	0.26482
		الاستبصار فى عجائب الامصار	مؤلف: الاستبصار في عجائب الأمصار	ShamAY	11684	0.26481
		السراج الوهّاج	الشيخ إبراهيم بن سليمان البحراني [ الفاضل القطيفي ]	Rafed	1258	0.26481
		العراق.. ماضيه و مستقبله	آيت الله العظمي سيد محمد حسيني شيرازي	Ghbook	7763	0.26481
		باهر البرهان فى معانى مشكلات القرآن	محمود بن أبي الحسن (علي) بن الحسين النيسابورى الغزنوي، أبو القاسم، الشهير ب (بيان الحق) (المتوفى: بعد 553ه)	ShamelaY19	37538	0.2648
		الجامع لمسائل المدونة	أبو بكر محمد بن عبد الله بن يونس التميمي الصقلي (المتوفى: 451 هـ)	ShamAY	32407	0.2648
		 مباني منهاج الصالحين 	 السيد تقي الطباطبائي القمي 	ABLibrary	9723	0.2648
		 دعائم الإسلام 	 القاضي النعمان المغربي 	ABLibrary	827	0.26477
		إهداء للبرنامج من دار الركائز للنشر والتوزيع - دولة الكويت	منصور بن يونس البهوتي (ت: 1051 ه)	ShamelaY19	147658	0.26476
		ملامح يونانية في الأدب العربي	دكتور إحسان عباس (المتوفى: 1424هـ)	ShamAY	1012	0.26476
		اللّباب في علوم الكتاب [ج ٣]	أبي حفص عمر بن علي بن عادل الدمشقي الحنبلي	Rafed	3092	0.26475
		الصحاح تاج اللغة وصحاح العربية	أبو نصر إسماعيل بن حماد الجوهري الفارابي (المتوفى: 393ه)	ShamelaY19	23235	0.26473
		شبهات حول القرآن	محمد عمارة مصطفى عمارة	Sham19Y	1414	0.26473
		العذب النمير من مجالس الشنقيطي في التفسير	محمد الأمين بن محمد المختار بن عبد القادر الجكني الشنقيطي (المتوفى: 1393ه)	ShamelaY19	96296	0.26471
		 اللطائف الإلهية في شرح مختارات من الحكم العطائية 	 ابن عطاء الله السكندري 	ABLibrary	8787	0.26471
		كتاب الصلاة (للشيخ الأنصاري) - الجزء1	الشيخ مرتضى الأنصاري	Masaha	828	0.26471
		 الطبقات الكبرى ( فارسي ) 	 ابن سعد ( مترجم : محمود مهدوى دامغانى ) 	ABLibrary	7600	0.2647
		شرح حكم نهج البلاغة	الشيخ عباس القمي	Masaha	2341	0.26469
		شرح كتاب الفوائد	عمر عبد الكافى شحاتة	Sham19Y	37045	0.26468
		قصة البشرية	الشيخ محمد إبراهيم الحمد	Sham19Y	1979	0.26467
		شرح عمدة الأحكام - عبد الكريم الخضير	عبد الكريم الخضير	Sham19Y	22645	0.26467
		تنقيح مباني العروه: كتاب الزكاه	آيت الله العظمي ميرزا جواد تبريزي	Ghbook	12749	0.26465
		الخلاصة في أحكام السجن في الفقه الإسلامي	علي بن نايف الشحود	ShamAY	1619	0.26464
		الفرقان في تفسير القرآن بالقرآن والسنّة [ج ٢٣]	الشيخ محمد الصادقي	Rafed	3046	0.26464
		التدريب وأهميته في العمل الإسلامي	مُحَمَّد بن حَسَن بْن عَقيل مُوسَى الشَّريْف	ShamAY	316	0.26462
		دولة الإسلام في الأندلس	محمد عبد الله عنان المؤرخ المصري (المتوفى: 1406هـ)	ShamAY	145	0.26461
		الرسائل الأحمديّة [ج ٣]	الشيخ أحمد آل طعّان	Rafed	1358	0.2646
		شرح كتاب الرد على الزنادقة	الشيخ عبدالعزيز الراجحي	ShamAY	35434	0.26458
		فص الخواتم فيما قيل في الولائم	شمس الدين محمد بن علي بن خمارويه بن طولون الدمشقي الصالحي الحنفي (المتوفى: 953هـ)	ShamAY	656	0.26458
		التوريث الدعويّ	مُحَمَّد بن حَسَن بْن عَقيل مُوسَى الشَّريْف	ShamAY	324	0.26457
		دحض دعوى المستشرقين أن القرأن من عند النبي صلى الله علية وسلم	سعود بن عبد العزيز الخلف	ShamAY	11180	0.26456
		إفادة الخبر بنصه في زيادة العمر ونقصه	عبد الرحمن بن أبي بكر، جلال الدين السيوطي (المتوفى: 911ه)	ShamelaY19	37466	0.26454
		100 سنة ثابتة	مجموعة من المؤلفين	ShamAY	35020	0.26454
		شرح الحموية - يوسف الغفيص	يوسف بن محمد علي الغفيص	ShamAY	31669	0.26453
		مقالات حول الحساب الفلكي	مجموعة من المؤلفين	ShamAY	36320	0.26453
		مناهل العرفان (الكتاب العربي)	محمد عبد العظيم الزرقاني	ShamAY	34077	0.26452
		السرائر الحاوي لتحرير الفتاوي - الجزء1	ابن إدريس الحلي	Masaha	719	0.26452
		القطوف الدانية	أبو هاشم صالح بن عواد بن صالح المغامسي	ShamelaY19	37742	0.26451
		الارتباط بالله و جهاد النفس	آيت الله العظمي سيد محمد حسيني شيرازي	Ghbook	7892	0.26449
		مشكلة السرف في المجتمع المسلم وعلاجها في ضوء الإسلام	عبد الله بن إبراهيم الطريقي	ShamAY	31270	0.26447
		حياه محمد	محمدحسين هيكل	Ghbook	15496	0.26447
		تحقيق القول في مسألة: عيسى كلمة الله والقرآن كلام الله	تقي الدين أبو العباس أحمد بن عبد الحليم بن عبد السلام بن عبد الله بن أبي القاسم بن محمد ابن تيمية الحراني الحنبلي الدمشقي (المتوفى: 728ه)	ShamelaY19	22667	0.26446
		إعانة المستفيد بِضَبْطِ مَتْنَي " التُّحْفَةِ وَالْجَزَرِيَّةِ " فِي عِلْمِ التَّجْوِيدِ		ShamAY	36956	0.26446
		موسوعة أخلاق القرآن [ج ٤]	الدكتور أحمد الشرباصي	Rafed	3904	0.26445
		آداب الرد على المخالف ومنهج ابن باز في الرد على المخالف	حمد بن عبد العزيز بن عتيق	ShamAY	36471	0.26444
		الشرح الميسر لكتاب التوحيد	عبد الملك القاسم	ShamAY	35484	0.26444
		مكارم الأخلاق لمن أراد الخلاق	أنور بن أهل الله بن أنوار الله	ShamelaY19	37567	0.26443
		كتاب المهتدين إلى مذهب أهل السنة والجماعة	مشعل الإسلام	ShamAY	35292	0.26443
		دروس للشيخ محمد الحسن الددو الشنقيطي	محمد الحسن ولد محمد الملقب بـ"الددو" الشنقيطي	ShamAY	906	0.26443
		شرح رياض الصالحين - حطيبة	الشيخ الطبيب أحمد حطيبة	ShamelaY19	36997	0.2644
		تسبيح الله ذاته العلية في آيات كتابه السنية	عماد بن زهير حافظ	ShamAY	10064	0.2644
		أخبار الزمان ومن أباده الحدثان، وعجائب البلدان والغامر بالماء والعمران	أبو الحسن على بن الحسين بن على المسعودي (المتوفى: 346ه)	Sham19Y	8620	0.26439
		إتحاف فضلاء البشر في القراءات الأربعة عشر	الشيخ شهاب الدين أحمد بن محمد بن عبدالغني الدمياطي	Rafed	3090	0.26439
		ثمار يانعة وتعليقات نافعة	أبو محمد عبد الكريم بن صالح بن عبد الكريم الحميد	ShamelaY19	37578	0.26436
		المساجد و الاماكن الاثريه	عبدالرحمن خويلد	Ghbook	10647	0.26435
		شرح كتاب الفوائد	عمر عبد الكافى شحاتة	ShamAY	392	0.26434
		شرح كتاب الرقاق من صحيح البخاري ـ لابن عثيمين	ابن عثيمين	ShamAY	34747	0.26434
		الغاية القصوى في التعليق على العروة الوثقى - كتاب الصوم	السيد تقي الطباطبائي القمي	Masaha	5054	0.26434
		المنصف للسارق والمسروق منه	الحسن بن علي الضبي التنيسي أبو محمد، المعروف بابن وكيع (المتوفى: 393ه)	ShamelaY19	31373	0.26433
		إنك خلقت للأمومة .. ولن تثنيك أفواههم المسمومة	أحمد بن محمد السعيد العزيزى	ShamAY	33447	0.26432
		شرح الترغيب والترهيب للمنذرى - حطيبة	الشيخ الطبيب أحمد حطيبة	Sham19Y	36971	0.26432
		 الذريعة 	 آقا بزرگ الطهراني 	ABLibrary	869	0.26432
		الوجيز في تفسير القرآن العزيز [ج ١]	الشيخ علي بن الحسين بن أبي جامع العاملي	Rafed	3840	0.26432
		المجدي في انساب الطالبين	نجم الدين ابو الحسن علي بن محمد بن علي بن محمد علوي عمري	Ghbook	7088	0.26431
		بينات الرسول صلى الله عليه وآله وسلم ومعجزاته	عبد المجيد بن عزيز الزنداني	ShamAY	9781	0.2643
		شرح عمدة الأحكام - عبد الكريم الخضير	عبد الكريم الخضير	ShamAY	157	0.2643
		القطوف الدانية في المسائل الثمانية الجزء الثاني	السيد عبد المحسن السراوي	Masaha	378	0.2643
		بدائع السلك في طبائع الملك	محمد بن علي بن محمد الأصبحي الأندلسي، أبو عبد الله، شمس الدين الغرناطي ابن الأزرق (المتوفى: 896هـ)	ShamAY	7236	0.26429
		حُكمُ الجَاهِليَّةِ	أحمد بن محمد عبد القادر المعروف بأحمد شاكر (المتوفى: 1377هـ 1958م)	ShamAY	31963	0.26429
		أخلاق أهل البيت	السيد مهدي الصدر	Masaha	538	0.26428
		حاشية الشيخ إبراهيم السقا على تفسير الإمام أبي السعود [من أول قوله تعالى: {ثم أفيضوا من حيث أفاض الناس}، الآية: 199 إلى قوله تعالى: {وأولئك أصحاب النار هم فيها خالدون}، الآية: 217]	جميلة عبد السلام	ShamelaY19	151103	0.26427
		دروس وخطب ومحاضرات للشيخ صالح المغامسي	صالح بن عواد المغامسي	ShamAY	34718	0.26423
		نظرية الإمامة عند الشيعة عرض و نقد	حسني محمد العطار	ShamAY	37794	0.26423
		المخصص	أبو الحسن علي بن إسماعيل بن سيده المرسي (المتوفى: 458ه)	Sham19Y	3590	0.26422
		دروس رمضان (إرواء الظمآن من دروس رمضان)	شريف الفقي	ShamAY	35098	0.26418
		الرسائل الأربع [ج ٢]	عدّة من الأفاضل	Rafed	3936	0.26417
		عوامل النصر والتمكين في دعوات المرسلين	أحمد بن حمدان بن محمد الشهري	ShamAY	1976	0.26411
		شرح أبيات سيبويه	يوسف بن أبي سعيد الحسن بن عبد الله بن المرزبان أبو محمد السيرافي (المتوفى: 385ه)	ShamelaY19	37487	0.2641
		ريحانة الكتاب ونجعة المنتاب	محمد بن عبد الله بن سعيد السلماني اللوشي الأصل، الغرناطي الأندلسي، أبو عبد الله، الشهير بلسان الدين ابن الخطيب (المتوفى: 776هـ)	ShamAY	6955	0.2641
		الأسهم - حكمها وآثارها	أ. د. صالح بن محمد بن سليمان السلطان	ShamAY	32129	0.26408
		موسوعة الدفاع عن رسول الله صلى الله عليه وسلم	علي بن نايف الشحود	ShamAY	37384	0.26407
		نور الإخلاص وظلمات إرادة الدنيا بعمل الآخرة في ضوء الكتاب والسنة	د. سعيد بن علي بن وهف القحطاني	ShamelaY19	96534	0.26406
		الجامع لأحكام الصلاة	أبو إياس محمود بن عبد اللطيف بن محمود (عويضة)	ShamAY	2051	0.26406
		الامام الحسين بن علي عليها السلام انموذج الصبر وشاره الفداء	مهدي حسين التميمي	Ghbook	12312	0.26406
		المزدكية هي أصل الاشتراكية	عبد اللطيف بن علي بن أحمد بن محمد السلطاني القنطري الجزائري (المتوفى: 1404ه)	ShamelaY19	123658	0.26401
		اتمام المسافر في مشاهد الائمة عليهم السلام	محمد السند	Ghbook	15164	0.264
		لماذا تكرهون محمدا؟ومحمد يحب المسيح ـ صلوات الله وسلامه عليهما ـ	يوسف بن إبراهيم الساجر	ShamAY	35372	0.26396
		الفرقان في تفسير القرآن بالقرآن والسنّة [ج ٢٧]	الشيخ محمد الصادقي	Rafed	3054	0.26394
		العذر بالجهل تحت المجهر الشرعي	أبو يوسف مدحت بن حسن آل فراج المصري (المتوفى: 1435هـ)	ShamAY	32188	0.26393
		اللّباب في علوم الكتاب [ج ١٤]	أبي حفص عمر بن علي بن عادل الدمشقي الحنبلي	Rafed	3113	0.26393
		شرح كتاب الصيام من عمدة الفقه - عبد الكريم الخضير	عبد الكريم الخضير	ShamelaY19	23745	0.26391
		سماحة الإسلام وحقوق الأقليّات الدينيّة	السيد سعيد كاظم العذاري	Rafed	46	0.2639
		رسالتان في البداء	آيت الله العظمي سيد ابوالقاسم خوئي	Ghbook	7655	0.26389
		سد المفر علي منكر عالم الذر	علي رضوي	Ghbook	12135	0.26388
		الفقه الأكبر (مطبوع مع الشرح الميسر على الفقهين الأبسط والأكبر المنسوبين لأبي حنيفة تأليف محمد بن عبد الرحمن الخميس)	ينسب لأبي حنيفة النعمان بن ثابت بن زوطي بن ماه (المتوفى: 150هـ)	ShamAY	6387	0.26385
		الإفادة الشرعية في بعض المسائل الطبية	الواحدي :: وليد السعيدان	ShamAY	36127	0.26385
		الامام الجواد ( عليه السلام ) من المهد الي اللحد	محمد كاظم قزويني	Ghbook	6497	0.26383
		سلسلة إيمانيات	محمد بن إبراهيم بن إبراهيم بن حسان	ShamAY	7702	0.26382
		الأساس في التفسير [ج ٢]	سعيد حوّى	Rafed	3128	0.2638
		صور من سماحة الإسلام	الواحدي :: أحمد بن محمد الشرقاوى	ShamAY	34993	0.26379
		نصيحة للتجار بالبعد عن نشر الأضرار	يحيى بن علي الحجوري :: يحي الحجوري	ShamAY	36559	0.26374
		شرح مختصر أصول الفقه للجراعي	تقي الدين أبي بكر بن زايد الجراعي المقدسي الحنبلي (825 ه - 883 ه)	ShamelaY19	127717	0.26373
		الفقه الأكبر (مطبوع مع الشرح الميسر على الفقهين الأبسط والأكبر المنسوبين لأبي حنيفة تأليف محمد بن عبد الرحمن الخميس)	ينسب لأبي حنيفة النعمان بن ثابت بن زوطي بن ماه (المتوفى: 150هـ)	ShamAY	6388	0.26373
		دراسات وتوجيهات إسلامية	أحمد سحنون (المتوفى: 1424ه)	ShamelaY19	96557	0.26372
		شرح الترغيب والترهيب للمنذرى - حطيبة	الشيخ الطبيب أحمد حطيبة	ShamAY	98	0.26372
		رحلة ابن جبير ط دار بيروت	ابن جبير، محمد بن أحمد بن جبير الكناني الأندلسي، أبو الحسين (المتوفى: 614هـ)	ShamAY	11203	0.26369
		الانوار البهيه في تواريخ الحجج الالهيه (الامام المجتبي عليه السلام)	عباس قمي	Ghbook	6063	0.26368
		في السلوك الإسلامي القويم	ابن الشوكاني، أحمد بن محمد بن علي وهو ابن العلامة الشوكاني الكبير (المتوفى: 1281هـ)	ShamAY	31375	0.26366
		آراء ابن الجوزي التربوية «دراسة وتحليلا وتقويما ومقارنة»	د. ليلى عبد الرشيد عطار	ShamAY	32536	0.26366
		أخبار الزمان ومن أباده الحدثان، وعجائب البلدان والغامر بالماء والعمران	أبو الحسن على بن الحسين بن على المسعودي (المتوفى: 346هـ)	ShamAY	8620	0.26366
		المساجد - مفهوم، وفضائل، وأحكام، وحقوق، وآداب في ضوء الكتاب والسنة	د. سعيد بن علي بن وهف القحطاني	ShamAY	1825	0.26364
		رسالة في الغناء	الحر العاملي	Masaha	1271	0.26364
		مفهوم تجديد الدين	بسطامي محمد سعيد خير	ShamAY	32349	0.2636
		أعمال القلوب	خالد السبت	ShamAY	34872	0.2636
		الزبدة الفقهيّة [ج ٤]	السيّد محمّد حسن ترحيني العاملي	Rafed	2480	0.26358
		ورد الصباح والمساء من الكتاب والسنة	د. سعيد بن على بن وهف القحطاني	Sham19Y	96450	0.26356
		تصنيف الناس بين الظن واليقين	بكر بن عبد الله أبو زيد	ShamAY	34768	0.26355
		التخصيص بالمفهوم دراسة وتطبيقاً	محمد بن عبد العزيز المبارك	ShamAY	37513	0.26353
		الشيعه شبهات و ردود	آيت الله العظمي ناصرمكارم شيرازي	Ghbook	3289	0.26353
		 اليواقيت والجواهر في بيان عقائد الأكابر ( وفي الحاشية الكبريت الأحمر ) 	 عبد الوهاب الشعراني 	ABLibrary	8836	0.26352
		السراج الوهاج	ابراهيم بن سليمان القطيفي	Masaha	1144	0.26351
		قلائد العقيان	الفتح بن خاقان بن أحمد بن غرطوج، أبو محمد (المتوفى: 247ه)	ShamelaY19	21510	0.26349
		حكم الجاهلية	أحمد محمد شاكر	ShamAY	34764	0.26349
		الثبات والشمول في الشريعة الإسلامية	الدكتور عابد بن محمد السفياني	ShamAY	32602	0.26348
		 آداب النفوس ( ويليه كتاب الوهم ) 	 الحارث المحاسبي 	ABLibrary	8685	0.26348
		اللّباب في علوم الكتاب [ج ١١]	أبي حفص عمر بن علي بن عادل الدمشقي الحنبلي	Rafed	3104	0.26348
		علم التفسير كيف نشأ وتطور حتى انتهى إلى عصرنا الحاضر	عبد المنعم النمر (المتوفى: 1991 م)	Sham19Y	37996	0.26346
		بحوث اخلاقيه	آيت الله العظمي حسيني	Ghbook	8083	0.26345
		مناهج الأحكام في مسائل الحلال و الحرام	الميرزا القمي	Masaha	1540	0.26344
		المخصص	أبو الحسن علي بن إسماعيل بن سيده المرسي (المتوفى: 458هـ)	ShamAY	3590	0.26343
		الخلاصة في الشمائل المحمدية	علي بن نايف الشحود	ShamAY	37385	0.26343
		المقام الأسنى في تفسير الأسماء الحسنى	الشيخ تقي الدين ابراهيم بن علي الكفعمي	Rafed	25	0.26341
		أضواء على الثقافة الاسلامية	الدكتورة نادية شريف العمري	ShamAY	8669	0.2634
		لماذا نصلي - المقدم	محمد أحمد إسماعيل المقدم	ShamelaY19	37001	0.26338
		زكاة الحلي	أ. د.إبراهيم بن محمد الصبيحي	ShamAY	36348	0.26338
		شرح كتاب التوحيد - عبد الرحيم السلمي	عبد الرحيم بن صمايل العلياني السلمي	ShamAY	806	0.26338
		مِفْرَقُ الطَّريقِ في القُرآن الكَريم	علي بن نايف الشحود	ShamAY	358	0.26338
		الاعتبار	أبو المظفر مؤيد الدولة مجد الدين أسامة بن مرشد بن علي بن مقلد بن نصر بن منقذ الكناني الكلبي الشيزري (المتوفى: 584هـ)	ShamAY	21564	0.26338
		كتاب السرائر [ج ١]	أبي جعفر محّمد بن منصور بن أحمد بن إدريس الحلّي	Rafed	1267	0.26338
		 أسرار التوحيد في مقامات أبي سعيد 	 محمد بن المنور الميهني 	ABLibrary	8725	0.26337
		الخلاصة في حياة الأنبياء	الواحدي :: علي بن نايف الشحود	ShamAY	36083	0.26336
		القواعد والضوابط الفقهية المتضمنة للتيسير	عبد الرحمن بن صالح العبد اللطيف	ShamAY	7270	0.26335
		فاطمه الزهراء ( سلام الله عليها ) قدوه و اسوه	آيت الله العظمي سيد محمد تقي مدرسي	Ghbook	3878	0.26335
		دراسات أصولية في القرآن الكريم	محمد إبراهيم الحفناوى	ShamAY	1472	0.26334
		الأساليب والإطلاقات العربية	أبو المنذر محمود بن محمد بن مصطفى بن عبد اللطيف المنياوي	Sham19Y	36193	0.26334
		اللّباب في علوم الكتاب [ج ١٦]	أبي حفص عمر بن علي بن عادل الدمشقي الحنبلي	Rafed	3115	0.26333
		تاريخ مدينة دمشق [ج ٧٩]	أبي القاسم علي بن الحسن ابن هبة الله بن عبد الله الشافعي [ ابن عساكر ]	Rafed	2666	0.26332
		الواجب الدعوي على حملة القرآن الكريم		ShamAY	36851	0.26331
		كشاف القناع عن متن الإقناع	منصور بن يونس بن صلاح الدين ابن حسن بن إدريس البهوتى الحنبلى (المتوفى: 1051هـ)	ShamAY	21642	0.2633
		التفسير المنير [ج ٢٥]	الدكتور وهبة الزحيلي	Rafed	2973	0.2633
		المواعظ الإيمانية من الآيات القرآنية	أمير بن محمد المدري	ShamAY	34913	0.26329
		 سلسلة المسائل الفقهية 	 الشيخ السبحاني 	ABLibrary	9580	0.26329
		مشروعية المشاركة في المجالس التشريعية والتنفيذية المعاصرة	علي بن نايف الشحود	ShamAY	1607	0.26328
		المرتقي الي الفقه الارقي: كتاب الزكاه	آيت الله العظمي سيد محمد صادق روحاني	Ghbook	10167	0.26328
		موضوعات صالحة للخطب والوعظ	محمد بن عبد الرحمن بن محمد بن عبد الله بن عبد الرحمن بن محمد بن قاسم العاصمي الحنبلي (المتوفى: 1421هـ)	ShamAY	7373	0.26327
		الإبانة عن سرقات المتنبي لفظا ومعنى	محمد بن أحمد بن محمد العميدي، أبو سعد (المتوفى: 433ه)	Sham19Y	37468	0.26327
		محاضرات عقائديه	دمرداش عقالي	Ghbook	7700	0.26326
		التفسير الوسيط للزحيلي	وهبة الزحيلي	Sham19Y	2305	0.26325
		مختصر الأسئلة والأجوبة الأصولية على العقيدة الواسطية	أبو محمد عبد العزيز بن محمد بن عبد الرحمن بن عبد المحسن السلمان (المتوفى: 1422هـ)	ShamAY	9827	0.26324
		شرح الوصية الكبرى	يوسف بن محمد علي الغفيص	ShamAY	31672	0.26323
		الاعتصام بالله سبيل النجاة	أنور بن أهل الله	Sham19Y	37584	0.26323
		سماحة الإسلام في الدعوة إلى الله والعلاقات الإنسانية منهاجا ... وسيرة	عبد العظيم إبراهيم محمد المطعني (المتوفى: 1429ه)	Sham19Y	1411	0.26322
		تفسير ملاحم المحكمات	محمد السند	Ghbook	8411	0.26322
		التجريد الصريح لأحاديث الجامع الصحيح	أحمد بن أحمد بن عبد اللطيف الشرجي، زين الدين الزبيدي (المتوفى: 893ه)	ShamelaY19	96283	0.26319
		إعجاز القرآن بين المعتزلة والأشاعرة	د. منير سلطان (معاصر)	ShamAY	34105	0.26319
		 البحر المحيط في أصول الفقه 	 الزركشي 	ABLibrary	802	0.26319
		دلائل الإعجاز في علم المعاني	عبد القاهر بن عبد الرحمن الجرجاني	Rafed	2081	0.26319
		علم التفسير كيف نشأ وتطور حتى انتهى إلى عصرنا الحاضر	عبد المنعم النمر (المتوفى: 1991 م)	ShamAY	1474	0.26318
		نهج الحق و كشف الصدق	حسن بن يوسف بن مطهر علامه حلي	Ghbook	16338	0.26318
		روح المعاني [ج ٢]	أبي الفضل شهاب الدين السيّد محمود الألوسي البغدادي	Rafed	3179	0.26316
		وفاء القرض بين الأداء والإبراء	مضر نزار العاني	ShamAY	36282	0.26315
		تقريب القرآن الي الاذهان	آيت الله العظمي سيد محمد حسيني شيرازي	Ghbook	10119	0.26315
		تأصيل علم العقيدة - عبد الرحيم السلمي	عبد الرحيم بن صمايل العلياني السلمي	ShamelaY19	37800	0.26314
		الصحابة والمنافقون في صدر الإسلام سمات وإشارات – شبهات وردود	عبد الله بن سليمان الشايع	ShamAY	37461	0.26314
		علم الامام بين الاطلاقيه والاشائيه علي ضوء الكتاب والسنه	صباح عباس حسن الساعدي	Ghbook	12311	0.26314
		فضائل مكة والسكن فيها	الحسن بن يسار البصري، أبو سعيد (المتوفى: 110هـ)	ShamAY	5722	0.26313
		الطريقة النقشبندية بين ماضيها وحاضرِها	فريد الدين آيدن	ShamAY	35392	0.26311
		نثر اللآلئ - أحاديث الإمام علي(ع)	الشيخ ابو علي الفضل بن الحسن الطبرسي	Masaha	4584	0.26311
		الجوانب الإعلامية في خطب الرسول صلى الله عليه وسلم	سعيد بن علي ثابت	ShamelaY19	31504	0.2631
		التعليق على شرح السنة للبربهاري - ناصر العقل	ناصر بن عبد الكريم العلي العقل	ShamelaY19	37718	0.26309
		حكم تارك الصلاة - العثيمين	محمد بن صالح بن محمد العثيمين (المتوفى: 1421هـ)	ShamAY	11166	0.26309
		 معجم ما كتب عن الرسول ( ص ) وأهل بيته ( ع ) 	 عبد الجبار الرفاعي 	ABLibrary	7762	0.26308
		اللمحة في شرح الملحة	محمد بن حسن بن سِباع بن أبي بكر الجذامي، أبو عبد الله، شمس الدين، المعروف بابن الصائغ (المتوفى: 720هـ)	ShamAY	7341	0.26307
		اختلاف الدارين وآثاره في أحكام الشريعة الإسلامية	عبد العزيز بن مبروك الأحمدي	ShamAY	11421	0.26306
		تحفة الترك فيما يجب أن يعمل في الملك	إبراهيم بن علي بن أحمد بن عبد الواحد ابن عبد المنعم الطرسوسي، نجم الدين الحنفي (المتوفى: 758هـ)	ShamAY	1044	0.26305
		بداية المجتهد ونهاية المقتصد	أبو الوليد محمد بن أحمد بن محمد بن أحمد بن رشد القرطبي الشهير بابن رشد الحفيد (المتوفى: 595هـ)	ShamAY	21739	0.26303
		شرح كتاب التوحيد - عبد الرحيم السلمي	عبد الرحيم بن صمايل العلياني السلمي	Sham19Y	37803	0.26303
		التوضيح المفيد لمسائل كتاب التوحيد	عبد الله بن محمد بن أحمد الدويش (المتوفى: 1409هـ)	ShamAY	7593	0.26301
		النثر الفني في ثورة التوابين وامارة المختار الثقفي	هاشم جبار الرزاق	Ghbook	15269	0.26299
		 دلائل الصدق لنهج الحق 	 الشيخ محمد حسن المظفر 	ABLibrary	940	0.26297
		فصول في الثقافة والأدب	علي بن مصطفى الطنطاوي (المتوفى: 1420هـ)	ShamAY	32247	0.26295
		الإيمان الأوسط - ط طيبة	شيخ الإسلام أحمد بن عبد الحليم بن تيمية	ShamAY	34372	0.26295
		شرح عقيدة الإمام المجدد محمد بن عبد الوهاب (وطبع الكتاب باسم: شرح رسالة الإمام المجدد محمد بن عبد الوهاب)	صالح بن فوزان بن عبد الله الفوزان	ShamAY	8605	0.26295
		صلاة العيدين في المصلى هي السنة	أبو عبد الرحمن محمد ناصر الدين، بن الحاج نوح بن نجاتي بن آدم، الأشقودري الألباني (المتوفى: 1420هـ)	ShamAY	11273	0.26295
		كيف تسبق	أبو عبد الملك خالد بن عبد الرحمن الحسينان	ShamelaY19	36546	0.26294
		علم التفسير كيف نشأ وتطور حتى انتهى إلى عصرنا الحاضر	عبد المنعم النمر (المتوفى: 1991 م)	ShamelaY19	37996	0.26293
		دروس الشيخ خالد الراشد	خالد الراشد	ShamelaY19	37421	0.26292
		شرح الفتوى الحموية الكبرى - صالح آل الشيخ	صالح آل الشيخ	ShamAY	34735	0.26292
		مأساة الزهراء عليها السلام - الجزء1	السيد جعفر مرتضى العاملي	Masaha	3216	0.26291
		الاحكام الشرعية ثابتة لا تتغير	آيت الله العظمي لطف اللّه صافي گلپايگاني	Ghbook	9162	0.2629
		 الزكاة في الشريعة الإسلامية الغراء 	 الشيخ السبحاني 	ABLibrary	9566	0.26289
		 إثنا عشر رسالة 	 السيد محمد باقر الداماد ( الميرداماد ) 	ABLibrary	840	0.26288
		شرح اللؤلؤ المكنون في أحوال الأسانيد والمتون	عبد الكريم الخضير	ShamelaY19	23405	0.26286
		مواقف لا تنسى - من سيرة والدتي رحمها الله تعالى (1345 هـ - 1428 هـ)	د. سعيد بن علي بن وهف القحطاني	ShamAY	1898	0.26286
		شرح مختصر البعلي لكتاب الصارم المسلول على شاتم الرسول لابن تيمية	محمد حسن عبد الغفار	ShamelaY19	37702	0.26285
		كشاف القناع عن متن الإقناع - وزارة العدل	منصور بن يونس البهوتي الحنبلي	ShamAY	34261	0.26284
		النهي عن القدوة السيئة وبيان أضرارها	علي بن نايف الشحود	ShamAY	1617	0.26283
		الزهر الفائح في ذكر من تنزه عن الذنوب والقبائح	شمس الدين أبو الخير ابن الجزري، محمد بن محمد بن يوسف (المتوفى: 833هـ)	ShamAY	9102	0.26282
		شرح التّسهيل المسمّى تمهيد القواعد بشرح تسهيل الفوائد [ج ٢]	محمّد بن يوسف بن أحمد [ ناظر الجيش ]	Rafed	1882	0.26282
		مفهوم تجديد الدين	بسطامي محمد سعيد خير	Sham19Y	17731	0.26281
		ليس من الإسلام	محمد الغزالي	ShamAY	33249	0.26279
		بهجة قلوب الأبرار وقرة عيون الأخيار في شرح جوامع الأخبار	أبو عبد الله، عبد الرحمن بن ناصر بن عبد الله بن ناصر بن حمد آل سعدي (المتوفى: 1376هـ)	ShamAY	31304	0.26279
		شرح مقدمة التفسير (من النقاية) للسيوطي	عبد الكريم الخضير	ShamelaY19	25851	0.26278
		دستور الوحدة الثقافية بين المسلمين	محمد الغزالي	ShamAY	36046	0.26277
		الذخيرة للقرافي	أبو العباس شهاب الدين أحمد بن إدريس بن عبد الرحمن المالكي الشهير بالقرافي (المتوفى: 684هـ)	ShamAY	1717	0.26276
		التفسير الوسيط للزحيلي	د وهبة بن مصطفى الزحيلي	ShamAY	2305	0.26276
		زبدة البيان في أحكام القرآن	المقدس الأردبيلي	Masaha	1168	0.26276
		الإمام الحسين في حلّة البرفير	سليمان كتّاني	Rafed	1535	0.26276
		حق اليقين في معرفه اصول الدين	سيد عبدالله شبر	Ghbook	16235	0.26275
		الفَوَائِدُ الجِسَامُ عَلى قَواعِدِ ابنِ عَبْدِ السَّلامِ	عمر بن رسلان بن نصير بن صالح الكناني، العسقلاني الأصل، ثم البلقيني المصري الشافعيّ، أبو حفص، سراج الدين (المتوفى: 805 هـ)	ShamAY	32427	0.26274
		من أسباب عذاب القبر	سعيد بن مسفر	Sham19Y	7737	0.26274
		اللمحة في شرح الملحة	محمد بن حسن بن سباع بن أبي بكر الجذامي، أبو عبد الله، شمس الدين، المعروف بابن الصائغ (المتوفى: 720ه)	Sham19Y	7341	0.26274
		الروضة المختارة ـ القصائد الهاشميّات والقصائد العلويّات	الناشر: مؤسسة الأعلمي للمطبوعات	Rafed	286	0.26273
		الرسالة التبوكية = زاد المهاجر إلى ربه ط عالم الفوائد	أبو عبد الله محمد بن أبي بكر بن أيوب ابن قيم الجوزية (659 - 751)	ShamAY	38507	0.26271
		الخطابة الإسلامية	عبد العاطي محمد شلبي، عبد المعطي عبد المقصود	ShamAY	10779	0.2627
		فتح المجيد شرح كتاب التوحيد - حطيبة	الشيخ الطبيب أحمد حطيبة	ShamelaY19	36988	0.26269
		لقاءات أبي الحسن المأربي مع الألباني	الواحدي :: ناصر الدين الألباني	ShamAY	33149	0.26269
		الإسلام والإستبداد السياسي	محمد الغزالي	ShamAY	33238	0.26269
		تفسير المراغي [ج ٢٨]	أحمد مصطفى المراغي	Rafed	1705	0.26268
		آيه التطهير رويه مبتكره	محمد فاضل لنكراني	Ghbook	2708	0.26265
		الكشاف عن حقائق التنزيل وعيون الأقاويل في وجوه التأويل	أبو القاسم محمود بن عمر الزمخشري الخوارزمي	ShamAY	34052	0.26264
		أخلص العمل فإن الناقد بصير	أزهري أحمد محمود	ShamelaY19	35143	0.26263
		البراءة من البدع و أهلها من أصول أهل السنة و الجماعة	أحمد عبد الكريم نجيب	ShamAY	35469	0.26262
		الهدايه	محمد بن علي بن بابويه شيخ صدوق	Ghbook	7051	0.2626
		أحسن التقاسيم في معرفة الأقاليم - وزارة الثقافة	أبو عبد الله محمد بن أحمد المقدسي البشاري	ShamAY	33807	0.26259
		النجم الوهاج في شرح المنهاج	كمال الدين، محمد بن موسى بن عيسى بن علي الدَّمِيري أبو البقاء الشافعي (المتوفى: 808هـ)	ShamAY	31789	0.26257
		آراء ابن الجوزي التربوية «دراسة وتحليلا وتقويما ومقارنة»	د. ليلى عبد الرشيد عطار	Sham19Y	17901	0.26257
		غاية المقصود فى الرد على النصارى واليهود	السموأل بن يحيى بن عباس المغربي (المتوفى: نحو 570ه)	Sham19Y	12757	0.26256
		القواعد العلمية في النقد عند شيخ الإسلام ابن تيمية	عبد الله الحيالي	ShamAY	37494	0.26255
		أدب الموعظة	محمد بن إبراهيم الحمد	ShamAY	7496	0.26254
		دراسات أصولية في القرآن الكريم	محمد إبراهيم الحفناوى	ShamelaY19	37973	0.26253
		الرد الوجيز على الشيخ ربيع المدخلي	عبد الرحمن بن عبد الخالق	ShamAY	37809	0.26249
		التجريد الصريح لأحاديث الجامع الصحيح	أحمد بن أحمد بن عبد اللطيف الشرجي، زين الدين الزبيدي (المتوفى: 893ه)	Sham19Y	96283	0.26249
		خطب المسجد الحرام - عام 1432 ه	مجموعة من المؤلفين	ShamelaY19	37755	0.26248
		روح المعاني في تفسير القرآن العظيم والسبع المثاني	شهاب الدين محمود بن عبد الله الحسيني الألوسي (المتوفى: 1270هـ)	ShamAY	22835	0.26248
		المقرِّب ومعه مُثُل المقرِّب	أبي الحسن علي بن مؤمن بن محمّد بن علي ابن عصفور الحضرمي الإشبيلي « ابن عصفور »	Rafed	2249	0.26248
		سماحة الإسلام في الدعوة إلى الله والعلاقات الإنسانية منهاجا ... وسيرة	عبد العظيم إبراهيم محمد المطعني (المتوفى: 1429هـ)	ShamAY	1411	0.26247
		الأساس في التفسير [ج ٩]	سعيد حوّى	Rafed	3156	0.26247
		يوم في بيت الرسول	عبد الملك بن محمد القاسم	ShamelaY19	36551	0.26246
		إعانة المستفيد بشرح كتاب التوحيد	صالح بن فوزان بن عبد الله الفوزان	ShamAY	8565	0.26246
		مقالات في الامام الحسين عليه السلام	عبد الساده محمد الحداد	Ghbook	12322	0.26244
		ليسوا من اهل المعيه	لجنة البحوث و الدراسات بالطريقة العزمية	Ghbook	7695	0.26243
		السنة النبوية المصدر الثاني للتشريع الإسلامي ومكانتها من حيث الاحتجاج والمرتبة والبيان والعمل	رقية بنت نصر الله نياز	ShamAY	7587	0.26241
		نحو ثقافة إسلامية أصيلة	سليمان الأشقر، عمر	ShamelaY19	96254	0.26239
		ثلاث رسائل( العدالة، التوبة، قاعدة لاضرر) / تقريرات	الشيخ عباس حاجياني دشتي	Masaha	3623	0.26239
		الفصل في الملل والأهواء والنّحل [ج ١]	أبي محمد علي بن أحمد [ ابن حزم الأندلسي الظاهري ]	Rafed	3571	0.26238
		 مناقب خديجة الكبرى 	 محمد بن علوي المالكي 	ABLibrary	823	0.26236
		عيوب تشييد البناء في دار الفناء	أبو محمد عبد الكريم بن صالح بن عبد الكريم الحميد	ShamAY	1087	0.26234
		الإبانة عن سرقات المتنبي لفظا ومعنى	محمد بن أحمد بن محمد العميدي، أبو سعد (المتوفى: 433ه)	ShamelaY19	37468	0.26233
		مجموعة الرسائل والمسائل النجدية	مجموعة من المؤلفين	Sham19Y	16865	0.26233
		مسائل من الاجتهاد والتقليد ومناصب الفقيه‏	الشيخ حسين نوري الهمداني	Masaha	4314	0.26232
		ميراث الزوجة	الشيخ لطف الله الصافي الگلپايگاني	Masaha	5076	0.26232
		تفسير الماوردي = النكت والعيون	أبو الحسن علي بن محمد بن محمد بن حبيب البصري البغدادي، الشهير بالماوردي (المتوفى: 450هـ)	ShamAY	1640	0.26231
		المنهج الحركي في ظلال القرآن	علي بن نايف الشحود	ShamAY	36744	0.2623
		الضرورة الشعرية ومفهومها لدى النحويين دراسة على ألفية بن مالك	إبراهيم بن صالح الحندود	ShamAY	10424	0.2623
		آيه المباهله	آيت الله علي حسيني ميلاني	Ghbook	4802	0.2623
		من أسباب عذاب القبر	سعيد بن مسفر بن مفرح القحطاني	ShamAY	7737	0.26229
		المستدرك على مجموع فتاوى شيخ الإسلام	تقي الدين أبو العباس أحمد بن عبد الحليم بن تيمية الحراني (المتوفى: 728هـ)	ShamAY	10284	0.26224
		التفسير المنير [ج ٢١]	الدكتور وهبة الزحيلي	Rafed	2966	0.26224
		 المغني في أبواب التوحيد والعدل 	 القاضي عبد الجبار الهمذاني 	ABLibrary	8636	0.26223
		غذاء القلوب ومفرج الكروب	الواحدي :: فيصل المبارك	ShamAY	35002	0.26222
		مباحث التفسير لابن المظفر (وهو استدركات وتعليقات على تفسير الكشف والبيان للثعلبي)	أحمد بن محمد بن أحمد المظفر ابن المختار، أبو العباس بدر الدين الرازي الحنفي (المتوفى: بعد 630ه)	ShamelaY19	30518	0.26221
		باهر البرهان فى معانى مشكلات القرآن	محمود بن أبي الحسن (علي) بن الحسين النيسابورىّ الغزنوي، أبو القاسم، الشهير بـ (بيان الحق) (المتوفى: بعد 553هـ)	ShamAY	925	0.26221
		ابطال ما استدل به لامامه ابي بكر	آيت الله علي حسيني ميلاني	Ghbook	4531	0.26221
		المدخل الي الشريعه الاسلاميه	عباس بن علي نجفي ( آل كاشف الغطاء )	Ghbook	16355	0.2622
		بدع القراء القديمة والمعاصرة	بكر بن عبد الله أبو زيد	ShamAY	34321	0.26219
		مسؤولية إمام المسجد	علي بن حسن بن ناصر عسيري	ShamAY	30948	0.26218
		التقييد الكبير في تفسير كتاب الله المجيد	أبو العباس أحمد بن محمد بن أحمد البسيلي التونسي (المتوفى: 380ه)	Sham19Y	95565	0.26216
		آيات عتاب المصطفى - صلى الله عليه وسلم - في ضوء العصمة والاجتهاد	عويد المطرفي	ShamAY	6	0.26215
		 الدلائل في شرح منتخب المسائل 	 السيد تقي الطباطبائي 	ABLibrary	9706	0.26215
		انحلال الزواج في الفقه والقانون	عبد الله يوسف عزام	ShamAY	35926	0.26214
		التحذير من تعظيم الآثار غير المشروعة	عبد المحسن بن حمد بن عبد المحسن بن عبد الله بن حمد العباد البدر	ShamAY	7574	0.26213
		الشبهات الثلاثون المثارة لإنكار السنة النبوية عرض وتفنيد ونقض	عبد العظيم إبراهيم محمد المطعني (المتوفى: 1429هـ)	ShamAY	1409	0.26213
		دراسات وتوجيهات إسلامية	أحمد سحنون (المتوفى: 1424هـ)	ShamAY	1937	0.26212
		الاستبصار في نقد الأخبار للشيخ عبدالرحمن المعلمي	عبد الرحمن المعلمي اليماني	ShamAY	37255	0.2621
		التجريد الصريح لأحاديث الجامع الصحيح	أحمد بن أحمد بن عبد اللطيف الشرجي، زين الدين الزبيدي (المتوفى: 893هـ)	ShamAY	1761	0.26209
		الشرح المختصر على بلوغ المرام	الواحدي :: ابن عثيمين	ShamAY	33188	0.26209
		التفسير الموضوعي 1 - جامعة المدينة	مناهج جامعة المدينة العالمية	ShamelaY19	31076	0.26208
		المنتقى من فرائد الفوائد	محمد بن صالح بن محمد العثيمين (المتوفى: 1421هـ)	ShamAY	21802	0.26207
		العدة في إعراب العمدة	بدر الدين أبو محمد عبد الله ابن الإمام العلامة أبي عبد الله محمد بن فرحون المدني رحمة الله عليه	ShamelaY19	150600	0.26205
		شبهات حول السنة	عبد الرزاق عفيفي (المتوفى: 1415هـ)	ShamAY	30836	0.26205
		تبصير المؤمنين بفقه النصر والتمكين في القرآن الكريم (أنواعه - شروطه وأسبابه - مراحله وأهدافه)	عَلي محمد محمد الصَّلاَّبي	ShamAY	297	0.26204
		خلاصه معرفيه	محمد السند	Ghbook	15180	0.26202
		اللاعنف في الاسلام	آيت الله العظمي سيد محمد حسيني شيرازي	Ghbook	7798	0.26199
		 عقائد الإمامية الإثني عشرية 	 السيد ابراهيم الموسوي الزنجانى النجفي 	ABLibrary	8514	0.26198
		الذبائح في مناسك الحج مصادرها ومصارفها	أحمد علي طه ريان	ShamAY	10373	0.26197
		القنوت في الوتر	الوليد بن عبد الرحمن بن محمد آل فريان	Sham19Y	14532	0.26197
		المناهج التفسيريّة في علوم القرآن	الشيخ جعفر السبحاني	Rafed	39	0.26197
		تلقي النبي - صلى الله عليه وسلم - ألفاظ القرآن الكريم دراسة تأصيلية	عبد السلام المجيدي	ShamAY	35910	0.26193
		المخصّص [ج ٩]	أبي الحسن علي بن إسماعيل بن سيده المرسي [ ابن سيده ]	Rafed	3554	0.26192
		إرشاد العباد إلى لبس السواد على سيد الشهداء و الأئمة الأمجاد	السيد جعفر الطباطبائي الحائري	Masaha	1795	0.2619
		أسرار ترتيب القرآن	عبد الرحمن بن أبي بكر، جلال الدين السيوطي (المتوفى: 911هـ)	ShamAY	9992	0.26189
		إعلام النبلاء بتاريخ حلب الشهباء [ج ٢]	محمد راغب بن محمود بن هاشم الطبّاخ الحلبي	Rafed	2354	0.26188
		مفهوم الشكر عند ابن تيمية رحمه الله	أبو حمزة الشامي	ShamAY	35203	0.26187
		حاشية البجيرمي على الخطيب = تحفة الحبيب على شرح الخطيب	سليمان بن محمد بن عمر البجيرمي المصري الشافعي (المتوفى: 1221ه)	ShamelaY19	21599	0.26185
		الزواج الموقت	المجمع العالمي لاهل البيت عليهم السلام	Ghbook	7555	0.26185
		العودة إلى القرآن لماذا وكيف	مجدي الهلالي	ShamelaY19	36397	0.26183
		 مرآة الحرمين 	 ابراهيم رفعت باشا 	ABLibrary	9182	0.26183
		الخلاصةُ في تفسير سورة يس	علي بن نايف الشحود	ShamAY	33093	0.26182
		صلح الحديبيه	عفيف نابلسي	Ghbook	5296	0.26182
		روح المعاني [ج ٨]	أبي الفضل شهاب الدين السيّد محمود الألوسي البغدادي	Rafed	3192	0.26181
		التقييد الكبير في تفسير كتاب الله المجيد	أبو العباس أحمد بن محمد بن أحمد البسيلي التونسي (المتوفى: 380هـ)	ShamAY	1547	0.2618
		الصحاح‌ تاج اللغة و صحاح العربية‌‌ - الجزء1	اسماعيل بن حماد الجوهري	Masaha	955	0.2618
		كيف تخشعين في الصلاة	رقية بنت محمد المحارب	ShamAY	7288	0.26179
		الأنوار اللوامع في شرح مفاتيح الشرائع - الجزء10-1	الشيخ حسين آل عصفور	Masaha	1502	0.26179
		نظريات يوسف في الدين الادارة والحلم والصبر	نجاح الطائي	Ghbook	15870	0.26179
		أعجاز أبيات تغني في التمثيل عن صدروها	أبو العباس محمد بن يزيد المبرد	ShamAY	34459	0.26175
		النصال الخارقه لنحور المارقه	حسن حسيني آل مجدد شيرازي	Ghbook	7593	0.26175
		النكت والفوائد السنية على مشكل المحرر لمجد الدين ابن تيمية	إبراهيم بن محمد بن عبد الله بن محمد ابن مفلح، أبو إسحاق، برهان الدين (المتوفى: 884ه)	Sham19Y	6094	0.26174
		الإسراء والمعراج	محمد الغزالي	ShamAY	37381	0.26173
		الصّحاح [ج ٤]	إسماعيل بن حمّاد الجوهري	Rafed	2881	0.26173
		الروضة المختارة ـ القصائد الهاشميّات والقصائد العلويّات	مؤسسة الأعلمي للمطبوعات	Masaha	1700	0.26169
		مدارك الأحكام [ج ١]	السيد محمّد بن علي الموسوي العاملي	Rafed	591	0.26168
		دليل الفالحين لطرق رياض الصالحين	محمد علي بن محمد بن علان بن إبراهيم البكري الصديقي الشافعي (المتوفى: 1057هـ)	ShamAY	140	0.26167
		 سند العروة الوثقى ( كتاب الطهارة ) 	 الشيخ محمد السند 	ABLibrary	9547	0.26167
		فتح رب البرية بتلخيص الحموية	محمد بن صالح بن محمد العثيمين (المتوفى: 1421ه)	ShamelaY19	21817	0.26165
		العلاج والرقى	د خالد بن عبد الرحمن بن علي الجريسي	ShamelaY19	21519	0.26162
		شرح القصيدة الميمية	الشيخ سعد المزْعِل	ShamAY	35005	0.26162
		شرح القصيدة اللامية لابن تيمية - عبد الرحيم السلمي	عبد الرحيم بن صمايل العلياني السلمي	ShamAY	808	0.26161
		فتاوي الخليلي على المذهب الشافعي	محمد بن محمد، ابن شَرَف الدين الخليلي الشافعيّ القادري (المتوفى: 1147هـ)	ShamAY	1126	0.26161
		المنصف للسارق والمسروق منه	الحسن بن علي الضبي التنيسي أبو محمد، المعروف بابن وكيع (المتوفى: 393ه)	Sham19Y	31373	0.26159
		قاعدة عظيمة في الفرق بين عبادات أهل الإسلام والإيمان وعبادات أهل الشرك والنفاق	تقي الدين أبو العباس أحمد بن عبد الحليم بن عبد السلام بن عبد الله بن أبي القاسم بن محمد ابن تيمية الحراني الحنبلي الدمشقي (المتوفى: 728هـ)	ShamAY	12769	0.26158
		الفتح على أبي الفتح	محمد بن حمد بن محمد بن عبد الله بن محمود بن فورجة البروجردي (المتوفى: نحو 455ه)	ShamelaY19	37025	0.26154
		الزبدة الفقهيّة [ج ٣]	السيّد محمّد حسن ترحيني العاملي	Rafed	2476	0.26154
		غرائب الاغتراب ونزهة الألباب في الذهاب والإقامة والإياب	شهاب الدين محمود بن عبد الله الحسيني الألوسي (المتوفى: 1270هـ)	ShamAY	475	0.26153
		مقامات فاطمة الزهراء في الكتاب والسنّة	السيد محمد علي الحلو	Masaha	203	0.26152
		الحسين (عليه السلام) و البيعه ليزيد بن معاويه (لعنه الله)	موسسه تحقيقات و نشر معارف اهل البيت عليهم السلام	Ghbook	5924	0.26152
		الجواهر النفاس في بيان صفات السيد من الناس	عفيف الدين أبو محمد عبد الله بن أسعد اليافعي اليمني (768 هـ)	ShamAY	34328	0.26151
		مفهوم التفسير والتأويل والاستنباط والتدبر والمفسر	د مساعد بن سليمان بن ناصر الطيار	ShamAY	31800	0.2615
		المحرر في الفقه على مذهب الإمام أحمد بن حنبل	عبد السلام بن عبد الله بن الخضر بن محمد، ابن تيمية الحراني، أبو البركات، مجد الدين (المتوفى: 652ه)	Sham19Y	7460	0.2615
		293 محاضرة للشيخ المنجد	محمد صالح المنجد	ShamAY	34720	0.26149
		يثرب في شعر شعرائها	الدكتور عدنان أحمد - علي أحمد يونس	ShamAY	34506	0.26149
		فقه النصر والتمكين في القرآن الكريم	علي محمد محمد الصلابي	ShamAY	36740	0.26148
		المحرر في الفقه على مذهب الإمام أحمد بن حنبل	عبد السلام بن عبد الله بن الخضر بن محمد، ابن تيمية الحراني، أبو البركات، مجد الدين (المتوفى: 652هـ)	ShamAY	7460	0.26147
		التقية في الفكر الاسلامي	مركز الرسالة	Masaha	223	0.26147
		الخشوع في الصلاة - الصباغ	أبو لطفي، محمد بن لطفي، بن عبد اللطيف، بن عمر الصباغ	ShamelaY19	36359	0.26146
		شرح حديث لبيك اللهم لبيك	زين الدين عبد الرحمن بن أحمد بن رجب بن الحسن، السَلامي، البغدادي، ثم الدمشقي، الحنبلي (المتوفى: 795هـ)	ShamAY	5767	0.26146
		كتب طبي انتزاعي	جمعي از نويسندگان	Ghbook	10414	0.26146
		 نظام النكاح في الشريعة الإسلامية الغراء 	 الشيخ السبحاني 	ABLibrary	9605	0.26144
		تفسير المراغي [ج ٧]	أحمد مصطفى المراغي	Rafed	1677	0.26144
		فن الذكر والدعاء عند خاتم الأنبياء	محمد الغزالي	ShamAY	34813	0.26141
		التفسير الحديث [مرتب حسب ترتيب النزول]	محمد عزة دروزة	Sham19Y	23603	0.26141
		كتاب الأفعال [ج ٣]	أبي عثمان سعيد بن محمد المعافري السرقسطي	Rafed	2692	0.26141
		خطب المسجد الحرام - عام 1432 هـ	مجموعة من المؤلفين	ShamAY	1171	0.26138
		الدرر الفقهيه في شرح اللمعه الدمشقيه	ماجد كاظمي	Ghbook	12941	0.26138
		الأذان والإقامة - المفهوم، والفضائل، والآداب، والشروط في ضوء الكتاب والسنة	د. سعيد بن على بن وهف القحطاني	ShamelaY19	96457	0.26137
		معجم مقاييس اللغة [ج ٦]	أبي الحسين أحمد بن فارس بن زكريّا	Rafed	2921	0.26137
		آخر الزمان 	خالد فائق عبيدي	Ghbook	2748	0.26136
		النكت والفوائد السنية على مشكل المحرر لمجد الدين ابن تيمية	إبراهيم بن محمد بن عبد الله بن محمد ابن مفلح، أبو إسحاق، برهان الدين (المتوفى: 884هـ)	ShamAY	6094	0.26135
		التعاليم الاقتصادية في السنة النبوية	أ.د/ كمال توفيق حطاب	ShamAY	36299	0.26134
		حاشية (الأصول الثلاثة لمحمد بن عبد الوهاب)	عبد الرحمن بن محمد بن قاسم العاصمي القحطاني الحنبلي النجدي (المتوفى: 1392هـ)	ShamAY	11148	0.26133
		الجوانب الإعلامية في خطب الرسول صلى الله عليه وسلم	سعيد بن علي ثابت	ShamAY	31504	0.26132
		 معرفة المعاد 	 السيد محمد حسين الطهراني 	ABLibrary	8878	0.26131
		تفسير السمعاني	أبو المظفر، منصور بن محمد بن عبد الجبار ابن أحمد المروزى السمعاني التميمي الحنفي ثم الشافعي (المتوفى: 489هـ)	ShamAY	8320	0.2613
		الكواشف الجلية عن معاني الواسطية	الواحدي	ShamAY	35649	0.26129
		 منائح الكرم 	 علي بن تاج الدين السنجاري 	ABLibrary	9228	0.26128
		شرح حلية طالب العلم	الواحدي :: ابن عثيمين	ShamAY	35127	0.26126
		 دراسات في نهج البلاغة 	 الشيخ محمد مهدي شمس الدين 	ABLibrary	917	0.26126
		دفاع عن الرسول (ص) ضد الفقهاء و المحدثين ( من اهل السنه )	صالح ورداني	Ghbook	7646	0.26126
		قتل المرتد إذا لم يتب	الواحدي :: عبد الله قادري الأهدل	ShamAY	36602	0.26122
		النكاح العرفي في ميزان الإسلام	صلاح الدين عامر	ShamelaY19	143158	0.26117
		شرح جوامع الأخبار - عبد الكريم الخضير	عبد الكريم الخضير	ShamelaY19	21803	0.26116
		غريب الحديث لابن الجوزي	جمال الدين أبو الفرج عبد الرحمن بن علي بن محمد الجوزي (المتوفى: 597هـ)	ShamAY	2911	0.26116
		 المسالك والممالك ( ط مصر ) 	 ابراهيم بن محمد الاصطخري ( الكرخي ) 	ABLibrary	9203	0.26116
		أنوار التنزيل وأسرار التأويل [ج ١]	عبدالله بن عمر بن محمد الشيرازي الشافعي البيضاوي	Rafed	3166	0.26116
		دروس في العقيدة - الراجحي	عبد العزيز بن عبد الله بن عبد الرحمن الراجحي	ShamAY	46	0.26114
		القطوف الدانية	أبو هاشم صالح بن عوّاد بن صالح المغامسي	ShamAY	885	0.26114
		الفقيه عمارة وشعره في الغدير	الشيخ عبد الحسين الأميني النجفي	Masaha	349	0.26114
		الإيمان بالقدر	عَلي محمد محمد الصَّلاَّبي	ShamAY	24	0.26112
		حلقات برنامج مجمع البحرين للشيخ صالح المغامسي حفظه الله	صالح بن عواد المغامسي	ShamAY	34717	0.26112
		الرسائل التسع (للمحقق الحلي)	المحقق الحلي	Masaha	1022	0.26109
		السلفيون وقضية فلسطين في واقعنا المعاصر وفيه (حكم عمليات الاقتحام بالنفس)	أبو عبيدة مشهور بن حسن بن محمود آل سلمان	ShamAY	1691	0.26108
		 قوانين حكم الاشراق إلى كافة الصوفية بجميع الآفاق 	 محمد بن أحمد الشاذلي ( ابن زغدان ) 	ABLibrary	8818	0.26104
		العصمة حقيقتها ادلتها	مركز الرسالة	Masaha	343	0.26104
		بلغة الفقيّة [ج ٣]	السيّد محمّد آل بحر العلوم	Rafed	1698	0.26104
		تذكرة الصوام بشيء من فضائل الصيام والقيام وما يتعلق بهما من أحكام	عبد الله بن صالح القصير	ShamAY	30926	0.26103
		الإخلاص - العوايشة	حسين العوايشة	ShamAY	34945	0.26101
		مسألة في الكنائس لابن تيمية وفتاوى النووي والبلقيني وقصة الطرطوشي	ابن تيمية - النووي - البلقيني	ShamAY	38206	0.26101
		فاعلم أنه لا إله إلا الله - الصاوي	د/ صلاح الصاوي	ShamAY	35562	0.26101
		حوار هادئ مع محمد الغزالي	سلمان بن فهد العودة	ShamAY	10280	0.26101
		تفسير المراغي [ج ٢١]	أحمد مصطفى المراغي	Rafed	1691	0.26101
		تلامذه المجلسي	احمد حسيني	Ghbook	7079	0.26101
		أثر العلم الشرعي في مواجهة العنف والعدوان	عبد العزيز بن فوزان بن صالح الفوزان	ShamAY	1145	0.26098
		التفسير الموضوعي 1 - جامعة المدينة	مناهج جامعة المدينة العالمية	ShamAY	1657	0.26097
		دلائل الإعجاز في علم المعاني	أبو بكر عبد القاهر بن عبد الرحمن بن محمد الفارسي الأصل، الجرجاني الدار (المتوفى: 471هـ)	ShamAY	1056	0.26096
		العقل عند الأصوليين: د. علي الضويحي	علي الضويحي	ShamAY	37522	0.26096
		 الغاية القصوى في التعليق على العروة الوثقى ( كتاب الصوم ) 	 السيد تقي الطباطبائي القمي 	ABLibrary	9716	0.26095
		التفسير الحديث [مرتب حسب ترتيب النزول]	محمد عزة دروزة	ShamAY	23603	0.26093
		تفسير القرآن الحكيم (تفسير المنار)	محمد رشيد بن علي رضا بن محمد شمس الدين بن محمد بهاء الدين بن منلا علي خليفة القلموني الحسيني (المتوفى: 1354هـ)	ShamAY	12304	0.26092
		وداع الرسول صلى الله عليه وسلم لأمته - دروس، ووصايا، وعبر، وعظات	د. سعيد بن علي بن وهف القحطاني	ShamelaY19	96542	0.26091
		آفات اللسان في ضوء الكتاب والسنة	د. سعيد بن على بن وهف القحطاني	ShamelaY19	96455	0.2609
		الزكاة في الشريعة الإسلامية الغراء - الجزء1	الشيخ جعفر السبحاني	Masaha	4860	0.2609
		حقوق اليتامى كما جاءت في سورة النساء	سليمان بن إبراهيم بن عبد الله اللاحم	Sham19Y	14537	0.26089
		زبدة البيان في أحكام القرآن	الشيخ أحمد بن محمّد الأردبيلي [ المقدّس الأردبيلي ]	Rafed	1584	0.26086
		خدمه الناس و التقوي	آيت الله العظمي سيد محمد حسيني شيرازي	Ghbook	8151	0.26085
		أوراق دعوية	سالم العجمي	ShamAY	33503	0.26082
		الأشباه والنظائر في النحو [ج ١]	جلال الدين عبد الرحمن بن أبي بكر السيوطي	Rafed	2058	0.26082
		ارشاد العباد الى استحباب لبس السواد على سيد الشهداء والائمة الامجاد عليهم السلام	السيد ميرزا جعفر الطباطبائي الحائري	Rafed	180	0.26082
		شرح كتاب فضل الإسلام لمحمد بن عبد الوهاب - ناصر العقل	ناصر بن عبد الكريم العلي العقل	ShamAY	745	0.26081
		أبكار الأفكار في أصول الدّين [ج ١]	أبي الحسن علي بن محمد بن سالم الثعلبي [ سيف الدين الآمدي ]	Rafed	3376	0.26079
		بر الوالدين - مفهوم, وفضائل، وآداب, وأحكام في ضوء الكتاب والسنة	د. سعيد بن علي بن وهف القحطاني	ShamelaY19	96480	0.26078
		دليل المقابر	طارق الطواري	ShamAY	36140	0.26078
		قصيدة عبد الله بن سليمان الأشعث	عبد الله بن سليمان الأشعث أبو بكر	ShamAY	33878	0.26078
		الفجر المقدس المهدي ارهاصات اليوم الموعود و احداث سنه الظهور	مجتبي الساده	Ghbook	6615	0.26078
		الشرح الميسر على الفقهين الأبسط والاكبر المنسوبين لأبي حنيفة	أبو حنيفة النعمان بن ثابت بن زطي الخزاز الكوفي	ShamAY	33854	0.26076
		المراة و العائلة	آيت الله العظمي حسيني	Ghbook	7918	0.26076
		شرح المدائح النبوية	أبو هاشم صالح بن عوّاد بن صالح المغامسي	ShamAY	760	0.26075
		حلم معاوية لابن أبي الدنيا	أبو بكر عبد الله بن محمد بن عبيد بن سفيان بن قيس البغدادي الأموي القرشي المعروف بابن أبي الدنيا (المتوفى: 281ه)	Sham19Y	26874	0.26075
		تنبيهات على أحكام تختص بالمؤمنات	صالح بن فوزان بن عبد الله الفوزان	ShamelaY19	31254	0.26073
		حقوق الحيوان والرفق به في الشريعة الإسلامية	أحمد عبيد الكبيسي	ShamAY	10153	0.26073
		من الهدي النبوي في تربية البنات	محمد بن يوسف عفيفي	ShamAY	3561	0.26073
		تقريب المعارف	ابوالصلاح تقي بن نجم الدين حلبي	Ghbook	2490	0.26073
		الصحيح من سيرة النبي الأعظم صلّى الله عليه وآله [ج ١٧]	السيد جعفر مرتضى العاملي	Rafed	2510	0.2607
		مجموعة الرسائل والمسائل النجدية	مجموعة من المؤلفين	ShamAY	37978	0.26069
		حكم ومواعظ من حياة الانبياء عليهم السلام [ج ٢]	مرتضى الميلاني	Rafed	110	0.26069
		مهارات التواصل مع الأولاد - كي تكسب ولدك؟	د. خالد بن سعود بن عبد العزيز الحليبي	ShamelaY19	96855	0.26068
		العروة الوثقى في ضوء الكتاب والسُّنَّة - المفهوم، والفضائل، والمقتضى، والأركان، والشروط، والنواقص، والنواقض	د. سعيد بن علي بن وهف القحطاني	ShamAY	1816	0.26068
		شرح كتاب التوحيد - عبد الكريم الخضير	عبد الكريم الخضير	ShamelaY19	21709	0.26067
		دراسات في تاريخ العرب القديم	محمد بيومى مهران	ShamAY	12007	0.26066
		النصيحة في صفات الرب جل وعلا	أحمد بن إبراهيم بن عبد الرحمن بن مسعود، عماد الدين الواسطي البغدادي ثم الدمشقيّ، المعروف: بابن شيخ الحزامين (المتوفى: 711هـ)	ShamAY	6487	0.26066
		الوجيزه في الرجال	محمدباقر بن محمدتقي علامه مجلسي	Ghbook	2559	0.26065
		أسباب الإرهاب والعنف والتطرف	الواحدي :: صالح السدلان	ShamAY	33360	0.26064
		عودة الروح ويقظة الإيمان	مجدي الهلالي	ShamelaY19	36407	0.26062
		كيف يؤدي الموظف الأمانة	عبد المحسن بن حمد العباد البدر	ShamAY	11361	0.26062
		الأسئلة والأجوبة في العقيدة	صالح بن عبد الرحمن بن عبد الله الأطرم (المتوفى: 1428ه)	ShamelaY19	36500	0.26061
		البرهان في بيان القرآن	موفق الدين عبد الله بن قدامة المقدسي (620 هـ)	ShamAY	34079	0.26061
		تفسير غرائب القرآن ورغائب الفرقان [ج ٣]	نظام الدين الحسن بن محمّد بن حسين القمي النيسابوري	Rafed	1794	0.26061
		اللّباب في علوم الكتاب [ج ٢٠]	أبي حفص عمر بن علي بن عادل الدمشقي الحنبلي	Rafed	3126	0.26061
		ثبت مؤلفات الشيخ ربيع المدخلي	خالد الظفيري	ShamAY	33018	0.2606
		التطرف في الدين دراسة شرعية	محمد بن عبد الرزاق الطبطبائي	ShamAY	36234	0.2606
		تهذيب اللغة [ج ١٢]	محمّد بن أحمد الأزهري	Rafed	1963	0.2606
		 تاريخ اليميني ( تاريخ العتبي ) 	 أبي النصر محمد بن عبد الجبار العتبي 	ABLibrary	8302	0.26059
		 المصباح في مكاشفة بعث الأرواح ( ويليه شرح الحجب والأستار / لوامع التوحيد / مسالك التوحيد ) 	 روزبهان البقلي الشيرازي ( شطاح فارس ) 	ABLibrary	8729	0.26059
		منهج المتقدمين والمتأخرين فى الصناعة الحديثية	مجموعة من المؤلفين	ShamAY	37330	0.26058
		مجمع الفائدة والبرهان في شرح إرشاد الأذهان [ج ١٢]	الشيخ أحمد بن محمّد الأردبيلي [ المقدّس الأردبيلي ]	Rafed	1910	0.26057
		موسوعة فقه الابتلاء	الواحدي :: علي بن نايف الشحود	ShamAY	36105	0.26056
		حروف المعاني و أثر التركيب فيها	فائزة بنت عمر المؤيد	ShamAY	37184	0.26055
		موسوعة الفقه الإسلامي	محمد بن إبراهيم بن عبد الله التويجري	ShamelaY19	37532	0.26054
		إفاضة القدير في أحكام العصير	شيخ الشريعة الأصفهاني	Masaha	4907	0.26054
		العصمة حقيقتها ـ أدلّتها	الشيخ محمد حسين الأنصاري	Rafed	755	0.26054
		شرح رياض الصالحين - حطيبة	الشيخ الطبيب أحمد حطيبة	ShamAY	102	0.26053
		المشروع والممنوع في المسجد - محمد العرفج	محمد بن علي العرفج	ShamelaY19	31245	0.26052
		رسالة في أسس العقيدة	محمد بن عودة السعوي	ShamAY	30834	0.26049
		ارق نفسك وأهلك بنفسك	د خالد بن عبد الرحمن بن علي الجريسي	ShamAY	5701	0.26049
		تأصيل علم العقيدة - عبد الرحيم السلمي	عبد الرحيم بن صمايل العلياني السلمي	Sham19Y	37800	0.26048
		 الكشف عن مناهج الأدلة في عقائد الملة 	 ابن رشد 	ABLibrary	8577	0.26048
		شرح مختصر البعلي لكتاب الصارم المسلول على شاتم الرسول لابن تيمية	محمد حسن عبد الغفار	ShamAY	739	0.26047
		نزهة الأبصار بطرائف الأخبار والأشعار	عبد الرحمن بن عبد الله بن أحمد بن درهم (المتوفى: 1362هـ)	ShamAY	5375	0.26047
		فتوح الغيب في الكشف عن قناع الريب (حاشية الطيبي على الكشاف)	شرف الدين الحسين بن عبد الله الطيبي (المتوفى: 743 ه)	ShamelaY19	20891	0.26045
		 كتاب الزكاة 	 الشيخ المنتظري 	ABLibrary	9529	0.26044
		الاعتصام بالله سبيل النجاة	أنور بن أهل الله	ShamAY	1096	0.26041
		تفسير ابن بدران = جواهر الأفكار ومعادن الأسرار المستخرجة من كلام العزيز الجبار	عبد القادر بن أحمد بدران	ShamelaY19	20643	0.26039
		الاختلاف في اللفظ والرد على الجهمية لابن قتيبة	أبو محمد عبد الله بن مسلم بن قتيبة الدينوري (المتوفى: 276ه)	ShamelaY19	26460	0.26037
		بذل المجهود في إفحام اليهود ت طويلة	السموأل بن يحيى بن عباس المغربي (المتوفى: نحو 570هـ)	ShamAY	146	0.26036
		زيارة القبور	محيي الدين محمد البركوي الحنفي	ShamAY	36141	0.26036
		الصحة والمرض وقفات مهمة	حمد الدوسري	ShamAY	34890	0.26034
		معالم الطريق إلى الله	أبو فيصل البدراني	ShamelaY19	96252	0.26033
		الإبانة عن سرقات المتنبي لفظا ومعنى	محمد بن أحمد بن محمد العميدي، أبو سعد (المتوفى: 433هـ)	ShamAY	864	0.26032
		الأحكام السلطانية لأبي يعلى الفراء	القاضي أبو يعلى ، محمد بن الحسين بن محمد بن خلف ابن الفراء (المتوفى : 458هـ)	ShamAY	22877	0.26032
		رفقاً بالقوارير - نصائح للأزواج	أمة الله بنت عبد المطلب - موقع مكتبة المسجد النبوي	ShamAY	22876	0.26031
		أفراحنا بين المشروع والممنوع	ندا أبو أحمد	ShamAY	36475	0.26031
		الخلاصة في تدبر القرآن الكريم	د/ خالد بن عثمان السبت	ShamelaY19	133374	0.2603
		الصحيح المسند من الأحاديث القدسية	أبو عبد الله مصطفى بن العدوى شلباية المصري	ShamAY	9230	0.2603
		تنوع خطاب القرآن الكريم في العهد المدني ((دراسة لغوية))		ShamAY	36938	0.26027
		 الطبقات الكبرى ( فارسي ) 	 ابن سعد ( مترجم : محمود مهدوى دامغانى ) 	ABLibrary	7603	0.26025
		سلسلة الأسماء والصفات	محمد الحسن الددو الشنقيطي	ShamAY	7699	0.26024
		ثم شيعني الألباني	الشيخ عبد الحميد الجاف	Masaha	161	0.26023
		بداية المجتهد و نهاية المقتصد	أبو الوليد محمد بن أحمد بن محمد بن أحمد بن رشد القرطبي الشهير بابن رشد الحفيد (المتوفى: 595هـ)	ShamAY	34220	0.26021
		الأزهر في ألف عام‏  - الجزء1	د. محمد عبد المنعم الخفاجي	Masaha	3710	0.26021
		أَفْعَالُ الرَّسُول صلى الله عليه وسلم وَدَلاَلَتَهَا عَلَى الأَحْكَامِ الشَّرْعِيَّةِ	محمد بن سليمان بن عبد الله الأشقر العتيبي (المتوفى: 1430هـ)	ShamAY	1957	0.2602
		تصحيح الحديث عند الإمام ابن الصلاح - دراسة نقدية	حمزة عبد الله المليباري	ShamAY	4432	0.26019
		الأخوة أيها الإخوة	أبو العلاء محمد بن حسين بن يعقوب السلفي المصري	ShamelaY19	98127	0.26018
		مصباح الفقيه [ج ٩]	الشيخ آقا رضا الهمداني	Rafed	1872	0.26018
		المعجزة القرآنية حقائق علمية قاطعة	أحمد عمر أبو شوفة	Sham19Y	37987	0.26017
		تحريم حلق اللحى - وجوب إعفاء اللحية وتحريم حلقها وتقصيرها	عبد الرحمن بن محمد بن قاسم العاصمي الحنبلي النجدي (المتوفى: 1392ه) - عبد العزيز بن عبد الله بن باز (المتوفى: 1420ه)	ShamelaY19	31251	0.26015
		المنتخب من صحيح السنة النبوية (وهو المنهج المقرر للمرحلة الأولى من كلية العلوم الإسلامية - جامعة الأنبار)	الدكتور ماهر ياسين الفحل	ShamAY	1766	0.26014
		بغية الإيضاح لتلخيص المفتاح في علوم البلاغة	عبد المتعال الصعيدي (المتوفى: 1391هـ)	ShamAY	10281	0.26014
		الفرقان في تفسير القرآن بالقرآن والسنّة [ج ١٤]	الشيخ محمد الصادقي	Rafed	3026	0.26013
		عقود الزبرجد على مسند الإمام أحمد	عبد الرحمن بن أبي بكر، جلال الدين السيوطي (المتوفى: 911ه)	Sham19Y	14299	0.26012
		روح البيان - إحياء التراث	إسماعيل حقي بن مصطفى الإستانبولي الحنفي الخلوتي	ShamAY	34059	0.26011
		أحكام الكلالة في القرآن الكريم والسنة النبوية	عبده محمد يوسف	ShamAY	36693	0.26005
		الكشف عن مساوي شعر المتنبي	إسماعيل بن عباد بن العباس، أبو القاسم الطالقاني، المشهور بالصاحب بن عباد (المتوفى: 385هـ)	ShamAY	448	0.26004
		المعجزة القرآنية حقائق علمية قاطعة	أحمد عمر أبو شوفة	ShamAY	1473	0.26003
		رمي الجمرات في ضوء الكتاب والسنة وآثار الصحابة رضي الله عنهم - مفهوم، وفوائد، وشروط، وآداب، ومسائل، وحكم، وأحكام	د. سعيد بن علي بن وهف القحطاني	ShamelaY19	96484	0.26
		إتحاف النبلاء بأخبار الثقلاء للسيوطي - نسخة أخرى	السيوطي	ShamAY	36025	0.25999
		المعجزة القرآنية حقائق علمية قاطعة	أحمد عمر أبو شوفة	ShamelaY19	37987	0.25995
		مجلة الحقائق (الدمشقية)	عبد القادر الإسكندراني	ShamelaY19	29676	0.25995
		مقامات الزمخشري	ابو القاسم محمود بن عمر الزمخشري	Masaha	2358	0.25994
		ثلاثون عملا تطيل في العمر	أمير بن محمد المدري	ShamelaY19	36612	0.25993
		الدين العالمي ومنهج الدعوة إليه	عطية صقر	ShamelaY19	95667	0.25992
		عناية المسلمين باللغة العربية خدمة للقرآن الكريم - أحمد محمد الخراط	أ. د. أحمد بن محمد الخراط، أبو بلال	ShamAY	11310	0.25992
		اشتقاق أسماء الله	عبد الرحمن بن إسحاق البغدادي النهاوندي الزجاجي، أبو القاسم (المتوفى: 337ه)	Sham19Y	14275	0.25992
		 بحوث فقهية معاصرة 	 الشيخ بشير النجفي 	ABLibrary	9765	0.25992
		إرشاد الطالب إلى أهم المطالب	سليمان بن سحمان	ShamAY	36572	0.2599
		المعز فيما انفرد به حفص من طريق الحرز	سعد الدين رزيقه حسنين	ShamAY	36797	0.25989
		شرح أبيات سيبويه	يوسف بن أبي سعيد الحسن بن عبد الله بن المرزبان أبو محمد السيرافي (المتوفى: 385هـ)	ShamAY	690	0.25989
		منَاهِجُ التَّحصِيلِ ونتائج لطائف التَّأْوِيل في شَرحِ المدَوَّنة وحَلِّ مُشكِلاتها	أبو الحسن علي بن سعيد الرجراجي (المتوفى: بعد 633هـ)	ShamAY	31750	0.25988
		الزهد والورع والعبادة	تقي الدين أبو العباس أحمد بن عبد الحليم بن عبد السلام بن عبد الله بن أبي القاسم بن محمد ابن تيمية الحراني الحنبلي الدمشقي (المتوفى: 728هـ)	ShamAY	6826	0.25987
		المقام الأسنى في تفسير الأسماء الحسنى	ابراهيم بن علي الكفعمي	Masaha	1731	0.25987
		مقدمة أبي الليث السمرقندي	الواحدي :: أبو الليث السمرقندي	ShamAY	36180	0.25986
		 رحلتان إلى الحجاز ونجد 	 محمد بهجة البيطار / محمد سعود العوري 	ABLibrary	9112	0.25986
		شرح القصائد العشر	يحيى بن علي بن محمد الشيباني التبريزي، أبو زكريا (المتوفى: 502ه)	ShamelaY19	37488	0.25985
		 جواهر الكلام في ثوبه الجديد 	 الشيخ الجواهري 	ABLibrary	9373	0.25983
		الصاحبي في فقه اللغة العربية ومسائلها وسنن العرب في كلامها	أحمد بن فارس بن زكرياء القزويني الرازي، أبو الحسين (المتوفى: 395هـ)	ShamAY	9977	0.25982
		للنساء فقط ...أحكام شرعية ـ آداب إسلامية ـ نصائح وتوجيهات	عبد الله بن أحمد آل علاف الغامدي	ShamAY	35116	0.25979
		مبلغ الأرب في فخر العرب	شهاب الدين أحمد بن محمد، ابن حجر الهيتمي (المتوفى: 974هـ)	ShamAY	661	0.25979
		دروس الشيخ خالد الراشد	خالد الراشد	ShamAY	855	0.25977
		فقه العبادات للعثيمين	محمد بن صالح بن محمد العثيمين (المتوفى: 1421هـ)	ShamAY	21823	0.25974
		الجذور التاريخية لحقيقة الغلو والتطرف والإرهاب والعنف	علي بن عبد العزيز بن علي الشبل	ShamAY	1129	0.25972
		الأصول الشرعية عند حلول الشبهات	صالح بن عبد العزيز بن محمد بن إبراهيم آل الشيخ	Sham19Y	30898	0.25972
		المفصل في فقه الدعوة إلى الله تعالى	علي بن نايف الشحود	ShamAY	33269	0.25971
		تراثنا الفكري في ميزان العقل والشرع	محمد الغزالي	ShamAY	36040	0.2597
		البحر المديد ـ موافق للمطبوع	أحمد بن محمد بن المهدي بن عجيبة الحسني الإدريسي الشاذلي الفاسي أبو العباس	ShamAY	34062	0.25968
		امهات المعصومين عليهم السلام	آيت الله العظمي سيد محمد حسيني شيرازي	Ghbook	7990	0.25968
		إيضاح ترددات الشرائع - الجزء1	نجم الدين جعفر بن زهدري الحلي	Masaha	1084	0.25967
		المخصّص [ج ٦]	أبي الحسن علي بن إسماعيل بن سيده المرسي [ ابن سيده ]	Rafed	3550	0.25967
		كتاب الفروع ومعه تصحيح الفروع لعلاء الدين علي بن سليمان المرداوي	محمد بن مفلح بن محمد بن مفرج، أبو عبد الله، شمس الدين المقدسي الرامينى ثم الصالحي الحنبلي (المتوفى: 763هـ)	ShamAY	12052	0.25966
		من أسباب تراجع الدرس الحديثي	زين العابدين بلافريج	ShamAY	37323	0.25966
		أدب الخلاف - ياسر برهامي	الشيخ ياسر بن حسين برهامي	ShamelaY19	36994	0.25964
		رسالة في أصول الدين	تقي الدين أبو العباس أحمد بن عبد الحليم بن عبد السلام بن عبد الله بن أبي القاسم بن محمد ابن تيمية الحراني الحنبلي الدمشقي (المتوفى: 728هـ)	ShamAY	11216	0.25964
		شرح الدروس المهمة لعامة الأمة	عبد الكريم الخضير	ShamelaY19	26302	0.25963
		مكارم الأخلاق لمن أراد الخلاق	أنور بن أهل الله بن أنوار الله	ShamAY	1078	0.25962
		دعوة إلى السنة في تطبيق السنة منهجا وأسلوبا	عبد الله بن ضيف الله الرحيلي	Sham19Y	11195	0.25961
		المراه و العائله	آيت الله العظمي حسيني	Ghbook	8052	0.25961
		الحديث حجة بنفسه في العقائد والأحكام	أبو عبد الرحمن محمد ناصر الدين، بن الحاج نوح بن نجاتي بن آدم، الأشقودري الألباني (المتوفى: 1420هـ)	ShamAY	7607	0.2596
		عالم الجن والشياطين	عمر بن سليمان بن عبد الله الأشقر العتيبي	ShamAY	9874	0.2596
		شرح دعاء قنوت الوتر	محمد بن صالح بن محمد العثيمين (المتوفى: 1421ه)	ShamelaY19	21815	0.25959
		إصلاح كتاب الحيوان (الجزء الأول)	الأستاذ صبحي البصام	ShamAY	35917	0.25959
		مأساة الزهراء(ع) الجزء الأول	السيد جعفر مرتضى العاملي	Masaha	394	0.25959
		دلائل الإعجاز في علم المعاني	أبو بكر عبد القاهر بن عبد الرحمن بن محمد الفارسي الأصل، الجرجاني الدار (المتوفى: 471ه)	Sham19Y	12055	0.25957
		فقه المعاملات المعاصرة	محمد حسن عبد الغفار	ShamelaY19	37700	0.25956
		المنصف للسارق والمسروق منه	الحسن بن علي الضبي التنيسي أبو محمد، المعروف بابن وكيع (المتوفى: 393هـ)	ShamAY	31373	0.25956
		اللاعنف منهج و سلوك	آيت الله العظمي سيد محمد حسيني شيرازي	Ghbook	8014	0.25956
		مبادئ الوصول الى علم الاصول	الحسن بن يوسف بن علي المطّهر [ العلامة الحلّي ]	Rafed	126	0.25952
		سيّد المرسلين صلّى الله عليه وآله [ج ١]	الشيخ جعفر السبحاني	Rafed	185	0.25951
		مسائل الإمام أحمد رواية أبي داود السجستاني	أبو عبد الله أحمد بن محمد بن حنبل بن هلال بن أسد الشيباني (المتوفى: 241ه)	ShamelaY19	21487	0.2595
		شرح زيارة عاشوراء	الشيخ أبي المعالي الكلباسي	Rafed	2221	0.2595
		شرح كتاب الإيمان الأوسط لابن تيمية - الراجحي	عبد العزيز بن عبد الله بن عبد الرحمن الراجحي	ShamelaY19	36972	0.25949
		سنّة أهل البيت(ع)	السيد محمد تقي الحكيم	Masaha	306	0.25949
		معجم البابطين للشعراء العرب المعاصرين (محذوف الأشعار)	فريق من الباحثين مذكورة أسماؤهم في خانة المؤلف.	ShamAY	35886	0.25942
		من حياه الرسول الاعظم ( صلي الله عليه و آله و سلم )	آيت الله العظمي سيد محمد حسيني شيرازي	Ghbook	8123	0.25942
		اختلاف أبي حنيفة وابن أبي ليلى	أبو يوسف يعقوب بن إبراهيم بن حبيب بن سعد بن حبتة الأنصاري (المتوفى: 182ه)	ShamelaY19	96606	0.2594
		روح المعاني في تفسير القرآن العظيم والسبع المثاني	شهاب الدين محمود بن عبد الله الحسيني الألوسي (المتوفى: 1270ه)	ShamelaY19	22835	0.25938
		أسباب المغفرة	عبد الرحمن بن أحمد بن رجب الحنبلي (المتوفى: 795هـ)	ShamAY	200	0.25937
		فتاوى في الطهارة الشرعية وموجباتها	الواحدي :: ابن جبرين	ShamAY	37646	0.25936
		عمدة الطالب لنيل المآرب «في الفقه على المذهب الأحمد الأمثل مذهب الإمام أحمد بن محمد بن حنبل»	منصور بن يونس بن صلاح الدين ابن حسن بن إدريس البهوتى الحنبلى (المتوفى: 1051 ه)	Sham19Y	14386	0.25936
		روح المعاني [ج ٤]	أبي الفضل شهاب الدين السيّد محمود الألوسي البغدادي	Rafed	3184	0.25936
		حياة محمد ورسالته	محمد علي اللاهوري القادياني (1874-1951 م) أحد أتباع غلام أحمد القادياني (الذي ادعى النبوة) ، ورئيس الفرع اللاهوري للقاديانية (فليُحذر)	ShamAY	9798	0.25935
		الجماهر في معرفة الجواهر	أبو الريحان محمد بن أحمد البيروني الخوارزمي (المتوفى: 440هـ)	ShamAY	699	0.25934
		الكشاف - الجزء1	ابو القاسم محمود بن عمر الزمخشري	Masaha	3234	0.25934
		صلح الامام الحسن ( عليه السلام )	آيت الله العظمي سيد محمد حسيني شيرازي	Ghbook	7910	0.25934
		لحوم العلماء مسمومة	ناصر بن سليمان العمر	ShamAY	35105	0.25933
		بيان المحجة في الرد على اللجة (مطبوع ضمن الرسائل والمسائل النجدية، الجزء الرابع، القسم الأول)	عبد الرحمن بن حسن بن محمد بن عبد الوهاب بن سليمان التميمي (المتوفى: 1285هـ)	ShamAY	11073	0.25932
		الخصائص	عثمان بن جني ابن جني	Ghbook	16345	0.25932
		التعليق على رسالة حقيقة الصيام وكتاب الصيام من الفروع ومسائل مختارة منه	محمد بن صالح بن محمد العثيمين (المتوفى: 1421ه)	Sham19Y	12880	0.25931
		الوافية في أصول الفقه	عبد الله بن محمّد البشروي الخراساني	Rafed	336	0.2593
		فقه الابتلاء, وأقدار الله المؤلمة	أبو فيصل البدراني	ShamelaY19	96250	0.25929
		معيار الاختيار فى ذكر المعاهد والديار	محمد بن عبد الله بن سعيد السلماني اللوشي الأصل، الغرناطي الأندلسي، أبو عبد الله، الشهير بلسان الدين ابن الخطيب (المتوفى: 776هـ)	ShamAY	11940	0.25929
		الخطابة - جامعة المدينة	مناهج جامعة المدينة العالمية	ShamAY	1662	0.25926
		أحكام الهجر والهجرة في الإسلام	أبو فيصل البدراني	ShamelaY19	96243	0.25924
		شرح حديث جابر بن عبد الله رضي الله عنهما في صفة حجة النبي صلى الله عليه وسلم	محمد بن صالح بن محمد العثيمين (المتوفى: 1421ه)	ShamelaY19	21814	0.25924
		الوحي المحمدي	محمد رشيدرضا	Ghbook	9459	0.25924
		الإيمان بالله جل جلاله	عَلي محمد محمد الصَّلاَّبي	ShamAY	19	0.25921
		الزواج و تشكيل الاسره في الاسلام	آيت الله العظمي سيد محمد حسيني شيرازي	Ghbook	7899	0.25921
		مقدمات النكاح (دراسة مقارنة)	محمد بن عبد العزيز السديس	ShamAY	12152	0.2592
		التربية الجهادية في ضوء الكتاب والسنة	عبد العزيز بن ناصر الجليل	ShamAY	35056	0.25919
		طرق الاستدلال بالسنة والاستنباط منها	عبد العزيز بن عزت بن الشيخ مصطفى بن الحاج أسعد الخياط	ShamAY	624	0.25919
		حب الله نماذج و صور	عادل علوي	Ghbook	4618	0.25919
		شرح ابن طولون [ج ١]	أبي عبد الله شمس الدين محمّد بن علي بن طولون الدمشقي الصالحي [ ابن طولون ]	Rafed	1864	0.25918
		غنائم الأيّام في مسائل الحلال والحرام [ج ١]	الميرزا أبو القاسم القمّي	Rafed	1809	0.25918
		أنوار التنزيل وأسرار التأويل [ج ٢]	عبدالله بن عمر بن محمد الشيرازي الشافعي البيضاوي	Rafed	3168	0.25918
		رسالة في فضل الخلفاء الراشدين (طبعت مفردة، ومنها نسخة مختصرة في مجموع الفتاوى)	تقي الدين أبو العباس أحمد بن عبد الحليم بن عبد السلام بن عبد الله بن أبي القاسم بن محمد ابن تيمية الحراني الحنبلي الدمشقي (المتوفى: 728هـ)	ShamAY	1259	0.25915
		 مدارج السالكين بين منازل اياك نعبد واياك نستعين 	 ابن قيم الجوزية 	ABLibrary	8798	0.25915
		الدار الآخرة - محمد حسان	محمد بن إبراهيم بن إبراهيم بن حسان	ShamAY	426	0.25914
		التحرير الأدبي	د. حسين علي محمد حسين (المتوفى: 1431هـ)	ShamAY	7585	0.25913
		اعرف الشيعه	آيت الله العظمي سيد محمد حسيني شيرازي	Ghbook	8051	0.25912
		صلاة الجماعة - مفهوم، وفضائل، وأحكام، وفوائد، وآداب في ضوء الكتاب والسنة	د. سعيد بن علي بن وهف القحطاني	ShamAY	1853	0.25911
		الميزان في تفسير القرآن [ج ٢٠]	آية الله السيد محمد حسين الطباطبائي	Rafed	1453	0.25908
		تفسير غرائب القرآن ورغائب الفرقان [ج ٢]	نظام الدين الحسن بن محمّد بن حسين القمي النيسابوري	Rafed	1793	0.25907
		السجود علي التربه الحسينيه	عبدالهادي الشريفي	Ghbook	15498	0.25907
		شرح الرد على الجهمية	عبد العزيز الراجحي	ShamAY	35705	0.25904
		تلوين الخطاب لابن كمال باشا دراسة وتحقيق	عبد الخالق بن مساعد الزهراني	ShamAY	10096	0.25904
		مسائل في الفتن	أبو عبد الله فيصل بن حيان آل صبحان	ShamAY	32245	0.25903
		المشابهة بين المعتزلة الأوائل والمعتزلة الجدد	فؤاد الشلهوب	ShamAY	37790	0.25903
		إلى الإسلام من جديد	علي أبو الحسن بن عبد الحي بن فخر الدين الندوي (المتوفى: 1420ه)	ShamelaY19	37561	0.25902
		شرح الأصول الثلاثة (للإمام المجدد محمد بن عبد الوهاب رحمه الله)	عبد الرحمن بن ناصر البراك	ShamAY	32360	0.25902
		رعاية المصلحة والحكمة في تشريع نبي الرحمة (صلى الله عليه وسلم)	محمد طاهر حكيم	ShamAY	3898	0.25901
		محاضرات في المواريث	محمد علي خرسان	Ghbook	10204	0.25901
		عُقودُ الزَّبَرْجَدِ على مُسْند الإِمَام أَحْمد	عبد الرحمن بن أبي بكر، جلال الدين السيوطي (المتوفى: 911هـ)	ShamAY	31988	0.259
		الكسب	أبو عبد الله محمد بن الحسن بن فرقد الشيباني (المتوفى: 189ه)	Sham19Y	6163	0.25899
		 الفوائد البهية في شرح عقائد الإمامية 	 الشيخ محمد جميل حمود 	ABLibrary	8528	0.25899
		أنوار التنزيل وأسرار التأويل [ج ٣]	عبدالله بن عمر بن محمد الشيرازي الشافعي البيضاوي	Rafed	3171	0.25898
		علي الاكبر سليل الحسين ( عليهما السلام )	آيت الله العظمي سيد محمد تقي مدرسي	Ghbook	5971	0.25898
		تفسير القرآن العظيم المنسوب للإمام الطبراني	الطبراني	ShamAY	33108	0.25897
		 أبكار الأفكار في أصول الدين 	 سيف الدين الآمدي 	ABLibrary	8314	0.25897
		إمام المسجد مقوماته العلمية والخلقية	سعود بن محمد البشر	ShamAY	30874	0.25893
		نثر الدر في المحاضرات	منصور بن الحسين الرازي، أبو سعد الآبى (المتوفى: 421هـ)	ShamAY	7853	0.25892
		عقائد الإماميّة الإثنى عشريّة [ج ٢]	السيد إبراهيم الموسوي الزنجاني	Rafed	3538	0.25892
		الإمامة والقيادة	د. أحمد عزالدين	Masaha	131	0.25889
		شرح كتاب الصيام من تقريب الأسانيد	عبد الكريم الخضير	ShamelaY19	23839	0.25888
		معالم الطريق إلى الله	أبو فيصل البدراني	ShamAY	1742	0.25888
		مشكل الحديث وبيانه	محمد بن الحسن بن فورك الأنصاري الأصبهاني، أبو بكر (المتوفى: 406هـ)	ShamAY	5899	0.25887
		أين صلاة الفجر يا أمة الإسلام الاختبار الصعب	ندا أبو أحمد	ShamAY	35177	0.25887
		فتاوى مهمة لعموم الأمة	عبد العزيز بن باز , محمد بن صالح العثيمين	ShamAY	6394	0.25887
		 كتاب الزكاة 	 الشيخ المنتظري 	ABLibrary	9528	0.25887
		دروس الشيخ عمر الأشقر	عمر بن سليمان بن عبد الله الأشقر العتيبي	ShamelaY19	37419	0.25886
		الأساس في التفسير [ج ٦]	سعيد حوّى	Rafed	3139	0.25885
		دلائل الإعجاز في علم المعاني	أبو بكر عبد القاهر بن عبد الرحمن بن محمد الفارسي الأصل، الجرجاني الدار (المتوفى: 471هـ)	ShamAY	1039	0.25884
		بحوث في الملل والنّحل [ج ٢]	الشيخ جعفر السبحاني	Rafed	42	0.25884
		التفسير المنير [ج ٢٤]	الدكتور وهبة الزحيلي	Rafed	2972	0.25883
		التفسير المنير [ج ٢٣]	الدكتور وهبة الزحيلي	Rafed	2971	0.25883
		الإبطال والرفض لعدوان من تجرأ على (كشف الشبهات) بالنقض، ويليه / ملامح جهمية	أبو محمد عبد الكريم بن صالح بن عبد الكريم الحميد	ShamAY	1111	0.25882
		موعظة المؤمنين من إحياء علوم الدين	محمد جمال الدين بن محمد سعيد بن قاسم الحلاق القاسمي (المتوفى: 1332ه)	ShamelaY19	22842	0.25881
		نفائس التأويل - الجزء1	السيد المرتضى	Masaha	2507	0.2588
		المنهاج في يوميات الحاج	ناصر العيشي	ShamAY	36628	0.25879
		أدب الاسلام	الشيخ عبد الله الظاهر عبد الله علي	ShamAY	35188	0.25879
		التفسير و المفسرون في ثوبه القشيب	محمد هادي معرفت	Ghbook	4820	0.25879
		اشتقاق أسماء الله	عبد الرحمن بن إسحاق البغدادي النهاوندي الزجاجي، أبو القاسم (المتوفى: 337هـ)	ShamAY	31971	0.25878
		تفسير أبي السّعود [ج ٢]	أبي السعود محمّد بن محمّد العمادي	Rafed	3234	0.25878
		الفاحشة عمل قوم لوط	محمد بن إبراهيم بن أحمد الحمد	ShamAY	7535	0.25876
		الإيمان لابن تيمية	تقي الدين أبو العباس أحمد بن عبد الحليم بن عبد السلام بن عبد الله بن أبي القاسم بن محمد ابن تيمية الحراني الحنبلي الدمشقي (المتوفى: 728هـ)	ShamAY	7564	0.25875
		صلة الأرحام - مفهوم, وفضائل، وآداب, وأحكام في ضوء الكتاب والسنة	د. سعيد بن علي بن وهف القحطاني	ShamelaY19	96508	0.25874
		التنبيهات اللطيفة على ما احتوت عليه العقيدة الواسطية من المباحث المنيفة	أبو عبد الله، عبد الرحمن بن ناصر بن عبد الله بن ناصر بن حمد آل سعدي (المتوفى: 1376هـ)	ShamAY	9430	0.25874
		مبادئ الوصول الى علم الاصول	العلامة الحلي	Masaha	1747	0.25873
		الربا - أضراره وآثاره في ضوء الكتاب والسنة	د. سعيد بن علي بن وهف القحطاني	ShamelaY19	96465	0.25872
		ظاهرة الرعب من الإسلام وحقوق المرأة	الواحدي :: أحمد بن محمد الشرقاوى	ShamAY	33356	0.25872
		بهجه المومنين في زياره الطيبات و الطيبين	عادل علوي	Ghbook	4617	0.25871
		حلم معاوية لابن أبي الدنيا	أبو بكر عبد الله بن محمد بن عبيد بن سفيان بن قيس البغدادي الأموي القرشي المعروف بابن أبي الدنيا (المتوفى: 281ه)	ShamelaY19	26874	0.2587
		الإشارة إلى مذهب أهل الحق	أبو اسحاق إبراهيم بن علي بن يوسف الشيرازي (المتوفى: 476 هـ)	ShamAY	33899	0.2587
		الشرح الكبير لمختصر الأصول من علم الأصول	أبو المنذر محمود بن محمد بن مصطفى بن عبد اللطيف المنياوي	ShamAY	1106	0.25868
		التحفة العراقية في الأعمال القلبية	تقي الدين أبو العباس أحمد بن عبد الحليم بن عبد السلام بن عبد الله بن أبي القاسم بن محمد ابن تيمية الحراني الحنبلي الدمشقي (المتوفى: 728هـ)	ShamAY	6827	0.25867
		معلم التجويد	د خالد بن عبد الرحمن بن علي الجريسي	ShamAY	21513	0.25865
		آية التطهير	السيّد علي الحسيني الميلاني	Rafed	146	0.25865
		أساس الحكومة الإسلامية	السيد كاظم الحسيني الحائري	Masaha	4892	0.25863
		مجمع البحرين	فخرالدين طريحي	Ghbook	2695	0.25862
		الفوز الكبير في أصول التفسير	الإمام أحمد بن عبد الرحيم المعروف ب «ولي الله الدهلوي» (المتوفى: 1176ه)	Sham19Y	9964	0.25861
		 الدلائل في شرح منتخب المسائل 	 السيد تقي الطباطبائي 	ABLibrary	9709	0.25861
		الميزان في تفسير القرآن [ج ١٨]	آية الله السيد محمد حسين الطباطبائي	Rafed	1451	0.25861
		الإرهاب والعنف والتطرف في الكتاب والسنة	رقية بنت محمد المحارب	ShamAY	33367	0.2586
		التيه والمخرج	عدنان بن محمد آل عرعور	ShamelaY19	147090	0.25858
		متن الطحاوية بتعليق الألباني	أبو جعفر أحمد بن محمد بن سلامة بن عبد الملك بن سلمة الأزدي الحجري المصري المعروف بالطحاوي (المتوفى: 321هـ)	ShamAY	9568	0.25858
		حديث الضب للطريثيثي - مخطوط (ن)	أَبُو بَكْرٍ أَحْمَدُ بنُ عَلِيِّ بنِ الحُسَيْنِ بنِ زَكَرِيَّا الطُّرَيْثِيْثِيّ، ثُمَّ البَغْدَادِيّ، الصُّوْفِيّ، المَعْرُوف: بِابْنِ زَهْرَاءَ (المتوفى: 497هـ)	ShamAY	11441	0.25857
		هذا ديننا	محمد الغزالي	ShamAY	33259	0.25857
		هؤلاء هم خصماؤك غدا	عبد الملك بن محمد القاسم	ShamelaY19	36560	0.25856
		إتحاف فضلاء البشر في القراءات الأربعة عشر	أحمد بن محمد بن أحمد بن عبد الغني الدمياطي، شهاب الدين الشهير بالبناء (المتوفى: 1117ه)	Sham19Y	10010	0.25856
		إتحاف فضلاء البشر في القراءات الأربعة عشر	أحمد بن محمد بن أحمد بن عبد الغني الدمياطيّ، شهاب الدين الشهير بالبناء (المتوفى: 1117هـ)	ShamAY	10010	0.25855
		هوامش علي رساله: القول الفصل في الال والاهل لمولفها سفر احمد الحمداني	عبد الله حسين الفهد	Ghbook	12319	0.25855
		التفسير الوسيط للقرآن الكريم [ج ٢]	الدكتور محمد سيد طنطاوي	Rafed	3932	0.25854
		تفسير أبيات المعاني من شعر أبي الطيب المتنبي	أبو المرشد سليمان بن علي المعري (المتوفى: بعد 492هـ)	ShamAY	780	0.25853
		فتح المجيد شرح كتاب التوحيد - حطيبة	الشيخ الطبيب أحمد حطيبة	Sham19Y	36988	0.25853
		 الرحلة إلى مصر والسودان والحبشة 	 اولياء چلبي 	ABLibrary	9087	0.25853
		قوادح عقدية في بردة البوصيري	عبد العزيز بن محمد آل عبد اللطيف	ShamAY	35400	0.25852
		الإنسانُ بينَ الدَّيْنُونةِ للهِ والدَّيْنونةِ لغيرهِ	علي بن نايف الشحود	ShamAY	346	0.25851
		تبسيط العقائد الإسلامية	حسن محمد أيوب (المتوفى: 1429هـ)	ShamAY	913	0.25851
		معالم في السلوك وتزكية النفوس	عبد العزيز بن محمد بن علي آل عبد اللطيف	ShamAY	12073	0.2585
		فتح المجيد شرح كتاب التوحيد - حطيبة	الشيخ الطبيب أحمد حطيبة	ShamAY	39	0.2585
		بلاغ الرسالة القرآنية؛ من أجل إبصار لآيات الطريق	فريد الأنصاري المغربي (المتوفى: 1430 هـ)	ShamAY	32367	0.25848
		الفرقان في تفسير القرآن بالقرآن والسنّة [ج ١٦]	الشيخ محمد الصادقي	Rafed	3033	0.25846
		خطب مختارة	اختيار وكالة شئون المطبوعات والنشر بوزارة الشؤون الإسلامية والأوقاف والدعوة والإرشاد	ShamelaY19	30929	0.25845
		حملة الأوغاد على خير العباد	شحاتة محمد صقر	ShamelaY19	96720	0.25842
		الخرائج و الجرائح	قطب الدين سعيد بن هبة الله راوندي	Ghbook	2629	0.25842
		حوار مع المالكي في رد ضلالاته ومنكراته		ShamAY	35535	0.25841
		الدرة الغراء في نصيحة السلاطين والقضاة والأمراء	محمود بن إسماعيل بن إبراهيم بن ميكائيل الخَيْربَيْتي (المتوفى: 843هـ)	ShamAY	9683	0.2584
		مرآة الحرمين - الجزء1	إبراهيم رفعت باشا	Masaha	4126	0.25839
		زبدة التّفاسير [ج ٦]	فتح الله بن شكر الله الشريف الكاشاني	Rafed	1725	0.25839
		رمي الجمرات في ضوء الكتاب والسنة وآثار الصحابة رضي الله عنهم - مفهوم، وفوائد، وشروط، وآداب، ومسائل، وحكم، وأحكام	د. سعيد بن علي بن وهف القحطاني	Sham19Y	96484	0.25838
		شرح الطحاوية لناصر العقل	ناصر بن عبد الكريم العلي العقل	ShamAY	861	0.25837
		 فقه السياحة والسفر 	 السيد صادق الحسيني الشيرازي 	ABLibrary	9668	0.25837
		الخطابة - جامعة المدينة	مناهج جامعة المدينة العالمية	ShamelaY19	31513	0.25835
		قصص و عبر	آيت الله العظمي سيد محمد حسيني شيرازي	Ghbook	8081	0.25835
		الخصال الموجبة لدخول النار	علي بن نايف الشحود	ShamAY	34830	0.25832
		 سلسلة المسائل الفقهية 	 الشيخ السبحاني 	ABLibrary	9591	0.25832
		العواصم من الشيطان و صحيح الرقية الشرعية	الواحدي :: مصطفى العدوي	ShamAY	34896	0.25831
		العقد المنضد	زيد بن محمد المدخلي	ShamAY	32975	0.25831
		تفسير سورة الحجرات	عطية سالم	Sham19Y	7715	0.2583
		تفسير سورة الحجرات	عطية بن محمد سالم (المتوفى : 1420هـ)	ShamAY	7715	0.25828
		دعوة إلى السنة في تطبيق السنة منهجا وأسلوبا	عبد الله بن ضيف الله الرحيلي	ShamAY	11195	0.25827
		منتهي المطلب (ط - الحديثة)	حسن بن يوسف بن مطهر علامه حلي	Ghbook	11308	0.25827
		تفسير السراج المنير ـ موافق للمطبوع	محمد بن أحمد الشربيني, شمس الدين	ShamAY	34068	0.25826
		الميزان في تفسير القرآن [ج ١٩]	آية الله السيد محمد حسين الطباطبائي	Rafed	1452	0.25825
		مختصر المزني (مطبوع ملحقا بالأم للشافعي)	إسماعيل بن يحيى بن إسماعيل، أبو إبراهيم المزني (المتوفى: 264هـ)	ShamAY	1661	0.25824
		المولد	سمير بن خليل المالكي	ShamAY	36427	0.25824
		الطراز الأول والكناز لما عليه من لغة العرب المعول	السيد/ علي بن أحمد بن محمد معصوم الحسيني المعروف بـ ابن معصوم المدني ((ت 1120 هـ ق))	ShamAY	34694	0.25823
		فتاوى السبكي	أبو الحسن تقي الدين علي بن عبد الكافي السبكي (المتوفى: 756هـ)	ShamAY	11498	0.25822
		 الميزان الذرية المبينة لعقائد الفرق العلية 	 عبد الوهاب الشعراني 	ABLibrary	8835	0.25822
		النور والظلمات في ضوء الكتاب والسُّنَّة	د. سعيد بن علي بن وهف القحطاني	ShamAY	1827	0.25821
		سلافة العصر في محاسن الشعراء بكل مصر	علي بن أحمد بن محمد معصوم الحسني الحسيني، الشهير بابن معصوم (المتوفى: 1119هـ)	ShamAY	34642	0.25819
		النسخ عند الفخر الرازي	محمود محمد محمد الحنطور	ShamelaY19	38112	0.25818
		الفقه الواضح المسألة وأدلتها	عبد العزيز السعدون	ShamAY	36395	0.25818
		الإيمان بالقرآن الكريم والكتب السماوية	عَلي محمد محمد الصَّلاَّبي	ShamAY	25	0.25818
		رد البهتان عن إعراب آيات من القرآن الكريم	د يوسف بن خلف بن محل العيساوي	ShamelaY19	37174	0.25817
		المؤتمر العالمي لتوجيه الدعوة وإعداد الدعاة	-	ShamAY	8903	0.25817
		الفصل في الملل والأهواء والنحل	أبو محمد علي بن أحمد بن سعيد بن حزم الأندلسي القرطبي الظاهري (المتوفى: 456ه)	Sham19Y	6521	0.25817
		مسألة فيما إذا كان في العبد محبة لما هو خير وحق ومحمود في نفسه	تقي الدين أبو العباس أحمد بن عبد الحليم بن عبد السلام بن عبد الله بن أبي القاسم بن محمد ابن تيمية الحراني الحنبلي الدمشقي (المتوفى: 728ه)	ShamelaY19	22668	0.25816
		فصل في تزكية النفس [الطبعة الكاملة للرسالة]	شيخ الإسلام أبو العباس أحمد بن عبد الحليم ابن تيمية الحراني (661 - 728 ه)	ShamelaY19	133364	0.25816
		وبل الغمامة شرح عمدة الفقه لابن قدامة ( من كتاب الطهارة إلى كتاب الصيام )	د. عبد الله بن محمد بن أحمد الطيار	ShamAY	33185	0.25816
		قلائد العقيان	الفتح بن خاقان بن أحمد بن غرطوج، أبو محمد (المتوفى: 247ه)	Sham19Y	21510	0.25816
		أطفالنا وحب الإسلام	أماني زكريا الرمادي	ShamAY	35196	0.25814
		ندوة القضاء الشرعي في العصر الحاضر الواقع والمؤمول الفترة الواقعة بين 12 - 13 - 14 ربيع الأول 1427هـ.	مجموعة من العلماء والباحثين.	ShamAY	33168	0.25814
		اللمعات النيرة في شرح تكملة التبصرة - الجزء1	الآخوند الشيخ محمد كاظم الخراساني	Masaha	5061	0.25814
		ذكرى الشيعة في أحكام الشريعة - الجزء1	الشهيد الأول	Masaha	1102	0.25813
		سورة يوسف فوائد وفرائد	محمد بن خالد الخضير	ShamAY	33113	0.25812
		دليلك إلى أكثر من 350 كتاب مع الطبعات الحديثة	باسل الفوزان	ShamAY	37618	0.25812
		كيف نكون من الشاكرين	الواحدي	ShamAY	34931	0.25811
		حقوق اليتامى كما جاءت في سورة النساء	سليمان بن إبراهيم بن عبد الله اللاحم	ShamAY	32136	0.25811
		السِّياحة ُبينَ المفهومِ الإسلاميِّ والمفهومِ الجاهليِّ	الواحدي :: علي بن نايف الشحود	ShamAY	36093	0.25809
		تفسير أسماء الله الحسنى للسعدي	أبو عبد الله، عبد الرحمن بن ناصر بن عبد الله بن ناصر بن حمد آل سعدي (المتوفى: 1376هـ)	ShamAY	1771	0.25809
		كتاب الحج (للشيخ الأنصاري)	الشيخ مرتضى الأنصاري	Masaha	818	0.25809
		الخطاب القرآني لأهل الكتاب وموقفهم منه قديما وحديثا	هود محمد منصور قباص أبو راس	ShamelaY19	132385	0.25808
		الأنس بذكر الله	أبو العلاء محمد بن حسين بن يعقوب السلفي المصري	ShamelaY19	97958	0.25808
		الموسوعة القرآنية، خصائص السور	جعفر شرف الدين	ShamelaY19	21769	0.25804
		 إيضاح ترددات الشرائع 	 نجم الدين جعفر الحلي 	ABLibrary	9329	0.25804
		الاختيار لتعليل المختار - العلمية	عبد الله بن محمود بن مودود الموصلي الحنفي	ShamAY	34205	0.25803
		البحث الصريح في أيما هو الدين الصحيح	زيادة بن يحيى النصب الراسي (كان حيا: ق 11هـ)	ShamAY	7565	0.25802
		العبودية	تقي الدين أبو العباس أحمد بن عبد الحليم بن عبد السلام بن عبد الله بن أبي القاسم بن محمد ابن تيمية الحراني الحنبلي الدمشقي (المتوفى: 728ه)	ShamelaY19	22647	0.25801
		الغفلة - مفهومها، وخطرها، وعلاماتها، وأسبابها، وعلاجها	د. سعيد بن علي بن وهف القحطاني	ShamelaY19	96472	0.258
		 دليل الناسك 	 السيد محسن الحكيم 	ABLibrary	889	0.258
		معاني القرآن للفراء	أبو زكريا يحيى بن زياد بن عبد الله بن منظور الديلمي الفراء (المتوفى: 207ه)	ShamelaY19	23634	0.25799
		السيف الصنيع لرقاب منكري علم البديع	محمد رضا نجفي	Ghbook	12944	0.25799
		 مباني منهاج الصالحين 	 السيد تقي الطباطبائي القمي 	ABLibrary	9724	0.25798
		النصيحة الكافية لمن خصه الله بالعافية	شهاب الدين أبو العباس أحمد بن أحمد بن محمد بن عيسى البرنسي الفاسي، المعروف ب زروق (المتوفى: 899ه)	Sham19Y	258	0.25797
		عون الحنّان في شرح الأمثال في القرآن	الشيخ علي أحمد عبد العال الطهطاوي	Rafed	3960	0.25797
		الامام الصادق ( عليه السلام ) محيي السنه النبويه	مرتضي عسكري	Ghbook	4984	0.25797
		دروس في علوم القرآن	سيدنذير حسني	Ghbook	15060	0.25796
		القنوت في الوتر	الوليد بن عبد الرحمن بن محمد آل فريان	ShamAY	32131	0.25795
		الاختلاف في اللفظ والرد على الجهمية لابن قتيبة	أبو محمد عبد الله بن مسلم بن قتيبة الدينوري (المتوفى: 276ه)	Sham19Y	26460	0.25795
		 التمهيد لقواعد التوحيد 	 أبو الثناء محمود الماتريدي 	ABLibrary	8395	0.25795
		الحذر من السحر	د خالد بن عبد الرحمن بن علي الجريسي	ShamAY	7844	0.25793
		جماع العلم	الشافعي أبو عبد الله محمد بن إدريس بن العباس بن عثمان بن شافع بن عبد المطلب بن عبد مناف المطلبي القرشي المكي (المتوفى: 204هـ)	ShamAY	3197	0.25793
		فصل في تزكية النفس [الطبعة الكاملة للرسالة]	شيخ الإسلام أبو العباس أحمد بن عبد الحليم ابن تيمية الحراني (661 - 728 ه)	Sham19Y	133364	0.25786
		الايمان والكفر وآثارهما في الفرد والمجتمع	مركز الرسالة	Masaha	507	0.25786
		أثر دعوة الشيخ محمد بن عبد الوهاب في حركة عثمان بن فودي الإصلاحية في غرب أفريقيا (مطبوع ضمن بحوث ندوة دعوة الشيخ محمد بن عبد الوهاب)	مصطفى مسعد	ShamAY	7482	0.25785
		في ضيافة الرحمن	محمد مهدي آصفي	Ghbook	10934	0.25785
		معارج الوصول الي معرفه فضل آل الرسول و البتول ( عليهم الصلاه و السلام ) - الامام...	محمد بن يوسف زرندي	Ghbook	6249	0.25785
		شرح درة الغواص في أوهام الخواص (مطبوع ضمن «درة الغواص وشرحها وحواشيها وتكملتها»)	أحمد بن محمد الخفاجي المصري	ShamelaY19	29600	0.25784
		المشروع والممنوع في المسجد - فالح الصغير	فالح بن محمد بن فالح الصغير	ShamelaY19	31274	0.25784
		تتمة الحدائق الناضره في احكام العتره الطاهره	حسين آل عصفور	Ghbook	3496	0.25783
		الفصل في الملل والأهواء والنحل	أبو محمد علي بن أحمد بن سعيد بن حزم الأندلسي القرطبي الظاهري (المتوفى: 456هـ)	ShamAY	6521	0.25782
		أفعال الرسول صلى الله عليه وسلم ودلالتها على الأحكام الشرعية	محمد بن سليمان بن عبد الله الأشقر العتيبي (المتوفى: 1430ه)	ShamelaY19	31471	0.25781
		الخطاب الاستشراقي والقرآن الكريم التشريعات المالية في القرآن نموذجاً		ShamAY	36933	0.25781
		الديباج المُذَهَّب في مصطلح الحديث (مطبوع مع شرح منلا حنفي عليه)	يُنسب لعلي بن محمد بن علي الزين الشريف الجرجاني (المتوفى: 816هـ)	ShamAY	134	0.2578
		واجبنا تجاه القرآن و العتره	آيت الله العظمي حسيني	Ghbook	8038	0.2578
		العالم الفكري للامام الصادق عليه السلام	جعفر مهاجر	Ghbook	5006	0.25779
		القول المعتبر في بيان الإعجاز للحروف المقطعة من فواتح السور	إياس محمد حرب آل خطاب	ShamelaY19	37350	0.25778
		الإيمان والكفر وآثارهما على الفرد والمجتمع	الاستاذ عباس ذهيبات	Masaha	132	0.25777
		 رسائل ابن حزم الأندلسي 	 ابن حزم 	ABLibrary	8431	0.25776
		دراسة موضوعية للحائية ولمعة الاعتقاد والواسطية	عبد الرحيم بن صمايل العلياني السلمي	ShamelaY19	37795	0.25771
		الإيمان الكبير لابن تيمية - مشكول	ابن تيمية	ShamAY	35410	0.2577
		 دروس تمهيدية في الفقه الاستدلالي على المذهب الجعفري 	 الشيخ محمد باقر الإيرواني 	ABLibrary	9538	0.2577
		مناهل العرفان في علوم القرآن	محمد عبدالعظيم الزرقاني	ShamAY	34096	0.25768
		 مباني منهاج الصالحين 	 السيد تقي الطباطبائي القمي 	ABLibrary	9727	0.25768
		نور التقوى وظلمات المعاصي في ضوء الكتاب والسنة	د. سعيد بن علي بن وهف القحطاني	ShamelaY19	96537	0.25765
		تفسير الصّافي [ج ٤]	محمّد بن المرتضى [ الفيض الكاشاني ]	Rafed	3035	0.25765
		جماع العلم - ط العلمية	محمد بن إدريس الشافعي أبو عبد الله	ShamAY	33951	0.25763
		المعجزة الكبرى القرآن	محمد بن أحمد بن مصطفى بن أحمد المعروف بأبي زهرة (المتوفى: 1394هـ)	ShamAY	23137	0.25763
		التدبر في القرآن	محمد رضا حسيني شيرازي	Ghbook	7959	0.25761
		اشارات معرفيه في مناقب اميرالمومنين علي بن ابي طالب عليه السلام	محمد سلمان حجي	Ghbook	10925	0.25761
		صحيح القصص النبوي (من 1 - 50)	أبو إسحاق الحويني الأثري حجازي محمد شريف	ShamelaY19	96237	0.2576
		التأويل بين ضوابط الأصوليين وقراءات المعاصرين	إبراهيم محمد طه بويداين	ShamAY	35609	0.25759
		الصحيح من سيرة النبي الأعظم صلّى الله عليه وآله [ج ١٥]	السيد جعفر مرتضى العاملي	Rafed	2505	0.25759
		موسوعة تاريخ العراق بين احتلالين	عباس العزاوي	Ghbook	9239	0.25759
		التذكرة بأسباب المغفرة	الواحدي :: عبد الله آل جار الله	ShamAY	34956	0.25758
		بذل النصائح الشرعية فيما على السلطان وولاة الأمور وسائر الرعية	محب الدين أبو حامد محمد بن أحمد المقدسي الشافعي	ShamelaY19	36111	0.25757
		التفسير المنير [ج ٢٧]	الدكتور وهبة الزحيلي	Rafed	2975	0.25756
		المخصّص [ج ١٣]	أبي الحسن علي بن إسماعيل بن سيده المرسي [ ابن سيده ]	Rafed	3560	0.25754
		عودة الروح ويقظة الإيمان	مجدي الهلالي	ShamAY	282	0.25753
		المنفرجتان ((شعر ابن النحوي والغزالي))	زكريا بن محمد بن أحمد بن زكريا الأنصاري، زين الدين أبو يحيى السنيكي (المتوفى: 926هـ)	ShamAY	6167	0.25749
		مجلة الحقائق (الدمشقية)	عبد القادر الإسكندراني	Sham19Y	29676	0.25748
		المناظرة في أصول التشريع الإسلامي	المصطفى الوظيفي	ShamAY	37536	0.25746
		شبهات و ايضاحات حول اصول الفقه للشيعه الاماميه	آيت الله العظمي جعفر سبحاني	Ghbook	11231	0.25746
		حكم إخراج زكاة الفطر قيمة (نقدا)	د. محمود بن إبراهيم الخطيب	ShamAY	10159	0.25745
		مجموع الفتاوى	تقي الدين أبو العباس أحمد بن عبد الحليم بن تيمية الحراني (المتوفى: 728هـ)	ShamAY	7289	0.25743
		النبي صلي الله عليه وآله وسلم ومستقبل الدعوه	فارس الحسون	Ghbook	5285	0.25743
		المقنعة (للشيخ المفيد)	الشيخ المفيد	Masaha	989	0.25741
		أحمد عز الدين البيانوني الداعية المربي	د. عبد المجيد البيانوني	ShamAY	38599	0.2574
		مباحث في التفسير الموضوعي	مصطفى مسلم	ShamAY	7314	0.25739
		الدين العالمي ومنهج الدعوة إليه	عطية صقر	Sham19Y	95667	0.25739
		توجيه اللمع	أحمد بن الحسين بن الخباز	Sham19Y	18273	0.25738
		حاشية البجيرمي على الخطيب = تحفة الحبيب على شرح الخطيب	سليمان بن محمد بن عمر البجيرمي المصري الشافعي (المتوفى: 1221ه)	Sham19Y	21599	0.25736
		الهجرة النبوية - دراسة وتحليل-	محمد السيد الوكيل	ShamAY	8979	0.25734
		شرح لمعة الاعتقاد لخالد المصلح	خالد بن عبد الله بن محمد المصلح	ShamAY	7713	0.25733
		الامام الجواد ( عليه السلام ) الامامه المبكره ... و تداعيات الصراع العباسي	محمد علي الحلو	Ghbook	6499	0.25733
		حسن العشرة	فؤاد الشلهوب	ShamAY	34918	0.25732
		لمحات تاريخية من حياة ابن تيمية	صالح بن سعيد بن هلابي	ShamelaY19	23079	0.25731
		المواهب في تحرير احكام المكاسب	آيت الله العظمي جعفر سبحاني	Ghbook	9781	0.25731
		البرهان في وجوه البيان (نشر من قبل باسم نقد النثر لقدامة بن جعفر)	أبو الحسين إسحاق بن إبراهيم بن سليمان بن وهب الكاتب	ShamelaY19	20986	0.2573
		رسالة لشيخ الإسلام محمد بن عبد الوهاب يجيب فيها عن سؤال حول معنى لا إله إلا الله	محمد بن عبد الوهاب بن سليمان التميمي النجدي (المتوفى: 1206ه)	Sham19Y	30882	0.25729
		رحلتان إلى الحجاز ونجد	محمد بهجة البيطار ومحمد سعود العوري	Rafed	2616	0.25728
		 معرفة المعاد 	 السيد محمد حسين الطهراني 	ABLibrary	8877	0.25723
		مشاهدنا و قبور اهل البيت عليهم السلام مشاعر الهيه	محمد السند	Ghbook	15231	0.25723
		الجواب الفائق في الرد على مبدل الحقائق	ابن جبرين	ShamAY	35415	0.25722
		 عجائب المخلوقات وغرايب الموجودات 	 زكريا القزويني 	ABLibrary	9136	0.25721
		تحفة المجد الصريح في شرح كتاب الفصيح (السفر الأول)	شهاب الدين أحمد بن يوسف بن على بن يوسف اللبلي أبو جعفر الفهرى المقرى اللغوى المالكى (المتوفى: 691ه)	Sham19Y	13274	0.2572
		الخلاصة في أحكام صلاة الخوف	علي بن نايف الشحود	ShamAY	1620	0.25718
		رعاية المصلحة والحكمة في تشريع نبي الرحمة (صلى الله عليه وسلم)	محمد طاهر حكيم	Sham19Y	3898	0.25718
		 كتاب الجيم 	 أَبو عمرو الشيبانى الكوفي 	ABLibrary	7939	0.25718
		آداب النوم والاستيقاظ	محمد حسن يوسف	ShamAY	35148	0.25717
		أثر الاختلاف في القواعد الأصولية في اختلاف الفقهاء	محمد حسن عبد الغفار	ShamelaY19	37648	0.25715
		التعليق على رسالة حقيقة الصيام وكتاب الصيام من الفروع ومسائل مختارة منه	محمد بن صالح بن محمد العثيمين (المتوفى: 1421هـ)	ShamAY	12880	0.25715
		كيف يستفيد طالب العلم من كتب السنة	عبد الكريم بن عبد الله بن عبد الرحمن بن حمد الخضير	ShamAY	173	0.25714
		موسوعة أخلاق القرآن [ج ٥]	الدكتور أحمد الشرباصي	Rafed	3905	0.25713
		ما يجب أن يعرفه المسلم عن دينه	أبو عبد الرحمن عبد الله بن عبد الغني بن محمد خياط (المتوفى: 1415هـ)	ShamAY	30856	0.25712
		التفسير الوسيط للقرآن الكريم [ج ٤]	الدكتور محمد سيد طنطاوي	Rafed	3938	0.25711
		الفرقان في تفسير القرآن بالقرآن والسنّة [ج ٢٥]	الشيخ محمد الصادقي	Rafed	3050	0.25709
		دليل المحتاج شرح المنهاج للشيخ رجب المشوح- المعدلة	رجب مشوح	ShamAY	37369	0.25708
		الأمر بالمعروف والنهي عن المنكر لابن تيمية	تقي الدين أبو العباس أحمد بن عبد الحليم بن عبد السلام بن عبد الله بن أبي القاسم بن محمد ابن تيمية الحراني الحنبلي الدمشقي (المتوفى: 728ه)	ShamelaY19	30903	0.25707
		دفع إيهام الاضطراب عن آيات الكتاب	محمد الأمين بن محمد المختار بن عبد القادر الجكني الشنقيطي (المتوفى : 1393هـ)	ShamAY	18007	0.25707
		 مرشد المغترب 	 السيد محمد سعيد الحكيم 	ABLibrary	9617	0.25706
		ما يفعله الأطباء والداعون بدفع شر الطاعون - سلسلة لقاء العشر الأواخر بالمسجد الحرام (18)	مرعي بن يوسف بن أبى بكر بن أحمد الكرمى المقدسي الحنبلى (المتوفى: 1033 هـ)	ShamAY	32469	0.25703
		فقه الابتلاء, وأقدار الله المؤلمة	أبو فيصل البدراني	ShamAY	1740	0.25701
		جامع خطب عرفة لعبد العزيز آل الشيخ	عبد العزيز بن عبد الله بن محمد بن عبد اللطيف بن عبد الرحمن بن حسن بن الشيخ محمد بن عبد الوهاب	ShamelaY19	21761	0.25697
		معرفة المأمور به والمحذور في زيارة القبور	أبو محمد عبد الكريم بن صالح بن عبد الكريم الحميد	ShamelaY19	20687	0.25697
		كلمات و أفعال و معتقدات خاطئة	د. طلعت زهران	ShamAY	35578	0.25697
		الامام المهدي (عجل الله تعالي فرجه الشريف) قدوه و اسوه 	آيت الله العظمي سيد محمد تقي مدرسي	Ghbook	6587	0.25697
		البدع وأثرها في انحراف التصور الإسلامي	صالح سعد السحيمي	ShamelaY19	22823	0.25695
		التفسير القيم = تفسير القرآن الكريم لابن القيم	محمد بن أبي بكر بن أيوب بن سعد شمس الدين ابن قيم الجوزية (المتوفى: 751ه)	ShamelaY19	23606	0.25695
		قضاء الأرب في أسئلة حلب	أبو الحسن تقي الدين علي بن عبد الكافي السبكي (المتوفى: 756 ه)	ShamelaY19	18610	0.25694
		مجلة الحقائق (الدمشقية)	عبد القادر الإسكندراني	ShamAY	187	0.25694
		مجموعة رسائل في التوحيد والإيمان (مطبوع ضمن مؤلفات الشيخ محمد بن عبد الوهاب، الجزء الأول)	محمد بن عبد الوهاب بن سليمان التميمي النجدي (المتوفى: 1206هـ)	ShamAY	11381	0.25693
		الفواكه الدواني على رسالة ابن أبي زيد القيرواني	أحمد بن غانم (أو غنيم) بن سالم ابن مهنا، شهاب الدين النفراوي الأزهري المالكي (المتوفى: 1126ه)	ShamelaY19	21589	0.25692
		بيع العُربُون في ضوء الشريعة الإسلامية	أبو حسام الدين الطرفاوي	ShamAY	36257	0.25692
		الأخوة أيها الإخوة	أبو العلاء محمد بن حسين بن يعقوب السلفي المصري	ShamAY	31619	0.25692
		علل وأدوية	محمد الغزالي	ShamAY	33244	0.25689
		علم التفسير	عبدالمنعم احمد النمر	Ghbook	8748	0.25689
		قلائد العقيان	الفتح بن خاقان بن أحمد بن غرطوج، أبو محمد (المتوفى: 247هـ)	ShamAY	21510	0.25688
		نسيمات من عبق الروضة	أمل أحمد طعمة	ShamelaY19	97804	0.25685
		حاشية الوافي	الوحيد البهبهاني	Masaha	1518	0.25684
				ShamAY	32600	0.25682
		الأساس في التفسير	سعيد حوّى (المتوفى 1409 هـ)	ShamAY	32601	0.25682
		عاصمه الدوله العربيه في عهد العباسيين سامرا	احمد عبد الباقي	Ghbook	11364	0.25682
		رحلتان إلى الحجاز ونجد	محمد بهجة البيطار	Masaha	3970	0.25681
		تيسير الكريم الرحمن في تفسير كلام المنان	عبد الرحمن بن ناصر بن عبد الله السعدي (المتوفى: 1376هـ)	ShamAY	42	0.2568
		عقيدة الدروز عرض ونقض		ShamAY	35308	0.25678
		مرشد المغترب	السيد محمد سعيد الطباطبائي الحكيم	Masaha	597	0.25677
		الصحيح من سيرة النبي الأعظم صلّى الله عليه وآله [ج ١٤]	السيد جعفر مرتضى العاملي	Rafed	2504	0.25677
		جمهرة مقالات الأستاذ محمود محمد شاكر	محمود شاكر، أبو فهر	ShamelaY19	20641	0.25674
		الدرة البهية شرح القصيدة التائية في حل المشكلة القدرية	أبو عبد الله، عبد الرحمن بن ناصر بن عبد الله بن ناصر بن حمد آل سعدي (المتوفى: 1376ه)	Sham19Y	7614	0.25673
		الأرض المقدسة في ضوء الكتاب والسنة	أبو الأشبال حسن الزهيري آل مندوه المنصوري المصري	ShamelaY19	37611	0.25665
		الاصطلام في الخلاف بين الإمامين الشافعي وأبي حنيفة	أبو المظفر، منصور بن محمد بن عبد الجبار ابن أحمد المروزى السمعاني التميمي الحنفي ثم الشافعي (المتوفى: 489 هـ)	ShamAY	32371	0.25663
		أحاديث في الحب	سعود البارودي العتيبي	ShamAY	34979	0.25661
		التعليقات على الأصول الثلاثة - للنجمي		ShamAY	35473	0.25661
		مباني منهاج الصالحين	آيت الله العظمي سيد تقي طباطبايي قمي	Ghbook	9670	0.25661
		أين المخرج .. فالصخرة أغلقت الغار	مجدي الهلالي	ShamelaY19	36401	0.2566
		منظومات في سائر الفنون	مجموعة من المؤلفين	ShamAY	36168	0.2566
		أصول الدعوة إلى الله	عبد الرحمن بن عبد الخالق	ShamAY	33511	0.2566
		اسطوره التحريف: دراسه في مساله التحريف عندالشيعه والسنه	محمود شريفي	Ghbook	11229	0.2566
		صدقة التطوع في الإسلام - مفهوم, وفضائل، وآداب، وأنواع في ضوء الكتاب والسنة	د. سعيد بن علي بن وهف القحطاني	ShamelaY19	96498	0.25659
		تأصيل علم العقيدة - عبد الرحيم السلمي	عبد الرحيم بن صمايل العلياني السلمي	ShamAY	804	0.25659
		تدارك بقية العمر في تدبير سورة النصر	سليمان بن إبراهيم بن عبد الله اللاحم	ShamAY	10055	0.25659
		 حماة الوحي ( پاسداران وحى ) 	 الشيخ فاضل اللنكراني - شهاب الدين الاشراقي ( تعريب : عبد الرحيم الحمراني ) 	ABLibrary	8414	0.25659
		كتاب الحدود و التعزيرات	آيت الله العظمي محمد رحمتي سيرجاني	Ghbook	12792	0.25656
		شرح أصول السنة للإمام أحمد	عبد الله بن عبد الرحمن بن عبد الله بن إبراهيم بن فهد بن حمد بن جبرين (المتوفى: 1430هـ)	ShamAY	1114	0.25654
		رسائل وفتاوى الشيخ حمد بن ناصر بن عثمان بن معمر (مطبوع ضمن مجموعة الرسائل والمسائل النجدية، الجزء الثاني)	حمد بن ناصر بن عثمان بن معمر النجدي التميمي الحنبلي (المتوفى: 1225هـ)	ShamAY	11210	0.25654
		الإسلام وخرافة السيف		ShamAY	33284	0.25653
		الاختيارات الفقهية للشيخ عبيد الله المباركفوري كتاب الصيام والاعتكاف	موافقي الأمين	ShamelaY19	133371	0.25651
		صوفيات حجازية حقائق شاملة عن صوفية الحجاز		ShamAY	35397	0.25649
		حاشية البجيرمي على الخطيب = تحفة الحبيب على شرح الخطيب	سليمان بن محمد بن عمر البُجَيْرَمِيّ المصري الشافعي (المتوفى: 1221هـ)	ShamAY	21599	0.25649
		أسرار المحبين في رمضان	أبو العلاء محمد بن حسين بن يعقوب السلفي المصري	ShamAY	31774	0.25647
		سلافة العصر في محاسن الشعراء بكل مصر	صدر الدين المدني، علي بن أحمد بن محمد معصوم الحسني الحسيني، المعروف بعلي خان بن ميرزا أحمد، الشهير بابن معصوم (المتوفى: 1119هـ)	ShamAY	298	0.25647
		الشفاعة في الكتاب والسنّة	الشيخ جعفر السبحاني	Masaha	320	0.25646
		أسرار البلاغة فى علم البيان	أبو بكر عبد القاهر بن عبد الرحمن بن محمد الفارسي الأصل، الجرجاني الدار (المتوفى: 471 هـ)	ShamAY	32338	0.25645
		 تأويل الدعائم 	 القاضي النعمان المغربي 	ABLibrary	9315	0.25645
		حكم النصرة	لطف الله خوجه	ShamAY	36340	0.25644
		 الحاشية على أصول الكافي 	 السيد أحمد بن زين العابدين العلوي العاملي 	ABLibrary	7919	0.25641
		تفسير التّحرير والتّنوير [ج ٢١]	الشيخ محمّد الطاهر ابن عاشور	Rafed	2929	0.25641
		المصاحف المخطوطة في القرن الحادي عشر الهجري	د. عبد الرحمن بن سليمان المزيني	ShamAY	8552	0.2564
		الرحلة إلى مصر والسودان والحبشه [ج ١]	أوليا چلبي	Rafed	2308	0.25639
		إيضاح الغوامض في تقسيم الفرائض	الشيخ علي الغروي العلي ياري	Rafed	1290	0.25639
		 في رحاب أهل البيت ( ع ) 	 لجنة بحوث المجمع العالمي لأهل البيت ( ع ) 	ABLibrary	8539	0.25638
		الذهب المسبوك بما يجب على المرأة من السلوك	أبو أنس ماجد إسلام البنكاني :: ماجد البنكاني	ShamAY	36583	0.25636
		اللّباب في علوم الكتاب [ج ١٢]	أبي حفص عمر بن علي بن عادل الدمشقي الحنبلي	Rafed	3106	0.25636
		أبكار الأفكار في أصول الدين	علي بن محمد بن سالم التغلبي، أبو الحسن، سيف الدين الآمدي (المتوفى: 631 هـ)	ShamAY	33900	0.25635
		الرسول الأعظم صلّى الله عليه وآله وسلّم على لسان ريحانتيه الامام الحسن و الحسين عليهما السلام	السيّد محسن الحسيني الأميني	Rafed	2994	0.25635
		دراسات لأسلوب القرآن الكريم	محمد عبد الخالق عضيمة (ت 1404 هـ)	ShamAY	32702	0.25633
		التوكيد اللفظي أسلوبا بلاغيا .. دراسة في متن صحيح البخاري	محمود المشهداني	ShamAY	34546	0.25632
		كيف تحفظ القرآن الكريم	الدكتور راغب السرجاني	ShamAY	34926	0.25632
		فقه السياحه و السفر	آيت الله العظمي حسيني	Ghbook	7996	0.2563
		دين الحق	عبد الرحمن بن حماد آل عمر	ShamelaY19	30833	0.25629
		تعليقات الشيخ البراك على المخالفات العقدية في فتح الباري	عبد الرحمن بن ناصر البراك	ShamAY	32358	0.25629
		بلوغ الأمل في تقرير قاعدةالجزاء من جنس العمل	محمد شومان	ShamAY	37557	0.25625
		قرة العينين في شرح أحاديث مختارة من الصحيحين (100 حديث)	سليمان بن محمد اللهيميد :: سليمان اللهيميد	ShamAY	35995	0.25624
		الناشي الصغير وشعره في الغدير	الشيخ عبد الحسين الأميني النجفي	Masaha	434	0.25624
		الغيبة الصغرى والسفراء الاربعة	الشيخ فاضل المالكي	Masaha	367	0.25622
		المطالع البدرية في المنازل الرومية	محمد بن محمد بن محمد الغزي العامري الدمشقي، أبو البركات، بدر الدين ابن رضي الدين (المتوفى: 984ه)	ShamelaY19	37060	0.2562
		الإعجاز العلمي في القرآن د. حكمت الحريري- اليمن	د. حكمت الحريري	ShamAY	37004	0.25618
		 دليل تحرير الوسيلة ( أحكام الأسرة ) 	 علي أكبر السيفي المازندراني 	ABLibrary	9752	0.25617
		المنتخب في تفسير القرآن و النكت المستخرجه من كتاب التبيان	محمد بن حسن شيخ طوسي ( شيخ الطائفه )	Ghbook	15663	0.25616
		الضياء اللامع من الخطب الجوامع	محمد بن صالح بن محمد العثيمين (المتوفى: 1421ه)	ShamelaY19	30920	0.25615
		شرح ثلاثة الأصول للعثيمين	محمد بن صالح بن محمد العثيمين (المتوفى: 1421هـ)	ShamAY	11257	0.25615
		الإنصاف في التنبيه على الأسباب التي أوجبت الاختلاف بين المسلمين	أبو محمد عبد الله بن محمد بن السيد البطليوسي (المتوفى: 521هـ)	ShamAY	6350	0.25614
		تفسير التّحرير والتّنوير [ج ٢]	الشيخ محمّد الطاهر ابن عاشور	Rafed	2906	0.25614
		شرح المحرر في الحديث - عبد الكريم الخضير	عبد الكريم الخضير	ShamAY	117	0.25613
		شرح دعاء قنوت الوتر	محمد بن صالح بن محمد العثيمين (المتوفى: 1421ه)	Sham19Y	21815	0.25613
		الطراز المرقوم الطراز المرقوم بشرح الدر المنظوم	سليمان بن حسين بن محمد بن شلبي الجمزورى الشهير بالأفندى (المتوفى: بعد 1208ه)	Sham19Y	13659	0.25612
		لا تَحْسَبُوهُ شَرّاً لَكُمْ	فضيلة الشيخ عبد العزيز بن ناصر الجليل	ShamAY	35076	0.25611
		أخطاء يرتكبها بعض الحجاج	محمد بن صالح بن محمد العثيمين (المتوفى: 1421ه)	ShamelaY19	21792	0.25609
		وجاء دور المجوس - الأبعاد التاريخية والعقائدية والسياسية للثورة الإيرانية		ShamAY	35321	0.25609
		رسالة في إثبات الاستواء والفوقية ومسألة الحرف والصوت في القرآن المجيد	عبد الله بن يوسف بن محمد بن حيّويه الجويني، أبو محمد (المتوفى: 438هـ)	ShamAY	6475	0.25608
		الميزان في تفسير القرآن [ج ٨]	آية الله السيد محمد حسين الطباطبائي	Rafed	1437	0.25608
		الميزان في تفسير القرآن [ج ٢]	آية الله السيد محمد حسين الطباطبائي	Rafed	67	0.25608
		تفسير التّحرير والتّنوير [ج ١٦]	الشيخ محمّد الطاهر ابن عاشور	Rafed	2920	0.25606
		الحدائق الناضرة [ج ٣]	الشيخ يوسف بن أحمد البحراني [ صاحب الحدائق ]	Rafed	2780	0.25606
		البحر المحيط في أصول الفقه	أبو عبد الله بدر الدين محمد بن عبد الله بن بهادر الزركشي (المتوفى: 794ه)	ShamelaY19	21593	0.25605
		 صلاة الجمعة 	 السيد محمد حسين الطهراني 	ABLibrary	9443	0.25605
		الدعوة إلى الله فوائد وشواهد	عبد الملك بن محمد القاسم	ShamelaY19	95674	0.25599
		عون الحنان في شرح الأمثال في القرآن	على أحمد عبد العال الطهطاوى	ShamelaY19	38000	0.25599
		العقيدة الواسطية بتعليق ابن مانع	تقي الدين أبو العباس أحمد بن عبد الحليم بن عبد السلام بن عبد الله بن أبي القاسم بن محمد ابن تيمية الحراني الحنبلي الدمشقي (المتوفى: 728 هـ)	ShamAY	32553	0.25599
		أصول الدعوة - جامعة المدينة	مناهج جامعة المدينة العالمية	ShamAY	1653	0.25599
		شرح رسالة شيخ الإسلام محمد بن عبد الوهاب في شروط الصلاة وأركانها وواجباتها	عبد العزيز بن عبد الله بن باز (المتوفى: 1420ه)	ShamelaY19	37416	0.25598
		الكلمات البينات في قوله تعالى: {وبشر الذين آمنوا وعملوا الصالحات أن لهم جنات}	مرعي بن يوسف بن أبى بكر بن أحمد الكرمى المقدسي الحنبلى (المتوفى: 1033ه)	ShamelaY19	36076	0.25596
		منهج الاعتدال	الشيخ: عدنان بن محمد العرعور	ShamelaY19	147099	0.25595
		صفة الإرتباط بين العلماء في القديم	عبد الرحمن المعلمي اليماني	ShamAY	33455	0.25594
		صلاة التطوع - مفهوم، وفضائل، وأقسام، وأنواع، وآداب في ضوء الكتاب والسنة	د. سعيد بن علي بن وهف القحطاني	ShamelaY19	96500	0.25593
		تحفة المجد الصريح في شرح كتاب الفصيح (السفر الأول)	شهاب الدين أحْمَد بن يُوسُف بن على بن يُوسُف اللَّبْلِيُّ أَبُو جَعْفَر الفهرى المقرى اللغوى المالكى (المتوفى: 691هـ)	ShamAY	31773	0.25592
		حَدُّ الثَّوبِ وَالأُزْرَة وتَحْرِيمُ الإِسْبَالِ وَلِبَاس الشُّهْرَة	بكر أبو زيد	ShamAY	36244	0.25592
		الأساس في التفسير [ج ١٠]	سعيد حوّى	Rafed	3160	0.25592
		النظم الحبير في علوم القرآن وأصول التفسير	سعود الشريم	ShamAY	36808	0.25591
		عون الحنان في شرح الأمثال في القرآن	على أحمد عبد العال الطهطاوى	Sham19Y	38000	0.2559
		آية التطهير	السيد علي الحسيني الميلاني	Masaha	21	0.25589
		الصوارم الحداد القاطعة لعلائق أرباب الاتحاد	محمد بن علي بن محمد بن عبد الله الشوكاني اليمني (المتوفى: 1250هـ)	ShamAY	6519	0.25588
		حاجة البشر إلى الأمر بالمعروف والنّهي عن المنكر	ابن جبرين	ShamAY	36243	0.25587
		شرح الأربعين النووية للعثيمين	محمد بن صالح بن محمد العثيمين (المتوفى: 1421ه)	Sham19Y	21812	0.25587
		المنصوب على نزع الخافض في القرآن	إبراهيم بن سليمان البعيمي	Sham19Y	8953	0.25587
		اسس الحكومه الدينيه	علي محامد	Ghbook	16060	0.25586
		شرح لمعة الاعتقاد - ناصر العقل	ناصر بن عبد الكريم العلي العقل	ShamelaY19	37724	0.25585
		تفسير المراغي [ج ٥]	أحمد مصطفى المراغي	Rafed	1665	0.25585
		 الآلوسي والتشيع 	 السيد أمير محمد القزويني 	ABLibrary	8305	0.25584
		الكافي في الفقه	أبي الصّلاح تقيّ بن نجم الحلبي	Rafed	1312	0.25581
		الموسوعة الفقهية - الدرر السنية	مجموعة من المؤلفين	ShamelaY19	38056	0.2558
		الجواهر السليمانية على المنظومة البيقونية	أبو الحسن السليماني	ShamAY	37339	0.2558
		الأمة الوسط والمنهاج النبوي في الدعوة إلى الله	عبد الله بن عبد المحسن بن عبد الرحمن التركي	ShamelaY19	30910	0.25578
		مسألة فيما إذا كان في العبد محبة لما هو خير وحق ومحمود في نفسه	تقي الدين أبو العباس أحمد بن عبد الحليم بن عبد السلام بن عبد الله بن أبي القاسم بن محمد ابن تيمية الحراني الحنبلي الدمشقي (المتوفى: 728ه)	Sham19Y	22668	0.25578
		شرح القصائِد العشر	يحيى بن علي بن محمد الشيبانيّ التبريزي، أبو زكريا (المتوفى: 502هـ)	ShamAY	867	0.25577
		صورة الأرض	محمد بن حوقل البغدادي الموصلي، أبو القاسم (المتوفى: بعد 367ه)	Sham19Y	11780	0.25577
		المنصوب على نزع الخافض في القرآن	إبراهيم بن سليمان البعيمي	ShamAY	8953	0.25575
		المراه المسلمه والوصايا الاخيره	آيت الله العظمي سيد محمد حسيني شيرازي	Ghbook	7810	0.25575
		حكم استحلال أموال المشركين لمن دخل في أمانهم وعهده من المسلمين	عبد المنعم حليمة	ShamAY	36486	0.25571
		الأحاديث الأربعين النووية مع ما زاد عليها ابن رجب وعليها الشرح الموجز المفيد	عبد الله بن صالح المحسن	ShamAY	8713	0.25571
		(الحماسة المغربية) مختصر كتاب صفوة الأدب ونخبة ديوان العرب	أبو العباس أحمد بن عبد السلام الجراوي التادلي (المتوفى: 609ه)	Sham19Y	6902	0.25571
		دروس رمضان	الشيخ محمد إبراهيم الحمد	ShamAY	1959	0.2557
		صورة الأرض‏  - الجزء1	محمد بن حوقل	Masaha	4471	0.25569
		شرح الأربعين النووية للعثيمين	محمد بن صالح بن محمد العثيمين (المتوفى: 1421ه)	ShamelaY19	21812	0.25566
		ليلة القدر نفحات وبركات	محمد أحمد عبد الغني	ShamAY	34978	0.25566
		انوار الفقاهه - كتاب التجاره، المكاسب المحرمه	آيت الله العظمي ناصرمكارم شيرازي	Ghbook	9585	0.25566
		موعظة المؤمنين من إحياء علوم الدين	محمد جمال الدين بن محمد سعيد بن قاسم الحلاق القاسمي (المتوفى: 1332ه)	Sham19Y	22842	0.25565
		موقف ابن سينا من النبوة والأنبياء	صالح الرقب	ShamAY	35630	0.25564
		التعليق على شرح السنة للبربهاري - ناصر العقل	ناصر بن عبد الكريم العلي العقل	ShamAY	744	0.25564
		روضة المستبين في شرح كتاب التلقين	أبو محمد، وأبو فارس، عبد العزيز بن إبراهيم بن أحمد القرشي التميمي التونسي المعروف بابن بزيزة (المتوفى: 673 هـ)	ShamAY	32604	0.25563
		التربية الإسلامية أصولها وتطورها في البلاد العربية	محمد منير مرسي	ShamAY	7436	0.25563
		الأمثال من الكتاب والسنة	محمد بن علي بن الحسن بن بشر، أبو عبد الله، الحكيم الترمذي (المتوفى: نحو 320ه)	Sham19Y	6893	0.25563
		الأخبار الغريبة في ذكر ما وقع بطيبة الحبيبة	جعفر بن السيد حسين هاشم المدني	ShamAY	38438	0.25561
		سند العروة الوثقي (كتاب الصلاة)	محمد السند	Ghbook	15218	0.25561
		الكلمات البينات في قوله تعالى: {وبشر الذين آمنوا وعملوا الصالحات أن لهم جنات}	مرعي بن يوسف بن أبى بكر بن أحمد الكرمى المقدسي الحنبلى (المتوفى: 1033ه)	Sham19Y	36076	0.25559
		الأشباه والنظائر في النحو [ج ٤]	جلال الدين عبد الرحمن بن أبي بكر السيوطي	Rafed	2070	0.25559
		قصة موسى والخضر	أبو إسحاق الحويني الأثري حجازي محمد شريف	ShamAY	7690	0.25558
		البلغة الى أصول اللغة	أبو الطيب محمد صديق خان بن حسن بن علي ابن لطف الله الحسيني البخاري القِنَّوجي (المتوفى: 1307هـ)	ShamAY	217	0.25558
		الطريق إلى الإسلام	محمد بن إبراهيم بن أحمد الحمد	ShamAY	8382	0.25555
		دية المرأة في الشريعة الإسلامية	حسني محمد العطار	ShamAY	36708	0.25553
		مصباح الفقيه [ج ١١]	الشيخ آقا رضا الهمداني	Rafed	1874	0.25551
		تلقي النبي (ص) الفاظ القرآن	عبدالسلام مقبل مجيدي	Ghbook	4826	0.2555
		سيره الامام زين العابدين ( عليه السلام )	آيت الله العظمي حسيني	Ghbook	8045	0.25549
		تفسير البيضاوي = أنوار التنزيل وأسرار التأويل	ناصر الدين أبو سعيد عبد الله بن عمر بن محمد الشيرازي البيضاوي (المتوفى: 685ه)	ShamelaY19	23588	0.25548
		حكم الإسلام فيمن زعم أن القرآن متناقض	عبد العزيز بن عبد الله بن باز (المتوفى: 1420هـ)	ShamAY	10165	0.25546
		منهاج أهل السنة والجماعة في العقيدة والعمل	محمد بن صالح بن محمد العثيمين (المتوفى: 1421ه)	Sham19Y	12097	0.25546
		عون الحنان في شرح الأمثال في القرآن	على أحمد عبد العال الطهطاوى	ShamAY	1480	0.25544
		الغرة المنيفة في تحقيق بعض مسائل الإمام أبي حنيفة	عمر بن إسحق بن أحمد الهندي الغزنوي، سراج الدين، أبو حفص الحنفي (المتوفى: 773هـ)	ShamAY	7534	0.25543
		الحوار القرآني في ضوء سورة الأنعام "دراسة موضوعية "	أحمد بن محمد الشرقاوى	ShamAY	33135	0.25543
		فتوح الغيب في الكشف عن قناع الريب (حاشية الطيبي على الكشاف)	شرف الدين الحسين بن عبد الله الطيبي (المتوفى: 743 هـ)	ShamAY	38870	0.25541
		تأملات قرآنية - المغامسي	أبو هاشم صالح بن عواد بن صالح المغامسي	ShamelaY19	37454	0.2554
		 المرتقى إلى الفقه الأرقى ( كتاب الزكاة ) 	 السيد محمد الروحاني 	ABLibrary	9470	0.2554
		بحوث فقهية معاصرة	الشيخ بشير حسين النجفي	Masaha	5038	0.2554
		فوائد من خطبة الوداع	أبو الأشبال حسن الزهيري آل مندوه المنصوري المصري	ShamelaY19	37624	0.25539
		نصاب الاحتساب	عمر بن محمد بن عوض السنامي الحنفي (المتوفى: 734ه)	Sham19Y	9679	0.25539
		 موسوعة مصطلحات التصوف الإسلامي 	 رفيق العجم 	ABLibrary	8899	0.25539
		شرح كتاب أصول الإيمان لشيخ الإسلام محمد بن عبد الوهاب	صالح آل الشيخ	ShamAY	34732	0.25538
		فَتَّاوَى الإِمامِ النَّوَوَيِ المُسمَّاةِ: "بالمَسَائِل المنْثورَةِ"	أبو زكريا محيي الدين يحيى بن شرف النووي (المتوفى: 676هـ)	ShamAY	497	0.25538
		حكمة الإشراق إلى كتاب الآفاق (بذيله: تتمة في نقد الآثار المرفوعة عن الخط والكتابة.)	محمّد بن محمّد بن عبد الرزّاق الحسيني، أبو الفيض، الملقّب بمرتضى، الزَّبيدي (المتوفى: 1205هـ)	ShamAY	1560	0.25537
		غنية النزوع إلى علمي الأصول والفروع	حمزة بن علي الحسيني الحلبي	Masaha	707	0.25537
		العلاج والرقى	د خالد بن عبد الرحمن بن علي الجريسي	ShamAY	21519	0.25536
		كلمات في مناسبات	عبد الله بن ضيف الله الرحيلي	Sham19Y	11356	0.25536
		(الحماسة المغربية) مختصر كتاب صفوة الأدب ونخبة ديوان العرب	أبو العباس أحمد بن عبد السلام الجرّاوي التادلي (المتوفى: 609هـ)	ShamAY	6902	0.25535
		النّهاية [ج ٤]	مجد الدين أبي السعادات المبارك بن محمد الجزري [ ابن الأثير ]	Rafed	3549	0.25535
		إسعاف المؤمنين بنصرة خاتم المرسلين	الواحدي :: وسيم فتح الله	ShamAY	37416	0.25534
		الأثبات في مخطوطات الأئمة: شيخ الإسلام ابن تيمية، والعلامة ابن القيم، والحافظ ابن رجب	علي بن عبد العزيز بن علي الشبل	ShamAY	22654	0.25534
		أيسر التفاسير لأسعد حومد	أسعد حومد	ShamAY	1787	0.25533
		الموسوعة القرآنيّة خصائص السور [ج ٤]	الناشر: دار التقريب بين المذاهب الإسلامية	Rafed	3729	0.25533
		متعه النساء في الكتاب و السنه	آيت الله العظمي جعفر سبحاني	Ghbook	5066	0.25533
		شرح أسماء الله الحسنى في ضوء الكتاب والسنة	د. سعيد بن علي بن وهف القحطاني	ShamelaY19	96493	0.25532
		تفسير البيضاوي = أنوار التنزيل وأسرار التأويل	ناصر الدين أبو سعيد عبد الله بن عمر بن محمد الشيرازي البيضاوي (المتوفى: 685ه)	Sham19Y	23588	0.25531
		الخصائص [ج ١]	أبي الفتح عثمان بن جنّي	Rafed	2068	0.25531
		العمل الصالح (ويتقدمه رسم شجري لبعض مصطلحات الحديث)	سامي محمد	ShamAY	1162	0.2553
		تقرير الاستناد في تفسير الاجتهاد	عبد الرحمن بن أبي بكر، جلال الدين السيوطي (المتوفى: 911هـ)	ShamAY	6344	0.2553
		شرح الأربعين النووية للعثيمين	محمد بن صالح بن محمد العثيمين (المتوفى: 1421هـ)	ShamAY	21812	0.2553
		الاقبال بالاعمال الحسنه	سيد رضي الدين علي بن موسي بن طاووس ابن طاووس	Ghbook	2380	0.2553
		الرجعه	نجم الدين طبسي	Ghbook	6603	0.2553
		نيل المرام شرح آيات الأحكام		ShamAY	33124	0.25528
		أدب الخلاف - ياسر برهامي	الشيخ ياسر بن حسين برهامي	ShamAY	371	0.25527
		الفتح على أبي الفتح	محمد بن حَمَد بن محمد بن عبد الله بن محمود بن فُورَّجَة البروجردي (المتوفى: نحو 455هـ)	ShamAY	386	0.25526
		جمع المحصول في شرح رسالة ابن سعدي في الأصول	الواحدي :: عبد الله الفوزان	ShamAY	37546	0.25525
		إلى الإسلام من جديد	علي أبو الحسن بن عبد الحي بن فخر الدين الندوي (المتوفى: 1420هـ)	ShamAY	985	0.25524
		موقف الشيخ الغزالي من السنة النبوية	يوسف عبد الله القرضاوي	ShamAY	1724	0.25522
		حز الغلاصم في إفحام المخاصم عند جريان النظر في أحكام القدر	شيث بن إبراهيم بن محمد بن حيدرة، أبو الحسن القفطي، ضياء الدين المعروف بابن الحاج القناوي (المتوفى: 598هـ)	ShamAY	6550	0.25522
		الذكر الثمين	محمد بن صالح بن محمد العثيمين (المتوفى: 1421هـ)	ShamAY	21800	0.25522
		 معجم ما كتب عن الرسول ( ص ) وأهل بيته ( ع ) 	 عبد الجبار الرفاعي 	ABLibrary	7759	0.2552
		الواضح في مشكلات شعر المتنبي	عبد الله بن عبد الرحمن الأصفهاني، أبو القاسم (المتوفى: بعد 380هـ)	ShamAY	779	0.25516
		لئالي الاخبار	محمدنبي بن احمد تويسركاني	Ghbook	12165	0.25515
		جهود علماء الأزهر في بيان حقيقة دين الشيعة ((وقد نشر جزء منه بمجلة البيان تحت عنوان الأزهر والشيعة الوجه الآخر شقاق لا وفاق))	شحاتة محمد صقر	ShamelaY19	36173	0.25514
		 تاريخ منتظم ناصرى ( فارسى ) 	 محمد حسن خان اعتماد السلطنه 	ABLibrary	8069	0.25512
		نهج البلاغة [ج ٣]	محمد عبده	Rafed	1619	0.25512
		الرد علي موسي جار الله	علي بن محمد رضا بن هادي نجفي ( كاشف الغطاء )	Ghbook	11143	0.25512
		الإهتمام بالسيرة النبوية باللغة الروسية	إلمير بن روفائيل كولييف	ShamAY	7560	0.2551
		أصول الحكم على المبتدعة عند شيخ الإسلام ابن تيمية	د. أحمد بن عبد العزيز الحليبي	ShamAY	35716	0.25509
		معالم على طريق العفة	د عبد الله بن عبد الرحمن الوطبان	ShamelaY19	36541	0.25508
		شرح درة الغواص في أوهام الخواص (مطبوع ضمن «درة الغواص وشرحها وحواشيها وتكملتها»)	أحمد بن محمد الخفاجي المصري	ShamAY	38970	0.25507
		الخلاصة في فضائل الجهاد في سبيل الله	الواحدي :: علي بن نايف الشحود	ShamAY	36088	0.25506
		الأمثال من الكتاب والسنة	محمد بن علي بن الحسن بن بشر، أبو عبد الله، الحكيم الترمذي (المتوفى: نحو 320هـ)	ShamAY	6893	0.25506
		يحبهم ويحبونه	أروى عيسى المسملي	ShamAY	34952	0.25504
		موعظة المؤمنين من إحياء علوم الدين	محمد جمال الدين بن محمد سعيد بن قاسم الحلاق القاسمي (المتوفى: 1332هـ)	ShamAY	22842	0.25504
		بصائر ذوي التمييز في لطائف الكتاب العزيز	مجد الدين أبو طاهر محمد بن يعقوب الفيروزآبادى (المتوفى: 817هـ)	ShamAY	9856	0.25504
		إمتاع الفضلاء بتراجم القراء فيما بعد القرن الثامن الهجري	إلياس بن أحمد حسين - الشهير بالساعاتي - بن سليمان بن مقبول علي البرماوي	ShamelaY19	121374	0.25502
		لا تحزن	عائض بن عبد الله القرني	ShamAY	12729	0.25502
		الجديد في تفسير القرآن المجيد [ج ٢]	الشيخ محمّد السبزواري النجفي	Rafed	3700	0.25502
		شرح العقيدة الواسطية - عبد الكريم الخضير	عبد الكريم الخضير	ShamelaY19	25863	0.25501
		اللامع العزيزي شرح ديوان المتنبي	أبو العلاء أحمد بن عبد الله المعري (363 - 449 ه)	ShamelaY19	29591	0.255
		 منهاج الملة في بيان الوقت والقبلة 	 الشيخ علي الغروي 	ABLibrary	9397	0.255
		البحر المحيط في التّفسير [ج ٢]	محمّد بن يوسف [ أبي حيّان الأندلسي الغرناطي ]	Rafed	2416	0.255
		تفسير الصّافي [ج ٥]	محمّد بن المرتضى [ الفيض الكاشاني ]	Rafed	3040	0.255
		الفوائد المليّة  لشرح الرسالة النفليّة	زين الدين بن علي العاملي [ الشهيد الثاني ]	Rafed	1337	0.255
		النظرية اللسانية عند ابن حزم الأندلسي	د. نعمان بوقرة ـ الجزائر	ShamAY	37196	0.25499
		حملة الأوغاد على خير العباد	شحاتة محمد صقر	Sham19Y	96720	0.25498
		موسوعة أخلاق القرآن [ج ٢]	الدكتور أحمد الشرباصي	Rafed	3888	0.25496
		القواعد والفوائد [ج ١]	محمّد بن جمال الدّين مكّي العاملي الجزيني [ الشهيد الأول ]	Rafed	1374	0.25496
		نصاب الاحتساب	عمر بن محمد بن عوض السَّنَامي الحنفي (المتوفى: 734هـ)	ShamAY	9679	0.25495
		فقه الخلاف وأثره في القضاء على الإرهاب	د. يوسف بن عبد الله الشبيلي	ShamAY	1199	0.25494
		عقيدة أهل السنة والجماعة في الصحابة الكرام رضي الله عنهم وأرضاهم	عبد المحسن بن حمد بن عبد المحسن بن عبد الله بن حمد العباد البدر	ShamAY	11291	0.25492
		الاجتهاد و التقليد (الوافية في الأصول)	الفاضل التوني	Masaha	1253	0.25491
		الحكم الجديرة بالإذاعة من قول النبي صلى الله عليه وسلم بعثت بالسيف بين يدي الساعة	زين الدين عبد الرحمن بن أحمد بن رجب بن الحسن، السَلامي، البغدادي، ثم الدمشقي، الحنبلي (المتوفى: 795هـ)	ShamAY	26141	0.25488
		صورة الأرض	محمد بن حوقل البغدادي الموصلي، أبو القاسم (المتوفى: بعد 367هـ)	ShamAY	11780	0.25487
		تنبيه أبي الحسن إلى القول بالتي هي أحسن	ربيع بن هادي المدخلي	ShamAY	33035	0.25484
		نسيمات من عبق الروضة	أمل أحمد طعمة	ShamAY	2067	0.25484
		تراجم أحاديث الأبواب دراسة استقرائية في اللغة واصطلاح المحدثين من خلال صحيح البخاري	علي الزبن	ShamAY	34026	0.25484
		البرهان في علوم القرآن [ج ٤]	بدر الدين محمّد بن عبد الله الزّركشي	Rafed	2131	0.25483
		قم المقدسه رائده الحضاره	آيت الله العظمي سيد محمد حسيني شيرازي	Ghbook	7781	0.25483
		بذل النصح والتذكير لبقايا المفتونين بالتكفير والتفجير	الواحدي	ShamAY	35516	0.25482
		التحذير من البدع	عبد العزيز بن عبد الله بن باز (المتوفى: 1420هـ)	ShamAY	30917	0.25481
		من فقه الأقليات المسلمة (كتاب الأمة)	خالد محمد عبد القادر	ShamAY	36322	0.25481
		 نظام الطلاق في الشريعة الإسلامية الغراء 	 الشيخ السبحاني 	ABLibrary	9600	0.25479
		ذريعه النجاه - التاريخ الكامل لواقعه كربلا	محمد رفيع گرمرودي تبريزي	Ghbook	5960	0.25479
		أياما معدودات	مجدي الهلالي	ShamelaY19	36400	0.25478
		النبأ العظيم نظرات جديدة في القرآن الكريم	محمد بن عبد الله دراز (المتوفى : 1377هـ)	ShamAY	18795	0.25478
		 كامل الصناعتين في البيطرة والزردقة ( الناصري ) 	 أبي بكر بن بدر الدين البيطار 	ABLibrary	9936	0.25475
		المفاهيم الصحيحة للجهاد في سبيل الله تعالى في ضوء الكتاب والسنة	د. سعيد بن علي بن وهف القحطاني	ShamAY	1826	0.25471
		الانتصار لأصحاب الحديث	أبو المظفر، منصور بن محمد بن عبد الجبار ابن أحمد المروزى السمعاني التميمي الحنفي ثم الشافعي (المتوفى: 489هـ)	ShamAY	5727	0.25468
		الشيعة قادمون	جمال بدوي	ShamAY	35673	0.25468
		الدعاء بالأسماء الحسنى	الواحدي :: محمود عبد الرازق رضواني	ShamAY	34969	0.25468
		تفسير من وحي القرآن [ج ٢١]	السيد محمد حسين فضل الله	Rafed	3286	0.25468
		كتاب الشهادات	آيت الله علي حسيني ميلاني	Ghbook	10193	0.25468
		النظم البلاغي بين النظرية والتطبيق	حسن بن إسماعيل بن حسن بن عبد الرازق الجناجي رئيس قسم البلاغة بجامعة الأزهر (المتوفى: 1429 ه)	ShamelaY19	151013	0.25466
		التوبة إلى الله - معناها، حقيقتها، فضلها، شروطها	أ. د صالح بن غانم بن عبد الله بن سليمان بن علي السدلان	ShamelaY19	36503	0.25465
		التّفسير الحديث [ج ٨]	محمّد عزّة دروزة	Rafed	3761	0.25465
		الأثر المحمود لقهر ذوي العهود الجحود	الشرنبلالي	ShamAY	36170	0.25463
		تفسير البيضاوي = أنوار التنزيل وأسرار التأويل	ناصر الدين أبو سعيد عبد الله بن عمر بن محمد الشيرازي البيضاوي (المتوفى: 685هـ)	ShamAY	23588	0.25463
		تفسير المراغي [ج ٢٤]	أحمد مصطفى المراغي	Rafed	1696	0.25463
		قصة البشرية	محمد إبراهيم الحمد :: محمد بن إبراهيم الحمد	ShamAY	1979	0.25461
		كلمة الإخلاص وتحقيق معناها	زين الدين عبد الرحمن بن أحمد بن رجب بن الحسن، السَلامي، البغدادي، ثم الدمشقي، الحنبلي (المتوفى: 795هـ)	ShamAY	6490	0.2546
		ذكر وتذكير	أ. د صالح بن غانم بن عبد الله بن سليمان بن علي السدلان	Sham19Y	8150	0.25459
		النسخ عند الفخر الرازي	محمود محمد محمد الحنطور	Sham19Y	38112	0.25459
		حديث محمد بن بشار بندار عن شيوخه	أبو يعلى أحمد بن علي بن المثنى بن يحيى بن عيسى بن هلال التميمي، الموصلي (المتوفى: 307ه)	ShamelaY19	26576	0.25458
		مباهج الزواج في ضوء البيان القرآني	الواحدي	ShamAY	36902	0.25458
		المنهج الفقهي للإمام اللكنوي	الدكتور صلاح محمد أبو الحاج	ShamAY	35782	0.25458
		سفر السعادة وسفير الإفادة	علي بن محمد بن عبد الصمد الهمداني المصري الشافعي، أبو الحسن، علم الدين السخاوي (المتوفى: 643 هـ)	ShamAY	32545	0.25457
		عيار الشعر	محمد بن أحمد بن محمد بن أحمد بن إبراهيم طباطبا، الحسني العلوي، أبو الحسن (المتوفى: 322ه)	Sham19Y	6911	0.25455
		كتاب الأفعال [ج ٢]	أبي عثمان سعيد بن محمد المعافري السرقسطي	Rafed	2681	0.25454
		التفسير المنير [ج ١٤]	الدكتور وهبة الزحيلي	Rafed	2957	0.25454
		 منتقد المنافع في شرح المختصر النافع 	 ملا حبيب الله الشريف الكاشاني 	ABLibrary	9406	0.25453
		 كتاب المعرفة 	 ابن عربي 	ABLibrary	8738	0.25452
		 جواهر الكلام في ثوبه الجديد 	 الشيخ الجواهري 	ABLibrary	9368	0.25452
		أخطاء في أدب المحادثة والمجالسة	محمد بن إبراهيم الحمد	ShamAY	35187	0.25451
		إشارات على الطريق	علي القرني	ShamAY	35045	0.25451
		إعجاز القرآن والبلاغة النبوية للرافعي	مصطفى صادق بن عبد الرزاق بن سعيد بن أحمد بن عبد القادر الرافعي (المتوفى: 1356هـ)	ShamAY	8506	0.2545
		الرحلة إلى مصر والسودان والحبشة  - الجزء1	أوليا الشلبي	Masaha	4411	0.2545
		اللّباب في علوم الكتاب [ج ١٧]	أبي حفص عمر بن علي بن عادل الدمشقي الحنبلي	Rafed	3119	0.25449
		تطهير الجنان - القواعد الأربع - منهج السالكين	أحمد بن حجر آل بن علي - محمد بن سليمان التميمي - عبد الرحمن بن ناصر بن سعدي	ShamelaY19	31239	0.25448
		من غاب عنه المطرب	عبد الملك بن محمد بن إسماعيل أبو منصور الثعالبي (المتوفى: 429 ه)	ShamelaY19	28115	0.25448
		التحقيق والإيضاح لكثير من مسائل الحج والعمرة والزيارة على ضوء الكتاب	عبد العزيز بن عبد الله بن باز (المتوفى: 1420ه)	ShamelaY19	31235	0.25447
		المكي والمدني	محمد شفاعت رباني	ShamAY	5330	0.25447
		طبّ الإمام الصادق عليه السلام	محمّد الخليلي	Rafed	74	0.25447
		دروس وعبر من صحيح القصص النبوي	شحاتة محمد صقر	ShamelaY19	36156	0.25445
		فتنه الوهابيه	احمد زيني دحلان ( مفتي مكه )	Ghbook	7680	0.25443
		إنه القرآن سر نهضتنا - كيف يمكن للقرآن أن ينهض بالأمة؟	مجدي الهلالي	ShamelaY19	36399	0.25442
		مذكرة في أصول الفقه	محمد الأمين بن محمد المختار بن عبد القادر الجكني الشنقيطي (المتوفى: 1393هـ)	ShamAY	9885	0.25442
		تحفة الإخوان بأجوبة مهمة تتعلق بأركان الإسلام	عبد العزيز بن عبد الله بن باز (المتوفى: 1420هـ)	ShamAY	31252	0.25442
		دروس الشيخ عمر الأشقر	عمر بن سليمان بن عبد الله الأشقر العتيبي	ShamAY	853	0.25441
		 وقايع السنين والاعوام ( يا گزارشهاى ساليانه از ابتداى خلقت تا سال 1195 هجرى ) ( فارسى ) 	 سيد عبد الحسين الحسينى خاتون آبادى 	ABLibrary	8299	0.2544
		تذكرة الفقهاء - الجزء1	العلامة الحلي	Masaha	732	0.2544
		بلاغ عاشورا	جواد محدثي	Ghbook	9549	0.2544
		عناية المسلمين بإبراز وجوه الإعجاز في القرآن الكريم - حسن عبد الفتاح أحمد	حسن عبد الفتاح أحمد	Sham19Y	11308	0.25439
		الغاره علي بيت الوحي	گروه معارف و تحقيقات اسلامي	Ghbook	3292	0.25438
		خصائص النظم في «خصائص العربية» لأبي الفتح عثمان بن جني	حسن بن إسماعيل بن حسن بن عبد الرازق الجناجي رئيس قسم البلاغة بجامعة الأزهر (المتوفى: 1429 ه)	ShamelaY19	151015	0.25437
		خادم الامام الحسين عليه السلام شريك الملائكه	علي الفتلاوي	Ghbook	12289	0.25436
		تفسير الأحلام = منتخب الكلام في تفسير الأحلام (مطبوع بهامش تعطير الأنام في تعبير المنام للنابلسي)	ينسب لمحمد بن سيرين (المتوفى: 110ه) ولا تصح نسبته له	ShamelaY19	21615	0.25433
		مقامات بديع الزمان الهمذاني	أبو الفضل أحمد بن الحسين بن يحيى بديع الزمان الهمذاني (المتوفى: 398هـ)	ShamAY	28113	0.25433
		بحوث ومقالات حول الثورة السورية ((نصائح وتوجيهات على الطريق)) من 15/ 3/2011 م- حتى 14/ 1/2012م	علي بن نايف الشحود	ShamAY	1616	0.25433
		تحريم حلق اللحى - وجوب إعفاء اللحية وتحريم حلقها وتقصيرها	عبد الرحمن بن محمد بن قاسم العاصمي الحنبلي النجدي (المتوفى: 1392ه) - عبد العزيز بن عبد الله بن باز (المتوفى: 1420ه)	Sham19Y	31251	0.25433
		الخلاف أسبابه وآدابه	عائض بن عبد الله القرني	ShamAY	2028	0.25431
		أبو البقاء العُكْبَرِيّ صرفيّاً	مجيد الزاملي	ShamAY	37090	0.25431
		تفسير المراغي [ج ٣]	أحمد مصطفى المراغي	Rafed	1660	0.2543
		صلاه التراويح	المجمع العالمي لاهل البيت عليهم السلام	Ghbook	7669	0.2543
		التحف الربانية في جواب الأسئلة اللمدانية	يحيى بن محمد بن محمد بن عبد الله، أبو زكرياء الشاوي الملياني الجزائري المالكي (المتوفى: 1096ه)	ShamelaY19	36572	0.25429
		الاعجاز و التحدي في القرآن الكريم 	محمد حسين طباطبايي	Ghbook	2828	0.25428
		زهرة التفاسير	محمد بن أحمد بن مصطفى بن أحمد المعروف بأبي زهرة (المتوفى: 1394ه)	ShamelaY19	37071	0.25426
		مختصر تسهيل العقيدة الإسلامية	عبد الله بن عبد العزيز بن حمادة الجبرين	ShamAY	11384	0.25425
		التفسير المنير [ج ٢٠]	الدكتور وهبة الزحيلي	Rafed	2965	0.25425
		 رحلة بنيامين التطيلى 	 بنيامين التطيلي 	ABLibrary	9090	0.25423
		غيبه الامام المهدي عند الامام الصادق ( عليهما السلام )	ثامر هاشم عميدي	Ghbook	6612	0.25423
		 تفسير كتاب دياسقوريدوس 	 ابن البيطار 	ABLibrary	9890	0.25421
		 سيد المرسلين 	 الشيخ السبحاني 	ABLibrary	7634	0.25421
		شرح كتاب الإيمان الأوسط لابن تيمية - الراجحي	عبد العزيز بن عبد الله بن عبد الرحمن الراجحي	ShamAY	37	0.2542
		غاية المرام في شرح شرائع الإسلام [ج ١]	الشيخ مفلح الصّيمري البحراني	Rafed	1490	0.25417
		غاية المرام في شرح شرائع الإسلام - الجزء1	المفلح بن حسن الصيمري	Masaha	1116	0.25416
		 لطائف الأعلام في إشارات أهل الإلهام 	 عبد الرزاق الكاشاني ( القاشاني ) 	ABLibrary	8795	0.25414
		مقامات الحريري ـ الكتب اللبناني	الحريري	ShamAY	33787	0.25413
		الإكليل في المتشابه والتأويل	تقي الدين أبو العباس أحمد بن عبد الحليم بن عبد السلام بن عبد الله بن أبي القاسم بن محمد ابن تيمية الحراني الحنبلي الدمشقي (المتوفى: 728ه)	Sham19Y	9220	0.25413
		الأساس في التفسير [ج ١]	سعيد حوّى	Rafed	3117	0.25412
		أحكام الهجر والهجرة في الإسلام	أبو فيصل البدراني	ShamAY	1713	0.2541
		روح المعاني في تفسير القرآن العظيم والسبع المثاني	محمود الألوسي أبو الفضل	ShamAY	34055	0.2541
		تفسير البيان [ج ٢]	السيّد محمّد حسين الطباطبائي	Rafed	3766	0.2541
		عاشوراء و العوده الي الاسلام	آيت الله العظمي سيد محمد حسيني شيرازي	Ghbook	7758	0.2541
		حَاشِيةُ اللبَّدِي على نَيْل المَآرِبِ	عبد الغني بن ياسين بن محمود بن ياسين بن طه بن أحمد اللَّبَدي النابلسي الحنبلي (المتوفى: 1319هـ)	ShamAY	2070	0.25409
		التعليقات الحسان على الفرقان - صالح آل الشيخ	صالح آل الشيخ	ShamAY	34731	0.25407
		ثنتان وسبعون في النار وواحدة في الجنة		ShamAY	35625	0.25407
		اختلاف أبي حَنيفة وابن أبي ليلى	أبو يوسف يعقوب بن إبراهيم بن حبيب بن سعد بن حبتة الأنصاري (المتوفى: 182هـ)	ShamAY	1946	0.25406
		شرح أصول اعتقاد أهل السنة للالكائي - محمد حسن عبد الغفار	محمد حسن عبد الغفار	ShamelaY19	37435	0.25405
		البدع وأثرها في انحراف التصور الإسلامي	صالح سعد السحيمي	ShamAY	22823	0.25405
		اسطورة التحريف	محمود الشريفي	Rafed	1299	0.25402
		كشف الجاني محمد التيجاني	عثمان بن محمد آل خميس الناصري أبو محمد التميمي	ShamAY	35569	0.254
		الزاهر في غريب ألفاظ الشافعي - الكويت	محمد بن أحمد بن الأزهر الأزهري الهروي أبو منصور	ShamAY	34678	0.25399
		رد البهتان عن إعراب آيات من القرآن الكريم	د يوسف بن خلف بن محل العيساوي	Sham19Y	37174	0.25399
		التقديم والتأخير في صحيح البخاري .. دراسة بلاغية	رملة الناصري	ShamAY	34545	0.25397
		التفسير المنير [ج ١٩]	الدكتور وهبة الزحيلي	Rafed	2964	0.25397
		بريقة محمودية في شرح طريقة محمدية وشريعة نبوية في سيرة أحمدية	محمد بن محمد بن مصطفى بن عثمان، أبو سعيد الخادمى الحنفي (المتوفى: 1156ه)	ShamelaY19	21654	0.25396
		 نشأة المدينة العربية الإسلامية " الكوفة " 	 هشام جعيط 	ABLibrary	9295	0.25395
		 الإمامة وأهل البيت ( ع ) النظرية والإستدلال 	 السيد محمد باقر الحكيم 	ABLibrary	8348	0.25394
		من مجلة التراث العربي	مجموعة من المؤلفين	ShamAY	37218	0.25393
		 ذخائر الأعلاق شرح ترجمان الأشواق 	 ابن عربي 	ABLibrary	8736	0.25393
		التفسير الواضح [ج ١]	دكتور محمّد محمود حجازي	Rafed	3987	0.25393
		 المعجم الجغرافي للبلاد العربية السعودية 	 حمد الجاسر 	ABLibrary	9210	0.25391
		الرجعه او العوده الي الحيات الدنيا بعد الموت	مركز رساله	Ghbook	6604	0.25391
		الألفاظ المعبرة عن الكلام في التعبير القراني - دراسة دلالية		ShamAY	36970	0.2539
		تفسير التّحرير والتّنوير [ج ٢٣]	الشيخ محمّد الطاهر ابن عاشور	Rafed	2932	0.2539
		جواب في الإيمان ونواقضه	عبد الرحمن بن ناصر البراك	ShamAY	37975	0.25388
		الانوار الباهره بفضائل اهل البيت النبوي و الذريه الطاهره ( الامام الحسن بن علي ع...	عبدالله بن عبدالقادر تليدي مغربي	Ghbook	6093	0.25388
		المدائح النبوية حتى نهاية العصر الملوكي	د محمود سالم محمد	ShamelaY19	23671	0.25386
		من خطي الاولياء	آيت الله العظمي سيد محمد حسيني شيرازي	Ghbook	7837	0.25386
		أياما معدودات	مجدي الهلالي	ShamAY	272	0.25384
		فقه القرآن [ج ١]	قطب الدين سعيد بن هبة الله الراوندي [ قطب الدين الراوندي ]	Rafed	1287	0.25382
		70 مقالة عن المرأة	مجموعة من المؤلفين	ShamAY	36571	0.25381
		 الكتاب التذكاري ( محيي الدين بن عربي في الذكرى المئوية الثامنة ) 	 مجموعة مؤلفين 	ABLibrary	8903	0.25381
		الشافي في العقائد و الأخلاق و الأحكام - الجزء1	الفيض الكاشاني	Masaha	1257	0.25379
		لماذا يمزق القرآن الكريم؟؟	علي بن نايف الشحود	ShamAY	33273	0.25377
		شرح باب توحيد الربوبية من فتاوى ابن تيمية	ناصر بن عبد الكريم العلي العقل	ShamelaY19	37722	0.25376
		انحرافات القبوريين ... الداء الدواء	د. عبد العزيز بن محمد آل عبد اللطيف	ShamAY	35394	0.25376
		 الدروس الشرعية في فقه الإمامية 	 الشهيد الأول 	ABLibrary	983	0.25375
		شمائل الرسول صلى الله عليه وآله وسلم	أحمد بن عبد الفتاح زواوى	ShamAY	23646	0.25374
		جواهر الأدب في أدبيات وإنشاء لغة العرب	أحمد بن إبراهيم بن مصطفى الهاشمي (المتوفى: 1362ه)	ShamelaY19	21505	0.25373
		كشف لثام الابهام في شرح قواعد احكام	محمد بن حسن فاضل هندي	Ghbook	10765	0.25371
		 الإسلام والتناسخ 	 السيد حسين يوسف مكي العاملي 	ABLibrary	8330	0.2537
		تفسير أبي السّعود [ج ٤]	أبي السعود محمّد بن محمّد العمادي	Rafed	3236	0.2537
		اعداد الاجيال	آيت الله العظمي سيد محمد حسيني شيرازي	Ghbook	8074	0.2537
		أم المؤمنين حفصة بنت عمر بن الخطاب	خالد الحمودي	ShamelaY19	36386	0.25369
		القدوة مبادئ ونماذج	د صالح بن عبد الله بن حميد	ShamelaY19	30907	0.25368
		أثر الاختلاف في القواعد الأصولية في اختلاف الفقهاء	محمد حسن عبد الغفار	ShamAY	706	0.25368
		تحذير أهل الأيمان عن الحكم بغير ما أنزل الرحمن	أبو هبة الله إسماعيل بن إبراهيم الخطيب الحسني الإسعردي الأزهري السلفي	ShamAY	10046	0.25367
		نقض أصول العقلانيين	سليمان بن صالح الخراشي	ShamAY	3935	0.25367
		إيضاح تردّدات الشرائع [ج ١]	نجم الدين جعفر بن الزهدري الحلي	Rafed	1323	0.25366
		أثر الاختلاف في القواعد الأصولية في اختلاف الفقهاء	محمد حسن عبد الغفار	Sham19Y	37648	0.25365
		يوم في بيت الرسول	عبد الملك القاسم	ShamAY	37414	0.25364
		تحليل العروة	راضي بن محمد حسين التبريزي	Masaha	2729	0.25364
		تفسير التّحرير والتّنوير [ج ٢٤]	الشيخ محمّد الطاهر ابن عاشور	Rafed	2933	0.25364
		كيف تحافظ على صلاة الفجر	د.راغب السرجاني	ShamAY	34924	0.25363
		كلمات في مناسبات	عبد الله بن ضيف الله الرحيلي	ShamAY	11356	0.2536
		شرح كشف الشبهات ويليه شرح الأصول الستة	محمد بن صالح بن محمد العثيمين (المتوفى: 1421هـ)	ShamAY	9923	0.25358
		حاشية اللبدي على نيل المآرب	عبد الغني بن ياسين بن محمود بن ياسين بن طه بن أحمد اللبدي النابلسي الحنبلي (المتوفى: 1319ه)	Sham19Y	97809	0.25358
		المفصل في أحكام الربا	الواحدي :: علي بن نايف الشحود	ShamAY	36096	0.25357
		براءه الشيعه من مفتريات الوهابيه	محمد رضا حسيني اميني	Ghbook	7614	0.25356
		المخصّص [ج ٤]	أبي الحسن علي بن إسماعيل بن سيده المرسي [ ابن سيده ]	Rafed	3546	0.25355
		عناية المسلمين بإبراز وجوه الإعجاز في القرآن الكريم - حسن عبد الفتاح أحمد	حسن عبد الفتاح أحمد	ShamAY	11308	0.25354
		الكلمات النيرات في شرح الورقات	مشهور آل سلمان	ShamAY	37530	0.25354
		من مكارم الاخلاق	آيت الله العظمي سيد محمد حسيني شيرازي	Ghbook	7844	0.25354
		رسالة المسترشدين	الحارث بن أسد المحاسبي، أبو عبد الله (المتوفى: 243ه)	Sham19Y	6871	0.25351
		خالد وحيدر حوار هادئ و مثمر	عبد الله عبد الرحمن الراشد	ShamAY	35680	0.2535
		الافق او الافاق	آيت الله العظمي حسينعلي منتظري	Ghbook	9802	0.25349
		إمتاَعُ الفُضَلاء بتَراجِم القرّاء فِيما بَعدَ القَرن الثامِن الهِجري	إلياس بن أحمد حسين - الشهير بالساعاتي - بن سليمان بن مقبول علي البرماوي	ShamAY	31681	0.25348
		عدة رسائل في مسائل فقهية (مطبوع ضمن مجموعة الرسائل والمسائل النجدية، الجزء الثاني)	حمد بن ناصر بن عثمان بن معمر النجدي التميمي الحنبلي (المتوفى: 1225هـ)	ShamAY	11276	0.25348
		فوائد من خطبة الوداع	أبو الأشبال حسن الزهيري آل مندوه المنصوري المصري	Sham19Y	37624	0.25348
		فضل المدينة وآداب سكناها وزيارتها	عبد المحسن بن حمد بن عبد المحسن بن عبد الله بن حمد العباد البدر	ShamAY	11232	0.25343
		 فقه الحدود والتعزيرات 	 السيد عبد الكريم الموسوي الاردبيلي 	ABLibrary	9534	0.25343
		نهج البيان عن كشف معاني القرآن [ج ٣]	محمّد بن الحسن الشيباني	Rafed	1632	0.25343
		شرح مراقي السعود المسمى نثر الورود - ط عالم الفوائد	محمد الأمين بن محمد المختار بن عبد القادر الجكني الشنقيطي (المتوفى: 1393هـ)	ShamAY	38383	0.25342
		فصل المقال في إمامة النساء للرجال	الواحدي :: أحمد بن محمد الشرقاوى	ShamAY	36500	0.2534
		الخلاصة في تدبر القرآن الكريم	د/ خالد بن عثمان السبت	Sham19Y	133374	0.25339
		فقه القرآن - الجزء1	القطب الراوندي	Masaha	708	0.25339
		بحوث في الفقه المعاصر [ج ١]	الشيخ حسن الجواهري	Rafed	156	0.25339
		تفسير من وحي القرآن [ج ٦]	السيد محمد حسين فضل الله	Rafed	3265	0.25338
		موسوعة الإمام الخوئي [ج ٢٢]	الشيخ مرتضى البروجردي	Rafed	1615	0.25337
		مناسك الحج والعمرة	أبو عبد الرحمن محمد ناصر الدين، بن الحاج نوح بن نجاتي بن آدم، الأشقودري الألباني (المتوفى: 1420هـ)	ShamAY	12090	0.25335
		قراءه في السيره الفاطميه	كفاح الحداد	Ghbook	15728	0.25334
		الديوان المليح	زيد بن محمد المدخلي	ShamAY	32974	0.25331
		الرحلة إلى أفريقيا - ط عالم الفوائد	محمد الأمين بن محمد المختار بن عبد القادر الجكني الشنقيطي (المتوفى: 1393هـ)	ShamAY	38380	0.25327
		لمحات في تربية البنات	عبد الملك بن محمد القاسم	ShamelaY19	36554	0.25326
		المورد في عمل المولد (مطبوع ضمن: رسائل في حكم الإحتفال بالمولد النبوي)	عمر بن علي بن سالم بن صدقة اللخمي الإسكندري، تاج الدين الفاكهاني (المتوفى: 734ه)	ShamelaY19	36626	0.25325
		مفتاح الأحكام‏	الشيخ أحمد بن محمد مهدي النراقي	Masaha	4339	0.25323
		تشبيه الخسيس بأهل الخميس	الذهبي، شمس الدين	ShamAY	36028	0.25322
		تفسير البيضاوى ـ موافق للمطبوع	ناصر الدين البيضاوي	ShamAY	34065	0.25322
		قصة آدم عليه السلام	الواحدي :: ياسر برهامي	ShamAY	34985	0.25321
		صورة الأرض [ج ١]	أبي القاسم بن حوقل النصيبي	Rafed	2448	0.25321
		تفسير اللباب لابن عادل ـ موافق للمطبوع	أبو حفص عمر بن على ابن عادل الدمشقى الحنبلى المتوفى بعد سنة 880 هـ	ShamAY	34056	0.25319
		الإهتمام بالسيرة النبوية باللغة الروسية	إلمير بن روفائيل كولييف	Sham19Y	7560	0.25319
		الرد على السبكي في مسألة تعليق الطلاق	شيخ الإسلام أحمد بن عبد الحليم بن عبد السلام ابن تيمية (661 - 728 ه)	ShamelaY19	32384	0.25318
		تحرير التحبير في صناعة الشعر والنثر وبيان إعجاز القرآن	عبد العظيم بن الواحد بن ظافر ابن أبي الإصبع العدواني، البغدادي ثم المصري (المتوفى: 654ه)	ShamelaY19	26520	0.25318
		عمدة الطالب لنيل المآرب «في الفقه على المذهب الأحمد الأمثل مذهب الإمام أحمد بن محمد بن حنبل»	منصور بن يونس بن صلاح الدين ابن حسن بن إدريس البهوتى الحنبلى (المتوفى: 1051 هـ)	ShamAY	32418	0.25318
		دراسة موضوعية للحائية ولمعة الاعتقاد والواسطية	عبد الرحيم بن صمايل العلياني السلمي	ShamAY	799	0.25318
		افتراءات المنصرين على القرآن الكريم أنه يؤيد زعم ألوهية المسيح عليه السلام	الدكتور علي بن عتيق الحربي	Sham19Y	7515	0.25315
		سلسلة الإيمان والكفر - المقدم	محمد أحمد إسماعيل المقدم	ShamAY	10	0.25314
		الاكتفاء الذاتي و البساطه في العيش	آيت الله العظمي سيد محمد حسيني شيرازي	Ghbook	7784	0.25314
		الزواج بنية الطلاق من خلال أدلة الكتاب والسنة ومقاصد الشريعة الإسلامية	صالح بن عبد العزيز بن إبراهيم آل منصور (المتوفى: 1429هـ)	ShamAY	326	0.25313
		 مباني منهاج الصالحين 	 السيد تقي الطباطبائي القمي 	ABLibrary	9720	0.25313
		الأمر بين الأمرين	الناشر: مركز الرسالة	Rafed	9	0.25312
		المستشرقون والتراث	عبد العظيم محمود الديب (المتوفى: 1431هـ)	ShamAY	442	0.25311
		 سلسلة المسائل الفقهية 	 الشيخ السبحاني 	ABLibrary	9573	0.25311
		النسخ عند الفخر الرازي	محمود محمد محمد الحنطور	ShamAY	1189	0.2531
		البدء والتاريخ	المطهر بن طاهر المقدسي (المتوفى: نحو 355ه)	Sham19Y	12318	0.25307
		من عبق المرجعيه	آيت الله العظمي حسيني	Ghbook	8020	0.25306
		فتاوى الشيخ البراك من موقع الإسلام اليوم	الواحدي :: عبد الرحمن بن ناصر البراك	ShamAY	37660	0.25304
		نور الإسلام وظلمات الكفر في ضوء الكتاب والسنة	د. سعيد بن علي بن وهف القحطاني	ShamAY	1900	0.25303
		التزكية بين أهل السنة والصوفية	أحمد فريد	ShamAY	35383	0.25302
		قضاء الأرب في أسئلة حلب	أبو الحسن تقي الدين علي بن عبد الكافي السبكي (المتوفى: 756 هـ)	ShamAY	32675	0.25301
		أخطاء يرتكبها بعض الحجاج	محمد بن صالح بن محمد العثيمين (المتوفى: 1421ه)	Sham19Y	21792	0.25301
		بستان الواعظين ورياض السامعين	جمال الدين أبو الفرج عبد الرحمن بن علي بن محمد الجوزي (المتوفى: 597هـ)	ShamAY	6948	0.25299
		 مصباح الفقاهة ( ط أنصاريان ) 	 تقرير بحث السيد الخوئي للتبريزي 	ABLibrary	9434	0.25299
		المهذب في ثمرات الإيمان	علي بن نايف الشحود	ShamAY	35267	0.25298
		إلى أين!! .. أيها الحبيب الجفري		ShamAY	35393	0.25295
		التحف الربانية في جواب الأسئلة اللمدانية	يحيى بن محمد بن محمد بن عبد الله، أبو زكرياء الشاوي الملياني الجزائري المالكي (المتوفى: 1096ه)	Sham19Y	36572	0.25295
		محمد بخيت المطيعي شيخ الإسلام والمفتي العالمي	د. محمد الدسوقي	ShamAY	38610	0.25293
		أعجمي فالعب به	إبراهيم بن عبد الله المديهش	Sham19Y	150958	0.25293
		 شرح الأربعين حديثا 	 أبي المعالي القونوي 	ABLibrary	8772	0.25292
		الطرق الصوفية وانتشار البدع	أحمد عبد الكريم نجيب	ShamAY	35698	0.25291
		أصول الفقه المقارن فيما لا نصّ فيه	الشيخ جعفر السبحاني	Rafed	3613	0.25291
		الشيعه في الاسلام	محمد حسين طباطبايي	Ghbook	12217	0.25291
		نظرات حول الإعداد الروحي	الشيخ محمد مهدي الآصفي	Masaha	577	0.25289
		آثار حجج التوحيد في مؤاخذة العبيد	أبو يوسف مدحت بن حسن آل فراج المصري (المتوفى: 1435هـ)	ShamAY	32162	0.25288
		الموسوعة القرآنيّة خصائص السور [ج ٧]	الناشر: دار التقريب بين المذاهب الإسلامية	Rafed	3738	0.25287
		بحر المذهب (في فروع المذهب الشافعي)	الروياني، أبو المحاسن عبد الواحد بن إسماعيل (ت 502 هـ)	ShamAY	32345	0.25286
		الأسئلة والأجوبة في العقيدة	صالح بن عبد الرحمن بن عبد الله الأطرم (المتوفى: 1428ه)	Sham19Y	36500	0.25286
		التفسير المنير [ج ٩]	الدكتور وهبة الزحيلي	Rafed	2952	0.25286
		درء الفتنة عن اهل السنة	بكر بن عبد الله أبو زيد	ShamAY	34769	0.25285
		أدب الكاتب	ابن قتيبة	Masaha	2345	0.25284
		علماء السلف وأهل الوقت	أبو محمد عبد الكريم بن صالح بن عبد الكريم الحميد	ShamelaY19	37644	0.25283
		ارشاد العباد الي استحباب ليس السواد علي سيدالشهدا و الائمه الامجاد ( عليهم السلا...	جعفر طباطبائي حائري	Ghbook	5897	0.25282
		الصوفية وطرقها	ممدوح الحربي	ShamAY	35385	0.25279
		موسوعة أخلاق القرآن [ج ٣]	الدكتور أحمد الشرباصي	Rafed	3903	0.25279
		القول المفيد على كتاب التوحيد	محمد بن صالح بن محمد العثيمين (المتوفى: 1421هـ)	ShamAY	7339	0.25278
		الحدائق الناضرة [ج ١٩]	الشيخ يوسف بن أحمد البحراني [ صاحب الحدائق ]	Rafed	2871	0.25277
		 صورة الأرض 	 ابن حوقل النصيبي 	ABLibrary	9132	0.25276
		توجيهات إسلامية لإصلاح الفرد والمجتمع	محمد بن جميل زينو	ShamelaY19	31350	0.25275
		إرشاد الفحول إلى تحقيق علم الأصول (الفكر)	محمد بن علي بن محمد الشوكاني	ShamAY	34184	0.25274
		 شجون المسجون وفنون المفتون 	 ابن عربي 	ABLibrary	8740	0.25274
		 سلسلة المسائل الفقهية 	 الشيخ السبحاني 	ABLibrary	9582	0.25273
		 مجلة فقه أهل البيت ( ع ) 	 مجموعة مؤلفين 	ABLibrary	9749	0.2527
		الإبهاج في شرح المنهاج ((منهاج الوصول إلي علم الأصول للقاضي البيضاوي المتوفي سنه 785هـ))	تقي الدين أبو الحسن علي بن عبد الكافي بن علي بن تمام بن حامد بن يحيي السبكي وولده تاج الدين أبو نصر عبد الوهاب	ShamAY	11727	0.25267
		جماليات تحول الوحدة الصرفية لدى النحاة والبلاغيين	سامي عوض	ShamAY	34497	0.25263
		الإنسان بين قمة الإسلام وسفح الجاهلية	علي بن نايف الشحود	ShamAY	1612	0.25263
		 الطب الملوكي 	 محمد بن زكريا الرازي 	ABLibrary	9833	0.25262
		جواهر الكلام [ج ٢١]	الشيخ محمّد حسن النّجفي	Rafed	653	0.25262
		أين المخرج .. فالصخرة أغلقت الغار	مجدي الهلالي	ShamAY	274	0.2526
		الإمام المهدي بين التواتر وحساب الاحتمال	الشيخ باقر الإيرواني	Masaha	78	0.2526
		أم المؤمنين زينب بنت خزيمة	خالد الحمودي	ShamelaY19	23230	0.25258
		أثر علامة القصيم عبد الرحمن السعدي على الحركة العلمية المعاصرة	أبو محمد عبد الله بن محمد بن أحمد الطيار	ShamAY	35841	0.25258
		قضايا المرأة بين التقاليد الراكدة والوافدة	محمد الغزالي	ShamAY	33246	0.25257
		المنهاج القويم شرح المقدمة الحضرمية	أحمد بن محمد بن علي بن حجر الهيتمي السعدي الأنصاري، شهاب الدين شيخ الإسلام، أبو العباس (المتوفى: 974هـ)	ShamAY	9973	0.25257
		دروس الشيخ عبد الكريم الخضير	عبد الكريم بن عبد الله بن عبد الرحمن بن حمد الخضير	ShamelaY19	23349	0.25255
		قاعدة في الجرح والتعديل (مطبوع مع كتاب «أربع رسائل في علوم الحديث» )	تاج الدين عبد الوهاب بن تقي الدين السبكي (المتوفى: 771هـ)	ShamAY	26113	0.25255
		تعريب شرفنامه - الجزء1	شرف خان البدليسي	Masaha	4645	0.25252
		الذريعة إلى حافظ الشريعة - الجزء1	رفيع الدين محمد الجيلاني	Masaha	4739	0.25252
		سند العروه الوثقي (كتاب الحج)	محمد السند	Ghbook	15217	0.2525
		المخصّص [ج ٣]	أبي الحسن علي بن إسماعيل بن سيده المرسي [ ابن سيده ]	Rafed	3545	0.25249
		الحريه الاسلاميه	آيت الله العظمي سيد محمد حسيني شيرازي	Ghbook	8145	0.25249
		دروس للشيخ عبد الرحمن السديس	أبو عبد العزيز عبد الرحمن بن عبد الله بن محمد بن عبد العزيز بن محمد بن عبد الله الملقب بالسديس	ShamAY	909	0.25248
		موسوعة الفقه الإسلامي	محمد بن إبراهيم بن عبد الله التويجري	ShamAY	697	0.25248
		مفهوم الأسماء والصفات	سعد بن عبد الرحمن ندا	ShamelaY19	23080	0.25247
		أخطاء المراة المتعلقة بالعقيدة	ندا أبو أحمد	ShamAY	35445	0.25247
		 إحياء الميت بفضائل اهل البيت ( ع ) ( عربي ، فارسي ) 	 جلال الدين السيوطي ( مترجم : امامى ) 	ABLibrary	7396	0.25246
		التشافي بالقرآن	مجموعة من المؤلفين	ShamAY	34881	0.25244
		نهج البلاغة [ج ٢]	محمد عبده	Rafed	1618	0.25244
		رفقا بالقوارير - نصائح للأزواج	أمة الله بنت عبد المطلب - موقع مكتبة المسجد النبوي	ShamelaY19	22876	0.25243
		التمثيل السياسي في العهد النبوي	د. مبارك محمد المعبدي الحربي	ShamAY	33175	0.25238
		الفواكه الدواني على رسالة ابن أبي زيد القيرواني	أحمد بن غانم (أو غنيم) بن سالم ابن مهنا، شهاب الدين النفراوي الأزهري المالكي (المتوفى: 1126هـ)	ShamAY	21589	0.25235
		مباحث التفسير لابن المظفَّر (وهو استدركات وتعليقات على تفسير الكشف والبيان للثعلبي)	أحمد بن محمد بن أحمد المظفر ابن المختار، أبو العباس بدر الدين الرازيّ الحنفي (المتوفى: بعد 630هـ)	ShamAY	22	0.25234
		تفسير القرآن الكريم «سورة الزخرف»	محمد بن صالح العثيمين	ShamelaY19	132428	0.25233
		النكت الدالة على البيان في أنواع العلوم والأحكام	أحمد محمد بن علي بن محمد الكَرَجي القصَّاب (المتوفى: نحو 360هـ)	ShamAY	9065	0.25233
		الوجيز في فقه السنة والكتاب العزيز	عبد العظيم بن بدوي بن محمد	Sham19Y	98086	0.25233
		 الحج في الشريعة الإسلامية الغراء 	 الشيخ السبحاني 	ABLibrary	9560	0.25233
		تفسير المراغي [ج ١٨]	أحمد مصطفى المراغي	Rafed	1688	0.25233
		الحسين عليه السلام القربان الذي نعاه الانجيل	كاظم مزعل جابر الاسدي	Ghbook	15252	0.25233
		أصول الدعوة وطرقها 4 - جامعة المدينة	مناهج جامعة المدينة العالمية	ShamAY	1645	0.2523
		مسائل تحليل الحائض من الإحرام - سلسلة لقاء العشر الأواخر بالمسجد الحرام (21)	هبة الله بن عبد الرحيم بن إبراهيم أبو القاسم، شرف الدين ابن البارزي الجهني الحموي (المتوفى: 738 ه)	Sham19Y	17261	0.2523
		موسوعة رد الشبهات الفقهية المعاصرة (الحدود)	محمد جواد فاضل لنكراني	Ghbook	15241	0.2523
		إجابة النداء - أنواعٌ، وفضائلُ، وفوائدُ، وآدابٌ، وإجابة قولية وفعلية، وأحكامٌ في ضوء الكتاب العزيز والسنة المطهرة	د. سعيد بن على بن وهف القحطاني	ShamAY	1799	0.25229
		البدء والتاريخ	المطهر بن طاهر المقدسي (المتوفى: نحو 355هـ)	ShamAY	12318	0.25228
		الأريعون المدنية	أبو أحمد، محمد بن أحمد بن محمد العماري	ShamAY	585	0.25228
		الآلوسي والتشيع	السيد أمير محمد القزويني	Rafed	696	0.25227
		المعاني الكبير في أبيات المعاني	أبو محمد عبد الله بن مسلم بن قتيبة الدينوري (المتوفى: 276ه)	ShamelaY19	25837	0.25226
		الملخص الفقهي	صالح بن فوزان بن عبد الله الفوزان	ShamAY	11811	0.25225
		موسوعه احكام  الاطفال و ادلتها : مقارنه تفصيليه بين مذهب الاماميه و المذاهب الاخ...	محمد جواد فاضل لنكراني	Ghbook	9624	0.25224
		حقوق الإنسان في الإسلام لجمل الليل	طاهر أحمد مولانا جمل الليل	ShamAY	11749	0.25223
		بابا الفاتيكان في الميزان	علي بن نايف الشحود	ShamAY	35270	0.25223
		أصول النحو 1 - جامعة المدينة	مناهج جامعة المدينة العالمية	Sham19Y	11199	0.25223
		 الشفاعة في الكتاب والسنة 	 الشيخ السبحاني 	ABLibrary	8483	0.25223
		روح المعاني [ج ١٠]	أبي الفضل شهاب الدين السيّد محمود الألوسي البغدادي	Rafed	3196	0.25223
		 الزكاة في الشريعة الإسلامية الغراء 	 الشيخ السبحاني 	ABLibrary	9567	0.25222
		التفسير المنير [ج ٢٩]	الدكتور وهبة الزحيلي	Rafed	2977	0.25222
		شرح كتاب الباعث الحثيث	أبو الأشبال حسن الزهيري آل مندوه المنصوري المصري	ShamelaY19	37066	0.25221
		الآداب الطبية في الاسلام	السيد جعفر مرتضى العاملي	Masaha	513	0.25219
		مواهب الرحمن في تفسير القرآن [ج ٦]	آية الله السيّد عبد الأعلى السبزواري	Rafed	3959	0.25219
		تفسير البيان [ج ٣]	السيّد محمّد حسين الطباطبائي	Rafed	3767	0.25219
		بلاغه الامام جعفر الصادق عليه السلام	مهدي عطبي بصري	Ghbook	5009	0.25219
		شرح باب توحيد الألوهية من فتاوى ابن تيمية	ناصر بن عبد الكريم العلي العقل	ShamelaY19	37720	0.25217
		دروس للشيخ عبد الرحمن صالح المحمود	عبد الرحمن بن صالح المحمود	ShamAY	910	0.25217
		الأمثل في تفسير كتاب الله المنزل [ج ١]	آية الله مكارم الشيرازي	Rafed	2022	0.25217
		الفصول في مصطلح حديث الرسول	حافظ ثناء الله الزاهدي	ShamelaY19	21540	0.25215
		التقريرات السنية شرح المنظومة البيقونية في مصطلح الحديث	حسن بن محمد المشاط المالكي (المتوفى: 1399هـ)	ShamAY	5970	0.25215
		مناصحة الإمام وهب بن منبه لرجل تأثر بمذهب الخوارج	عبد السلام بن برجس بن ناصر آل عبد الكريم (المتوفى: 1425هـ)	ShamAY	6556	0.25215
		الحسبة لشيخ الإسلام ابن تيمية رحمه الله	تقي الدين أبو العباس أحمد بن عبد الحليم بن عبد السلام بن عبد الله بن أبي القاسم بن محمد ابن تيمية الحراني الحنبلي الدمشقي (المتوفى: 728 هـ)	ShamAY	351	0.25215
		 في رحاب أهل البيت ( ع ) 	 لجنة بحوث المجمع العالمي لأهل البيت ( ع ) 	ABLibrary	8569	0.25214
		التفسير الوسيط للقرآن الكريم [ج ٥]	الدكتور محمد سيد طنطاوي	Rafed	3942	0.25214
		تاريخ  الفكر السلفي	مهدي فرمانيان	Ghbook	16035	0.25208
		زيارة الأماكن الأثرية وحكمها في الإسلام	سليمان بن صالح الجربوع	ShamAY	36349	0.25207
		الأحاديث العيدية المسلسلة للسلفي	صدر الدين، أبو طاهر السِّلَفي أحمد بن محمد بن أحمد بن محمد بن إبراهيم سِلَفَه الأصبهاني (المتوفى: 576هـ)	ShamAY	26985	0.25207
		زينة المرأة المسلمة لعبدالله الفوزان	عبد الله بن صالح الفوزان	ShamAY	33226	0.25206
		المهذب في تفسير سورة الملك	علي بن نايف الشحود	ShamAY	33098	0.25206
		الغريبين في القرآن والحديث	أبو عبيد أحمد بن محمد الهروي (المتوفى 401 ه)	Sham19Y	16782	0.25206
		المعجم الجغرافي للبلاد العربيّة السعوديّة [ج ٣]	حمد الجاسر	Rafed	2335	0.25206
		آداب الأكل	أحمد بن عماد الدين بن يوسف بن عبد النبي، أبو العباس، شهاب الدين الأقفهسي ثم القاهري الشافعي (المتوفى: 808ه)	Sham19Y	8185	0.25205
		شرح كتاب قاعدة جليلة في التوسل والوسيلة لابن تيمية	ناصر بن عبد الكريم العلي العقل	ShamelaY19	37717	0.25204
		مسائل الإمام أحمد رواية أبي داود السجستاني	أبو عبد الله أحمد بن محمد بن حنبل بن هلال بن أسد الشيباني (المتوفى: 241هـ)	ShamAY	21487	0.25204
		افتراءات المنصرين على القرآن الكريم أنه يؤيد زعم ألوهية المسيح عليه السلام	الدكتور علي بن عتيق الحربي	ShamAY	7515	0.25204
		العبقات العنبرية	الشيخ محمد حسين كاشف الغطاء	Masaha	4085	0.25203
		الغدير و المعارضون	سيد جعفرمرتضي حسيني عاملي	Ghbook	8353	0.25203
		المطالع البدرية في المنازل الرومية	محمد بن محمد بن محمد الغزي العامري الدمشقي، أبو البركات، بدر الدين ابن رضي الدين (المتوفى: 984هـ)	ShamAY	450	0.25202
		إحسان سلوك العبد المملوك إلى ملك الملوك	أبو محمد عبد الكريم بن صالح بن عبد الكريم الحميد	ShamelaY19	36176	0.25201
		أصول النحو 1 - جامعة المدينة	مناهج جامعة المدينة العالمية	ShamAY	1648	0.25201
		العمل الصالح (ويتقدمه رسم شجري لبعض مصطلحات الحديث)	سامي محمد	Sham19Y	1817	0.25201
		الفوائد البهيّة في شرح عقائد الإماميّة [ج ١]	الشيخ محمّد جميل حمّود	Rafed	3511	0.252
		العراق بلد الخيرات	آيت الله العظمي سيد محمد حسيني شيرازي	Ghbook	8060	0.252
		نظام القضاء و الشهاده في الشريعه الاسلاميه الغراء	آيت الله العظمي جعفر سبحاني	Ghbook	9837	0.25199
		ثلاث رسائل في المحبة	عبد الله بن جار الله بن إبراهيم آل جار الله	ShamAY	34916	0.25198
		طب النبي للمستغفري	المُسْتَغْفِرِيُّ	ShamAY	35237	0.25197
		التفكر والاعتبار بآياتِ الكسوف والزلازل والإعصار	أبو محمد عبد الكريم بن صالح بن عبد الكريم الحميد	ShamAY	1006	0.25195
		دليل تحرير الوسيلة (ولاية الفقيه)	علي اكبر سيفي مازندراني	Ghbook	9143	0.25195
		محمد فوزي فيض الله العلامة الفقيه المربي	محمد ياسر القضماني	ShamAY	38618	0.25194
		المحاضرة الدفاعية عن السنة المحمدية - الجامي	محمد أمان الجامي (المتوفى: 1416 هـ)	ShamAY	33858	0.25194
		شرح الأصبهانية - ط المنهاج	شيخ الإسلام تقي الدين أبو العباس أحمد بن عبد الحليم بن عبد السلام ابن تيمية	ShamAY	34392	0.25194
		الأساليب والإطلاقات العربية	أبو المنذر محمود بن محمد بن مصطفى بن عبد اللطيف المنياوي	ShamAY	844	0.25193
		شرح الطحاوية ت الأرناؤوط	صدر الدين محمد بن علاء الدين عليّ بن محمد ابن أبي العز الحنفي، الأذرعي الصالحي الدمشقي (المتوفى: 792هـ)	ShamAY	8352	0.25192
		تجارب الأمم وتعاقب الهمم	أبو علي أحمد بن محمد بن يعقوب مسكويه (المتوفى: 421هـ)	ShamAY	12396	0.25192
		نشأة المدينة العربيّة الإسلاميّة : الكوفة	هشام جعيط	Rafed	2577	0.25192
		 في ظلال نهج البلاغة 	 محمد جواد مغنية 	ABLibrary	965	0.25188
		شرح حديث الافتراق	يوسف بن محمد علي الغفيص	ShamelaY19	37784	0.25187
		الضياء اللامع من صحيح الكتب الستة وصحيح الجامع	محمد نصر الدين محمد عويضة	ShamelaY19	36360	0.25187
		تفسير غرائب القرآن ورغائب الفرقان [ج ٦]	نظام الدين الحسن بن محمّد بن حسين القمي النيسابوري	Rafed	1804	0.25187
		واسط في العصر العباسي ( جغرافيا )	عبدالقادر سلمان معاضيدي	Ghbook	8992	0.25185
		تفسير القرآن الكريم - أسامة سليمان	أسامة علي محمد سليمان	ShamelaY19	37769	0.25184
		آداب النوم	عادل الزرقي	ShamAY	34864	0.25184
		تحرير الأحكام في تدبير أهل الإسلام	أبو عبد الله، محمد بن إبراهيم بن سعد الله بن جماعة الكناني الحموي الشافعي، بدر الدين (المتوفى: 733هـ)	ShamAY	9685	0.25184
		ثلاثون عملا تُطيل في العُمرِ	أمير بن محمَّد المدَريّ	ShamAY	1069	0.25183
		ماساه الزهرا ( سلام الله عليها ) شبهات و ردود	سيد جعفرمرتضي حسيني عاملي	Ghbook	3901	0.25183
		الكسب	أبو عبد الله محمد بن الحسن بن فرقد الشيباني (المتوفى: 189هـ)	ShamAY	6163	0.25181
		 معتصم الشيعة في أحكام الشريعة 	 الفيض الكاشاني 	ABLibrary	9340	0.25181
		منهج الاعتدال	الشيخ: عدنان بن محمد العرعور	Sham19Y	147099	0.2518
		شرح (مسائل الجاهلية لمحمد بن عبد الوهاب)	صالح بن فوزان بن عبد الله الفوزان	ShamAY	11265	0.25179
		مكفرات الذنوب والخطايا وأسباب المغفرة من الكتاب والسنة	د. سعيد بن علي بن وهف القحطاني	ShamAY	1888	0.25179
		التذكرة في الوعظ	جمال الدين أبو الفرج عبد الرحمن بن علي بن محمد الجوزي (المتوفى: 597هـ)	ShamAY	6858	0.25179
		ملحق العقيدة الواسطيَّة	علوي بن عبد القادر السَّقَّاف	ShamAY	35571	0.25178
		آيات الأحكام في تفسير كلام الملك العلام (للأسترآبادي)	محمد بن علي بن ابراهيم الاسترابادي	Masaha	1149	0.25178
		التفسير الوسيط للقرآن الكريم [ج ١]	الدكتور محمد سيد طنطاوي	Rafed	3931	0.25178
		حديث مع الناشئين	آيت الله العظمي سيد محمد حسيني شيرازي	Ghbook	8143	0.25178
		شرح كتاب الرقاق من صحيح البخاري - المغامسي	أبو هاشم صالح بن عواد بن صالح المغامسي	ShamelaY19	37732	0.25177
		تحكيم الشريعة ومعوقات التطبيق (دراسة قرآنية)	عصام زهد	ShamAY	33448	0.25176
		أين المخرج .. فالصخرة أغلقت الغار	مجدي الهلالي	Sham19Y	36401	0.25176
		الغريبين في القرآن والحديث	أبو عبيد أحمد بن محمد الهروي (المتوفى 401 هـ)	ShamAY	38828	0.25174
		مسألة وجوب تخميس الغنيمة وقسم باقيها	النووي (676 هـ)	ShamAY	34318	0.25174
		كيف نحب الله ونشتاق إليه	مجدي الهلالي	ShamelaY19	36410	0.25173
		أخطاء المرأة المتعلقة بالجنائز	ندا أبو أحمد	ShamAY	36539	0.25172
		سيرة السيدة عائشة أم المؤمنين رضي الله عنها	السيد سليمان الندوي الحسيني (المتوفى: 1373هـ)	ShamAY	31810	0.25172
		التحبير شرح التحرير في أصول الفقه	علاء الدين أبو الحسن علي بن سليمان المرداوي الدمشقي الصالحي الحنبلي (المتوفى: 885هـ)	ShamAY	6336	0.25168
		رسل الملوك ومن يصلح للرسالة والسفارة	القاضي أبو يعلى، محمد بن الحسين بن محمد بن خلف المعروف بـ ابن الفراء (المتوفى: 458هـ)	ShamAY	7243	0.25168
		شبهات حول القرآن	محمد عمارة مصطفى عمارة	ShamAY	1414	0.25167
		قطف الجنى المستطاب	زيد بن محمد المدخلي	ShamAY	32982	0.25164
		شعر الكميت بن زيد الاسدي - الجزء1	داود سلوم	Masaha	3397	0.25164
		تفصيل الشريعه في شرح تحرير الوسيله : كتاب الصلاه	محمد فاضل لنكراني	Ghbook	9822	0.25164
		رويه الله: في ضوآ الكتاب و السنه و العقل الصريح	آيت الله العظمي جعفر سبحاني	Ghbook	6727	0.25164
		واقعنا المعاصر	الواحدي :: محمد قطب	ShamAY	33331	0.25163
		ماذا تعرف عن التوحيد	إسلام محمود دربالة	ShamAY	35581	0.25162
		أجوبة المسائل المهنائية	الحسن بن يوسف بن علي المطّهر [ العلامة الحلّي ]	Rafed	687	0.25161
		الحسبة في الإسلام	المراغي، أحمد بن مصطفى	ShamelaY19	132424	0.2516
		سند العروه الوثقي (كتاب النكاح)	محمد السند	Ghbook	15221	0.25159
		من هدى القرآن [ج ١٥]	السيّد محمّد تقي المدرّسي	Rafed	2144	0.25157
		شرح التصريح على التوضيح أو التصريح بمضمون التوضيح في النحو	خالد بن عبد الله بن أبي بكر بن محمد الجرجاويّ الأزهري، زين الدين المصري، وكان يعرف بالوقاد (المتوفى: 905هـ)	ShamAY	9985	0.25156
		شرح مختصر الخرقي - عبد الكريم الخضير	عبد الكريم الخضير	ShamelaY19	26252	0.25154
		الإبانة عن أصول الديانة	أبو الحسن علي بن إسماعيل بن إسحاق بن سالم بن إسماعيل بن عبد الله بن موسى بن أبي بردة بن أبي موسى الأشعري (المتوفى: 324هـ)	ShamAY	8178	0.25154
		وكانت صدّيقة	كمال السيد	Rafed	142	0.2515
		المعارف الاسلاميه	آيت الله العظمي سيد محمد حسيني شيرازي	Ghbook	7824	0.2515
		 دروس تمهيدية في القواعد الفقهية 	 الشيخ محمد باقر الإيرواني 	ABLibrary	9542	0.25148
		إنه القرآن سر نهضتنا - كيف يمكن للقرآن أن ينهض بالأمة؟	مجدي الهلالي	ShamAY	271	0.25147
		تفسير أسماء الله الحسنى للزجاج	إبراهيم بن السري بن سهل، أبو إسحاق الزجاج (المتوفى: 311هـ)	ShamAY	6468	0.25147
		العقل يري هذه القوانين	آيت الله العظمي سيد محمد حسيني شيرازي	Ghbook	9433	0.25147
		خلاصه الايجاز	محمد بن  محمد بن نعمان شيخ مفيد	Ghbook	2498	0.25146
		الماتريدية		ShamAY	35645	0.25143
		الاجتهاد والتقليد وتقليد غير الأئمة الأربعة		ShamAY	37600	0.25143
		اعلام الهدايه (الامام المهدي عجل الله تعالي فرجه الشريف)	مجمع جهاني اهل بيت عليهم السلام	Ghbook	6572	0.25143
		حاشيه علي رساله في القضاء عن الميت	ملا عبد اللّٰه بن محمد حسن مامقاني	Ghbook	11255	0.25142
		الشعور بالمسووليه	آيت الله العظمي سيد محمد حسيني شيرازي	Ghbook	7771	0.25142
		اخلاق الطبيب في الاسلام	عادل علوي	Ghbook	4614	0.25141
		الولايتان التكوينيه والتشريعيه عند الشيعه واهل السنه	محمد علي الحلو	Ghbook	12305	0.2514
		النّهاية [ج ٣]	مجد الدين أبي السعادات المبارك بن محمد الجزري [ ابن الأثير ]	Rafed	3548	0.25139
		الخبره ودورها في الحياه	آيت الله العظمي سيد محمد حسيني شيرازي	Ghbook	8067	0.25139
		البحر المديد في تفسير القرآن المجيد [ج ٣]	أحمد بن محمد بن عجيبة	Rafed	3797	0.25136
		فضيلة تلاوة القرآن وحملته	. لولوة القضيبي	ShamAY	36845	0.25132
		رسالة في أصول الحديث (مطبوع ضمن كتاب: رسالتان في المصطلح)	علي بن محمد بن علي الزين الشريف الجرجاني (المتوفى: 816هـ)	ShamAY	5984	0.2513
		شرح على رسالة أصول التفسير للسيوطي	عبد الكريم الخضير	ShamAY	36813	0.25129
		المهذّب البارع [ج ٣]	الشيخ جمال الدين أحمد بن محمد بن فهد الحلّي	Rafed	1808	0.25129
		الإملاء المختصر في شرح غريب السير	مصعب بن محمد (أبي بكر) بن مسعود الخشنى الجيانى الأندلسي، أبو ذر، ويعرف كأبيه، بابن أبي الركب (المتوفى: 604هـ)	ShamAY	9222	0.25128
		إنجاح حاجة السائل في أهم المسائل	أبو خالد أحمد بن حمود بن مفرج الخالدي	ShamAY	2063	0.25128
		 نحو القلوب 	 ابو القاسم عبد الكريم القشيري 	ABLibrary	8713	0.25127
		الأذان والإقامة - المفهوم، والفضائل، والآداب، والشروط في ضوء الكتاب والسنة	د. سعيد بن على بن وهف القحطاني	Sham19Y	96457	0.25126
		 الدر المنضود في أحكام الحدود 	 تقرير بحث السيد الگلپايگاني للجهرمي 	ABLibrary	9441	0.25126
		المسودة في أصول الفقه	آل تيمية [بدأ بتصنيفها الجدّ: مجد الدين عبد السلام بن تيمية (ت: 652هـ) ، وأضاف إليها الأب، : عبد الحليم بن تيمية (ت: 682هـ) ، ثم أكملها الابن الحفيد: أحمد بن تيمية (728هـ) ]	ShamAY	11814	0.25124
		نور التقوى وظلمات المعاصي في ضوء الكتاب والسنة	د. سعيد بن علي بن وهف القحطاني	Sham19Y	96537	0.25124
		إجابات الشيخ عبد الرحمن البراك على أسئلة أعضاء ملتقى أهل الحديث	عبد الرحمن بن ناصر البراك	ShamAY	34713	0.25122
		إرشاد العابد في حكم مكث الجنب والحائض والنفساء في المساجد	شريف مراد أبو عمرو	ShamAY	974	0.25121
		تيسير لمعة الاعتقاد	عبد الرحمن بن صالح المحمود	ShamAY	35424	0.25119
		الإنصاف في مسائل الخلاف بين النّحويين : البصريّين والكوفييّن [ج ١]	كمال الدين أبي البركات عبد الرحمن بن محمّد بن أبي سعيد الأنباري النحوي [ ابن انباري ]	Rafed	1878	0.25118
		إقامة البراهين على حكم من استغاث بغير الله أو صدق الكهنة والعرافين	عبد العزيز بن عبد الله بن باز (المتوفى: 1420ه)	Sham19Y	572	0.25117
		طبّ الإمام الصادق عليه السلام	محمد الخليلي	Masaha	1740	0.25117
		نهج البلاغة [ج ١]	محمد عبده	Rafed	1617	0.25117
		كيف اهتديت إلى التوحيدوالصراط المستقيم	الواحدي	ShamAY	35418	0.25111
		السّجود	الشيخ داود سلمان الربيعي	Rafed	767	0.25111
		تفسير التّحرير والتّنوير [ج ٢٩]	الشيخ محمّد الطاهر ابن عاشور	Rafed	2939	0.25111
		 بهجة الطائفة ( ويليه صوم القلب ) 	 عمار بن محمد البدليسي 	ABLibrary	8726	0.2511
		الذّريعة إلى تصانيف الشّيعة [ج ٩ - ١]	الشيخ آقا بزرك الطهراني	Rafed	451	0.2511
		إجازات قراء القرآن الكريم		ShamAY	37755	0.25109
		نفحات الهدايه ( سيرة المعصومين عليهم الصلاة و السلام )	آيت الله العظمي حسيني	Ghbook	7923	0.25109
		وصية لقمان	عبد المجيد يوسف الشاذلي	ShamAY	35080	0.25108
		تنقيح مباني الأحكام - كتاب الديات	الميرزا جواد التبريزي	Masaha	5036	0.25108
		اللّباب في علوم الكتاب [ج ٨]	أبي حفص عمر بن علي بن عادل الدمشقي الحنبلي	Rafed	3100	0.25107
		تبصرة الحكام في أصول الأقضية ومناهج الأحكام	إبراهيم بن علي بن محمد، ابن فرحون، برهان الدين اليعمري (المتوفى: 799ه)	ShamelaY19	21595	0.25106
		المؤتلف من المختلف بين أئمّة السلف [ج ١]	فضل بن الحسن الطبرسي	Rafed	1402	0.25106
		العواصم مما في كتب سيد قطب من القواصم	ربيع بن هادي المدخلي	ShamAY	33002	0.25105
		شرح كتاب كشف الشبهات - الفوزان	صالح الفوزان	ShamAY	35439	0.25104
		آداب سفر حج	علي قاضي عسكر	Ghbook	10514	0.25104
		تأملات قرآنية - المغامسي	أبو هاشم صالح بن عوّاد بن صالح المغامسي	ShamAY	648	0.25102
		البحر المحيط في أصول الفقه	أبو عبد الله بدر الدين محمد بن عبد الله بن بهادر الزركشي (المتوفى: 794ه)	Sham19Y	21593	0.25102
		 الرسائل التوحيدية 	 السيد الطباطبائي 	ABLibrary	8435	0.25102
		غيث القلوب ذكر الله تعالى	أزهري أحمد محمود	ShamelaY19	37543	0.251
		لا تغضب	محمد العماري	ShamAY	308	0.251
		التفسير المنير [ج ٣٠]	الدكتور وهبة الزحيلي	Rafed	2979	0.25099
		التفسير الوسيط للقرآن الكريم	محمد سيد طنطاوي	ShamelaY19	23590	0.25096
		صلاة الخوف - مفهوم، وسماحة، وأنواع، وكيفية، وأحكام في ضوء الكتاب والسنة	د. سعيد بن علي بن وهف القحطاني	ShamAY	1855	0.25096
		 منتهى المطلب ( ط . ج ) 	 العلامة الحلي 	ABLibrary	9326	0.25096
		لا للحدود الجغرافيه ..	آيت الله العظمي سيد محمد حسيني شيرازي	Ghbook	7883	0.25096
		رد البهتان عن إعراب آيات من القرآن الكريم	د يوسف بن خلف بن محل العيساوي	ShamAY	1470	0.25095
		شرح أصول اعتقاد أهل السنة للالكائي - محمد حسن عبد الغفار	محمد حسن عبد الغفار	ShamAY	645	0.2509
		أسلوب القسم الظاهر في القرآن الكريم بلاغته ... وأغراضه		ShamAY	36925	0.2509
		تجريد التوحيد المفيد	أحمد بن علي بن عبد القادر، أبو العباس الحسيني العبيدي، تقي الدين المقريزي (المتوفى: 845هـ)	ShamAY	10045	0.2509
		الله يضحك	بهجت فاضل بهجت	ShamAY	35500	0.2509
		التنبيه على المخالفات العقدية في الفتح	علي بن عبد العزيز بن علي الشبل	ShamAY	35476	0.25089
		المحكم و المحيط  الاعظم	ابي الحسن علي بن اسماعيل النحوي اللغوي الاندلسي معروف بابن سيده	Ghbook	16204	0.25089
		 مصباح الفقيه 	 آقا رضا الهمداني 	ABLibrary	9395	0.25088
		 الذريعة 	 آقا بزرگ الطهراني 	ABLibrary	871	0.25087
		القناعة، مفهومها.. منافعها.. الطريق إليها	إبراهيم بن محمد الحقيل	ShamelaY19	31507	0.25083
		موسوعة الأعمال الكاملة للإمام محمد الخضر حسين	الإمام محمد الخضر حسين (المتوفى: 1377 ه)	Sham19Y	14579	0.25083
		موصل الطلاب	الشيخ خالد الأزهري	Rafed	2026	0.25083
		العقائد الإسلامية	سيد سابق (المتوفى: 1420هـ)	ShamAY	1136	0.25077
		الثمر المجتنى مختصر شرح أسماء الله الحسنى في ضوء الكتاب والسنة	د. سعيد بن علي بن وهف القحطاني	ShamelaY19	96460	0.25076
		الفقه الميسر في ضوء الكتاب والسنة	مجموعة من المؤلفين	ShamelaY19	22726	0.25076
		سجود السهو - مشروعيته ومواضعه وأسبابه في ضوء الكتاب والسنة	د. سعيد بن علي بن وهف القحطاني	ShamelaY19	96490	0.25075
		نداءات الرحمن للنبي المختار في كلام العزيز الغفار	علي عبد العزيز الراجحي	ShamAY	33120	0.25074
		كتاب الأفعال [ج ٤ - ١]	أبي عثمان سعيد بن محمد المعافري السرقسطي	Rafed	2694	0.25074
		السياسة الشرعية في الشئون الدستورية والخارجية والمالية	عبد الوهاب خلاف (المتوفى: 1375هـ)	ShamAY	8678	0.25073
		 سند العروة الوثقى ( كتاب الحج ) 	 تقرير بحث الشيخ محمد السند لسيد الماجد والشيخ حسن العصفور 	ABLibrary	9544	0.25073
		تفسير البيان الصافي لكلام الله الوافي [ج ٢]	الشيخ محمد حسن القبيسي العاملي	Rafed	3757	0.25073
		الفصل في الملل والأهواء والنّحل [ج ٢]	أبي محمد علي بن أحمد [ ابن حزم الأندلسي الظاهري ]	Rafed	3657	0.25072
		النوادر	فضل الله بن علي‏ الراوندي الكاشاني	Masaha	4549	0.25071
		مفتاح الفلاح في عمل اليوم و الليلة	الشيخ البهائي	Masaha	1211	0.25071
		الرحلة الورثيلانية	حسين بن محمد ورثيلاني	Ghbook	9635	0.25071
		الضياء اللامع من الخطب الجوامع	محمد بن صالح بن محمد العثيمين (المتوفى: 1421هـ)	ShamAY	30920	0.2507
		رحلة أفوقاي الأندلسي‏	أحمد بن قاسم الحجري	Masaha	4509	0.2507
		التبيان في تفسير القرآن - الجزء1	الشيخ الطوسي	Masaha	150	0.25068
		التفسير المنير [ج ١٣]	الدكتور وهبة الزحيلي	Rafed	2956	0.25065
		مجلة المقتبس	محمد كرد علي	ShamAY	443	0.25064
		التفسير الوسيط للقرآن الكريم	محمد سيد طنطاوي	Sham19Y	23590	0.25064
		مناهج اليقين في أصول الدين	الحسن بن يوسف بن علي المطّهر [ العلامة الحلّي ]	Rafed	3583	0.25061
		تلخيص كتاب لمحات في علوم القرآن	الواحدي :: أحمد بوقرين	ShamAY	36816	0.25056
		أثر الوقف في تشييد بنية الحضارة الإسلامية	محمد الخطراوي	ShamAY	36678	0.25056
		ثلاثية البردة بردة الرسول صلى الله عليه وآله وسلم	حسن حسين (المتوفى: معاصر)	ShamAY	9792	0.25056
		أجوبة المسائل المهنائية	العلامة الحلي	Masaha	1053	0.25056
		القواعد والفوائد الأصولية وما يتعلق بها من الأحكام	أبو الحسن علاء الدين ابن اللحام علي بن عباس البعلي الحنبلي 752 803 هـ	ShamAY	34193	0.25055
		مواسم العمر لابن الجوزي	جمال الدين أبو الفرج عبد الرحمن بن علي بن محمد الجوزي (المتوفى: 597ه)	ShamelaY19	26678	0.25051
		الأمر بين الأمرين	الشيخ محمد مهدي الآصفي	Masaha	116	0.25051
		فصول في الصيام والتراويح والزكاة	محمد بن صالح بن محمد العثيمين (المتوفى: 1421ه)	ShamelaY19	21818	0.25049
		 تاريخ معرة النعمان 	 محمد سليم الجندي 	ABLibrary	9003	0.25048
		 دليل تحرير الوسيلة ( أحكام الستر والنظر ) 	 علي أكبر السيفي المازندراني 	ABLibrary	895	0.25048
		فائدة جليلة في قواعد الأسماء الحسنى	محمد بن أبي بكر بن أيوب بن سعد شمس الدين ابن قيم الجوزية (المتوفى: 751هـ)	ShamAY	11329	0.25046
		تاريخ آداب العرب	مصطفى صادق بن عبد الرزاق بن سعيد بن أحمد بن عبد القادر الرافعي (المتوفى: 1356هـ)	ShamAY	10548	0.25042
		باب الحوائج الامام موسي الكاظم (عليه السلام)	حسين الحاج حسن	Ghbook	6418	0.25042
		كيف نغير ما بأنفسنا	مجدي الهلالي	ShamelaY19	37342	0.25039
		البحر المحيط في أصول الفقه - العلمية	الزركشي، بدر الدين	ShamAY	34187	0.25039
		الوجيز في فقه السنة والكتاب العزيز	عبد العظيم بن بدوي بن محمد	ShamAY	31599	0.25037
		سرّ صناعة الإعراب [ج ٢]	أبي الفتح عثمان بن جنّي	Rafed	2074	0.25034
		الآداب الإسلامية	-	ShamAY	1904	0.25033
		الأنواء في مواسم العرب لابن قتيبة الدينوري	أبو محمد عبد الله بن مسلم بن قتيبة الدينوري (المتوفى: 276هـ)	ShamAY	9093	0.25033
		البيان في مداخل الشيطان	عبد الحميد جاسم أحمد الجاسم البلالي	ShamelaY19	35115	0.25032
		الموسوعة الجنائية الإسلامية المقارنة بالأنظمة المعمول بها في المملكة العربية السعودية	سعود البارودي العتيبي	ShamAY	36425	0.25032
		سيده النساء فاطمه الزهراء ( سلام الله عليها )	علي موسي الكعبي	Ghbook	3873	0.25032
		النبوة والأنبياء في القُرآنِ والسنَّةِ	علي بن نايف الشحود	ShamAY	35268	0.25031
		أدلة تغطية الوجه من الكتاب والسنة	علي العماري	ShamAY	36225	0.25029
		في ظلال القرآن [ج ٢]	سيّد قطب	Rafed	3879	0.25029
		الأهوال لابن أبي الدنيا	أبو بكر عبد الله بن محمد بن عبيد بن سفيان بن قيس البغدادي الأموي القرشي المعروف بابن أبي الدنيا (المتوفى: 281ه)	Sham19Y	12704	0.25028
		الإسلام أصوله ومبادئه	محمد بن عبد الله بن صالح السحيم	ShamAY	12624	0.25027
		التمهيد - شرح مختصر الأصول من علم الأصول	أبو المنذر محمود بن محمد بن مصطفى بن عبد اللطيف المنياوي	ShamelaY19	37591	0.25024
		الدروع الواقية	السيد علي بن موسى بن طاووس	Masaha	1021	0.25022
		المخصّص [ج ٨]	أبي الحسن علي بن إسماعيل بن سيده المرسي [ ابن سيده ]	Rafed	3553	0.25022
		الربا - أضراره وآثاره في ضوء الكتاب والسنة	د. سعيد بن علي بن وهف القحطاني	Sham19Y	96465	0.25021
		مواهب الغدير	آيت الله العظمي حسيني	Ghbook	8012	0.25021
		إرشاد السالك إلى أشرف المسالك في فقه الإمام مالك	عبد الرحمن بن محمد بن عسكر البغدادي، أبو زيد أو أبو محمد، شهاب الدين المالكي (المتوفى: 732ه)	ShamelaY19	21516	0.2502
		التدوين المبكر للسنة بين الدكتور صبحي الصالح والمستشرقين - قراءة في كتاب «علوم الحديث ومصطلحه»	الدكتور ماجد أحمد نيازي الدرويش، أستاذ الحديث وعلومه في جامعة الجنان - طرابلس	ShamelaY19	96176	0.25019
		فتح رب البرية بتلخيص الحموية	محمد بن صالح بن محمد العثيمين (المتوفى: 1421هـ)	ShamAY	21817	0.25018
		زهرة التفاسير	محمد بن أحمد بن مصطفى بن أحمد المعروف بأبي زهرة (المتوفى: 1394ه)	Sham19Y	37071	0.25015
		التاريخ و حركه التقدم البشري و نظره الاسلام	محمد مهدي شمس الدين	Ghbook	7096	0.25015
		الشفاعه في الكتاب و السنه	آيت الله العظمي جعفر سبحاني	Ghbook	5048	0.25015
		الروزنامجة	إسماعيل بن عباد بن العباس، أبو القاسم الطالقاني، المشهور بالصاحب بن عباد (المتوفى: 385ه)	ShamelaY19	37461	0.25014
		البحر المحيط في أصول الفقه	أبو عبد الله بدر الدين محمد بن عبد الله بن بهادر الزركشي (المتوفى: 794هـ)	ShamAY	21593	0.25013
		تفسير المراغي [ج ١١]	أحمد مصطفى المراغي	Rafed	1681	0.25013
		مجمع البحرين [ج ٥]	الشيخ فخر الدين الطريحي	Rafed	1246	0.25012
		المحاضرة الدفاعية عن السنة المحمدية	أبو أحمد محمد أمان بن علي جامي علي (المتوفى: 1415هـ)	ShamAY	8541	0.2501
		الخلاصة في خصائص العقيدة الإسلامية	علي بن نايف الشحود	ShamAY	35273	0.2501
		الأمر بالمعروف	الدكتور ياسر بن حسين برهامي	ShamAY	36332	0.25008
		النبذة الكافية في أحكام أصول الدين (النبذ في أصول الفقه)	أبو محمد علي بن أحمد بن سعيد بن حزم الأندلسي القرطبي الظاهري (المتوفى: 456هـ)	ShamAY	6321	0.25008
		نهاية الوصول إلى علم الأصول [ج ١]	الحسن بن يوسف بن علي المطّهر [ العلامة الحلّي ]	Rafed	3660	0.25008
		التفسير الوسيط للقرآن الكريم	محمد سيد طنطاوي	ShamAY	23590	0.25007
		التعصب بين المسيحية والإسلام	محمد الغزالي	ShamAY	36030	0.25007
		شرح المنظومة البيقونية - عبد الكريم الخضير	عبد الكريم الخضير	ShamAY	142	0.25004
		 فضائح الباطنية 	 الغزالي 	ABLibrary	8525	0.25004
		تفسير التّحرير والتّنوير [ج ٦]	الشيخ محمّد الطاهر ابن عاشور	Rafed	2910	0.25002