automatic URI	Proposed URI	bookTitle	authorName	collection	id	tfidf
		مشيخة الإمام أبي حفص عمر بن الحسن بن مزيد بن أميلة المراغي الحلبي المزي الدمشقي	أبو حفص عمر بن حسن بن مزيد بن أميلة بن جمعة المراغي المزي الدمشقي زين الدين (المتوفى: 778هـ)	ShamAY	27104	0.99848
		مشيخة الإمام أبي حفص عمر بن الحسن بن مزيد بن أميلة المراغي الحلبي المزي الدمشقي	أبو حفص عمر بن حسن بن مزيد بن أميلة بن جمعة المراغي المزي الدمشقي زين الدين (المتوفى: 778ه)	ShamelaY19	27104	0.99655
		كتاب الأربعين حديثا المتباينة الأسانيد للفاسي	تقي الدين أبي الطيب محمد بن أحمد الحسني الفاسي المكي	ShamAY	33674	0.93939
		الأربعون التيمية	تقي الدين أبو العباس أحمد بن عبد الحليم بن عبد السلام بن عبد الله بن أبي القاسم بن محمد ابن تيمية الحراني الحنبلي الدمشقي (المتوفى: 728هـ)	ShamAY	9370	0.92199
		جزء فيه حديثٌ من حديث أهل حردان	ثقة الدين، أبو القاسم علي بن الحسن بن هبة الله المعروف بابن عساكر (المتوفى: 571هـ)	ShamAY	1367	0.91035
		الفوائد المنتقاة المسماة بمشيخة الموصل لابن أبي الفهم - مخطوط (ن)	عبد الرحمن بن أبي الفهم عبد المنعم بن عبد الرحمن اليلداني الشافعي تقي الدين (المتوفى: 655هـ)	ShamAY	11026	0.90864
		جزء فيه حديث من حديث أهل حردان	ثقة الدين، أبو القاسم علي بن الحسن بن هبة الله المعروف بابن عساكر (المتوفى: 571ه)	ShamelaY19	26851	0.9084
		الأمر بالمعروف لعبد الغني المقدسي	عبد الغني بن عبد الواحد بن علي بن سرور المقدسي الجماعيلي الدمشقي الحنبلي، أبو محمد، تقي الدين (المتوفى: 600ه)	Sham19Y	9074	0.90455
		الأمر بالمعروف لعبد الغني المقدسي	عبد الغني بن عبد الواحد بن علي بن سرور المقدسي الجماعيلي الدمشقي الحنبلي، أبو محمد، تقي الدين (المتوفى: 600هـ)	ShamAY	1420	0.90425
		جزء فيه أحاديث شهر رمضان في فضل صيامه وقيامه	عبد الصمد بن عبد الوهاب بن أبي الحسن محمد بن هبة الله بن عبد الله بن الحسين أمين الدين أبو اليمن بن عساكر الدمشقي نزيل مكة (المتوفى: 686ه)	ShamelaY19	26723	0.90405
		جزء فيه أحاديث شهر رمضان في فضل صيامه وقيامه	عبد الصمد بن عبد الوهاب بن أبي الحسن محمد بن هبة الله بن عبد الله بن الحسين أمين الدين أبو اليمن بن عساكر الدمشقي نزيل مكة (المتوفى: 686هـ)	ShamAY	1354	0.89982
		أحاديث السفر لأبي اليمن	عبد الصمد بن عبد الوهاب بن أبي الحسن محمد بن هبة الله بن عبد الله بن الحسين أمين الدين أبو اليمن بن عساكر الدمشقي نزيل مكة (المتوفى: 686ه)	ShamelaY19	26669	0.89965
		إجازة الشمني لأبي سعيد السلاوي وولده	أبو شامل محمد بن محمد بن حسن الشمني التميمي الداري الإسكندراني المالكي (821 هـ)	ShamAY	33535	0.89935
		أحاديث السفر لأبي اليمن	عبد الصمد بن عبد الوهاب بن أبي الحسن محمد بن هبة الله بن عبد الله بن الحسين أمين الدين أبو اليمن بن عساكر الدمشقي نزيل مكة (المتوفى: 686هـ)	ShamAY	1338	0.89827
		الأربعون الكيلانية	عبد الرزاق بن عبد القادر الكيلاني، البغدادي، الحلبي، تاج الدين، أبو الفرج (المتوفى: 595هـ)	ShamAY	6439	0.89717
		الأمالي لمرتضى الزبيدي - مخطوط (ن)	محمّد بن محمّد بن عبد الرزّاق الحسيني، أبو الفيض، الملقّب بمرتضى، الزَّبيدي (المتوفى: 1205هـ)	ShamAY	10479	0.89589
		أحاديث منتقاة من سماعات ابن الشيخة	عبد الرحمن بن أحمد بن مبارك بن حماد بن تركي الغزي الشيخ الزاهد زين الدين أبو الفرج المعروف بابن الشيخة المصري الحسيني (المتوفى: 799هـ)	ShamAY	29805	0.89432
		أحاديث منتقاة من سماعات ابن الشيخة	عبد الرحمن بن أحمد بن مبارك بن حماد بن تركي الغزي الشيخ الزاهد زين الدين أبو الفرج المعروف بابن الشيخة المصري الحسيني (المتوفى: 799ه)	ShamelaY19	29805	0.89304
		مشيخة شرف الدين اليونيني	علي بن محمد بن أبي الحسين أحمد بن عبد الله بن عيسى بن أحمد بن محمد بن محمد الحافظ شرف الدين أبي الحسين اليونيني البعلي (المتوفى: 701ه)	ShamelaY19	26722	0.89286
		أحاديث ستة في معان ستة (مطبوع ضمن مجموع رسائل لابن ناصر الدين)	محمد بن عبد الله (أبي بكر) بن محمد ابن أحمد بن مجاهد القيسي الدمشقي الشافعي، شمس الدين، الشهير بابن ناصر الدين (المتوفى: 842هـ)	ShamAY	9353	0.89198
		مشيخة شرف الدين اليونيني	علي بن محمد بن أبي الحسين أحمد بن عبد الله بن عيسى بن أحمد بن محمد بن محمد الحافظ شرف الدين أبي الحسين اليونيني البعلي (المتوفى: 701هـ)	ShamAY	26722	0.89142
		مشيخة الشيخ الأجل أبي عبد الله محمد الرازي، وبذيله ثلاث حكايات غريبة	صدر الدين، أبو طاهر السلفي أحمد بن محمد بن أحمد بن محمد بن إبراهيم سلفه الأصبهاني (المتوفى: 576ه)	Sham19Y	5728	0.89117
		تاريخ بغداد أو مدينة السّلام [ج ٩]	أبي بكر أحمد بن علي الخطيب البغدادي	Rafed	2887	0.89021
		مشيخة الشيخ الأجل أبي عبد الله محمد الرازي، وبذيله ثلاث حكايات غريبة	صدر الدين، أبو طاهر السِّلَفي أحمد بن محمد بن أحمد بن محمد بن إبراهيم سِلَفَه الأصبهاني (المتوفى: 576هـ)	ShamAY	5728	0.8899
		الأربعون من عوالي المجيزين	أبو بكر بن الحسين بن عمر، القرشي العبشمي الأموي العثماني، زين الدين، وكنيته أبو محمد ويقال اسمه (عبد الله) والمشهور (أبو بكر) المصري الشافعي المراغي (المتوفى: 816هـ)	ShamAY	9375	0.88961
		أحاديث ستة في معان ستة (مطبوع ضمن مجموع رسائل لابن ناصر الدين)	محمد بن عبد الله (أبي بكر) بن محمد ابن أحمد بن مجاهد القيسي الدمشقي الشافعي، شمس الدين، الشهير بابن ناصر الدين (المتوفى: 842ه)	Sham19Y	9353	0.88924
		تاريخ بغداد أو مدينة السّلام [ج ١٤]	أبي بكر أحمد بن علي الخطيب البغدادي	Rafed	2899	0.88839
		أسانيد الكتب الستة وغيرها لابن ناصر الدين	ابن ناصر الدين (842 هـ)	ShamAY	33543	0.88828
		الأول من معجم شيوخ الدمياطي	عبد المؤمن بن خلف الدمياطيّ، أبو محمد، شرف الدين الشافعي (المتوفى: 705هـ)	ShamAY	30594	0.88817
		أربعون حديثا عن أربعين شيخا عن أربعين صحابيا	عبد الخالق بن زاهر بن طاهر الشحامي	ShamAY	33549	0.88635
		بغية الطلب في تاريخ حلب [ج ٩]	كمال الدّين عمر بن أحمد بن أبي جرادة الحلبي [ ابن العديم ]	Rafed	2150	0.88598
		الأربعون العشارية السامية مما وقع لشيخنا من الأخبار العالية	أبو الفضل زين الدين عبد الرحيم بن الحسين بن عبد الرحمن بن أبي بكر بن إبراهيم العراقي (المتوفى: 806ه)	Sham19Y	5715	0.88582
		تاريخ بغداد أو مدينة السّلام [ج ١٠]	أبي بكر أحمد بن علي الخطيب البغدادي	Rafed	2890	0.88564
		تاريخ مدينة دمشق [ج ١١]	أبي القاسم علي بن الحسن ابن هبة الله بن عبد الله الشافعي [ ابن عساكر ]	Rafed	1779	0.88555
		أحاديث موافقات وأبدال منتخبة من مسموعات إبراهيم بن علي الطرسوسي مخرَّجة عن تسعة عشر شيخا من شيوخه - مخطوط	أبو إسحاق إبراهيم بن علي بن أحمد بن عبد الواحد الطرسوسي	ShamAY	38086	0.88529
		الأربعون على الطبقات لعلي بن المفضل المقدسي	شَرَفُ الدِّيْنِ، عَلِيُّ بنُ المُفَضَّلِ بنِ عَلِيِّ بنِ مُفَرِّجِ بنِ حَاتِمِ بنِ حَسَنِ بنِ جَعْفَرٍ المَقْدِسِيُّ (المتوفى: 611هـ)	ShamAY	26726	0.88513
		 بغية الطلب في تاريخ حلب 	 عمر بن أحمد العقيلي الحلبي ( ابن العديم ) 	ABLibrary	818	0.88498
		الأربعون العشارية السامية مما وقع لشيخنا من الأخبار العالية	أبو الفضل زين الدين عبد الرحيم بن الحسين بن عبد الرحمن بن أبي بكر بن إبراهيم العراقي (المتوفى: 806هـ)	ShamAY	5715	0.88495
		الأول من معجم شيوخ الدمياطي	عبد المؤمن بن خلف الدمياطي، أبو محمد، شرف الدين الشافعي (المتوفى: 705ه)	ShamelaY19	30594	0.88493
		تاريخ بغداد أو مدينة السّلام [ج ١٣]	أبي بكر أحمد بن علي الخطيب البغدادي	Rafed	2894	0.88325
		الأربعون على الطبقات لعلي بن المفضل المقدسي	شرف الدين، علي بن المفضل بن علي بن مفرج بن حاتم بن حسن بن جعفر المقدسي (المتوفى: 611ه)	ShamelaY19	26726	0.88278
		كتاب الأربعين في الجهاد والمجاهدين	عفيف الدين أبو الفرج، محمد بن عبد الرحمن بن أبي العز الواسطي السَفَّار المقرىء (المتوفى: 618هـ)	ShamAY	9374	0.88217
		مدح التواضع لابن عساكر	ثقة الدين، أبو القاسم علي بن الحسن بن هبة الله المعروف بابن عساكر (المتوفى: 571هـ)	ShamAY	1302	0.88195
		تاريخ بغداد أو مدينة السّلام [ج ١١]	أبي بكر أحمد بن علي الخطيب البغدادي	Rafed	2892	0.88019
		ذم ذي الوجهين واللسانين لابن عساكر	ثقة الدين، أبو القاسم علي بن الحسن بن هبة الله المعروف بابن عساكر (المتوفى: 571هـ)	ShamAY	26467	0.8796
		مشيخة أبي المنجى ابن اللتي	أَبُو المُنَجَّى عَبْدُ اللهِ بنُ عُمَرَ بنِ عَلِيِّ بنِ زَيْدٍ، ابنُ اللَّتِّيِّ البَغْدَادِيُّ، الحَرِيْمِيُّ، الطَّاهِرِيُّ، القَزَّاز (المتوفى: 635هـ)	ShamAY	26857	0.87956
		تاريخ بغداد أو مدينة السّلام [ج ٧]	أبي بكر أحمد بن علي الخطيب البغدادي	Rafed	2717	0.87952
		الثاني من معجم شيوخ الدمياطي	عبد المؤمن بن خلف الدمياطيّ، أبو محمد، شرف الدين الشافعي (المتوفى: 705هـ)	ShamAY	30620	0.87929
		الأباطيل والمناكير والصحاح والمشاهير	الحسين بن إبراهيم بن الحسين بن جعفر، أبو عبد الله الهمذاني الجورقاني (المتوفى: 543هـ)	ShamAY	9642	0.87874
		 بغية الطلب في تاريخ حلب 	 عمر بن أحمد العقيلي الحلبي ( ابن العديم ) 	ABLibrary	813	0.8786
		تساعيات ابن العطار	أبو الحسن على بن إبراهيم بن داود الدمشقي الشافعي الشهير بابن العطار	ShamAY	33569	0.87853
		كتاب الأربعين في فضل الدعاء والداعين - ط جامعة الملك سعود	الواحدي :: المقدسي، علي بن المفضل	ShamAY	33699	0.87794
		ذكر النار لعبد الغني المقدسي	عبد الغني بن عبد الواحد بن علي بن سرور المقدسي الجماعيلي الدمشقي الحنبلي، أبو محمد، تقي الدين (المتوفى: 600ه)	Sham19Y	12736	0.87735
		بغية الطلب في تاريخ حلب [ج ٤]	كمال الدّين عمر بن أحمد بن أبي جرادة الحلبي [ ابن العديم ]	Rafed	2139	0.87718
		ذكر النار لعبد الغني المقدسي	عبد الغني بن عبد الواحد بن علي بن سرور المقدسي الجماعيلي الدمشقي الحنبلي، أبو محمد، تقي الدين (المتوفى: 600هـ)	ShamAY	1295	0.87629
		ذكر الإمام أبي عبد الله بن منده	محمد بن عمر بن أحمد بن عمر بن محمد الأصبهاني المديني، أبو موسى (المتوفى: 581هـ)	ShamAY	9523	0.87582
		الثاني من معجم شيوخ الدمياطي	عبد المؤمن بن خلف الدمياطي، أبو محمد، شرف الدين الشافعي (المتوفى: 705ه)	ShamelaY19	30620	0.87568
		مشيخة أبي المنجى ابن اللتي	أبو المنجى عبد الله بن عمر بن علي بن زيد، ابن اللتي البغدادي، الحريمي، الطاهري، القزاز (المتوفى: 635ه)	ShamelaY19	26857	0.87544
		إسناد صحيح البخاري لابن ناصر الدين	ابن ناصر الدين (842 هـ)	ShamAY	33544	0.87503
		ذم الكلام وأهله - ط الغرباء	أبو إسماعيل الهروي (481 هـ)	ShamAY	33886	0.87496
		تالي تلخيص المتشابه	أبو بكر أحمد بن علي بن ثابت بن أحمد بن مهدي الخطيب البغدادي (المتوفى: 463هـ)	ShamAY	6003	0.87465
		 بغية الطلب في تاريخ حلب 	 عمر بن أحمد العقيلي الحلبي ( ابن العديم ) 	ABLibrary	812	0.87416
		بغية الطلب في تاريخ حلب [ج ٣]	كمال الدّين عمر بن أحمد بن أبي جرادة الحلبي [ ابن العديم ]	Rafed	2138	0.87414
		العوالي لشمس الدين الجزري - مخطوط (ن)	شمس الدين أبو الخير ابن الجزري، محمد بن محمد بن يوسف (المتوفى: 833ه)	Sham19Y	10831	0.87306
		تاريخ بغداد أو مدينة السّلام [ج ٣]	أبي بكر أحمد بن علي الخطيب البغدادي	Rafed	2330	0.87261
		ذم الكلام وأهله	أبو إسماعيل عبد الله بن محمد بن علي الأنصاري الهروي (المتوفى: 481هـ)	ShamAY	1427	0.87239
		مناقب الإمام أحمد	جمال الدين أبو الفرج عبد الرحمن بن علي بن محمد الجوزي (المتوفى: 597هـ)	ShamAY	31768	0.87159
		ذم ذي الوجهين واللسانين لابن عساكر	ثقة الدين، أبو القاسم علي بن الحسن بن هبة الله المعروف بابن عساكر (المتوفى: 571ه)	ShamelaY19	26467	0.87143
		العوالي لشمس الدين الجزري - مخطوط (ن)	شمس الدين أبو الخير ابن الجزري، محمد بن محمد بن يوسف (المتوفى: 833هـ)	ShamAY	10831	0.87119
		التوبة لابن عساكر	ثقة الدين، أبو القاسم علي بن الحسن بن هبة الله المعروف بابن عساكر (المتوفى: 571هـ)	ShamAY	1322	0.87017
		ذم ذي الوجهين واللسانين لابن عساكر	ثقة الدين، أبو القاسم علي بن الحسن بن هبة الله المعروف بابن عساكر (المتوفى: 571ه)	Sham19Y	26467	0.86975
		المتحابين في الله	أبو محمد موفق الدين عبد الله بن أحمد بن محمد بن قدامة الجماعيلي المقدسي ثم الدمشقي الحنبلي، الشهير بابن قدامة المقدسي (المتوفى: 620هـ)	ShamAY	6763	0.86708
		تقييد العلم للخطيب البغدادي	أبو بكر أحمد بن علي بن ثابت بن أحمد بن مهدي الخطيب البغدادي (المتوفى: 463هـ)	ShamAY	13089	0.86688
		تقييد العلم للخطيب البغدادي	أبو بكر أحمد بن علي بن ثابت بن أحمد بن مهدي الخطيب البغدادي (المتوفى: 463ه)	Sham19Y	13089	0.86688
		من عوالي الشيخات الست للبرزالي	القاسم بن محمد البرزالي الدمشقي	ShamAY	33673	0.86649
		 بغية الطلب في تاريخ حلب 	 عمر بن أحمد العقيلي الحلبي ( ابن العديم ) 	ABLibrary	817	0.86647
		بغية الطلب في تاريخ حلب [ج ٨]	كمال الدّين عمر بن أحمد بن أبي جرادة الحلبي [ ابن العديم ]	Rafed	2149	0.86601
		 بغية الطلب في تاريخ حلب 	 عمر بن أحمد العقيلي الحلبي ( ابن العديم ) 	ABLibrary	811	0.86494
		التوبة لابن عساكر	ثقة الدين، أبو القاسم علي بن الحسن بن هبة الله المعروف بابن عساكر (المتوفى: 571ه)	ShamelaY19	26465	0.8639
		كتاب الأربعين في فضل الدعاء والداعين	شرف الدين، علي بن المفضل بن علي بن مفرج بن حاتم بن حسن بن جعفر المقدسي (المتوفى: 611ه)	ShamelaY19	29639	0.86225
		طبقات الشافعية الكبرى للسبكي	تاج الدين عبد الوهاب بن تقي الدين السبكي (المتوفى: 771هـ)	ShamAY	6739	0.86163
		تاريخ بغداد أو مدينة السّلام [ج ٦]	أبي بكر أحمد بن علي الخطيب البغدادي	Rafed	2714	0.8615
		نزهة الناظر في ذكر من حدث عن أبي القاسم البغوي من الحفاظ والأكابر	يحيى بن علي بن عبد الله بن علي بن مفرج، أبو الحسين، رشيد الدين القرشي الاموي النابلسي ثم المصري، المعروف بالرشيد العطار (المتوفى: 662ه)	ShamelaY19	26428	0.86092
		تاريخ بغداد أو مدينة السّلام [ج ١٢]	أبي بكر أحمد بن علي الخطيب البغدادي	Rafed	2893	0.86085
		المعجم لعبد الخالق بن أسد الحنفي	عبد الخالق بن أسد بن ثابت، الفقيه أبو محمد الدمشقي الحنفي المحدث الأطرابلسي الأصل (المتوفى: 564ه)	ShamelaY19	123581	0.86047
		كتاب الأربعين في فضل الدعاء والداعين	شَرَفُ الدِّيْنِ، عَلِيُّ بنُ المُفَضَّلِ بنِ عَلِيِّ بنِ مُفَرِّجِ بنِ حَاتِمِ بنِ حَسَنِ بنِ جَعْفَرٍ المَقْدِسِيُّ (المتوفى: 611هـ)	ShamAY	29639	0.86016
		بغية الطلب في تاريخ حلب [ج ٧]	كمال الدّين عمر بن أحمد بن أبي جرادة الحلبي [ ابن العديم ]	Rafed	2146	0.86009
		 بغية الطلب في تاريخ حلب 	 عمر بن أحمد العقيلي الحلبي ( ابن العديم ) 	ABLibrary	815	0.86001
		معجم الشيوخ للسبكي	تاج الدين عبد الوهاب بن تقي الدين السبكي (المتوفى: 771هـ)	ShamAY	26389	0.85959
		معجم الشيوخ للسبكي	تاج الدين عبد الوهاب بن تقي الدين السبكي (المتوفى: 771ه)	ShamelaY19	26389	0.85957
		المتفق والمفترق	أبو بكر أحمد بن علي بن ثابت الخطيب البغدادي (المتوفى: 463هـ)	ShamAY	9076	0.85928
		موضح أوهام الجمع والتفريق	أبو بكر أحمد بن علي بن ثابت بن أحمد بن مهدي الخطيب البغدادي (المتوفى: 463هـ)	ShamAY	6025	0.85912
		مشيخة السهروردي	عمر بن محمد بن عبد الله ابن عمويه، أبو حفص شهاب الدين القرشي التيمي البكري السُّهْرَوَرْدي (المتوفى: 632هـ)	ShamAY	26473	0.85888
		نزهة الناظر في ذكر من حدث عن أبي القاسم البغوي من الحفاظ والأكابر	يحيى بن علي بن عبد الله بن علي بن مفرج، أبو الحسين، رشيد الدين القرشي الاموي النابلسي ثم المصري، المعروف بالرشيد العطار (المتوفى: 662هـ)	ShamAY	26428	0.85873
		فوائد ابن جماعة	أبو عبد الله، محمد بن إبراهيم بن سعد الله بن جماعة الكناني الحموي الشافعي، بدر الدين (المتوفى: 733ه)	ShamelaY19	29802	0.85854
		تاريخ بغداد أو مدينة السّلام [ج ٨]	أبي بكر أحمد بن علي الخطيب البغدادي	Rafed	2718	0.85795
		عرف العنبر في وصف المنبر (مطبوع ضمن مجموع رسائل لابن ناصر الدين)	محمد بن عبد الله (أبي بكر) بن محمد ابن أحمد بن مجاهد القيسي الدمشقي الشافعي، شمس الدين، الشهير بابن ناصر الدين (المتوفى: 842هـ)	ShamAY	9539	0.85765
		المدخل إلى علم السنن للبيهقي ت عوامة	أبو بكر أحمد بن الحسين البيهقي (384 ه - 458 ه)	ShamelaY19	39268	0.85746
		محجة القرب إلى محبة العرب للعراقي	زين الدين أبو الفضل عبد الرحيم بن الحسين العراقي (806 هـ)	ShamAY	33590	0.85722
		المنتخب من أمالي ابن حجر من تخريج مختصر ابن الحاجب-مخطوط (ن)	أبو الفضل أحمد بن علي بن محمد بن أحمد بن حجر العسقلاني (المتوفى: 852هـ)	ShamAY	11118	0.85714
		 بغية الطلب في تاريخ حلب 	 عمر بن أحمد العقيلي الحلبي ( ابن العديم ) 	ABLibrary	816	0.85714
		جزء فيه مصافحات الإمام مسلم والإمام النسائي	عبد المؤمن بن خلف الدمياطي، أبو محمد، شرف الدين الشافعي (المتوفى: 705ه)	ShamelaY19	26565	0.85569
		ترجمة الإمام الحسين(ع)	ابن عديم‏	Masaha	1955	0.85569
		المنتخب من أمالي ابن حجر من تخريج مختصر ابن الحاجب-مخطوط (ن)	أبو الفضل أحمد بن علي بن محمد بن أحمد بن حجر العسقلاني (المتوفى: 852ه)	Sham19Y	11118	0.85554
		بغية الطلب في تاريخ حلب [ج ٦]	كمال الدّين عمر بن أحمد بن أبي جرادة الحلبي [ ابن العديم ]	Rafed	2141	0.85532
		فوائد ابن جماعة	أبو عبد الله، محمد بن إبراهيم بن سعد الله بن جماعة الكناني الحموي الشافعي، بدر الدين (المتوفى: 733هـ)	ShamAY	29802	0.85415
		كفاية الطالب في مناقب علي بن أبي طالب‏	محمد بن همام الاسكافي	Masaha	2473	0.85407
		جزء فيه مصافحات الإمام مسلم والإمام النسائي	عبد المؤمن بن خلف الدمياطيّ، أبو محمد، شرف الدين الشافعي (المتوفى: 705هـ)	ShamAY	26565	0.85395
		بغية الطلب في تاريخ حلب [ج ٢]	كمال الدّين عمر بن أحمد بن أبي جرادة الحلبي [ ابن العديم ]	Rafed	2137	0.85355
		جزء منتقى من حديث الحافظ العراقي	ولي الدين أبو زرعة أحمد بن عبد الرحيم العراقي	ShamAY	35240	0.85282
		السنن الكبرى وفي ذيله الجوهر النقي - ط دائرة المعارف	أحمد بن الحسين بن علي بن موسى الخُسْرَوْجِردي الخراساني، أبو بكر البيهقي	ShamAY	33909	0.85107
		كتاب الأربعين عن المشايخ الأربعين والأربعين صحابيا وصحابية رضي الله عنهم	رضي الدين، أبو الحسن المؤيد بن محمد بن علي بن حسن بن محمد بن أبي صالح الطوسي، ثم النيسابوري (المتوفى: 617ه)	ShamelaY19	26490	0.84926
		الفوائد المنتقاة والغرائب الحسان عن الشيوخ الكوفيين للصوري	محمد بن علي الصوري	ShamAY	5693	0.84808
		مشيخة السهروردي	عمر بن محمد بن عبد الله ابن عمويه، أبو حفص شهاب الدين القرشي التيمي البكري السهروردي (المتوفى: 632ه)	ShamelaY19	26473	0.84804
		الكامل في ضعفاء الرجال - الفكر	عبدالله بن عدي بن عبدالله بن محمد أبو أحمد الجرجاني	ShamAY	34613	0.84756
		الأربعون في شيوخ الصوفية للماليني	أبو سعد أحمد بن محمد بن أحمد بن عبد الله بن حفص بن خليل الأنصاري الهروي الماليني (المتوفى: 412هـ)	ShamAY	8247	0.84751
		مشيخة أبي طاهر ابن أبي الصقر (مطبوع مع معجم مشايخ أبي عبد الله بن عبد الواحد الدقاق ومجلس إملاء في رؤية الله تبارك وتعالى)	أَبُو طَاهِرٍ مُحَمَّدُ بنُ أَحْمَدَ بنِ مُحَمَّدِ بنِ إِسْمَاعِيْلَ بنِ أَبِي الصَّقْرِ اللَّخْمِيُّ الأَنْبَارِيُّ (المتوفى: 476هـ)	ShamAY	5725	0.84744
		صفة الجنة للضياء المقدسي (الجزء الثالث من النسخة المسندة)	ضياء الدين أبي عبد الله محمد بن عبد الواحد المقدسي	ShamAY	33690	0.84736
		رفع شان الحبشان للسيوطي	الواحدي :: السيوطي	ShamAY	33660	0.8461
		المشيخة البغدادية للأموي ت عامر صبري	رشيد الدين، أبو العباس أحمد بن المفرج بن علي بن عبد العزيز بن مسلمة الدمشقي (المتوفى: 650ه)	Sham19Y	26471	0.84574
		المشيخة البغدادية للأموي ت عامر صبري	رَشِيدُ الدِّيْنِ، أَبُو العَبَّاسِ أَحْمَدُ بنُ المُفَرّج بن عَلِيِّ بنِ عَبْدِ العَزِيْزِ بنِ مَسْلَمَةَ الدِّمَشْقِيُّ (المتوفى: 650هـ)	ShamAY	26471	0.84498
		الكامل في ضعفاء الرجال	أبو أحمد بن عدي الجرجاني (المتوفى: 365ه)	Sham19Y	12579	0.84448
		الكامل في ضعفاء الرجال	أبو أحمد بن عدي الجرجاني (المتوفى: 365هـ)	ShamAY	12579	0.84405
		الحادي عشر من الخلعيات	علي بن الحسن بن الحسين بن محمد، أبو الحسن الخلعي الشافعي (المتوفى: 492ه)	Sham19Y	30500	0.84357
		من أمالي أبي سعد عبد الرحمن بن حمدان النصرويي - مخطوط		ShamAY	32799	0.84351
		المشيخة البغدادية للأموي ت بشار	رَشِيدُ الدِّيْنِ، أَبُو العَبَّاسِ أَحْمَدُ بنُ المُفَرّج بن عَلِيِّ بنِ عَبْدِ العَزِيْزِ بنِ مَسْلَمَةَ الدِّمَشْقِيُّ (المتوفى: 650هـ)	ShamAY	9389	0.84335
		جزء فيه مجلس من حديث الإمام أبي الحسن علي بن إبراهيم بن داود بن العطار الشافعي	علي بن إبراهيم بن داود بن سلمان بن سليمان، أبو الحسن، علاء الدين ابن العطار (المتوفى: 724ه)	ShamelaY19	27101	0.84323
		تاريخ بغداد أو مدينة السّلام [ج ٥]	أبي بكر أحمد بن علي الخطيب البغدادي	Rafed	2713	0.84235
		الحادي عشر من الخلعيات	علي بن الحسن بن الحسين بن محمد، أبو الحسن الخلعي الشافعي (المتوفى: 492ه)	ShamelaY19	30500	0.84223
		حديث أبي الحسين بن العالي	أبو الحسين العالي، أحمد بن محمد بن منصور العالي البوشنجي (المتوفى: 419ه)	ShamelaY19	29749	0.84222
		المدخل إلى علم السنن للبيهقي ت عوامة	أبو بكر أحمد بن الحسين البيهقي (384 ه - 458 ه)	Sham19Y	39268	0.84191
		الحادي عشر من الخلعيات	علي بن الحسن بن الحسين بن محمد، أبو الحسن الخِلَعي الشافعيّ (المتوفى: 492هـ)	ShamAY	30500	0.84185
		 بغية الطلب في تاريخ حلب 	 عمر بن أحمد العقيلي الحلبي ( ابن العديم ) 	ABLibrary	814	0.84153
		جزء فيه مجلس من حديث الإمام أبي الحسن علي بن إبراهيم بن داود بن العطار الشافعي	علي بن إبراهيم بن داود بن سلمان بن سليمان، أبو الحسن، علاء الدين ابن العطار (المتوفى: 724هـ)	ShamAY	27101	0.8415
		المحنة على الإمام أحمد لعبد الغني المقدسي	عبد الغني المقدسي (600 هـ)	ShamAY	34574	0.84113
		السنن الكبرى للبيهقي ت التركي	أبو بكر أحمد بن الحسين بن علي البيهقي (384 - 458 ه)	ShamelaY19	148486	0.84092
		الأسامي والكنى لأبي أحمد الحاكم	الحاكم، أبو أحمد	ShamAY	34585	0.84066
		بغية الطلب في تاريخ حلب [ج ٥]	كمال الدّين عمر بن أحمد بن أبي جرادة الحلبي [ ابن العديم ]	Rafed	2140	0.84051
		كتاب الأربعين عن المشايخ الأربعين والأربعين صحابيا وصحابية رضي الله عنهم	رَضِيُّ الدِّيْنِ، أَبُو الحَسَنِ المُؤَيَّدُ بنُ مُحَمَّدِ بنِ عَلِيِّ بنِ حَسَنِ بنِ مُحَمَّدِ بنِ أَبِي صَالِحٍ الطُّوْسِيُّ، ثُمَّ النَّيْسَابُوْرِيُّ (المتوفى: 617هـ)	ShamAY	26490	0.84004
		اختصاص القرآن بعوده إلى الرحيم الرحمن	ضياء الدين أبو عبد الله محمد بن عبد الواحد المقدسي (المتوفى: 643هـ)	ShamAY	6404	0.83868
		إختصاص القرآن بعوده الى الرحمن الرحيم	أبو عبدالله محمد بن عبدالواحد بن أحمد بن عبدالرحمن بن إسماعيل السعدي	ShamAY	34081	0.83858
		المشيخة البغدادية للأموي ت عامر صبري	رشيد الدين، أبو العباس أحمد بن المفرج بن علي بن عبد العزيز بن مسلمة الدمشقي (المتوفى: 650ه)	ShamelaY19	26471	0.83776
		من عوالي الضياء المقدسي تخريجه من الموافقات في مشايخ أحمد	ضياء الدين أبو عبد الله محمد بن عبد الواحد المقدسي (المتوفى: 643ه)	Sham19Y	30134	0.83769
		من عوالي الضياء المقدسي تخريجه من الموافقات في مشايخ أحمد	ضياء الدين أبو عبد الله محمد بن عبد الواحد المقدسي (المتوفى: 643هـ)	ShamAY	30134	0.83613
		الأمالي السفرية الحلبية	أبو الفضل أحمد بن علي بن محمد بن أحمد بن حجر العسقلاني (المتوفى: 852هـ)	ShamAY	9377	0.83612
		عوالي مالك رواية زاهر بن طاهر الشحامي	زاهر بن طاهر بن محمد الشحامي، أبو القاسم (المتوفى: 533ه)	ShamelaY19	26654	0.83496
		كتاب الأربعين في فضل الرحمة والراحمين لابن طولون الصالحي	شمس الدين محمد بن علي بن خمارويه بن طولون الدمشقي الصالحي الحنفي (المتوفى: 953ه)	Sham19Y	9826	0.83492
		معجم مشايخ محمد بن عبد الواحد الدقاق	أَبُو عَبْدِ اللهِ مُحَمَّدُ بنُ عَبْدِ الوَاحِدِ بنِ مُحَمَّدٍ الأَصْبَهَانِيّ، الدَّقَّاق (المتوفى: 516هـ)	ShamAY	9622	0.83476
		الثاني عشر من الخلعيات	علي بن الحسن بن الحسين بن محمد، أبو الحسن الخلعي الشافعي (المتوفى: 492ه)	ShamelaY19	30487	0.83436
		من عوالي الضياء المقدسي تخريجه من الموافقات في مشايخ أحمد	ضياء الدين أبو عبد الله محمد بن عبد الواحد المقدسي (المتوفى: 643ه)	ShamelaY19	30134	0.83434
		الثاني عشر من الخلعيات	علي بن الحسن بن الحسين بن محمد، أبو الحسن الخِلَعي الشافعيّ (المتوفى: 492هـ)	ShamAY	30487	0.83424
		شواهد التنزيل	ابوالقاسم عبيدالله بن عبدالله حاكم حسكاني	Ghbook	2642	0.83351
		عوالي مالك رواية زاهر بن طاهر الشحامي	زاهر بن طاهر بْنُ مُحَمَّدِ الشحّامي، أبو القاسم (المتوفى: 533هـ)	ShamAY	1331	0.83325
		البيان في أخبار صاحب الزمان‏	محمد بن يوسف الگنجي الشافعي‏	Masaha	1920	0.83322
		الأربعين من الأحاديث النبوية عن أربعين من مشائخ الإسلام مروية - مخطوط	أحمد بن أبي بكر بن علي بن إسماعيل الحموي، ابن الرسام (المتوفى: 844ه)	Sham19Y	13129	0.83269
		السابع عشر من الخلعيات	علي بن الحسن بن الحسين بن محمد، أبو الحسن الخلعي الشافعي (المتوفى: 492ه)	Sham19Y	30506	0.83251
		كتاب الأربعين في فضل الرحمة والراحمين لابن طولون الصالحي	شمس الدين محمد بن علي بن خمارويه بن طولون الدمشقي الصالحي الحنفي (المتوفى: 953هـ)	ShamAY	9826	0.83226
		العوالي والحسان لعبد الخالق بن فيروز الجوهري - مخطوط	أبو المظفر عبد الخالق بن فيروز الجوهري	ShamAY	32971	0.83173
		السابع عشر من الخلعيات	علي بن الحسن بن الحسين بن محمد، أبو الحسن الخلعي الشافعي (المتوفى: 492ه)	ShamelaY19	30506	0.83129
		الأربعين من الأحاديث النبوية عن أربعين من مشائخ الإسلام مروية - مخطوط	أحمد بن أبي بكر بن علي بن إسماعيل الحموي، ابن الرَّسَّام (المتوفى: 844هـ)	ShamAY	13129	0.8309
		السادس عشر من الخلعيات	علي بن الحسن بن الحسين بن محمد، أبو الحسن الخلعي الشافعي (المتوفى: 492ه)	ShamelaY19	30515	0.83066
		الاعتبار في الناسخ والمنسوخ من الآثار	الحازمي	ShamelaY19	22868	0.83057
		الرابع من الخلعيات	علي بن الحسن بن الحسين بن محمد، أبو الحسن الخِلَعي الشافعيّ (المتوفى: 492هـ)	ShamAY	30505	0.83054
		السابع من الخلعيات	علي بن الحسن بن الحسين بن محمد، أبو الحسن الخلعي الشافعي (المتوفى: 492ه)	Sham19Y	30507	0.83034
		المجلس السابع والأربعون في فضل شعبان من أمالي ابن عساكر - مخطوط	أبو القاسم علي بن الحسن بن هبة الله بن عساكر	ShamAY	32907	0.83025
		السابع عشر من الخلعيات	علي بن الحسن بن الحسين بن محمد، أبو الحسن الخِلَعي الشافعيّ (المتوفى: 492هـ)	ShamAY	30506	0.83013
		الاعتبار في الناسخ والمنسوخ من الآثار	أبو بكر محمد بن موسى بن عثمان الحازمي الهمداني، زين الدين (المتوفى : 584هـ)	ShamAY	22868	0.82998
		المستخرج من كتب الناس للتذكرة والمستطرف من أحوال الرجال للمعرفة	عبد الرحمن بن محمد بن إسحاق، ابن مندة العبدي الأصبهاني، أبو القاسم (المتوفى: 470ه)	ShamelaY19	122397	0.82995
		الرابع من الخلعيات	علي بن الحسن بن الحسين بن محمد، أبو الحسن الخلعي الشافعي (المتوفى: 492ه)	ShamelaY19	30505	0.82941
		السابع من الخلعيات	علي بن الحسن بن الحسين بن محمد، أبو الحسن الخلعي الشافعي (المتوفى: 492ه)	ShamelaY19	30507	0.8291
		مناقب أمير المؤمنين علي بن أبي طالب رضي الله عنه	علي بن محمد بن محمد بن الطيب بن أبي يعلى بن الجلابي، أبو الحسن الواسطي المالكي، المعروف بابن المغازلي (المتوفى: 483هـ)	ShamAY	79	0.8288
		معجم الشيوخ لابن جميع الصيداوي	أبو الحسين محمد بن أحمد بن عبد الرحمن بن يحيى بن جُمَيْع الغساني الصيداوي (المتوفى: 402هـ)	ShamAY	13177	0.82873
		مناقب أمير المؤمنين علي بن أبي طالب رضي الله عنه	علي بن محمد بن محمد بن الطيب بن أبي يعلى بن الجلابي، أبو الحسن الواسطي المالكي، المعروف بابن المغازلي (المتوفى: 483ه)	ShamelaY19	26456	0.82864
		مناقب أهل البيت(ع)	ابن المغازلي الواسطي	Masaha	3295	0.82854
		تاريخ بغداد أو مدينة السّلام [ج ١٥]	أبي عبد الله محمّد بن سعيد بن الدبيثي	Rafed	2900	0.8283
		الرابع عشر من الخلعيات	علي بن الحسن بن الحسين بن محمد، أبو الحسن الخلعي الشافعي (المتوفى: 492ه)	ShamelaY19	30504	0.82819
		السابع من الخلعيات	علي بن الحسن بن الحسين بن محمد، أبو الحسن الخِلَعي الشافعيّ (المتوفى: 492هـ)	ShamAY	30507	0.82801
		تاريخ بغداد أو مدينة السّلام [ج ٤]	أبي بكر أحمد بن علي الخطيب البغدادي	Rafed	2332	0.82772
		جزء يشتمل على ثمانية وخمسين حديثا وعلى أثر وعلى موعظة	الحسن بن عمر بن عيسى بن خليل بن إبراهيم الدمشقي الفراش البكاري أبو علي وأبو محمد المعروف بالكردي (المتوفى: 720ه)	ShamelaY19	27085	0.82761
		مناقب الأسد الغالب ممزق الكتائب ومظهر العجائب ليث بن غالب أمير المؤمنين أبي الحسن علي بن أبي طالب رضي الله عنه	شمس الدين أبو الخير ابن الجزري، محمد بن محمد بن يوسف (المتوفى: 833ه)	Sham19Y	12752	0.82725
		مناقب الأسد الغالب مُمزق الكتائب ومُظهر العجائب ليث بن غالب أمير المؤمنين أبي الحسن علي بن أبي طالب رضي الله عنه	شمس الدين أبو الخير ابن الجزري، محمد بن محمد بن يوسف (المتوفى: 833هـ)	ShamAY	12752	0.82705
		فوائد حسان للسلفي بانتقاء الرهاوي	أبو طاهر السلفي (576 هـ)	ShamAY	33583	0.82692
		التاسع عشر من الخلعيات	علي بن الحسن بن الحسين بن محمد، أبو الحسن الخلعي الشافعي (المتوفى: 492ه)	Sham19Y	30479	0.82688
		فضل يوم عرفة لابن عساكر	ثقة الدين، أبو القاسم علي بن الحسن بن هبة الله المعروف بابن عساكر (المتوفى: 571هـ)	ShamAY	1324	0.82637
		تاريخ مدينة دمشق [ج ٥٤]	أبي القاسم علي بن الحسن ابن هبة الله بن عبد الله الشافعي [ ابن عساكر ]	Rafed	2410	0.82598
		التاسع عشر من الخلعيات	علي بن الحسن بن الحسين بن محمد، أبو الحسن الخلعي الشافعي (المتوفى: 492ه)	ShamelaY19	30479	0.82548
		السادس عشر من الخلعيات	علي بن الحسن بن الحسين بن محمد، أبو الحسن الخلعي الشافعي (المتوفى: 492ه)	Sham19Y	30515	0.82533
		العشرون من الخلعيات	علي بن الحسن بن الحسين بن محمد، أبو الحسن الخلعي الشافعي (المتوفى: 492ه)	ShamelaY19	30519	0.82508
		التاسع عشر من الخلعيات	علي بن الحسن بن الحسين بن محمد، أبو الحسن الخِلَعي الشافعيّ (المتوفى: 492هـ)	ShamAY	30479	0.82494
		الإعلام بفضل الصلاة على النبي صلى الله عليه وسلم والسلام للنميري	محمد بن عبد الرحمن بن علي النميري (544 هـ)	ShamAY	33626	0.82483
		فتيا وجوابها في ذكر الاعتقاد وذم الاختلاف	الحسن بن أحمد بن الحسن بن أحمد بن محمد بن سهل أبو العلاء العطار الهمذاني (المتوفى: 596هـ)	ShamAY	6429	0.82468
		جزء أحاديث الشعر	عبد الغني بن عبد الواحد بن علي بن سرور المقدسي الجماعيلي الدمشقي الحنبلي، أبو محمد، تقي الدين (المتوفى: 600هـ)	ShamAY	6900	0.82398
		حديث أبي الحسين بن العالي	أبو الحسين العالي، أحمد بن محمد بن منصور العالي البوشنجي (المتوفى: 419هـ)	ShamAY	29749	0.82379
		السادس عشر من الخلعيات	علي بن الحسن بن الحسين بن محمد، أبو الحسن الخِلَعي الشافعيّ (المتوفى: 492هـ)	ShamAY	30515	0.82363
		دقائق التنبيه والتعريف بما في «الأحاديث المختارة» من الأخطاء والتصحيف	أبو محمد أحمد محمد شحاته الألفى السكندرى	ShamAY	5924	0.82356
		الغرائب الملتقطة من مسند الفردوس مما ليس في الكتب المشهورة - مخطوط	أحمد بن علي بن حجر العسقلاني	ShamAY	32826	0.82339
		جزء يشتمل على ثمانية وخمسين حديثا وعلى أثر وعلى موعظة	الحسن بن عمر بن عيسى بن خليل بن إبراهيم الدمشقي الفراش البكاري أبو علي وأبو محمد المعروف بالكردي (المتوفى: 720هـ)	ShamAY	27085	0.823
		الثامن عشر من الخلعيات	علي بن الحسن بن الحسين بن محمد، أبو الحسن الخلعي الشافعي (المتوفى: 492ه)	ShamelaY19	30483	0.82283
		فضل يوم عرفة لابن عساكر	ثقة الدين، أبو القاسم علي بن الحسن بن هبة الله المعروف بابن عساكر (المتوفى: 571ه)	ShamelaY19	26469	0.82267
		الثامن عشر من الخلعيات	علي بن الحسن بن الحسين بن محمد، أبو الحسن الخِلَعي الشافعيّ (المتوفى: 492هـ)	ShamAY	30483	0.82255
		مسألة التسمية لمحمد بن طاهر المقدسي	أبو الفضل محمد بن طاهر بن علي بن أحمد المقدسي الشيباني، المعروف بابن القيسراني (المتوفى: 507ه)	ShamelaY19	26591	0.82186
		تاريخ مدينة دمشق [ج ١٠]	أبي القاسم علي بن الحسن ابن هبة الله بن عبد الله الشافعي [ ابن عساكر ]	Rafed	1776	0.82134
		فضائل القرآن للمستغفري	أبو العباس جعفر بن محمد بن المعتز بن محمد بن المستغفر بن الفتح بن إدريس المستغفري، النسفي (المتوفى: 432ه)	ShamelaY19	21315	0.82099
		كتاب الأربعين المتباينة بشرط السماع المتصل لرضوان بن محمد المستملي - مخطوط	رضوان بن محمد بن يوسف العقبي أبي النعيم المستملي	ShamAY	32859	0.82069
		الرابع من معجم شيوخ الدمياطي	عبد المؤمن بن خلف الدمياطيّ، أبو محمد، شرف الدين الشافعي (المتوفى: 705هـ)	ShamAY	30646	0.82006
		جزء فيه ستة مجالس من أمالي القاضي أبي يعلى الفراء	القاضي أبو يعلى، محمد بن الحسين بن محمد بن خلف المعروف ب ابن الفراء (المتوفى: 458ه)	ShamelaY19	26579	0.81949
		فضائل القرآن للمستغفري	أَبُو العَبَّاسِ جَعْفَرُ بنُ مُحَمَّدِ بنُ المُعْتَزِّ بنِ مُحَمَّدِ بنِ المُسْتَغْفِرِ بنِ الفَتْحِ بنِ إِدْرِيْسَ المُسْتَغْفِرِيُّ، النَّسَفِيُّ (المتوفى: 432هـ)	ShamAY	21315	0.81942
		تاريخ مدينة دمشق [ج ٢٧]	أبي القاسم علي بن الحسن ابن هبة الله بن عبد الله الشافعي [ ابن عساكر ]	Rafed	2283	0.81915
		تبيين الامتنان بالأمر بالاختتان لابن عساكر	ثقة الدين، أبو القاسم علي بن الحسن بن هبة الله المعروف بابن عساكر (المتوفى: 571هـ)	ShamAY	1425	0.81875
		الثالث من الخلعيات	علي بن الحسن بن الحسين بن محمد، أبو الحسن الخلعي الشافعي (المتوفى: 492ه)	ShamelaY19	30482	0.81859
		الدعوات الكبير	أحمد بن الحسين بن علي بن موسى الخُسْرَوْجِردي الخراساني، أبو بكر البيهقي (المتوفى: 458هـ)	ShamAY	8970	0.81857
		العشرون من الخلعيات	علي بن الحسن بن الحسين بن محمد، أبو الحسن الخلعي الشافعي (المتوفى: 492ه)	Sham19Y	30519	0.81808
		الثالث من الخلعيات	علي بن الحسن بن الحسين بن محمد، أبو الحسن الخِلَعي الشافعيّ (المتوفى: 492هـ)	ShamAY	30482	0.818
		الفوائد المنتقاة الحسان للخلعي (الخلعيات) رواية السعدي-مخطوط (ن)	علي بن الحسن بن الحسين بن محمد، أبو الحسن الخلعي الشافعي (المتوفى: 492ه)	Sham19Y	10835	0.81796
		الرابع عشر من الخلعيات	علي بن الحسن بن الحسين بن محمد، أبو الحسن الخِلَعي الشافعيّ (المتوفى: 492هـ)	ShamAY	30504	0.81795
		المناقب	الخطيب الخوارزمي	Masaha	2331	0.81789
		جزء فيه ستة مجالس من أمالي القاضي أبي يعلى الفراء	القاضي أبو يعلى، محمد بن الحسين بن محمد بن خلف المعروف بـ ابن الفراء (المتوفى: 458هـ)	ShamAY	1330	0.81773
		مسألة التسمية لمحمد بن طاهر المقدسي	أبو الفضل محمد بن طاهر بن علي بن أحمد المقدسي الشيباني، المعروف بابن القيسراني (المتوفى: 507هـ)	ShamAY	26591	0.81767
		الخامس عشر من الخلعيات	علي بن الحسن بن الحسين بن محمد، أبو الحسن الخلعي الشافعي (المتوفى: 492ه)	ShamelaY19	30502	0.81758
		ترتيب الأمالي الخميسية للشجري	يحيى بن الحسين الشجري	Sham19Y	9392	0.81755
		الفوائد المنتقاة الحسان للخلعي (الخلعيات) رواية السعدي-مخطوط (ن)	علي بن الحسن بن الحسين بن محمد، أبو الحسن الخِلَعي الشافعيّ (المتوفى: 492هـ)	ShamAY	10835	0.81753
		الخامس عشر من الخلعيات	علي بن الحسن بن الحسين بن محمد، أبو الحسن الخِلَعي الشافعيّ (المتوفى: 492هـ)	ShamAY	30502	0.81718
		رجال النجاشي	الشيخ أحمد بن علي النجاشي	Masaha	2198	0.81702
		تاريخ بغداد أو مدينة السّلام [ج ٢٠]	محبّ الدين أبي عبدالله محمّد بن محمود بن الحسن [ ابن النجّار البغدادي ]	Rafed	2981	0.81666
		ترتيب الأمالي الخميسية للشجري	يحيى بن الحسين الشجري	ShamAY	9392	0.81656
		شرف أصحاب الحديث للخطيب البغدادي	أبو بكر أحمد بن علي بن ثابت بن أحمد بن مهدي الخطيب البغدادي (المتوفى: 463ه)	Sham19Y	13125	0.81629
		شرف أصحاب الحديث للخطيب البغدادي	أبو بكر أحمد بن علي بن ثابت بن أحمد بن مهدي الخطيب البغدادي (المتوفى: 463هـ)	ShamAY	13125	0.81613
		العشرون من الخلعيات	علي بن الحسن بن الحسين بن محمد، أبو الحسن الخِلَعي الشافعيّ (المتوفى: 492هـ)	ShamAY	30519	0.81604
		 كفاية الطالب في مناقب علي بن أبي طالب ( ع ) ( ويليه البيان في أخبار صاحب الزمان ع ) 	 محمد بن يوسف الگنجي الشافعي 	ABLibrary	7682	0.81591
		 أسنى المطالب في مناقب الإمام علي ( ع ) 	 محمد بن محمد الدمشقي ( ابن الجزري ) 	ABLibrary	7411	0.81578
		أسنى المطالب في مناقب سيّدنا علي بن أبي طالب	أبي الخير شمس الدين محمد بن محمد بن محمد الجزري الشافعي	Rafed	2614	0.81576
		الجزء الخامس من الفوائد الصحاح العوالي والأفراد والحكايات - مخطوط	أبو يعلى محمد بن الحسين الفراء	ShamAY	32912	0.81568
		إثارة الفوائد المجموعة في الإشارة إلى الفرائد المسموعة	صلاح الدين أبو سعيد خليل بن كيكلدي بن عبد الله الدمشقي العلائي (المتوفى : 761هـ)	ShamAY	22882	0.81566
		ذيل [طبقات الحفاظ للذهبي]	عبد الرحمن بن أبي بكر، جلال الدين السيوطي (المتوفى: 911هـ)	ShamAY	7315	0.81501
		تاريخ بغداد أو مدينة السّلام [ج ١٨]	محبّ الدين أبي عبدالله محمّد بن محمود بن الحسن [ ابن النجّار البغدادي ]	Rafed	2959	0.81443
		الثالث من معجم شيوخ الدمياطي	عبد المؤمن بن خلف الدمياطيّ، أبو محمد، شرف الدين الشافعي (المتوفى: 705هـ)	ShamAY	30257	0.81438
		ذيل تاريخ بغداد لابن الدبيثي	محمد بن سعيد ابن الدبيثي	ShamAY	34569	0.81427
		الثامن من الخلعيات	علي بن الحسن بن الحسين بن محمد، أبو الحسن الخِلَعي الشافعيّ (المتوفى: 492هـ)	ShamAY	30484	0.8142
		الثامن من الخلعيات	علي بن الحسن بن الحسين بن محمد، أبو الحسن الخلعي الشافعي (المتوفى: 492ه)	ShamelaY19	30484	0.81419
		تاريخ بغداد أو مدينة السّلام [ج ١٧]	محبّ الدين أبي عبدالله محمّد بن محمود بن الحسن [ ابن النجّار البغدادي ]	Rafed	2904	0.81376
		رجال النجاشي	أبي العبّاس أحمد بن علي النجاشي	Rafed	574	0.81359
		الأمالي المطلقة	أبو الفضل أحمد بن علي بن محمد بن أحمد بن حجر العسقلاني (المتوفى: 852هـ)	ShamAY	5702	0.81294
		جزء فيه ذكر صلاة المصطفى صلى الله عليه وسلم خلف أبي بكر الصديق	المقدسي، ضياء الدين	ShamAY	33658	0.81287
		إكمال الإكمال (تكملة لكتاب الإكمال لابن ماكولا)	محمد بن عبد الغني بن أبي بكر بن شجاع، أبو بكر، معين الدين، ابن نقطة الحنبلي البغدادي (المتوفى: 629ه)	Sham19Y	5797	0.81258
		الثالث من معجم شيوخ الدمياطي	عبد المؤمن بن خلف الدمياطي، أبو محمد، شرف الدين الشافعي (المتوفى: 705ه)	Sham19Y	30257	0.81232
		معجم البلدان [ج ٦]	شهاب الدين أبي عبدالله ياقوت بن عبدالله الحموي الرومي البغدادي	Rafed	3225	0.81204
		الأسماء المبهمة في الأنباء المحكمة	أبو بكر أحمد بن علي بن ثابت بن أحمد بن مهدي الخطيب البغدادي (المتوفى: 463هـ)	ShamAY	5815	0.81164
		السابع من معجم شيوخ الدمياطي	عبد المؤمن بن خلف الدمياطيّ، أبو محمد، شرف الدين الشافعي (المتوفى: 705هـ)	ShamAY	30648	0.81163
		الثامن من معجم شيوخ الدمياطي	عبد المؤمن بن خلف الدمياطيّ، أبو محمد، شرف الدين الشافعي (المتوفى: 705هـ)	ShamAY	30606	0.81145
		تاريخ مدينة دمشق [ج ٥٢]	أبي القاسم علي بن الحسن ابن هبة الله بن عبد الله الشافعي [ ابن عساكر ]	Rafed	2408	0.81097
		مشيخة الحافظ الذهبي = المعجم اللطيف	شمس الدين أبو عبد الله محمد بن أحمد بن عثمان بن قَايْماز الذهبي (المتوفى: 748هـ)	ShamAY	33668	0.81089
		كتاب فضائل القرآن العظيم وثواب من تعلمه وعلمه وما أعد الله عز وجل لتاليه في الجنان	ضياء الدين أبو عبد الله محمد بن عبد الواحد المقدسي (المتوفى: 643ه)	ShamelaY19	27095	0.81083
		السادس من معجم شيوخ الدمياطي	عبد المؤمن بن خلف الدمياطيّ، أبو محمد، شرف الدين الشافعي (المتوفى: 705هـ)	ShamAY	30652	0.81078
		القند في ذكر أخبار سمرقند	نجم الدين عمر بن محمد بن أحمد النسفي (537 هـ)	ShamAY	34644	0.81043
		من حديث أحمد بن أيبك الحسامي الدمياطي عن شيوخه - مخطوط	أحمد بن أيبك بن عبد الله الحسامي الدمياطي	ShamAY	32872	0.81042
		ذيل طبقات الحفاظ للذهبي للسيوطي - ط العلمية = التراجم	الواحدي :: السيوطي	ShamAY	38189	0.81013
		فضل شهر رمضان لابن عساكر	ثقة الدين، أبو القاسم علي بن الحسن بن هبة الله المعروف بابن عساكر (المتوفى: 571هـ)	ShamAY	1323	0.81004
		كتاب الفيصل في علم الحديث، أو الفيصل في مشتبه النسبة	أبو بكر محمد بن موسى بن عثمان بن حازم الحازمي الهمذاني (584 هـ)	ShamAY	34667	0.80998
		تاريخ مدينة دمشق [ج ٥١]	أبي القاسم علي بن الحسن ابن هبة الله بن عبد الله الشافعي [ ابن عساكر ]	Rafed	2407	0.80997
		إكمال الإكمال (تكملة لكتاب الإكمال لابن ماكولا)	محمد بن عبد الغني بن أبي بكر بن شجاع، أبو بكر، معين الدين، ابن نقطة الحنبلي البغدادي (المتوفى: 629هـ)	ShamAY	5797	0.80994
		أسنى المطالب فى مناقب الإمام على(ع)	شمس الدين محمد الجزري	Masaha	1832	0.80978
		مشيخة ابن جماعة	أبو عبد الله، محمد بن إبراهيم بن سعد الله بن جماعة الكناني الحموي الشافعي، بدر الدين (المتوفى: 733هـ)	ShamAY	30327	0.80964
		سيرة جرير بن عبد الله البجلي لأحمد بن عيسى المقدسي - مخطوط		ShamAY	32780	0.80938
		إثارة الفوائد	صلاح الدين العلائي	ShamelaY19	22882	0.80912
		التاسع من الخلعيات	علي بن الحسن بن الحسين بن محمد، أبو الحسن الخلعي الشافعي (المتوفى: 492ه)	ShamelaY19	30480	0.80911
		القند في ذكر علماء سمرقند	أبو حفص نجم الدين عمر بن محمد بن أحمد النسفي (ت: 537)	ShamAY	37124	0.80906
		شرح أصول اعتقاد أهل السنة والجماعة	أبو القاسم هبة الله بن الحسن بن منصور الطبري الرازي اللالكائي (المتوفى: 418هـ)	ShamAY	9200	0.80862
		الخامس من الخلعيات	علي بن الحسن بن الحسين بن محمد، أبو الحسن الخلعي الشافعي (المتوفى: 492ه)	ShamelaY19	30503	0.80857
		التاسع من الخلعيات	علي بن الحسن بن الحسين بن محمد، أبو الحسن الخِلَعي الشافعيّ (المتوفى: 492هـ)	ShamAY	30480	0.80856
		تاريخ مدينة دمشق [ج ٥]	أبي القاسم علي بن الحسن ابن هبة الله بن عبد الله الشافعي [ ابن عساكر ]	Rafed	1765	0.80852
		معرفة الصحابة لابن منده	أبو عبد الله محمد بن إسحاق بن محمد بن يحيى بن مَنْدَه العبدي (المتوفى: 395هـ)	ShamAY	21481	0.80847
		الثقات ممن لم يقع في الكتب الستة (ينشر لأول مرة على نسخة خطية فريدة بخط الحافظ شمس الدين السخاوي المتوفى سنة 902 ه)	أبو الفداء زين الدين قاسم بن قطلوبغا السودوني (نسبة إلى معتق أبيه سودون الشيخوني) الجمالي الحنفي (المتوفى: 879ه)	ShamelaY19	96165	0.80836
		الثالث عشر من الخلعيات	علي بن الحسن بن الحسين بن محمد، أبو الحسن الخلعي الشافعي (المتوفى: 492ه)	ShamelaY19	30601	0.80832
		ذيل تأريخ مدينة السلام [ج ٣]	أبي عبد الله محمّد بن سعيد بن الدبيثي	Rafed	2323	0.80828
		تاريخ بغداد ت بشار	أبو بكر أحمد بن علي بن ثابت بن أحمد بن مهدي الخطيب البغدادي (المتوفى: 463هـ)	ShamAY	736	0.80744
		المناقب	الموفق بن احمد البكري المكي الحنفي الخوارزمي	Rafed	176	0.8072
		الأربعين المسلسلة المتباينة الأسانيد ليوسف بن عبد الهادي-مخطوط (ن)	يوسف بن حسن بن أحمد بن حسن ابن عبد الهادي الصالحي، جمال الدين، ابن ابن المِبْرَد الحنبلي (المتوفى: 909هـ)	ShamAY	10469	0.80675
		معرفة الصحابة لابن منده	أبو عبد الله محمد بن إسحاق بن محمد بن يحيى بن منده العبدي (المتوفى: 395ه)	ShamelaY19	21481	0.80644
		القند في ذكر علماء سمرقند	عمر بن محمد النسفي	Masaha	4481	0.80619
		الأول من معجم الشيخ أبي النون يونس بن إبراهيم الدبوسي - مخطوط	أبو النون يونس بن إبراهيم الدبوسي الكناني العسقلاني المصري	ShamAY	32838	0.80616
		 بغية الطلب في تاريخ حلب 	 عمر بن أحمد العقيلي الحلبي ( ابن العديم ) 	ABLibrary	819	0.80574
		ذيل تأريخ مدينة السلام [ج ٤]	أبي عبد الله محمّد بن سعيد بن الدبيثي	Rafed	2326	0.80544
		كفاية الطالب في مناقب علي بن أبي طالب عليه السلام	محمّد بن يوسف الگنجي الشافعي	Rafed	3446	0.80527
		تاريخ مدينة دمشق [ج ١٤]	أبي القاسم علي بن الحسن ابن هبة الله بن عبد الله الشافعي [ ابن عساكر ]	Rafed	1790	0.80518
		المعين في طبقات المحدثين	شمس الدين أبو عبد الله محمد بن أحمد بن عثمان بن قَايْماز الذهبي (المتوفى: 748هـ)	ShamAY	5889	0.80499
		تاريخ جرجان‏	حمزة بن يوسف السهمي	Masaha	4497	0.80492
		كتاب فضائل القرآن العظيم وثواب من تعلمه وعلمه وما أعد الله عز وجل لتاليه في الجنان	ضياء الدين أبو عبد الله محمد بن عبد الواحد المقدسي (المتوفى: 643هـ)	ShamAY	27095	0.80489
		الرسالة المغنية في السكوت ولزوم البيوت	الحسن بن أحمد بن عبد الله بن البَناَّ، أبو علي، البغدادي الحنبلي (المتوفى: 471هـ)	ShamAY	6782	0.80484
		أحاديث عوالي وفوائد منتقاة وإنشادات	علي بن محمد بن علي بن محمد بن أحمد أبو القاسم التيمي الكوفي المعروف بابن الأذلاني (المتوفى: 470ه)	ShamelaY19	29769	0.80479
		كتاب سلوك طريق السلف في ذكر مشايخ الشيخ المعمر أبي محمد عبد الحق بن خلف المتوفى: 641 هـ	محمد بن يوسف بن يَدَّاس البرزالي الأندلسي الإشبيلي، أبو عبد الله (المتوفى: 636هـ)	ShamAY	26560	0.80461
		تاريخ مدينة دمشق [ج ٤٣]	أبي القاسم علي بن الحسن ابن هبة الله بن عبد الله الشافعي [ ابن عساكر ]	Rafed	2356	0.80455
		القضاء والقدر للبيهقي	أحمد بن الحسين بن علي بن موسى الخُسْرَوْجِردي الخراساني، أبو بكر البيهقي (المتوفى: 458هـ)	ShamAY	13053	0.80453
		أحاديث الشيوخ الثقات (المشيخة الكبرى)	محمد بن عبد الباقي بن محمد الأنصاري الكعبي، أبو بكر، المعروف بقاضي المارستان (المتوفى: 535ه)	ShamelaY19	26542	0.80444
		التقييد لمعرفة رواة السنن والمسانيد	محمد بن عبد الغني بن أبي بكر بن شجاع، أبو بكر، معين الدين، ابن نقطة الحنبلي البغدادي (المتوفى: 629ه)	Sham19Y	9584	0.80427
		تاريخ جرجان	أبو القاسم حمزة بن يوسف بن إبراهيم السهمي القرشي الجرجاني (المتوفى: 427هـ)	ShamAY	11077	0.80418
		تاريخ مدينة دمشق - الجزء13	ابن عساكر	Masaha	1980	0.80395
		تاريخ جرجان	أبو القاسم حمزة بن يوسف بن إبراهيم السهمي القرشي الجرجاني (المتوفى: 427ه)	Sham19Y	11077	0.80377
		تاريخ بغداد أو مدينة السّلام [ج ١٦]	محبّ الدين أبي عبدالله محمّد بن محمود بن الحسن [ ابن النجّار البغدادي ]	Rafed	2902	0.80349
		موافقة الخبر الخبر في تخريج أحاديث المختصر	أبو الفضل أحمد بن علي بن محمد بن أحمد بن حجر العسقلاني (المتوفى: 852 ه)	ShamelaY19	18611	0.80331
		تاريخ دنيسر	الطبيب أبو حفص عمر بن الخضر بن اللمش (574هـ -640؟ هـ)	ShamAY	26813	0.80322
		الرابع من معجم شيوخ الدمياطي	عبد المؤمن بن خلف الدمياطي، أبو محمد، شرف الدين الشافعي (المتوفى: 705ه)	ShamelaY19	30646	0.80318
		تاريخ مدينة دمشق [ج ٦٣]	أبي القاسم علي بن الحسن ابن هبة الله بن عبد الله الشافعي [ ابن عساكر ]	Rafed	2534	0.80317
		مشيخة ابن جماعة	أبو عبد الله، محمد بن إبراهيم بن سعد الله بن جماعة الكناني الحموي الشافعي، بدر الدين (المتوفى: 733ه)	ShamelaY19	30327	0.80314
		تاريخ مدينة دمشق [ج ٦]	أبي القاسم علي بن الحسن ابن هبة الله بن عبد الله الشافعي [ ابن عساكر ]	Rafed	1766	0.80312
		الفوائد المنتخبة الصحاح والغرائب (المهروانيات)	خليل بن محمد العربي	ShamAY	33616	0.80299
		تاريخ مدينة السلام وأخبار محدثيها وذكر قطانها العلماء من غير أهلها ووارديها (المعروف بتاريخ بغداد)	أبو بكر أحمد بن علي بن ثابت الخطيب البغدادي	ShamAY	34639	0.80286
		المدخل إلى الصحيح للحاكم - ط دار الإمام أحمد	الحاكم، أبو عبد الله	ShamAY	34014	0.80273
		الأحاديث الأربعون المتباينة الأسانيد والمتون	محمد بن عبد الله (أبي بكر) بن محمد ابن أحمد بن مجاهد القيسي الدمشقي الشافعي، شمس الدين، الشهير بابن ناصر الدين (المتوفى: 842هـ)	ShamAY	30248	0.80271
		المؤتلف والمختلف للدارقطني	أبو الحسن علي بن عمر بن أحمد بن مهدي بن مسعود بن النعمان بن دينار البغدادي الدارقطني (المتوفى: 385ه)	Sham19Y	12581	0.8027
		معرفة الصحابة لابن منده = مرقمة	أبو عبد الله محمد بن إسحاق بن يحيى بن منده الأصبهاني	ShamAY	38099	0.80258
		فوائد الكوفيين لأبي الغنائم النرسي	محمد بن علي بن ميمون، أبو الغنائم النَّرْسِي الكوفي (المتوفى: 510هـ)	ShamAY	26588	0.80195
		بغية الطلب في تاريخ حلب [ج ١٢]	كمال الدّين عمر بن أحمد بن أبي جرادة الحلبي [ ابن العديم ]	Rafed	2467	0.80182
		التقييد لمعرفة رواة السنن والمسانيد	محمد بن عبد الغني بن أبي بكر بن شجاع، أبو بكر، معين الدين، ابن نقطة الحنبلي البغدادي (المتوفى: 629هـ)	ShamAY	9584	0.80124
		بغية الطلب في تاريخ حلب [ج ١٠]	كمال الدّين عمر بن أحمد بن أبي جرادة الحلبي [ ابن العديم ]	Rafed	2294	0.80123
		فهرسة ابن خير الإشبيلي	أبو بكر محمد بن خير بن عمر بن خليفة اللمتوني الأموي الإشبيلي (المتوفى: 575هـ)	ShamAY	10726	0.80118
		الثقات ممن لم يقع في الكتب الستة (ينشر لأول مرة على نسخة خطية فريدة بخط الحافظ شمس الدين السخاوي المتوفى سنة 902 ه)	أبو الفداء زين الدين قاسم بن قطلوبغا السودوني (نسبة إلى معتق أبيه سودون الشيخوني) الجمالي الحنفي (المتوفى: 879ه)	Sham19Y	96165	0.80115
		فضل شهر رمضان لابن عساكر	ثقة الدين، أبو القاسم علي بن الحسن بن هبة الله المعروف بابن عساكر (المتوفى: 571ه)	Sham19Y	26468	0.80064
		تاريخ مدينة دمشق [ج ١٣]	أبي القاسم علي بن الحسن ابن هبة الله بن عبد الله الشافعي [ ابن عساكر ]	Rafed	1782	0.80047
		فضل شهر رمضان لابن عساكر	ثقة الدين، أبو القاسم علي بن الحسن بن هبة الله المعروف بابن عساكر (المتوفى: 571ه)	ShamelaY19	26468	0.80007
		مناقب الامام علي بن ابي طالب عليه السلام‏	ابن المغازلي	Masaha	2336	0.80006
		المؤتلف والمختلف للدارقطني	أبو الحسن علي بن عمر بن أحمد بن مهدي بن مسعود بن النعمان بن دينار البغدادي الدارقطني (المتوفى: 385هـ)	ShamAY	1293	0.80001
		الأحاديث الموافقات العوالي لزينب	زينب بنت كمال الدين أحمد بن عبد الرحيم المقدسية (740 هـ)	ShamAY	33548	0.79973
		أسد الغابة في معرفة الصحابة	أبو الحسن علي بن أبي الكرم محمد بن محمد بن عبد الكريم بن عبد الواحد الشيباني الجزري، عز الدين ابن الأثير (المتوفى: 630ه)	Sham19Y	1110	0.79968
		كتاب سلوك طريق السلف في ذكر مشايخ الشيخ المعمر أبي محمد عبد الحق بن خلف المتوفى: 641 ه	محمد بن يوسف بن يداس البرزالي الأندلسي الإشبيلي، أبو عبد الله (المتوفى: 636ه)	ShamelaY19	26560	0.79937
		أربعون حديثا عن أربعين شيخا في أربعين لابن المقرب	ابن المقرب	ShamAY	1421	0.79923
		فوائد الكوفيين لأبي الغنائم النرسي	محمد بن علي بن ميمون، أبو الغنائم النرسي الكوفي (المتوفى: 510ه)	ShamelaY19	26588	0.79898
		تاريخ مدينة دمشق [ج ٣٤]	أبي القاسم علي بن الحسن ابن هبة الله بن عبد الله الشافعي [ ابن عساكر ]	Rafed	2312	0.79896
		فهرسة ابن خير ط دار الغرب	ابن خير الإشبيلي (502 - 575 ه)	Sham19Y	16626	0.79884
		ذكر المصافحة لضياء الدين المقدسي	ضياء الدين أبو عبد الله محمد بن عبد الواحد المقدسي (المتوفى: 643ه)	ShamelaY19	29458	0.79845
		تاريخ مدينة دمشق [ج ٧]	أبي القاسم علي بن الحسن ابن هبة الله بن عبد الله الشافعي [ ابن عساكر ]	Rafed	1767	0.79842
		أسد الغابة في معرفة الصحابة	أبو الحسن علي بن أبي الكرم محمد بن محمد بن عبد الكريم بن عبد الواحد الشيباني الجزري، عز الدين ابن الأثير (المتوفى: 630هـ)	ShamAY	1110	0.7983
		الكفاية في معرفة أصول علم الرواية للخطيب البغدادي - ت: ماهر الفحل	أبو بكر أحمد بن علي بن ثابت الخطيب البغدادي	ShamAY	33976	0.79818
		الثقات ممن لم يقع في الكتب الستة (يُنشر لأول مرة على نسخة خطية فريدة بخطِّ الحافظ شمس الدين السَّخاوي المتوفى سنة 902 هـ)	أبو الفداء زين الدين قاسم بن قُطْلُوْبَغَا السُّوْدُوْنِي (نسبة إلى معتق أبيه سودون الشيخوني) الجمالي الحنفي (المتوفى: 879هـ)	ShamAY	1676	0.79803
		ذيل تأريخ مدينة السلام [ج ٢]	أبي عبد الله محمّد بن سعيد بن الدبيثي	Rafed	2311	0.7979
		أحاديث منتخبة من مشيخة ابن كليب - مخطوط	أبو الفرج عبد المنعم بن عبد الوهاب بن سعد بن صدقة بن الخضر بن كليب الحراني	ShamAY	32834	0.79782
		الأحاديث الأربعون المتباينة الأسانيد والمتون	محمد بن عبد الله (أبي بكر) بن محمد ابن أحمد بن مجاهد القيسي الدمشقي الشافعي، شمس الدين، الشهير بابن ناصر الدين (المتوفى: 842ه)	ShamelaY19	30248	0.79697
		ذكر المصافحة لضياء الدين المقدسي	ضياء الدين أبو عبد الله محمد بن عبد الواحد المقدسي (المتوفى: 643ه)	Sham19Y	29458	0.79653
		الثالث من معجم شيوخ الدمياطي	عبد المؤمن بن خلف الدمياطي، أبو محمد، شرف الدين الشافعي (المتوفى: 705ه)	ShamelaY19	30257	0.79635
		أسد الغابة ط الفكر	أبو الحسن علي بن أبي الكرم محمد بن محمد بن عبد الكريم بن عبد الواحد الشيباني الجزري، عز الدين ابن الأثير (المتوفى: 630ه)	ShamelaY19	23700	0.79631
		مشيخة ابن البخاري	أحمد بن محمد بن عبد الله، أبو العباس، جمال الدين ابن الظاهري، الحنفي (المتوفى: 696ه)	Sham19Y	5740	0.79631
		البخلاء للخطيب البغدادي	أبو بكر أحمد بن علي بن ثابت بن أحمد بن مهدي الخطيب البغدادي (المتوفى: 463هـ)	ShamAY	21475	0.79612
		تاريخ جرجان - ط عالم الكتب = التراجم	أبو القاسم حمزة بن يوسف بن إبراهيم السهمي القرشي الجرجاني (المتوفى: 427 هـ)	ShamAY	38210	0.79583
		أحاديث الشيوخ الثقات (المشيخة الكبرى)	محمد بن عبد الباقي بن محمد الأنصاري الكعبي، أبو بكر، المعروف بقاضي المارِسْتان (المتوفى: 535هـ)	ShamAY	26542	0.7956
		المعجم اللطيف	شمس الدين أبو عبد الله محمد بن أحمد بن عثمان بن قَايْماز الذهبي (المتوفى: 748هـ)	ShamAY	30673	0.79532
		ليلة النصف من شعبان لابن الدبيثي	محمد بن سعيد ابن الدبيثي	ShamAY	33607	0.79526
		كتاب الأربعين، المسمى: الأربعون حديثاً فيما ينتهي إليه المتقون ويستعمله الموفقون وينتبه به الغافلون ويلازمه العاقلون	القاسم بن الفضل الثقفي الأصبهاني (489 هـ)	ShamAY	33551	0.79519
		البخلاء للخطيب البغدادي	أبو بكر أحمد بن علي بن ثابت بن أحمد بن مهدي الخطيب البغدادي (المتوفى: 463ه)	ShamelaY19	21475	0.79488
		ذكر المصافحة لضياء الدين المقدسي	ضياء الدين أبو عبد الله محمد بن عبد الواحد المقدسي (المتوفى: 643هـ)	ShamAY	29458	0.79464
		تاريخ مدينة دمشق [ج ٣٨]	أبي القاسم علي بن الحسن ابن هبة الله بن عبد الله الشافعي [ ابن عساكر ]	Rafed	2336	0.79398
		الثامن من معجم شيوخ الدمياطي	عبد المؤمن بن خلف الدمياطي، أبو محمد، شرف الدين الشافعي (المتوفى: 705ه)	ShamelaY19	30606	0.79376
		المنتخب من حديث شيوخ بغداد لأبي حيان الأندلسي - مخطوط	أبو حيّان الأندلسي	ShamAY	32770	0.79341
		الإملاء الأنفس في ترجمة عسعس (مطبوع ضمن مجموع رسائل لابن ناصر الدين)	محمد بن عبد الله (أبي بكر) بن محمد ابن أحمد بن مجاهد القيسي الدمشقي الشافعي، شمس الدين، الشهير بابن ناصر الدين (المتوفى: 842هـ)	ShamAY	9652	0.79341
		البعث والنشور للبيهقي ت الشوامي	أبو بكر أحمد بن الحسين بن علي بن موسى البيهقي (384 - 458 ه)	ShamelaY19	147811	0.79335
		تاريخ بغداد أو مدينة السّلام [ج ١٩]	محبّ الدين أبي عبدالله محمّد بن محمود بن الحسن [ ابن النجّار البغدادي ]	Rafed	2980	0.79325
		المعجم لعبد الخالق بن أسد الحنفي	عبد الخالق بن أسد بن ثابت، الفقيه أبو محمد الدمشقي الحنفي المحدث الأطرابلسي الأصل (المتوفى: 564ه)	Sham19Y	123581	0.79308
		الزهد والرقائق للخطيب البغدادي	الخطيب البغدادي	ShamelaY19	22551	0.79292
		إتحاف الزائر وإطراف المقيم للسائر في زيارة النبي صلى الله عليه وسلم	عبد الصمد بن عبد الوهاب بن أبي الحسن محمد بن هبة الله بن عبد الله بن الحسين أمين الدين أبو اليمن بن عساكر الدمشقي نزيل مكة (المتوفى: 686ه)	ShamelaY19	26764	0.7929
		بشارة المصطفى لشيعة المرتضى‏	عماد الدين الطبري‏	Masaha	1944	0.79282
		مشيخة ابن البخاري	أحمد بن محمد بن عبد الله، أبو العباس، جمال الدين ابن الظاهري، الحنفي (المتوفى: 696هـ)	ShamAY	5740	0.7928
		السماع لابن القيسراني	أبو الفضل محمد بن طاهر بن علي بن أحمد المقدسي الشيباني، المعروف بابن القيسراني (المتوفى: 507هـ)	ShamAY	6277	0.79267
		نزهة الحفاظ	محمد بن عمر بن أحمد بن عمر بن محمد الأصبهاني المديني، أبو موسى (المتوفى: 581هـ)	ShamAY	5995	0.79265
		 مقتل الحسين ( ع ) 	 الموفق الخوارزمي 	ABLibrary	7774	0.79264
		تاريخ مدينة دمشق [ج ١٩]	أبي القاسم علي بن الحسن ابن هبة الله بن عبد الله الشافعي [ ابن عساكر ]	Rafed	2239	0.79257
		المعجم لعبد الخالق بن أسد الحنفي	عَبْد الخالق بْن أسد بْن ثابت، الفقيه أَبُو مُحَمَّد الدّمشقيّ الحنفيّ المحدِّث الأطْرابُلُسيّ الأصل (المتوفى: 564هـ)	ShamAY	31732	0.79251
		أسد الغابة ط الفكر	أبو الحسن علي بن أبي الكرم محمد بن محمد بن عبد الكريم بن عبد الواحد الشيباني الجزري، عز الدين ابن الأثير (المتوفى: 630ه)	Sham19Y	23700	0.79251
		أسد الغابة ط الفكر	أبو الحسن علي بن أبي الكرم محمد بن محمد بن عبد الكريم بن عبد الواحد الشيباني الجزري، عز الدين ابن الأثير (المتوفى: 630هـ)	ShamAY	23700	0.79248
		مسند الإمام الأعظم أبي حنيفة النعمان بن ثابت الكوفي رحمه الله تعالى	أبو عبد الله الحسين بن محمد بن خسرو البلخي (522 هـ)	ShamAY	33943	0.79215
		السابع من معجم شيوخ الدمياطي	عبد المؤمن بن خلف الدمياطي، أبو محمد، شرف الدين الشافعي (المتوفى: 705ه)	ShamelaY19	30648	0.79184
		المعجم اللطيف	شمس الدين أبو عبد الله محمد بن أحمد بن عثمان بن قايماز الذهبي (المتوفى: 748ه)	ShamelaY19	30673	0.79182
		أدب الإملاء و الاستملاء	ابو سعد السمعاني	Masaha	2357	0.79176
		أدب الإملاء والاستملاء	عبد الكريم بن محمد بن منصور التميمي السمعاني المروزي، أبو سعد (المتوفى: 562هـ)	ShamAY	6018	0.79113
		فهرسة ابن خير ط دار الغرب	ابن خير الإشبيلي (502 - 575 هـ)	ShamAY	38851	0.79086
		تاريخ مدينة دمشق [ج ٤٦]	أبي القاسم علي بن الحسن ابن هبة الله بن عبد الله الشافعي [ ابن عساكر ]	Rafed	2377	0.79084
		دلائل النبوة	أبو العباس جعفر بن محمد المستغفري	ShamAY	34438	0.79071
		الثالث عشر من الخلعيات	علي بن الحسن بن الحسين بن محمد، أبو الحسن الخِلَعي الشافعيّ (المتوفى: 492هـ)	ShamAY	30601	0.79069
		مقتل الحسين عليه السلام - الجزء1	الخطيب الخوارزمي	Masaha	3218	0.79063
		الخامس من معجم شيوخ الدمياطي	عبد المؤمن بن خلف الدمياطيّ، أبو محمد، شرف الدين الشافعي (المتوفى: 705هـ)	ShamAY	30644	0.79057
		الحادي عشر من معجم الشيخة مريم	أبو الفضل أحمد بن علي بن محمد بن أحمد بن حجر العسقلاني (المتوفى: 852هـ)	ShamAY	30271	0.79054
		تاريخ مدينة دمشق [ج ٧٦]	أبي القاسم علي بن الحسن ابن هبة الله بن عبد الله الشافعي [ ابن عساكر ]	Rafed	2612	0.79025
		مقتل الحسين للخوارزمي [ج ١]	أبي المؤيّد بن أحمد المكّي أخطب خوارزم [ خوارزمي ]	Rafed	3228	0.79025
		تاريخ مدينة دمشق [ج ٩]	أبي القاسم علي بن الحسن ابن هبة الله بن عبد الله الشافعي [ ابن عساكر ]	Rafed	1772	0.78987
		أخبار الحسن البصري لعبد الغني المقدسي	عبد الغني المقدسي (600 هـ)	ShamAY	34627	0.78982
		تاريخ مدينة دمشق [ج ٣٥]	أبي القاسم علي بن الحسن ابن هبة الله بن عبد الله الشافعي [ ابن عساكر ]	Rafed	2318	0.78978
		تلخيص المتشابه في الرسم	أبو بكر أحمد بن علي بن ثابت بن أحمد بن مهدي الخطيب البغدادي (المتوفى: 463ه)	ShamelaY19	21477	0.78953
		جزء فيه ثلاثة مجالس من أمالي أبي طاهر محمد بن محمد بن محمش الزيادي	أبو طاهر محمد بن محمد بن محمش الزيادي النيسابوري (410 هـ)	ShamAY	33637	0.78947
		مشيخة دانيال تخريج ابن بلبان - مخطوط	ضياء الدين أبو الفضائل دانيال بن منكلي بن صرفا الكركي	ShamAY	32968	0.78947
		البعث والنشور - ط الحجاز ت الشوامي	أبو بكر أحمد بن الحسين البيهقي	ShamAY	38107	0.78937
		الخامس من الخلعيات	علي بن الحسن بن الحسين بن محمد، أبو الحسن الخِلَعي الشافعيّ (المتوفى: 492هـ)	ShamAY	30503	0.78932
		مشيخة دانيال - مخطوط (ن)	دانيال بن منكلي بن صرفا ضياء الدين أبو الفضائل التركماني الشافعي المقرىء قاضي الكرك (المتوفى: 696هـ)	ShamAY	21681	0.78926
		كتاب الأربعين في إرشاد السائرين إلى منازل المتقين أو الأربعين الطائية	محمد بن محمد بن علي، أبو الفتوح الطائي الهمذاني (المتوفى: 555ه)	ShamelaY19	26842	0.78914
		تاريخ جرجان	حمزه بن يوسف سهمي	Ghbook	11662	0.78905
		السادس من معجم شيوخ الدمياطي	عبد المؤمن بن خلف الدمياطي، أبو محمد، شرف الدين الشافعي (المتوفى: 705ه)	ShamelaY19	30652	0.78892
		الجزء الأول من الفوائد المنتقاة والحكايات المنتخبة من حديث أبي مسلم الكاتب - مخطوط	أبو مسلم محمد بن أحمد بن علي بن الحسين البغدادي الكاتب	ShamAY	32951	0.78876
		تلخيص المتشابه في الرسم	أبو بكر أحمد بن علي بن ثابت بن أحمد بن مهدي الخطيب البغدادي (المتوفى: 463هـ)	ShamAY	1306	0.78865
		الخامس من معجم شيوخ الدمياطي	عبد المؤمن بن خلف الدمياطي، أبو محمد، شرف الدين الشافعي (المتوفى: 705ه)	Sham19Y	30644	0.78835
		معجم ابن عساكر	ثقة الدين، أبو القاسم علي بن الحسن بن هبة الله المعروف بابن عساكر (المتوفى: 571هـ)	ShamAY	12750	0.7878
		الثامن من معجم الشيخة مريم	أبو الفضل أحمد بن علي بن محمد بن أحمد بن حجر العسقلاني (المتوفى: 852هـ)	ShamAY	30259	0.78733
		الزهد الكبير للبيهقي	أحمد بن الحسين بن علي بن موسى الخُسْرَوْجِردي الخراساني، أبو بكر البيهقي (المتوفى: 458هـ)	ShamAY	13025	0.78727
		تاريخ مدينة دمشق [ج ١٥]	أبي القاسم علي بن الحسن ابن هبة الله بن عبد الله الشافعي [ ابن عساكر ]	Rafed	2224	0.78715
		المؤتلف والمختلف لابن القيسراني = الأنساب المتفقة في الخط المتماثلة في النقط	أبو الفضل محمد بن طاهر بن علي بن أحمد المقدسي الشيباني، المعروف بابن القيسراني (المتوفى: 507هـ)	ShamAY	5794	0.78713
		رسالة في تفسير قوله تعالى: إن إبراهيم كان أمة	شمس الدين محمد بن علي بن خمارويه بن طولون الدمشقي الصالحي الحنفي (المتوفى: 953ه)	ShamelaY19	26435	0.78664
		تاريخ دنيسر	الطبيب أبو حفص عمر بن الخضر بن اللمش (574ه -640؟ ه)	ShamelaY19	26813	0.78657
		الطبقات الكبير لابن سعد - مكتبة الخانجي	محمد بن سعد بن منيع الزهري	ShamAY	34595	0.78632
		الموافقيات التساعيات للدمياطي	عبد المؤمن بن خلف الدمياطيّ، أبو محمد، شرف الدين الشافعي (المتوفى: 705هـ)	ShamAY	30700	0.78629
		القربة إلى رب العالمين بالصلاة على النبي صلى الله عليه وسلم سيد المرسلين	ابن بشكوال (578 هـ)	ShamAY	33627	0.78628
		كتاب الأربعين في إرشاد السائرين إلى منازل المتقين أو الأربعين الطائية	محمد بن محمد بن علي، أبو الفتوح الطائي الهمذاني (المتوفى: 555هـ)	ShamAY	26842	0.78621
		تاريخ مدينة دمشق [ج ١٦]	أبي القاسم علي بن الحسن ابن هبة الله بن عبد الله الشافعي [ ابن عساكر ]	Rafed	2228	0.78604
		الأربعين البلدانية لابن عساكر - الفكر المعاصر	أبو القاسم علي بن الحسن بن هبة الله بن عبد الله بن الحسين الشافعي ابن عساكر	ShamAY	33614	0.78599
		الزهد الكبير للبيهقي	أحمد بن الحسين بن علي بن موسى الخسروجردي الخراساني، أبو بكر البيهقي (المتوفى: 458ه)	Sham19Y	13025	0.78597
		الفوائد الحسان العوالي المنتقاة من الأمالي لأبي الحسين ابن بشران - مخطوط	أبو الحسين علي بن محمد بن عبد الله بن بشران المعدل	ShamAY	32879	0.78583
		جزء فيه أربعون حديثا من الصحاح العوالي	إسماعيل بن أحمد بن محمد أبو البركات بن أبي سعد الصوفي المعروف بشيخ الشيوخ (المتوفى: 541ه)	ShamelaY19	26862	0.78575
		ذكر أسماء التابعين ومن بعدهم ممن صحت روايته عن الثقات عند البخاري ومسلم	أبو الحسن علي بن عمر بن أحمد بن مهدي بن مسعود بن النعمان بن دينار البغدادي الدارقطني (المتوفى: 385ه)	Sham19Y	5881	0.78572
		حديث أبي نصر اليونارتي	أبو نصر الحسن بن محمد بن إبراهيم بن أحمد بن علي اليونارتي، الأصبهاني (المتوفى: 527ه)	ShamelaY19	29782	0.78552
		المستَخرجُ من كُتب النَّاس للتَّذكرة والمستطرف من أحوال الرِّجال للمعرفة	عبد الرحمن بن محمد بن إسحاق، ابن مندة العبدي الأصبهاني، أبو القاسم (المتوفى: 470هـ)	ShamAY	31728	0.78523
		معجم ابن عساكر	ثقة الدين، أبو القاسم علي بن الحسن بن هبة الله المعروف بابن عساكر (المتوفى: 571ه)	Sham19Y	12750	0.78509
		الأنساب المتفقة في الخط المتماثله في النقط والضبط	أبو الفضل محمد بن طاهر بن علي بن أحمد المقدسي الشيباني، المعروف بابن القيسراني (المتوفى: 507هـ)	ShamAY	21552	0.78504
		ترجمة الأئمة الأربعة	أبو حمزة الشامي	ShamAY	35817	0.785
		المستخرج من كتب الناس للتذكرة والمستطرف من أحوال الرجال للمعرفة	عبد الرحمن بن محمد بن إسحاق، ابن مندة العبدي الأصبهاني، أبو القاسم (المتوفى: 470ه)	Sham19Y	122397	0.78499
		مشيخة النعال البغدادي صائن الدين محمد بن الأنجب	محمد بن الأنجب ابن أبي عبد الله، أبو الحسن، صائن الدين، النعّال البغدادي (المتوفى: 659هـ)	ShamAY	26432	0.78489
		تاريخ مدينة دمشق [ج ١٧]	أبي القاسم علي بن الحسن ابن هبة الله بن عبد الله الشافعي [ ابن عساكر ]	Rafed	2233	0.78487
		إتحاف الزائر وإطراف المقيم للسائر في زيارة النبي صلى الله عليه وسلم	عبد الصمد بن عبد الوهاب بن أبي الحسن محمد بن هبة الله بن عبد الله بن الحسين أمين الدين أبو اليمن بن عساكر الدمشقي نزيل مكة (المتوفى: 686هـ)	ShamAY	26764	0.78479
		الطبقات الكبرى ط العلمية	أبو عبد الله محمد بن سعد بن منيع الهاشمي بالولاء، البصري، البغدادي المعروف بابن سعد (المتوفى: 230هـ)	ShamAY	1686	0.78466
		مشيخة دانيال - مخطوط (ن)	دانيال بن منكلي بن صرفا ضياء الدين أبو الفضائل التركماني الشافعي المقرىء قاضي الكرك (المتوفى: 696ه)	ShamelaY19	21681	0.78453
		تاريخ مدينة دمشق [ج ٢٤]	أبي القاسم علي بن الحسن ابن هبة الله بن عبد الله الشافعي [ ابن عساكر ]	Rafed	2265	0.78433
		الجزء المتمم لطبقات ابن سعد [الطبقة الرابعة من الصحابة ممن أسلم عند فتح مكة وما بعد ذلك]	أبو عبد الله محمد بن سعد بن منيع الهاشمي بالولاء، البصري، البغدادي المعروف بابن سعد (المتوفى: 230هـ)	ShamAY	12416	0.78427
		تاريخ جرجان	حمزة بن يوسف السهمي الجرجاني [ السّهمي ]	Rafed	2299	0.78422
		الطبقات الكبرى، القسم المتمم لتابعي أهل المدينة ومن بعدهم	أبو عبد الله محمد بن سعد بن منيع الهاشمي بالولاء، البصري، البغدادي المعروف بابن سعد (المتوفى: 230ه)	Sham19Y	9352	0.78401
		الموافقيات التساعيات للدمياطي	عبد المؤمن بن خلف الدمياطي، أبو محمد، شرف الدين الشافعي (المتوفى: 705ه)	Sham19Y	30700	0.78396
		الطبقات الكبير - ط الخانجي	محمد بن سعد بن منيع الزهري	ShamAY	35884	0.78394
		تاريخ مدينة دمشق [ج ٢٠]	أبي القاسم علي بن الحسن ابن هبة الله بن عبد الله الشافعي [ ابن عساكر ]	Rafed	2245	0.78381
		الأربعون في التصوف للسلمي	محمد بن الحسين بن محمد بن موسى بن خالد بن سالم النيسابوري، أبو عبد الرحمن السلمي (المتوفى: 412ه)	ShamelaY19	22526	0.7835
		أربعة أحاديث مروية عن النبي صلى الله عليه وسلم لأبي الفتح المقدسي	أبو الفتح نصر بن إبراهيم المقدسي	ShamAY	33676	0.78343
		فتح الباب في الكنى والألقاب	أبو عبد الله محمد بن إسحاق بن محمد بن يحيى بن منده العبدي (المتوفى: 395ه)	Sham19Y	5813	0.78336
		رسالة في تفسير قوله تعالى: إن إبراهيم كان أمة	شمس الدين محمد بن علي بن خمارويه بن طولون الدمشقي الصالحي الحنفي (المتوفى: 953هـ)	ShamAY	26435	0.78335
		ذيول تذكرة الحفاظ (الحسيني - ابن فهد - السيوطي)	أبو المحاسن الحسيني	ShamAY	34592	0.78335
		تاريخ مدينة دمشق [ج ٣٧]	أبي القاسم علي بن الحسن ابن هبة الله بن عبد الله الشافعي [ ابن عساكر ]	Rafed	2329	0.78334
		القند في ذكر علماء سمرقند [ج ١]	نجم الدين عمر بن محمّد بن أحمد النسفي	Rafed	2379	0.78326
		تاريخ مدينة دمشق [ج ٦٤]	أبي القاسم علي بن الحسن ابن هبة الله بن عبد الله الشافعي [ ابن عساكر ]	Rafed	2536	0.7832
		السادس من معجم الشيخة مريم	أبو الفضل أحمد بن علي بن محمد بن أحمد بن حجر العسقلاني (المتوفى: 852ه)	Sham19Y	30278	0.78289
		السادس من معجم الشيخة مريم	أبو الفضل أحمد بن علي بن محمد بن أحمد بن حجر العسقلاني (المتوفى: 852هـ)	ShamAY	30278	0.78271
		من حديث أبي عبد الرحمن عبد الله بن يزيد المقرئ مما وافق رواية الإمام أحمد بن حنبل في المسند	ضياء الدين أبو عبد الله محمد بن عبد الواحد المقدسي (المتوفى: 643هـ)	ShamAY	26733	0.78238
		الطبقات الكبرى - الجزء1	محمد بن سعد كاتب الواقدي	Masaha	2054	0.78237
		الجزء الرابع من كتاب التجريد لابن عساكر - مخطوط	أبو القاسم علي بن الحسن بن هبة الله بن عساكر	ShamAY	32878	0.78203
		كتاب الأربعين حديثا (الأربعين من أربعين عن أربعين)	الحسن بن محمد بن محمد ابن عمروك التيمي النيسابورىّ ثم الدمشقيّ، أبو علي، صدر الدين البكري (المتوفى: 656هـ)	ShamAY	26487	0.78197
		تاريخ مدينة دمشق [ج ٤٥]	أبي القاسم علي بن الحسن ابن هبة الله بن عبد الله الشافعي [ ابن عساكر ]	Rafed	2376	0.78196
		ذكر أسماء التابعين ومن بعدهم ممن صحت روايته عن الثقات عند البخاري ومسلم	أبو الحسن علي بن عمر بن أحمد بن مهدي بن مسعود بن النعمان بن دينار البغدادي الدارقطني (المتوفى: 385هـ)	ShamAY	5881	0.78183
		كتاب الأربعين حديثا (الأربعين من أربعين عن أربعين)	الحسن بن محمد بن محمد ابن عمروك التيمي النيسابورى ثم الدمشقي، أبو علي، صدر الدين البكري (المتوفى: 656ه)	ShamelaY19	26487	0.78181
		العقد الثّمين في تاريخ البلد الأمين [ج ٧]	تقي الدين محمّد بن أحمد الحسني الفاسي المكّي	Rafed	2235	0.78176
		الموافقيات التساعيات للدمياطي	عبد المؤمن بن خلف الدمياطي، أبو محمد، شرف الدين الشافعي (المتوفى: 705ه)	ShamelaY19	30700	0.78166
		من حديث أبي عبد الرحمن عبد الله بن يزيد المقرئ مما وافق رواية الإمام أحمد بن حنبل في المسند	ضياء الدين أبو عبد الله محمد بن عبد الواحد المقدسي (المتوفى: 643ه)	ShamelaY19	26733	0.78155
		الأنساب المتفقة في الخط المتماثله في النقط والضبط	أبو الفضل محمد بن طاهر بن علي بن أحمد المقدسي الشيباني، المعروف بابن القيسراني (المتوفى: 507ه)	ShamelaY19	21552	0.78132
		أخبار الصلاة لعبد الغني المقدسي	عبد الغني بن عبد الواحد بن علي بن سرور المقدسي الجماعيلي الدمشقي الحنبلي، أبو محمد، تقي الدين (المتوفى: 600ه)	ShamelaY19	26390	0.78123
		مشيخة تقي الدين الأشنهي - مخطوط	تقي الدين صالح بن مختار بن صالح الأشنهي	ShamAY	32866	0.78121
		غاية النهاية في طبقات القراء	شمس الدين أبو الخير ابن الجزري، محمد بن محمد بن يوسف (المتوفى: 833هـ)	ShamAY	12040	0.78105
		المجلس الثاني من إملاء أبي طالب الكتاني ومن حديث أبي صالح المؤذن - مخطوط	أبو صالح المؤذن	ShamAY	32947	0.78094
		تاريخ مدينة دمشق [ج ١٨]	أبي القاسم علي بن الحسن ابن هبة الله بن عبد الله الشافعي [ ابن عساكر ]	Rafed	2236	0.78092
		أحاديث عوالي للدمياطي	عبد المؤمن بن خلف الدمياطيّ، أبو محمد، شرف الدين الشافعي (المتوفى: 705هـ)	ShamAY	30558	0.78074
		تسعة مجالس من أمالي طراد بن محمد الزينبي	طِرَاد بن محمد بن علي الهاشمي العباسي الزَّيْنَبي، أبو الفوارس (المتوفى: 491هـ)	ShamAY	30725	0.78069
		تاريخ مدينة دمشق [ج ٧٣]	أبي القاسم علي بن الحسن ابن هبة الله بن عبد الله الشافعي [ ابن عساكر ]	Rafed	2607	0.78067
		غاية النهاية في طبقات القراء	شمس الدين أبو الخير ابن الجزري، محمد بن محمد بن يوسف (المتوفى: 833ه)	Sham19Y	12040	0.78044
		فتح الباب في الكنى والألقاب	أبو عبد الله محمد بن إسحاق بن محمد بن يحيى بن مَنْدَه العبدي (المتوفى: 395هـ)	ShamAY	5813	0.77999
		طرح التثريب في شرح التقريب (المقصود بالتقريب: تقريب الأسانيد وترتيب المسانيد)	أبو الفضل زين الدين عبد الرحيم بن الحسين بن عبد الرحمن بن أبي بكر بن إبراهيم العراقي (المتوفى: 806هـ)	ShamAY	11036	0.77981
		الطبقات الكبرى، القسم المتمم لتابعي أهل المدينة ومن بعدهم	أبو عبد الله محمد بن سعد بن منيع الهاشمي بالولاء، البصري، البغدادي المعروف بابن سعد (المتوفى: 230هـ)	ShamAY	9352	0.77973
		تسعة مجالس من أمالي طراد بن محمد الزينبي	طراد بن محمد بن علي الهاشمي العباسي الزينبي، أبو الفوارس (المتوفى: 491ه)	ShamelaY19	30725	0.77964
		الجزء الخامس من الفوائد المنتخبة العوالي (السراجيات) - مخطوط	أبو محمد جعفر بن أحمد بن الحسين السراج القارئ	ShamAY	38108	0.7796
		تاريخ مدينة دمشق [ج ٢١]	أبي القاسم علي بن الحسن ابن هبة الله بن عبد الله الشافعي [ ابن عساكر ]	Rafed	2250	0.77934
		تاريخ مدينة دمشق [ج ٣٦]	أبي القاسم علي بن الحسن ابن هبة الله بن عبد الله الشافعي [ ابن عساكر ]	Rafed	2327	0.77933
		الطبقات الكبرى ط دار صادر	أبو عبد الله محمد بن سعد بن منيع الهاشمي بالولاء، البصري، البغدادي المعروف بابن سعد (المتوفى: 230ه)	Sham19Y	9351	0.77913
		طرح التثريب في شرح التقريب (المقصود بالتقريب: تقريب الأسانيد وترتيب المسانيد)	أبو الفضل زين الدين عبد الرحيم بن الحسين بن عبد الرحمن بن أبي بكر بن إبراهيم العراقي (المتوفى: 806ه)	Sham19Y	11036	0.779
		أربعون حديثا لعلي بن المفضل المقدسي - مخطوط (ن)	شَرَفُ الدِّيْنِ، عَلِيُّ بنُ المُفَضَّلِ بنِ عَلِيِّ بنِ مُفَرِّجِ بنِ حَاتِمِ بنِ حَسَنِ بنِ جَعْفَرٍ المَقْدِسِيُّ (المتوفى: 611هـ)	ShamAY	10441	0.7789
		أخبار الصلاة لعبد الغني المقدسي	عبد الغني بن عبد الواحد بن علي بن سرور المقدسي الجماعيلي الدمشقي الحنبلي، أبو محمد، تقي الدين (المتوفى: 600هـ)	ShamAY	1320	0.77885
		تاريخ مدينة دمشق [ج ٢٩]	أبي القاسم علي بن الحسن ابن هبة الله بن عبد الله الشافعي [ ابن عساكر ]	Rafed	2293	0.77883
		موافقة الخبر الخبر في تخريج أحاديث المختصر	أبو الفضل أحمد بن علي بن محمد بن أحمد بن حجر العسقلاني (المتوفى: 852 هـ)	ShamAY	32465	0.77875
		الزهد والرقائق للخطيب البغدادي	أبو بكر أحمد بن علي بن ثابت بن أحمد بن مهدي الخطيب البغدادي (المتوفى : 463هـ)	ShamAY	22551	0.77875
		مشيخة النعال البغدادي صائن الدين محمد بن الأنجب	محمد بن الأنجب ابن أبي عبد الله، أبو الحسن، صائن الدين، النعال البغدادي (المتوفى: 659ه)	ShamelaY19	26432	0.77862
		جزء فيه ذكر شيوخ الشريف ابن المهدي محمد بن العباس ابن المهدي وذكر حالهم وتاريخ وفاتهم ومختار حديثهم وغير ذلك	أبو الفضل محمد بن العباس ابن المهدي	ShamAY	33644	0.77853
		أحاديث عوالي للدمياطي	عبد المؤمن بن خلف الدمياطي، أبو محمد، شرف الدين الشافعي (المتوفى: 705ه)	ShamelaY19	30558	0.77847
		الطبقات الكبرى ط دار صادر	أبو عبد الله محمد بن سعد بن منيع الهاشمي بالولاء، البصري، البغدادي المعروف بابن سعد (المتوفى: 230هـ)	ShamAY	9351	0.77834
		الرواة عن مسلم بن الحجاج للمقدسي	ضياء الدين أبو عبد الله محمد بن عبد الواحد المقدسي (المتوفى: 643هـ)	ShamAY	30003	0.77834
		إتحاف المرتقي بتراجم شيوخ البيهقي	محمود بن عبد الفتاح النحال	ShamelaY19	123666	0.77833
		تاريخ مدينة دمشق [ج ٨]	أبي القاسم علي بن الحسن ابن هبة الله بن عبد الله الشافعي [ ابن عساكر ]	Rafed	1768	0.77805
		أحاديث عوالي للدمياطي	عبد المؤمن بن خلف الدمياطي، أبو محمد، شرف الدين الشافعي (المتوفى: 705ه)	Sham19Y	30558	0.77804
		جزء فيه أربعون حديثا من الصحاح العوالي	إسماعيل بن أحمد بن محمد أبو البركات بن أبي سعد الصوفي المعروف بشيخ الشيوخ (المتوفى: 541ه)	Sham19Y	26862	0.77774
		تجريد الأسماء والكنى المذكورة في كتاب المتفق والمفترق للخطيب البغدادي	عبيد الله بن علي بن محمد بن محمد بن الحسين ابن الفراء، أبو القاسم بن أبي الفرج بن أبي خازم ابن القاضي أبي يعلى البغدادي، الحنبلي (المتوفى: 580ه)	ShamelaY19	96233	0.77768
		الأحاديث الستة العراقية	شرف الدين أبو المظفر يوسف بن الحسن بن بدر بن الحسن بن مفرج النابلسي الدمشقي الشافعي (المتوفى: 671ه)	ShamelaY19	29466	0.77763
		عوالي مالك رواية أبي أحمد الحاكم	أبو أحمد محمد بن محمد بن أحمد بن إسحاق النيسابوري الكرابيسي المعروف بالحاكم الكبير (المتوفى: 378ه)	ShamelaY19	26365	0.77756
		الأحاديث المنتقاة الأربعون للصابوني - مخطوط	الواحدي	ShamAY	32746	0.77739
		الأنساب للسمعاني - دار الجنان	السمعاني، عبد الكريم	ShamAY	34668	0.77738
		ذيل تاريخ بغداد - ابن النجار - ط العلمية ت عطا = التراجم	الحافظ محب الدين ابو عبد الله محمد بن محمود ابن الحسن بن هبة الله بن محاسن المعروف بابن النجار البغدادي المتوفى سنة 643 ه	ShamAY	38202	0.77713
		 إتحاف الورى بأخبار أم القرى 	 عمر بن محمد ابن فهد 	ABLibrary	8945	0.77705
		تاريخ مدينة دمشق [ج ٥٨]	أبي القاسم علي بن الحسن ابن هبة الله بن عبد الله الشافعي [ ابن عساكر ]	Rafed	2462	0.7766
		جزء فيه أحاديث من أمالي شرف الدين الدمياطي	الدمياطيّ، عبد المؤمن بن خلف	ShamAY	33572	0.77654
		جزء ابن الجلابي	القَاضِي، أَبُو عَبْدِ اللهِ مُحَمَّدُ بنُ عَلِيِّ بنِ مُحَمَّدِ بنِ مُحَمَّدِ بنِ الطَّيِّبِ بنِ الجُلاَّبِيِّ - بِالضَّمِّ - الوَاسِطِيُّ، المَالِكِيُّ، المَغَازلِيُّ، المُعَدَّلُ، الشُّرُوطِيُّ (المتوفى: 542هـ)	ShamAY	1312	0.77651
		الجزء السادس من الفوائد العوالي المنتقاة من الثقفيات - مخطوط	الرئيس أبو عبد الله القاسم بن الفضل الثقفي	ShamAY	32905	0.7765
		نهزة الخاطر ونزهة الخاطر من الفوائد المنتقاة الأحاديث العوالي الموافقات والأبدال والتساعيات والمصافحات والأناشيد المستحسنات - مخطوط	أبو محمد الحسن بن علي بن عيسى اللخمي الشافعي	ShamAY	32876	0.77641
		الجزء السابع من الفوائد العوالي المنتقاة من الثقفيات - مخطوط	الرئيس أبي عبد الله القاسم بن الفضل الثقفي	ShamAY	32906	0.77611
		عوالي مالك رواية أبي أحمد الحاكم	أبو أحمد محمد بن محمد بن أحمد بن إسحاق النيسابوري الكرابيسي المعروف بالحاكم الكبير (المتوفى: 378هـ)	ShamAY	1315	0.77587
		ثلاثة مجالس من أمالي ابن عبدكويه - مخطوط	أبو الحسن علي بن يحيى بن جعفر بن عبدكويه	ShamAY	38153	0.77556
		برنامج الوادي آشي	محمد بن جابر بن محمد بن قاسم القيسي، شمس الدين، أبو عبد الله الوادي آشي الأندلسي (المتوفى: 749هـ)	ShamAY	10740	0.77543
		الإلماع إلى معرفة أصول الرواية وتقييد السماع	عياض بن موسى بن عياض بن عمرون اليحصبي السبتي، أبو الفضل (المتوفى: 544هـ)	ShamAY	6030	0.77517
		تاريخ مدينة دمشق [ج ٥٣]	أبي القاسم علي بن الحسن ابن هبة الله بن عبد الله الشافعي [ ابن عساكر ]	Rafed	2409	0.77506
		بُغْيَةِ الْمُلْتَمِس فِي سُبَاعِيَّاتِ حَدِيثِ الإِمَامِ مَالِكِ بْنِ أَنَس	صلاح الدين أبو سعيد خليل بن كيكلدي بن عبد الله الدمشقي العلائي (المتوفى: 761هـ)	ShamAY	10826	0.77501
		السابع من معجم الشيخة مريم	أبو الفضل أحمد بن علي بن محمد بن أحمد بن حجر العسقلاني (المتوفى: 852هـ)	ShamAY	30277	0.77479
		جزء فيه أحاديث عوال وحكايات وأشعار للضياء	محمد بن أحمد بن الضياء محمد القرشي العمري المكي الحنفي، بهاء الدين أبو البقاء، المعروف بابن الضياء (المتوفى: 854هـ)	ShamAY	30306	0.7746
		الحث على حفظ العلم وذكر كبار الحفاظ	جمال الدين أبو الفرج عبد الرحمن بن علي بن محمد الجوزي (المتوفى: 597هـ)	ShamAY	22340	0.77454
		بشاره المصطفي (ص)	طبري ، عمادالدين ابو جعفر محمد بن ابي القاسم ( صاحب بشاره المصطفي ص - قرن ششم )	Ghbook	2476	0.77453
		تاريخ مدينة دمشق [ج ٥٧]	أبي القاسم علي بن الحسن ابن هبة الله بن عبد الله الشافعي [ ابن عساكر ]	Rafed	2426	0.7745
		الإلماع إلى معرفة أصول الرواية وتقييد السماع	عياض بن موسى بن عياض بن عمرون اليحصبي السبتي، أبو الفضل (المتوفى: 544ه)	Sham19Y	6030	0.77432
		مجلسان من الأمالي أحدهما في صفات الله لابن مردويه	أبو بكر أحمد بن موسى بن مردوية بن فورك بن موسى بن جعفر الأصبهاني (المتوفى: 410ه)	Sham19Y	26497	0.77423
		تجريد أسماء النقاد من المحدثين وذكر وفياتهم		ShamAY	34665	0.77422
		التاريخ الكبير للبخاري بحواشي محمود خليل	محمد بن إسماعيل بن إبراهيم بن المغيرة البخاري، أبو عبد الله (المتوفى: 256هـ)	ShamAY	12823	0.77422
		عوالي مالك رواية أبي اليمن الكندي	زيد بن الحسن بن زيد بن سعيد الحميري، من ذي رعين، أبو اليمن، تاج الدين الكندي (المتوفى: 613ه)	ShamelaY19	26366	0.77403
		الجزء الأول والثاني من العوالي الصحاح والغرائب الحسان للشيروي - مخطوط	أبو بكر عبد الغفار بن محمد بن الحسين بن علي الشيروي	ShamAY	32842	0.77366
		الثاني من معجم الشيخة مريم	أبو الفضل أحمد بن علي بن محمد بن أحمد بن حجر العسقلاني (المتوفى: 852ه)	Sham19Y	30267	0.77347
		الثاني من معجم الشيخة مريم	أبو الفضل أحمد بن علي بن محمد بن أحمد بن حجر العسقلاني (المتوفى: 852هـ)	ShamAY	30267	0.77341
		الأربعون الأبدال التساعيات للبخاري ومسلم للدمياطي - مخطوط (ن)	عبد المؤمن بن خلف الدمياطيّ، أبو محمد، شرف الدين الشافعي (المتوفى: 705هـ)	ShamAY	10447	0.77338
		 أخبار مكة في قديم الدهر وحديثه 	 محمد بن اسحاق ابن العباس الفاكهي المكي 	ABLibrary	8926	0.77309
		الكواكب المشرقة في انساب و تاريخ و تراجم الاسرةالعلويةالزاهرة	سيدمهدي رجايي	Ghbook	15631	0.77295
		الأربعون الأبدال العوالي المسموعة بالجامع الأموي بدمشق	ثقة الدين، أبو القاسم علي بن الحسن بن هبة الله المعروف بابن عساكر (المتوفى: 571ه)	ShamelaY19	26742	0.77288
		جزء ابن الجلابي	القاضي، أبو عبد الله محمد بن علي بن محمد بن محمد بن الطيب بن الجلابي - بالضم - الواسطي، المالكي، المغازلي، المعدل، الشروطي (المتوفى: 542ه)	ShamelaY19	26345	0.77283
		العجالة المكية في أسانيد الشيخ محمد سعيد سنبل إلى مؤلفي الكتب الحديثية المذكورة في أوائله السنبلية	محمد يس الفاداني المكي (1412 هـ)	ShamAY	33563	0.7728
		جزء فيه أحاديث من مسموعات للشيخ الحافظ أبي ذر عبيد بن أحمد بن محمد الهروي (وهو مطبوع ضمن كتاب الفوائد)	أبو ذر عبيد بن أحمد بن محمد بن عبد الله بن غفير بن محمد الأنصاري الخراساني الهروي (المتوفى: 434هـ)	ShamAY	9855	0.77279
		تاريخ مدينة دمشق [ج ٧٥]	أبي القاسم علي بن الحسن ابن هبة الله بن عبد الله الشافعي [ ابن عساكر ]	Rafed	2609	0.77272
		جزء بانتخاب أبي طاهر السلفي	صدر الدين، أبو طاهر السلفي أحمد بن محمد بن أحمد بن محمد بن إبراهيم سلفه الأصبهاني (المتوفى: 576ه)	ShamelaY19	29790	0.77267
		تاريخ بغداد أو مدينة السّلام [ج ١]	أبي بكر أحمد بن علي الخطيب البغدادي	Rafed	2170	0.77234
		الرابع من معجم الشيخة مريم	أبو الفضل أحمد بن علي بن محمد بن أحمد بن حجر العسقلاني (المتوفى: 852هـ)	ShamAY	30275	0.77197
		موطأ مالك ت الأعظمي	مالك بن أنس بن مالك بن عامر الأصبحي المدني (المتوفى: 179هـ)	ShamAY	1143	0.7719
		شواهد التنزيل لقواعد التفضيل - الجزء1	الحاكم الحسكاني	Masaha	2296	0.7719
		عوالي مالك رواية أبي اليمن الكندي	زيد بن الحسن بن زيد بن سعيد الحميري، من ذي رعين، أبو اليمن، تاج الدين الكندي (المتوفى: 613هـ)	ShamAY	1316	0.77175
		شُيُوخِ الإمَامِ الحَافِظِ البَيْهَقِيّ	حامد بن أحمد آل بكر	ShamAY	38212	0.77172
		الأربعون الأبدال العوالي المسموعة بالجامع الأموي بدمشق	ثقة الدين، أبو القاسم علي بن الحسن بن هبة الله المعروف بابن عساكر (المتوفى: 571هـ)	ShamAY	1357	0.77169
		جزء بانتخاب أبي طاهر السلفي	صدر الدين، أبو طاهر السِّلَفي أحمد بن محمد بن أحمد بن محمد بن إبراهيم سِلَفَه الأصبهاني (المتوفى: 576هـ)	ShamAY	29790	0.77168
		جزء فيه أحاديث عوال وحكايات وأشعار للضياء	محمد بن أحمد بن الضياء محمد القرشي العمري المكي الحنفي، بهاء الدين أبو البقاء، المعروف بابن الضياء (المتوفى: 854ه)	Sham19Y	30306	0.77168
		نزهة الألباب في الألقاب	أبو الفضل أحمد بن علي بن محمد بن أحمد بن حجر العسقلاني (المتوفى: 852هـ)	ShamAY	5809	0.77151
		المعجم في أسامي شيوخ أبي بكر الإسماعيلي	أبو بكر أحمد بن إبراهيم بن إسماعيل بن العباس بن مرداس الإسماعيلي الجرجاني (المتوفى: 371هـ)	ShamAY	1271	0.77127
		 ترجمة الإمام الحسين ( ع ) من كتاب بغية الطلب في تاريخ حلب لابن عديم 	 عمر بن أحمد العقيلي الحلبي ( ابن العديم ) 	ABLibrary	7468	0.77124
		تاريخ مدينة دمشق [ج ٢٥]	أبي القاسم علي بن الحسن ابن هبة الله بن عبد الله الشافعي [ ابن عساكر ]	Rafed	2270	0.7711
		جزء فيه أربعون حديثا من الصحاح العوالي	إسماعيل بن أحمد بن محمد أبو البركات بن أبي سعد الصوفي المعروف بشيخ الشيوخ (المتوفى: 541هـ)	ShamAY	1369	0.77106
		الأربعون التساعيات الصحاح العوالي للحموي - مخطوط	إبراهيم بن محمد بن المؤيد الحموي	ShamAY	38078	0.77102
		مشيخة القزويني	عمر بن علي بن عمر القزويني، أبو حفص، سراج الدين (المتوفى: 750هـ)	ShamAY	26802	0.7708
		الثالث من معجم الشيخة مريم	أبو الفضل أحمد بن علي بن محمد بن أحمد بن حجر العسقلاني (المتوفى: 852هـ)	ShamAY	30256	0.77073
		مجلسان الأول لأبي بكر الشيرازي والثاني لأبي بكر النيسابوري - مخطوط	أبو بكر محمد بن القاسم بن المظفر بن علي الشافعي	ShamAY	32943	0.77072
		مجلسان من الأمالي أحدهما في صفات الله لابن مردويه	أبو بكر أحمد بن موسى بن مردوية بن فورك بن موسى بن جعفر الأصبهاني (المتوفى: 410ه)	ShamelaY19	26497	0.77072
		تاريخ مدينة دمشق [ج ٦٥]	أبي القاسم علي بن الحسن ابن هبة الله بن عبد الله الشافعي [ ابن عساكر ]	Rafed	2539	0.77071
		مجلسان من الأمالي أحدهما في صفات الله لابن مردويه	أبو بكر أحمد بن موسى بن مردوية بن فورك بن موسى بن جعفر الأصبهاني (المتوفى: 410هـ)	ShamAY	26497	0.77056
		تاريخ مدينة دمشق [ج ٥٥]	أبي القاسم علي بن الحسن ابن هبة الله بن عبد الله الشافعي [ ابن عساكر ]	Rafed	2418	0.77054
		بغية الطلب في تاريخ حلب [ج ١١]	كمال الدّين عمر بن أحمد بن أبي جرادة الحلبي [ ابن العديم ]	Rafed	2465	0.77026
		غاية النهاية في طبقات القراء - ط ابن تيمية = التراجم	شمس الدين أبو الخير ابن الجزري، محمد بن محمد بن يوسف (المتوفى: 833هـ)	ShamAY	38177	0.77015
		موطأ مالك ت الأعظمي	مالك بن أنس بن مالك بن عامر الأصبحي المدني (المتوفى: 179ه)	ShamelaY19	28107	0.76998
		الإرشاد في معرفة علماء الحديث للخليلي	أبو يعلى الخليلي، خليل بن عبد الله بن أحمد بن إبراهيم بن الخليل القزويني (المتوفى: 446هـ)	ShamAY	12993	0.76951
		تاريخ مدينة دمشق [ج ٥٦]	أبي القاسم علي بن الحسن ابن هبة الله بن عبد الله الشافعي [ ابن عساكر ]	Rafed	2419	0.7692
		الجزء الأول والثاني من المنتخب من كتاب السبعيات لأبي نصر السجزي - مخطوط	أبو نصر هبة الله بن عبد الجبار بن معاذ بن فاخر السجزي	ShamAY	32843	0.76876
		الأربعون حديثاً عن أربعين شيخاً من أربعين صحابياً في فضائل الإمام أمير المؤمنين(ع)	الشيخ منتجب الدين علي بن بابويه القمي	Masaha	4533	0.76854
		فضائل الشام ودمشق لأبي الحسن الربعي	علي بن محمد بن صافي بن شجاع الربعي، أبو الحسن، ويعرف بابن أبي الهول (المتوفى: 444ه)	ShamelaY19	26527	0.76836
		جزء فيه أحاديث عوال وحكايات وأشعار للضياء	محمد بن أحمد بن الضياء محمد القرشي العمري المكي الحنفي، بهاء الدين أبو البقاء، المعروف بابن الضياء (المتوفى: 854ه)	ShamelaY19	30306	0.76835
		تاريخ مدينة دمشق [ج ٢٨]	أبي القاسم علي بن الحسن ابن هبة الله بن عبد الله الشافعي [ ابن عساكر ]	Rafed	2289	0.76832
		التخريج لصحيح الحديث	أحمد بن محمد بن أحمد بن محمد بن منصور أبو الحسن المجهز المعروف بالعتيقي (المتوفى: 441ه)	ShamelaY19	22334	0.76757
		المجلس الرابع والأربعون من أمالي الحسن بن عبد الملك - مخطوط	أبو محمد الحسن بن عبد الملك بن محمد بن يوسف	ShamAY	38074	0.76746
		المنتقى من الأربعين البلدانية لابن حمويه - مخطوط	إبراهيم بن محمد بن المؤيد بن حمويه	ShamAY	38147	0.76703
		ذيل ديوان الضعفاء والمتروكين	شمس الدين أبو عبد الله محمد بن أحمد بن عثمان بن قَايْماز الذهبي (المتوفى: 748هـ)	ShamAY	2054	0.76702
		فضائل الشام ودمشق لأبي الحسن الربعي	علي بن محمد بن صافي بن شجاع الربعي، أبو الحسن، ويعرف بابن أبي الهول (المتوفى: 444هـ)	ShamAY	26527	0.76697
		جذوة المقتبس في ذكر ولاة الأندلس	محمد بن فتوح بن عبد الله بن فتوح بن حميد الأزدي الميورقي الحَمِيدي أبو عبد الله بن أبي نصر (المتوفى: 488هـ)	ShamAY	5742	0.76678
		الأحاديث العشرة الاختيارية العشارية الأسانيد - ت: الألفي	ابن حجر العسقلاني	ShamAY	33613	0.76664
		دلائل النبوة للبيهقي مخرجا	أحمد بن الحسين بن علي بن موسى الخسروجردي الخراساني، أبو بكر البيهقي (المتوفى: 458ه)	Sham19Y	13115	0.76663
		التاسع من معجم الشيخة مريم	أبو الفضل أحمد بن علي بن محمد بن أحمد بن حجر العسقلاني (المتوفى: 852هـ)	ShamAY	30255	0.76662
		أربعون حديثا لأربعين شيخا من أربعين بلدة	ثقة الدين، أبو القاسم علي بن الحسن بن هبة الله المعروف بابن عساكر (المتوفى: 571هـ)	ShamAY	5713	0.76656
		 لحظ الألحاظ بذيل طبقات الحفاظ 	 محمد بن محمد ابن محمد بن فهد الهاشمي المكي 	ABLibrary	830	0.76637
		مشيخة القزويني	عمر بن علي بن عمر القزويني، أبو حفص، سراج الدين (المتوفى: 750ه)	ShamelaY19	26802	0.76632
		دلائل النبوة للبيهقي مخرجا	أحمد بن الحسين بن علي بن موسى الخُسْرَوْجِردي الخراساني، أبو بكر البيهقي (المتوفى: 458هـ)	ShamAY	13115	0.76624
		تسمية من أخرجهم البخاري ومسلم وما انفرد كل واحد منهما	أبو عبد الله الحاكم محمد بن عبد الله بن محمد بن حمدويه بن نُعيم بن الحكم الضبي الطهماني النيسابوري المعروف بابن البيع (المتوفى: 405هـ)	ShamAY	5853	0.76618
		ترجمة الإمام الحسين عليه السلام	كمال الدّين عمر بن أحمد بن أبي جرادة الحلبي [ ابن العديم ]	Rafed	763	0.76589
		مجلس في حديث جابر (مطبوع ضمن مجموع رسائل لابن ناصر الدين)	محمد بن عبد الله (أبي بكر) بن محمد ابن أحمد بن مجاهد القيسي الدمشقي الشافعي، شمس الدين، الشهير بابن ناصر الدين (المتوفى: 842هـ)	ShamAY	9605	0.76566
		الخامس من معجم شيوخ الدمياطي	عبد المؤمن بن خلف الدمياطي، أبو محمد، شرف الدين الشافعي (المتوفى: 705ه)	ShamelaY19	30644	0.7654
		جزء تمثال نعل النبي صلى الله عليه وسلم	أبو اليمن عبد الصمد بن عبد الوهاب بن عساكر (686 هـ)	ShamAY	33608	0.76536
		التخريج لصحيح الحديث	أحمد بن محمد بن أحمد بن محمد بن منصور أبو الحسن المجهز المعروف بالعتيقي (المتوفى: 441ه)	Sham19Y	22334	0.76536
		من حديث عبد الله بن يزيد المقرىء	ضياء الدين أبو عبد الله محمد بن عبد الواحد المقدسي (المتوفى: 643هـ)	ShamAY	9624	0.76535
		عشرة أحاديث عن عشرة من الشيوخ أجازوا لعائشة بنت المجد عيسى بن الإمام موفق الدين عبد الله بن أحمد بن قدامة - مخطوط	عائشة بنت عيسى بن عبد الله بن أحمد بن محمد بن قدامة المقدسي	ShamAY	32965	0.76528
		الفوائد الجليلة في مسلسلات ابن عقيلة	محمد بن أحمد بن سعيد الحنفي المكي، شمس الدين، المعروف كوالده بعقيلة (المتوفى: 1150ه)	Sham19Y	10758	0.76521
		تاريخ مدينة دمشق [ج ٧١]	أبي القاسم علي بن الحسن ابن هبة الله بن عبد الله الشافعي [ ابن عساكر ]	Rafed	2582	0.76499
		جزء فيه : ستة مجالس من أمالي الشيخ الإمام العدل أبي بكر محمد بن عبد الباقي بن محمد الأنصاري عن شيوخه (442هـ ــ 535هـ )	محمد بن زيد الأنصاري	ShamAY	35227	0.76483
		إعلام النبلاء بتاريخ حلب الشهباء [ج ٤]	محمد راغب بن محمود بن هاشم الطبّاخ الحلبي	Rafed	2366	0.76472
		الرواة عن مسلم بن الحجاج للمقدسي	ضياء الدين أبو عبد الله محمد بن عبد الواحد المقدسي (المتوفى: 643ه)	ShamelaY19	30003	0.76471
		الثامن من معجم الشيخة مريم	أبو الفضل أحمد بن علي بن محمد بن أحمد بن حجر العسقلاني (المتوفى: 852ه)	ShamelaY19	30259	0.76465
		مشيخة أبي بكر بن أحمد بن عبد الدائم المقدسي الحنبلي	القاسم بن محمد بن يوسف بن محمد ابن أبي يداس البرزالي الاشبيلي ثم الدمشقي، أبو محمد، علم الدين (المتوفى: 739ه)	Sham19Y	5724	0.76463
		كرامات الأولياء للحسن بن محمد الخلال - مخطوط (ن)	أبو محمد الحسن بن محمد بن الحسن بن علي البغدادي الخلال (المتوفى: 439ه)	Sham19Y	21650	0.76444
		ثلاثة مجالس من أمالي أبي القاسم بن بشران وعشرة أحاديث من حديث أبي الفرج الطناجيري - مخطوط	أبو القاسم عبد الملك بن محمد بن عبد الله بن بشْران بن محمد بن بشْران بن مهران البغدادي (المتوفى: 430هـ)	ShamAY	11431	0.76431
		تهذيب مستمر الأوهام على ذوي المعرفة وأولي الأفهام	سعد الملك، أبو نصر علي بن هبة الله بن جعفر بن ماكولا (المتوفى: 475هـ)	ShamAY	5798	0.76431
		من حديث أبي محمد ابن معروف وأبي بكر الوراق وأبي الحسن الباقلاني- مخطوط	أبو الغنائم محمد بن علي بن ميمون النرسي	ShamAY	32944	0.76421
		الأحاديث المائة وما ألحق بها من الآثار والنوادر لأبي الفضل المقدسي - مخطوط	أبو الفضل سليمان بن حمزة بن أحمد بن قدامة المقدسي	ShamAY	38135	0.76415
		المعرفة والتاريخ (العلمية)	أبو يوسف يعقوب بن سفيان الفسوي (المتوفى : 347هـ)	ShamAY	33818	0.76405
		الفوائد الجليلة في مسلسلات ابن عقيلة	محمد بن أحمد بن سعيد الحنفي المكيّ، شمس الدين، المعروف كوالده بعقيلة (المتوفى: 1150هـ)	ShamAY	10758	0.76388
		إحقاق الحقّ وإزهاق الباطل [ج ١٤]	السيّد نور الله الحسيني المرعشي التستري	Rafed	2751	0.76387
		فضائل بيت المقدّس	الإمام الحافظ ضياء الدين محمّد بن عبد الواحد بن أحمد المقدسي الحنبلي	Rafed	2384	0.76372
		التطفيل وحكايات الطفيليين وأخبارهم ونوادر كلامهم وأشعارهم	أبو بكر أحمد بن علي بن ثابت بن أحمد بن مهدي الخطيب البغدادي (المتوفى: 463هـ)	ShamAY	5428	0.76343
		شواهد التنزيل لقواعد التفضيل [ج ٣]	الناشر: مؤسسة الطبع والنشر التابعة لوزارة الثقافة والإرشاد الإسلامي	Rafed	2857	0.76321
		الإكمال في رفع الارتياب عن المؤتلف والمختلف في الأسماء والكنى والأنساب	سعد الملك، أبو نصر علي بن هبة الله بن جعفر بن ماكولا (المتوفى: 475هـ)	ShamAY	31576	0.76308
		تاريخ مدينة دمشق [ج ٤٠]	أبي القاسم علي بن الحسن ابن هبة الله بن عبد الله الشافعي [ ابن عساكر ]	Rafed	2342	0.76294
		السادس من معجم الشيخة مريم	أبو الفضل أحمد بن علي بن محمد بن أحمد بن حجر العسقلاني (المتوفى: 852ه)	ShamelaY19	30278	0.7629
		الجزء الأول والثاني من مشيخة أبي الحسين ابن المهتدي - مخطوط	أبو الحسين محمد بن علي بن محمد بن عبيد الله بن عبد الصمد بن المهتدي بالله	ShamAY	32959	0.76261
		المعلم بشيوخ البخاري ومسلم	أبو بكر محمد بن إسماعيل بن خلفون (المتوفى 636 هـ)	ShamAY	32503	0.76245
		من حديث القصار وابن الغوري والزيادي وابن بامويه لأبي الفتح الرازي - مخطوط	أبو الفتح عبد الجبار بن عبد الله الجوهري الرازي	ShamAY	32969	0.76232
		التطفيل وحكايات الطفيليين وأخبارهم ونوادر كلامهم وأشعارهم	أبو بكر أحمد بن علي بن ثابت بن أحمد بن مهدي الخطيب البغدادي (المتوفى: 463ه)	Sham19Y	5428	0.76231
		الفوائد الحسان عن الشيوخ الثقات، أو: مشيخة أبي بكر ابن النقور	أَبُو بَكْرٍ عَبْدُ اللهِ ابْنُ الشَّيْخِ أَبِي مَنْصُوْرٍ مُحَمَّدِ ابْنِ الشَّيْخِ الكَبِيْرِ أَبِي الحُسَيْنِ أَحْمَدَ بن مُحَمَّدِ بنِ عَبْدِ اللهِ بنِ النَّقُّوْرِ البَغْدَادِيُّ، البَزَّازُ (المتوفى: 565هـ)	ShamAY	26665	0.76195
		فهرسة ابن عطية	أبو محمد عبد الحق بن غالب بن عبد الرحمن بن تمام بن عطية الأندلسي المحاربي (المتوفى: 542ه)	Sham19Y	10728	0.76193
		كرامات الأولياء للحسن بن محمد الخلال - مخطوط (ن)	أبو محمد الحسن بن محمد بن الحسن بن علي البغدادي الخَلَّال (المتوفى: 439هـ)	ShamAY	21650	0.7619
		كرامات الأولياء للحسن بن محمد الخلال - مخطوط (ن)	أبو محمد الحسن بن محمد بن الحسن بن علي البغدادي الخلال (المتوفى: 439ه)	ShamelaY19	21650	0.76154
		بغية الملتمس في تاريخ رجال أهل الأندلس	أحمد بن يحيى بن أحمد بن عميرة، أبو جعفر الضبي (المتوفى: 599ه)	Sham19Y	728	0.76148
		الجزء الثالث عشر من الفوائد المنتخبة الصحاح والغرائب للنسيب - مخطوط	النسيب أبو القاسم علي بن إبراهيم بن العباس بن أبي الجن الحسيني	ShamAY	32970	0.76129
		إرشاد المبتدي وتذكرة المنتهي في القراءات العشر	أبي العزّ محمّد بن الحسين بن بندار الواسطي القلانسي	Rafed	3404	0.76129
		عوالي أبي بكر بن عبد الدائم	أبو بكر بن أحمد بن عبد الدائم بن نعمة بن أحمد بن نعمة بن بكير النابلسي المقدسي الصالحي (المتوفى: 718ه)	ShamelaY19	29481	0.76128
		الحادي عشر من معجم الشيخة مريم	أبو الفضل أحمد بن علي بن محمد بن أحمد بن حجر العسقلاني (المتوفى: 852ه)	ShamelaY19	30271	0.76125
		السداسيات المخرجة من سماعات ابن الحطاب أبو عبد الله الرازي - مخطوط	الرازي، أبو عبد الله	ShamAY	32759	0.76108
		الجزء السادس من فوائد الإخوان من الأحاديث الموافقات والأبدال والعوالي الحسان (مشيخة ابن أبي عمر) - مخطوط	شمس الدين أبو الفرج عبد الرحمن بن محمد بن أحمد بن قدامة المقدسي المعروف بابن أبي عمر	ShamAY	32960	0.76083
		التخريج المتوالي للأسانيد العوالي من الثلاثي إلى العشاري		ShamAY	33057	0.76083
		تاريخ بغداد أو مدينة السّلام [ج ٢]	أبي بكر أحمد بن علي الخطيب البغدادي	Rafed	2246	0.76075
		الإكمال في رفع الارتياب عن المؤتلف والمختلف في الأسماء والكنى والأنساب	سعد الملك، أبو نصر علي بن هبة الله بن جعفر بن ماكولا (المتوفى: 475ه)	ShamelaY19	22659	0.76048
		معرفة علوم الحديث للحاكم	أبو عبد الله الحاكم محمد بن عبد الله بن محمد بن حمدويه بن نُعيم بن الحكم الضبي الطهماني النيسابوري المعروف بابن البيع (المتوفى: 405هـ)	ShamAY	13179	0.76032
		الفوائد المخرجة من الأصول عن شيوخ ابن المهتدي - مخطوط		ShamAY	32765	0.76014
		حديث أبي نصر اليونارتي	أَبُو نَصْرٍ الحَسَنُ بنُ مُحَمَّدِ بنِ إِبْرَاهِيْمَ بن أَحْمَدَ بنِ عَلِيٍّ اليُونَارتِي، الأَصْبَهَانِيّ (المتوفى: 527هـ)	ShamAY	29782	0.76012
		المنتخب من معجم شيوخ السمعاني	عبد الكريم بن محمد بن منصور التميمي السمعاني المروزي، أبو سعد (المتوفى: 562هـ)	ShamAY	21556	0.7597
		 العقد الثمين في تاريخ البلد الأمين 	 محمد بن أحمد الفاسي 	ABLibrary	9147	0.75964
		أسامي من روى عنهم محمد بن إسماعيل البخاري من مشايخه (في جامعه الصحيح)	أبو أحمد عبد الله بن عدي بن عبد الله بن محمد ابن مبارك بن القطان الجرجاني (المتوفى: 365هـ)	ShamAY	5862	0.75908
		مقاتل الطالبيّين	أبي الفرج الاصفهاني	Rafed	3214	0.75901
		التخريج لصحيح الحديث	أَحْمَد بْن مُحَمَّد بْن أَحْمَد بْن مُحَمَّد بْن منصور أَبُو الحسن المجهز المعروف بالعتيقي (المتوفى: 441هـ)	ShamAY	22334	0.75898
		مجموع أجزاء حديثية	مجموعة من المؤلفين	ShamAY	35229	0.75895
		التوحيد ومعرفة أسماء الله عز وجل وصفاته على الاتفاق والتفرد لابن منده	أبو عبد الله محمد بن إسحاق بن محمد بن يحيى بن مَنْدَه العبدي (المتوفى: 395هـ)	ShamAY	8210	0.75895
		بغية الملتمس في تاريخ رجال أهل الأندلس	أحمد بن يحيى بن أحمد بن عميرة، أبو جعفر الضبي (المتوفى: 599هـ)	ShamAY	728	0.75887
		تاريخ مدينة دمشق [ج ٣١]	أبي القاسم علي بن الحسن ابن هبة الله بن عبد الله الشافعي [ ابن عساكر ]	Rafed	2301	0.75872
		تاريخ مدينة دمشق [ج ٣٣]	أبي القاسم علي بن الحسن ابن هبة الله بن عبد الله الشافعي [ ابن عساكر ]	Rafed	2310	0.75869
		منائح الكرم في أخبار مكة والبيت وولاة الحرم [ج ٦]	علي بن تاج الدين بن تقي الدين السنجاري	Rafed	2703	0.75863
		لباب الأنساب والألقاب والأعقاب	أبو الحسن ظهير الدين علي بن زيد البيهقي، الشهير بابن فندمه (المتوفى: 565هـ)	ShamAY	355	0.75851
		تاريخ مدينة دمشق [ج ٢٢]	أبي القاسم علي بن الحسن ابن هبة الله بن عبد الله الشافعي [ ابن عساكر ]	Rafed	2256	0.75845
		الحنائيات (فوائد أبي القاسم الحنائي)	أَبُو القَاسِمِ الحُسَيْنُ بنُ مُحَمَّدِ بنِ إِبْرَاهِيْمَ بنِ الحُسَيْنِ الدِّمَشْقِيُّ، الحِنَّائِي (المتوفى: 459هـ)	ShamAY	26566	0.75818
		أحاديث صحيحة مما رواه مسلم بن الحجاج بين المصطفى وبينه تسعة نفر لضياء الدين المقدسي	ضياء الدين أبو عبد الله محمد بن عبد الواحد المقدسي (المتوفى: 643ه)	ShamelaY19	29428	0.75816
		من فضائل العباس بن عبد المطلب لأبي القاسم السمرقندي - مخطوط	أبو القاسم إسماعيل بن أحمد بن عمر السمرقندي	ShamAY	32889	0.75813
		تاريخ بغداد أو مدينة السّلام [ج ٢١]	محبّ الدين أبي عبدالله محمّد بن محمود بن الحسن [ ابن النجّار البغدادي ]	Rafed	2982	0.75808
		الأنساب للسمعاني	عبد الكريم بن محمد بن منصور التميمي السمعاني المروزي، أبو سعد (المتوفى: 562هـ)	ShamAY	12317	0.75799
		تسمية من روي عنه من أولاد العشرة	علي بن عبد الله بن جعفر السعدي بالولاء المديني، البصري، أبو الحسن (المتوفى: 234هـ)	ShamAY	5893	0.75797
		مشيخة أبي بكر بن أحمد بن عبد الدائم المقدسي الحنبلي	القاسم بن محمد بن يوسف بن محمد ابن أبي يدّاس البرزالي الاٍشبيلي ثم الدمشقيّ، أبو محمد، عَلَم الدين (المتوفى: 739هـ)	ShamAY	5724	0.75793
		فهرسة ابن عطية	أبو محمد عبد الحق بن غالب بن عبد الرحمن بن تمام بن عطية الأندلسي المحاربي (المتوفى: 542هـ)	ShamAY	10728	0.75792
		الفوائد الحسان عن الشيوخ الثقات، أو: مشيخة أبي بكر ابن النقور	أبو بكر عبد الله ابن الشيخ أبي منصور محمد ابن الشيخ الكبير أبي الحسين أحمد بن محمد بن عبد الله بن النقور البغدادي، البزاز (المتوفى: 565ه)	ShamelaY19	26665	0.75792
		الأحاديث المختارة أو المستخرج من الأحاديث المختارة مما لم يخرجه البخاري ومسلم في صحيحيهما	ضياء الدين أبو عبد الله محمد بن عبد الواحد المقدسي (المتوفى: 643هـ)	ShamAY	10480	0.75784
		اقتضاء العلم العمل للخطيب البغدادي	أبو بكر أحمد بن علي بن ثابت بن أحمد بن مهدي الخطيب البغدادي (المتوفى: 463هـ)	ShamAY	12985	0.75776
		أسنى المطالب( مناقب الاسد الغالب ممزق الكتائب و مظهر العجائب)	شمس الدين محمد الجزري	Masaha	1833	0.75743
		أخبار الحسن بن علي(ع)	سلمان بن أحمد الطبراني‏	Masaha	1831	0.75737
		أحاديث عوال من مسموعات ابن سيد الناس	ابن سيد الناس (734 هـ)	ShamAY	33538	0.7573
		الأربعون المختارة من حديث الإمام أبي حنيفة	يوسف بن حسن بن أحمد بن حسن ابن عبد الهادي الصالحي، جمال الدين، ابن ابن المِبْرَد الحنبلي (المتوفى: 909هـ)	ShamAY	1416	0.75726
		موارد الظمآن إلى زوائد ابن حبان	أبو الحسن نور الدين علي بن أبي بكر بن سليمان الهيثمي (المتوفى: 807هـ)	ShamAY	901	0.75703
		ذكر من يعتمد قوله في الجرح والتعديل (مطبوع ضمن كتاب «أربع رسائل في علوم الحديث» )	شمس الدين أبو عبد الله محمد بن أحمد بن عثمان بن قَايْماز الذهبي (المتوفى: 748هـ)	ShamAY	26112	0.75658
		ذكر من يعتمد قوله في الجرح والتعديل (مطبوع ضمن كتاب «أربع رسائل في علوم الحديث» )	شمس الدين أبو عبد الله محمد بن أحمد بن عثمان بن قايماز الذهبي (المتوفى: 748ه)	ShamelaY19	26112	0.75653
		الحنائيات (فوائد أبي القاسم الحنائي)	أبو القاسم الحسين بن محمد بن إبراهيم بن الحسين الدمشقي، الحنائي (المتوفى: 459ه)	ShamelaY19	26566	0.75633
		معرفة رجال البخاري للنحات	أبي جعفر محمد بن الحسن النحات	ShamAY	34594	0.75612
		سبعة مجالس من أمالي أبي القاسم إسماعيل بن محمد بن الفضل - مخطوط	أبو القاسم إسماعيل بن محمد بن الفضل التيمي الأصبهاني المعروف بقوام السنة	ShamAY	32916	0.7561
		الفوائد الملتفظة والفرائد الملتقطة من مسموعات أبي الفتح الخرقي - مخطوط		ShamAY	32766	0.75583
		ذم قرناء السوء (المجلس الثالث والخمسون من أمالي ابن عساكر)	ثقة الدين، أبو القاسم علي بن الحسن بن هبة الله المعروف بابن عساكر (المتوفى: 571ه)	Sham19Y	26861	0.75567
		تاريخ داريا لعبد الجبار الخولاني	أبو علي عبد الجبار بن عبد الله بن محمد بن عبد الرحيم بن داود الخولاني الداراني المعروف بابن مهنا (المتوفى: 370ه)	Sham19Y	8249	0.75564
		الجامع لعلوم الإمام أحمد - الترجمة	خالد الرباط، وائل إمام [بمشاركة الباحثين بدار الفلاح]	ShamelaY19	20870	0.75558
		قوارع القرآن وما يستحب أن لا يخل بقراءته كل يوم وليلة للجوري	أبو عمرو محمد بن يحيى بن الحسن الجوري النيسابوري	ShamAY	33672	0.7555
		مقاتل الطالبيين	علي بن الحسين بن محمد بن أحمد بن الهيثم المرواني الأموي القرشي، أبو الفرج الأصبهاني (المتوفى: 356هـ)	ShamAY	12404	0.75511
		الأربعون في التصوف للسلمي	محمد بن الحسين بن محمد بن موسى بن خالد بن سالم النيسابوري، أبو عبد الرحمن السلمي (المتوفى: 412هـ)	ShamAY	22526	0.75496
		الرابع من معجم الشيخة مريم	أبو الفضل أحمد بن علي بن محمد بن أحمد بن حجر العسقلاني (المتوفى: 852ه)	ShamelaY19	30275	0.75489
		تاريخ داريا لعبد الجبار الخولاني	أبو علي عبد الجبار بن عبد الله بن محمد بن عبد الرحيم بن داود الخولاني الداراني المعروف بابن مهنا (المتوفى: 370هـ)	ShamAY	8249	0.75478
		تخريج أحاديث الأسماء الحسنى	أبو الفضل أحمد بن علي بن محمد بن أحمد بن حجر العسقلاني (المتوفى: 852ه)	ShamelaY19	30718	0.75478
		الكامل في ضعفاء الرجال لابن عدي - الرشد	أبو أحمد عبد الله بن عدي الجرجاني	ShamAY	34661	0.75467
		ذم قرناء السوء (المجلس الثالث والخمسون من أمالي ابن عساكر)	ثقة الدين، أبو القاسم علي بن الحسن بن هبة الله المعروف بابن عساكر (المتوفى: 571هـ)	ShamAY	1368	0.75466
		تبيين كذب المفتري فيما نسب إلى الإمام أبي الحسن الأشعري	ثقة الدين، أبو القاسم علي بن الحسن بن هبة الله المعروف بابن عساكر (المتوفى: 571هـ)	ShamAY	6549	0.75441
		أحوال الرجال = التراجم	إبراهيم بن يعقوب بن إسحاق السعدي الجوزجاني، أبو إسحاق (المتوفى: 259 هـ)	ShamAY	38191	0.75441
		مقاتل الطالبيين	علي بن الحسين بن محمد بن أحمد بن الهيثم المرواني الأموي القرشي، أبو الفرج الأصبهاني (المتوفى: 356ه)	Sham19Y	12404	0.75439
		الأحاديث العشرة العشارية الاختيارية لابن حجر	أبو الفضل أحمد بن علي بن محمد بن أحمد بن حجر العسقلاني (المتوفى: 852هـ)	ShamAY	21489	0.75432
		تراجم رجال الدارقطني في سننه الذين لم يترجم لهم في التقريب ولا في رجال الحاكم	مقبل بن هادي بن مقبل بن قائدة الهمداني الوادعي (المتوفى: 1422ه)	ShamelaY19	29879	0.7543
		السابع من معجم الشيخة مريم	أبو الفضل أحمد بن علي بن محمد بن أحمد بن حجر العسقلاني (المتوفى: 852ه)	ShamelaY19	30277	0.75398
		الخامس من معجم الشيخة مريم	أبو الفضل أحمد بن علي بن محمد بن أحمد بن حجر العسقلاني (المتوفى: 852ه)	Sham19Y	30272	0.75395
		معرفة القراء الكبار على الطبقات والأعصار	محمد بن أحمد بن عثمان بن قايماز الذهبي أبو عبد الله	ShamAY	34609	0.75391
		المستدرك للحاكم - دار المعرفة	الإمام الحافظ أبو عبد الله الحاكم النيسابوري (405 هـ)	ShamAY	33941	0.75391
		من عاش مائة وعشرين سنة من الصحابة لابن منده	يحيى بن عبد الوهاب بن محمد ابن إسحاق بن محمد بن يحيى العبدي الأصبهاني، أبو زكريا، ابن منده (المتوفى: 511هـ)	ShamAY	9628	0.75371
		جزء حديث المتبايعين بالخيار	عبد العظيم بن عبد القوي بن عبد الله، أبو محمد، زكي الدين المنذري (المتوفى: 656هـ)	ShamAY	29464	0.75367
		من حديث ابن مندة والشيرازي لعائشة بنت الحسن الوركاني - مخطوط	عائشة بنت الحسن بن إبراهيم الوركاني	ShamAY	32897	0.75366
		التاريخ الأوسط (مطبوع خطأ باسم التاريخ الصغير)	محمد بن إسماعيل بن إبراهيم بن المغيرة البخاري، أبو عبد الله (المتوفى: 256هـ)	ShamAY	5782	0.75365
		المنتخب من معجم شيوخ السمعاني	عبد الكريم بن محمد بن منصور التميمي السمعاني المروزي، أبو سعد (المتوفى: 562ه)	ShamelaY19	21556	0.75361
		كتاب الأربعين المغنية بعيون فنونها عن المعين	خليل بن كيكلدي العلائي الشافعي	ShamAY	33598	0.75341
		ذم قرناء السوء (المجلس الثالث والخمسون من أمالي ابن عساكر)	ثقة الدين، أبو القاسم علي بن الحسن بن هبة الله المعروف بابن عساكر (المتوفى: 571ه)	ShamelaY19	26861	0.7531
		الأمالي	الشيخ الطوسي	Masaha	698	0.75299
		تراجم رجال الدارقطني في سننه الذين لم يترجم لهم في التقريب ولا في رجال الحاكم	مُقْبلُ بنُ هَادِي بنِ مُقْبِلِ بنِ قَائِدَةَ الهَمْدَاني الوادعِيُّ (المتوفى: 1422هـ)	ShamAY	204	0.75293
		جمهرة أنساب العرب لابن حزم	أبو محمد علي بن أحمد بن سعيد بن حزم الأندلسي القرطبي الظاهري (المتوفى: 456ه)	Sham19Y	9793	0.75272
		الدرّ الكمين بذيل العقد الثمين في تاريخ البلد الأمين [ج ٣]	عمر ابن فهد الهاشمي المكّي	Rafed	2229	0.75254
		الخامس من معجم الشيخة مريم	أبو الفضل أحمد بن علي بن محمد بن أحمد بن حجر العسقلاني (المتوفى: 852هـ)	ShamAY	30272	0.75252
		البلدانيات للسخاوي	شمس الدين أبو الخير محمد بن عبد الرحمن بن محمد السخاوي (المتوفى: 902هـ)	ShamAY	3576	0.75251
		 الكامل في التاريخ 	 ابن الأثير 	ABLibrary	8258	0.75242
		برنامج التجيبي	القاسم بن يوسف بن محمد بن علي التجيبي البلنسي السبتي (المتوفى: 730هـ)	ShamAY	9870	0.75231
		مقاتل الطالبيين	ابو الفرج الأصفهاني	Masaha	2338	0.75223
		فضائل الأوقات للبيهقي	أحمد بن الحسين بن علي بن موسى الخُسْرَوْجِردي الخراساني، أبو بكر البيهقي (المتوفى: 458هـ)	ShamAY	13134	0.75203
		لذة العيش في طرق حديث الأئمة من قريش لابن حجر العسقلاني	الواحدي :: ابن حجر العسقلاني	ShamAY	33678	0.75194
		أحاديث صحيحة مما رواه مسلم بن الحجاج بين المصطفى وبينه تسعة نفر لضياء الدين المقدسي	ضياء الدين أبو عبد الله محمد بن عبد الواحد المقدسي (المتوفى: 643هـ)	ShamAY	29428	0.7519
		توضيح المشتبه في ضبط أسماء الرواة وأنسابهم وألقابهم وكناهم	محمد بن عبد الله (أبي بكر) بن محمد ابن أحمد بن مجاهد القيسي الدمشقي الشافعي، شمس الدين، الشهير بابن ناصر الدين (المتوفى: 842هـ)	ShamAY	5812	0.75178
		مشيخة ابن الدهان - مخطوط	أبو عبد الله محمد بن عبد الرحمن بن أحمد بن عمران بن كليب السعدي ابن الدهان	ShamAY	32920	0.75162
		أخبار القضاة	أَبُو بَكْرٍ مُحَمَّدُ بْنُ خَلَفِ بْنِِ حَيَّانَ بْنِِ صَدَقَةََ الضَّبِّيّ البَغْدَادِيّ, المُلَقَّب بِـ"وَكِيع" (المتوفى: 306هـ)	ShamAY	150	0.75155
		جزء حديث المتبايعين بالخيار	عبد العظيم بن عبد القوي بن عبد الله، أبو محمد، زكي الدين المنذري (المتوفى: 656ه)	ShamelaY19	29464	0.75148
		معجم السفر	صدر الدين، أبو طاهر السِّلَفي أحمد بن محمد بن أحمد بن محمد بن إبراهيم سِلَفَه الأصبهاني (المتوفى: 576هـ)	ShamAY	5805	0.75132
		تحفة الصديق في فضائل أبي بكر الصديق	الأمير أبو الحسن علي بن بلبان بن عبد الله، علاء الدين الفارسي الحنفي (المتوفى: 739هـ)	ShamAY	6603	0.75132
		الأحاديث الستة العراقية	شرف الدين أبو المظفر يوسف بن الحسن بن بدر بن الحسن بن مفرج النابلسي الدمشقي الشافعي (المتوفى: 671هـ)	ShamAY	29466	0.75129
		مشيخة المسند محمد بن إبراهيم البياني المعروف بابن إمام الصخرة	محمد بن إبراهيم بن محمد بن أبي بكر الأنصاري الخزرجي الدمشقي شمس الدين أبو عبد الله المعروف بالبياني، ابن إمام الصخرة (المتوفى: 766هـ)	ShamAY	27103	0.75116
		الأحاديث العشرة العشارية الاختيارية لابن حجر	أبو الفضل أحمد بن علي بن محمد بن أحمد بن حجر العسقلاني (المتوفى: 852ه)	ShamelaY19	21489	0.7506
		من حديث خيثمة بن سليمان القرشي الأطرابلسي	أبو الحسن خيثمة بن سليمان بن حيدرة بن سليمان القرشي الشامي الأطرابلسي (المتوفى: 343هـ)	ShamAY	13182	0.75055
		تاريخ مدينة دمشق [ج ٦٢]	أبي القاسم علي بن الحسن ابن هبة الله بن عبد الله الشافعي [ ابن عساكر ]	Rafed	2532	0.75048
		مجلس في نفي التشبيه (المجلس 138 من أمالي ابن عساكر)	أبو القاسم علي بن الحسن بن هبة الله المعروف بابن عساكر الدمشقي	ShamAY	33710	0.75045
		الجزء الأول من مشيخة أبي الحسين ابن المهتدي - مخطوط		ShamAY	32750	0.75045
		غنية الملتمس إيضاح الملتبس	أبو بكر أحمد بن علي بن ثابت بن أحمد بن مهدي الخطيب البغدادي (المتوفى: 463ه)	Sham19Y	5777	0.75032
		تسمية من لم يرو عنه غير رجل واحد - ط الوعي = التراجم	أبو عبد الرحمن أحمد بن شعيب بن علي الخراساني، النسائي (المتوفى: 303هـ)	ShamAY	38025	0.75006
		موارد الظمآن إلى زوائد ابن حبان ت حسين أسد	أبو الحسن نور الدين علي بن أبي بكر بن سليمان الهيثمي (المتوفى: 807ه)	ShamelaY19	98126	0.74973
		رجال الحاكم في المستدرك	مقبل بن هادي بن مقبل بن قائدة الهمداني الوادعي (المتوفى: 1422ه)	ShamelaY19	29742	0.74969
		مجالس من أمالي أبي عبد الله بن منده	أبو عبد الله محمد بن إسحاق بن محمد بن يحيى بن منده العبدي (المتوفى: 395ه)	Sham19Y	30769	0.74961
		مسند أمة الله مريم بنت عبد الرحمن الحنبلية	مريم بنت عبد الرحمن بن أحمد ابن عبد الرحمن، أم محمد الحنبلية، الملقبة بست القضاة (المتوفى: 758هـ)	ShamAY	5680	0.7495
		 دلائل النبوة ومعرفة أحوال صاحب الشريعة 	 أحمد بن الحسين البيهقي 	ABLibrary	931	0.74947
		الجزء الأول من فوائد محمد بن أحمد بن محمد بن عمرو بن شاكر القطان عن شيوخه	محمد بن علي القطان العسقلاني	ShamAY	33584	0.74944
		معرفة القراء الكبار على الطبقات والأعصار	شمس الدين أبو عبد الله محمد بن أحمد بن عثمان بن قايماز الذهبي (المتوفى: 748ه)	Sham19Y	8349	0.74941
		الثاني من شعار الأبرار في الأدعية والأذكار شيوخه (ضمن مجموع مطبوع باسم الفوائد لابن منده!)	عبد الرحمن بن أحمد بن مبارك بن حماد بن تركي الغزي الشيخ الزاهد زين الدين أبو الفرج المعروف بابن الشيخة المصري الحسيني (المتوفى: 799هـ)	ShamAY	9382	0.7494
		ثبت أبي جعفر أحمد بن علي البلوي الوادي أشي	أبو جعفر أحمد بن علي البلوي الوادي آشي (المتوفى: 938هـ)	ShamAY	10736	0.74928
		جمهرة أنساب العرب لابن حزم	أبو محمد علي بن أحمد بن سعيد بن حزم الأندلسي القرطبي الظاهري (المتوفى: 456هـ)	ShamAY	9793	0.74921
		جمهرة أنساب العرب‏	ابن حزم الأندلسي‏	Masaha	1960	0.74906
		منجد المقرئين ومرشد الطالبين	شمس الدين أبو الخير ابن الجزري، محمد بن محمد بن يوسف (المتوفى: 833هـ)	ShamAY	8677	0.74904
		تراجم القراء	الشيخ فائز عبد القادر شيخ الزور	ShamAY	35815	0.74892
		مجالس من أمالي أبي عبد الله بن منده	أبو عبد الله محمد بن إسحاق بن محمد بن يحيى بن مَنْدَه العبدي (المتوفى: 395هـ)	ShamAY	30769	0.74883
		إِتْحَافُ المُرْتَقِي بِتَرَاجِمِ شُيُوخ البَيهَقِيّ	محمود بن عبد الفتاح النحال	ShamAY	31744	0.74864
		جمهرة انساب العرب	ابن حزم الأندلسي‏	Masaha	2330	0.7486
		الجزء الأول والثاني من فوائد ابن بشران عن شيوخه (ضمن مجموع مطبوع باسم الفوائد لابن منده!)	علي بن محمد بن عبد الله بن بشران الأموي أبو الحسين البغدادي المعدل (المتوفى: 415هـ)	ShamAY	9383	0.74843
		أمالي المخلدي	الحسن بن أحمد بن محمد المخلدي	ShamAY	33691	0.74824
		الرد على من يقول الم حرف لينفي الألف والام والميم عن كلام الله عز وجل	عبد الرحمن بن محمد بن إسحاق، ابن مندة العبدي الأصبهاني، أبو القاسم (المتوفى: 470ه)	ShamelaY19	26452	0.74792
		 فضائل بيت المقدس 	 ضياء الدين محمد المقدسي 	ABLibrary	9151	0.74782
		مجلس من إملاء أبي الفوارس الزينبي رواية الطوسي - مخطوط (ن)	طِرَاد بن محمد بن علي الهاشمي العباسي الزَّيْنَبي، أبو الفوارس (المتوفى: 491هـ)	ShamAY	12549	0.74777
		تاريخ مدينة دمشق [ج ٦٧]	أبي القاسم علي بن الحسن ابن هبة الله بن عبد الله الشافعي [ ابن عساكر ]	Rafed	2543	0.74775
		الجزء الأول من الفوائد الصحاح والغرائب والأفراد	عبد الرحمن بن عبيد الله بن عبد الله ابن محمد، أبو القاسم الحربي الحُرْفي (المتوفى: 423هـ)	ShamAY	26584	0.74774
		من حديث أبي حفص ابن الزيات - مخطوط	أبو حفص الزيات	ShamAY	32808	0.74762
		إتحاف المرتقي بتراجم شيوخ البيهقي	محمود بن عبد الفتاح النحال	Sham19Y	123666	0.74762
		تاريخ مدينة دمشق [ج ٤٧]	أبي القاسم علي بن الحسن ابن هبة الله بن عبد الله الشافعي [ ابن عساكر ]	Rafed	2378	0.74759
		رجال الحاكم في المستدرك	مُقْبلُ بنُ هَادِي بنِ مُقْبِلِ بنِ قَائِدَةَ الهَمْدَاني الوادعِيُّ (المتوفى: 1422هـ)	ShamAY	197	0.74755
		الآداب للبيهقي	أحمد بن الحسين بن علي بن موسى الخسروجردي الخراساني، أبو بكر البيهقي (المتوفى: 458ه)	Sham19Y	8203	0.74754
		أربعون حديثا لابن بابويه - مخطوط	أبو الحسن علي بن عبيد الله بن بابويه الرازي القمي	ShamAY	32835	0.7473
		أحاديث وحكايات للسلفي	صدر الدين، أبو طاهر السِّلَفي أحمد بن محمد بن أحمد بن محمد بن إبراهيم سِلَفَه الأصبهاني (المتوفى: 576هـ)	ShamAY	30024	0.74729
		تاريخ علماء أهل مصر	يحيى بن علي بن محمد بن إبراهيم الحضرمي المعروف بابن الطحان (؟ - 416 ه)	Sham19Y	130963	0.74727
		الجزء الأول من الفوائد الصحاح والغرائب والأفراد	عبد الرحمن بن عبيد الله بن عبد الله ابن محمد، أبو القاسم الحربي الحرفي (المتوفى: 423ه)	ShamelaY19	26584	0.74719
		حديث السكن بن جميع	السَّكَنُ ابْنُ جُمَيْعٍ، أَبُو مُحَمَّدٍ الحسين بن محمد بن أحمد بن جميع (المتوفى: 437هـ)	ShamAY	27086	0.74717
		الثاني من معجم الشيخة مريم	أبو الفضل أحمد بن علي بن محمد بن أحمد بن حجر العسقلاني (المتوفى: 852ه)	ShamelaY19	30267	0.747
		غنية الملتمس إيضاح الملتبس	أبو بكر أحمد بن علي بن ثابت بن أحمد بن مهدي الخطيب البغدادي (المتوفى: 463هـ)	ShamAY	5777	0.7469
		معرفة القراء الكبار على الطبقات والأعصار	شمس الدين أبو عبد الله محمد بن أحمد بن عثمان بن قَايْماز الذهبي (المتوفى: 748هـ)	ShamAY	8349	0.74687
		حديث السكن بن جميع	السكن ابن جميع، أبو محمد الحسين بن محمد بن أحمد بن جميع (المتوفى: 437ه)	ShamelaY19	27086	0.74687
		التسلي والاغتباط بثواب من تقدم من الأفراط	عبد المؤمن بن خلف الدمياطيّ، أبو محمد، شرف الدين الشافعي (المتوفى: 705هـ)	ShamAY	22301	0.74679
		تبصير المنتبه بتحرير المشتبه	أبو الفضل أحمد بن علي بن محمد بن أحمد بن حجر العسقلاني (المتوفى: 852هـ)	ShamAY	4092	0.7465
		مجالس من أمالي أبي عبد الله بن منده	أبو عبد الله محمد بن إسحاق بن محمد بن يحيى بن منده العبدي (المتوفى: 395ه)	ShamelaY19	30769	0.74639
		مشيخة الآبنوسي	أَبُو الحُسَيْنِ مُحَمَّدُ بنُ أَحْمَدَ بنِ مُحَمَّدِ بنِ عَلِيٍّ الصيرفي، ابْنُ الآبَنُوْسِيِّ البَغْدَادِيُّ (المتوفى: 457هـ)	ShamAY	12749	0.74634
		المراسيل لابن أبي حاتم	أبو محمد عبد الرحمن بن محمد بن إدريس بن المنذر التميمي، الحنظلي، الرازي ابن أبي حاتم (المتوفى: 327هـ)	ShamAY	1290	0.74625
		أحاديث وحكايات للسلفي	صدر الدين، أبو طاهر السلفي أحمد بن محمد بن أحمد بن محمد بن إبراهيم سلفه الأصبهاني (المتوفى: 576ه)	ShamelaY19	30024	0.74607
		تعليقات الدارقطني على المجروحين لابن حبان	أبو الحسن علي بن عمر بن أحمد بن مهدي بن مسعود بن النعمان بن دينار البغدادي الدارقطني (المتوفى: 385هـ)	ShamAY	10843	0.746
		 نفح الطيب من غصن الأندلس الرطيب 	 أحمد بن محمد المقري التلمساني 	ABLibrary	9306	0.74596
		الآداب للبيهقي	أحمد بن الحسين بن علي بن موسى الخُسْرَوْجِردي الخراساني، أبو بكر البيهقي (المتوفى: 458هـ)	ShamAY	8203	0.74593
		معجم الشيوخ الكبير للذهبي	شمس الدين أبو عبد الله محمد بن أحمد بن عثمان بن قَايْماز الذهبي (المتوفى: 748هـ)	ShamAY	12531	0.74567
		المجلد الأول من ثبت عمر بن أحمد بن علي الشماع - مخطوط	عمر بن أحمد بن علي الشماع الحلبي	ShamAY	32855	0.74561
		جُزْءُ أَبِي عَرُوبَةَ الْحَرَّانِيِّ برواية الأنطاكي	أبو عروبة الحراني	ShamAY	33619	0.74548
		تاريخ مدينة دمشق [ج ٣٢]	أبي القاسم علي بن الحسن ابن هبة الله بن عبد الله الشافعي [ ابن عساكر ]	Rafed	2305	0.74542
		الجزء الأول من الأحاديث السباعيات لمشايخ يوسف بن خليل الدمشقي - مخطوط	الواحدي	ShamAY	32956	0.74493
		البلدانيات‏	محمد بن عبد الرحمن السخاوي	Masaha	3716	0.74493
		معرفة السنن والآثار	أحمد بن الحسين بن علي بن موسى الخسروجردي الخراساني، أبو بكر البيهقي (المتوفى: 458ه)	Sham19Y	2863	0.74467
		أحاديث عن جماعة من مشايخ بغداد للضياء المقدسي - مخطوط	ضياء الدين أبو عبد الله محمد بن عبد الواحد بن أحمد المقدسي	ShamAY	32950	0.74446
		تاريخ مدينة دمشق [ج ٤٩]	أبي القاسم علي بن الحسن ابن هبة الله بن عبد الله الشافعي [ ابن عساكر ]	Rafed	2392	0.74444
		الثاني من مشيخة ابن شاذان الكبرى - مخطوط	أبو علي الحسن بن أحمد بن إبراهيم ابن شاذان	ShamAY	32953	0.74434
		منتقى حديث أبي الحسن أحمد بن إبراهيم بن عبدويه بن سدوس العبدويي	ضياء الدين أبو عبد الله محمد بن عبد الواحد المقدسي (المتوفى: 643ه)	Sham19Y	26339	0.74434
		تسمية ما انتهى إلينا من الرواه عن سعيد بن منصور لأبي نعيم	أبو نعيم أحمد بن عبد الله بن أحمد بن إسحاق بن موسى بن مهران الأصبهاني (المتوفى: 430هـ)	ShamAY	8224	0.7443
		 مناقب أهل البيت ( ع ) 	 ابن المغازلي 	ABLibrary	7785	0.74427
		مشيخة المسند محمد بن إبراهيم البياني المعروف بابن إمام الصخرة	محمد بن إبراهيم بن محمد بن أبي بكر الأنصاري الخزرجي الدمشقي شمس الدين أبو عبد الله المعروف بالبياني، ابن إمام الصخرة (المتوفى: 766ه)	ShamelaY19	27103	0.74408
		التعديل والتجريح , لمن خرج له البخاري في الجامع الصحيح	أبو الوليد سليمان بن خلف بن سعد بن أيوب بن وارث التجيبي القرطبي الباجي الأندلسي (المتوفى: 474هـ)	ShamAY	5851	0.74403
		القصاص والمذكرين	جمال الدين أبو الفرج عبد الرحمن بن علي بن محمد الجوزي (المتوفى: 597ه)	Sham19Y	3617	0.74402
		معجم الشيوخ الكبير للذهبي	شمس الدين أبو عبد الله محمد بن أحمد بن عثمان بن قايماز الذهبي (المتوفى: 748ه)	Sham19Y	12531	0.74392
		التاريخ الكبير المعروف بتاريخ ابن أبي خيثمة - السفر الثاني	أبو بكر أحمد بن أبي خيثمة (المتوفى: 279هـ)	ShamAY	1440	0.74375
		التسلي والاغتباط بثواب من تقدم من الأفراط	عبد المؤمن بن خلف الدمياطي، أبو محمد، شرف الدين الشافعي (المتوفى: 705ه)	Sham19Y	22301	0.74372
		التذكرة للحميدي (وهو مطبوع ضمن كتاب الفوائد)	محمد بن فتوح بن عبد الله بن فتوح بن حميد الأزدي الميورقي الحَمِيدي أبو عبد الله بن أبي نصر (المتوفى: 488هـ)	ShamAY	10025	0.74367
		 منائح الكرم 	 علي بن تاج الدين السنجاري 	ABLibrary	9230	0.74362
		الثبات عند الممات	جمال الدين أبو الفرج عبد الرحمن بن علي بن محمد الجوزي (المتوفى: 597هـ)	ShamAY	6789	0.74352
		الكفاية في علم الرواية للخطيب البغدادي	أبو بكر أحمد بن علي بن ثابت بن أحمد بن مهدي الخطيب البغدادي (المتوفى: 463هـ)	ShamAY	13055	0.74349
		معرفة السنن والآثار	أحمد بن الحسين بن علي بن موسى الخُسْرَوْجِردي الخراساني، أبو بكر البيهقي (المتوفى: 458هـ)	ShamAY	31638	0.74346
		تاريخ مدينة دمشق [ج ٤١]	أبي القاسم علي بن الحسن ابن هبة الله بن عبد الله الشافعي [ ابن عساكر ]	Rafed	2345	0.74338
		جزء فيه طرق حديث عبد الرحمن بن أبي ليلى عن كعب بن عجرة في الصلاة على النبي صلى الله عليه وسلم	شرف الدين، علي بن المفضل بن علي بن مفرج بن حاتم بن حسن بن جعفر المقدسي (المتوفى: 611ه)	Sham19Y	3981	0.74329
		الثبات عند الممات	جمال الدين أبو الفرج عبد الرحمن بن علي بن محمد الجوزي (المتوفى: 597ه)	Sham19Y	6789	0.74318
		الخامس من معجم الشيخة مريم	أبو الفضل أحمد بن علي بن محمد بن أحمد بن حجر العسقلاني (المتوفى: 852ه)	ShamelaY19	30272	0.74316
		تخريج أحاديث الأسماء الحسنى	أبو الفضل أحمد بن علي بن محمد بن أحمد بن حجر العسقلاني (المتوفى: 852هـ)	ShamAY	30718	0.74305
		منتقى حديث أبي الحسن أحمد بن إبراهيم بن عبدويه بن سدوس العبدويي	ضياء الدين أبو عبد الله محمد بن عبد الواحد المقدسي (المتوفى: 643ه)	ShamelaY19	26339	0.743
		عوالي هشام بن عروة وغيره لأبي الحجاج الدمشقي	يوسف بن خليل بن قَراجا بن عبد الله، أبو الحجاج، شمس الدين الدمشقيّ ثم الحلبي الحنبلي (المتوفى: 648هـ)	ShamAY	26561	0.74275
		فضائل شهر رمضان لعبد الغني المقدسي	عبد الغني بن عبد الواحد بن علي بن سرور المقدسي الجماعيلي الدمشقي الحنبلي، أبو محمد، تقي الدين (المتوفى: 600ه)	Sham19Y	9561	0.74265
		مناقب الإمام علي بن أبي طالب عليه السلام	أبي الحسن علي بن محمّد الشافعي [ ابن المغازلي ]	Rafed	3743	0.74247
		تاريخ علماء أهل مصر	يحيى بن علي بن محمد بن إبراهيم الحضرمي المعروف بابن الطحان (؟ - 416 ه)	ShamelaY19	130963	0.7423
		العاشر من معجم الشيخة مريم	أبو الفضل أحمد بن علي بن محمد بن أحمد بن حجر العسقلاني (المتوفى: 852هـ)	ShamAY	30281	0.74205
		الفوائد العوالي المؤرخة من الصحاح والغرائب لمحمد بن علي الصوري	محمد بن علي الصوري	ShamAY	12721	0.74201
		جزء أبي عروبة الحراني برواية الأنطاكي	أبو عروبة الحسين بن محمد بن أبي معشر مودود السُّلَمي الجَزَري الحرَّاني (المتوفى: 318هـ)	ShamAY	1288	0.74199
		القصاص والمذكرين	جمال الدين أبو الفرج عبد الرحمن بن علي بن محمد الجوزي (المتوفى: 597هـ)	ShamAY	32197	0.74178
		من وافق اسمه اسم أبيه للأزدي	أبو الفتح محمد بن الحسين بن أحمد بن عبد الله بن بريدة الموصلي الأزدي (المتوفى: 374هـ)	ShamAY	26919	0.74173
		أحاديث عوالي وفوائد منتقاة وإنشادات	علي بن محمد بن علي بن محمد بن أحمد أبو القاسم التيمي الكوفي المعروف بابن الأذلاني (المتوفى: 470هـ)	ShamAY	29769	0.74171
		معجم رجال الحديث [ج ٢]	السيّد أبو القاسم الموسوي الخوئي	Rafed	712	0.74119
		مشيخة البياني	تقي الدين محمد بن هجرس بن رافع السلامي (المتوفى: 774هـ)	ShamAY	9620	0.7411
		تجريد الأسماء والكنى المذكورة في كتاب المتفق والمفترق للخطيب البغدادي	عُبَيْد الله بن علي بن محمد بن محمد بن الحسين ابن الفرّاء، أبو القاسم بن أبي الفرج بن أَبِي خازم ابْن القاضي أَبِي يَعْلَى البغدادي، الحنبلي (المتوفى: 580هـ)	ShamAY	1731	0.74109
		جزء عوالي الإمام أبي حنيفة رضي الله عنه	يوسف بن خليل بن قَراجا بن عبد الله، أبو الحجاج، شمس الدين الدمشقيّ ثم الحلبي الحنبلي (المتوفى: 648هـ)	ShamAY	1296	0.74108
		التسلي والاغتباط بثواب من تقدم من الأفراط	عبد المؤمن بن خلف الدمياطي، أبو محمد، شرف الدين الشافعي (المتوفى: 705ه)	ShamelaY19	22301	0.74107
		التاريخ الصغير (المعرفة)	محمد بن إسماعيل البخاري	ShamAY	34589	0.74064
		جزء الحسن بن رشيق العسكري عن شيوخه من الأمالي	الحسن بن رشيق، أبو محمد العسكري المصري (المتوفى: 370ه)	Sham19Y	26564	0.74054
		الرد على من يقول الم حرف لينفي الألف والام والميم عن كلام الله عز وجل	عبد الرحمن بن محمد بن إسحاق، ابن مندة العبدي الأصبهاني، أبو القاسم (المتوفى: 470هـ)	ShamAY	26452	0.73995
		أسماء شيوخ مالك بن أنس الأصبحي الإمام	أبو عبد الله محمد بن إسماعيل بن محمد بن عبد الرحمن بن خلفون الأزدي الأندلسي (636 هـ)	ShamAY	34580	0.73991
		معرفة القراء الكبار على الطبقات والأعصار - ط العلمية = التراجم	شمس الدين أبو عبد الله محمد بن أحمد بن عثمان بن قَايْماز الذهبي (المتوفى: 748هـ)	ShamAY	38181	0.73974
		تاريخ مدينة دمشق [ج ٤٨]	أبي القاسم علي بن الحسن ابن هبة الله بن عبد الله الشافعي [ ابن عساكر ]	Rafed	2387	0.73967
		من وافق اسمه اسم أبيه للأزدي	أبو الفتح محمد بن الحسين بن أحمد بن عبد الله بن بريدة الموصلي الأزدي (المتوفى: 374ه)	ShamelaY19	26919	0.73936
		تكملة إكمال الإكمال في الأنساب والأسماء والألقاب	ابن الصابوني , محمد بن علي بن محمود، أبو حامد، جمال الدين المحمودي (المتوفى: 680هـ)	ShamAY	21107	0.73928
		الضعفاء لأبي نعيم = التراجم	أبو نعيم أحمد بن عبد الله بن أحمد بن إسحاق بن موسى بن مهران الأصبهاني (المتوفى: 430هـ)	ShamAY	38186	0.73928
		الثالث من معجم الشيخة مريم	أبو الفضل أحمد بن علي بن محمد بن أحمد بن حجر العسقلاني (المتوفى: 852ه)	ShamelaY19	30256	0.73916
		جزء من أحاديث ابن المقير عن شيوخه شيوخه (مطبوع ضمن مجموع باسم الفوائد لابن منده!)	علي بن الحسين بن علي بن منصور، أبو الحسن ابن المقير النجار (المتوفى: 643ه)	Sham19Y	9398	0.73902
		منتقى حديث أبي الحسن أحمد بن إبراهيم بن عبدويه بن سدوس العبدويي	ضياء الدين أبو عبد الله محمد بن عبد الواحد المقدسي (المتوفى: 643هـ)	ShamAY	26339	0.73897
		الجزء من فوائد أبي محمد عبد الله بن علي الطامذي	عبد الله بن علي الطامذي	ShamAY	33582	0.73897
		جزء فيه طرق حديث عبد الرحمن بن أبي ليلى عن كعب بن عجرة في الصلاة على النبي صلى الله عليه وسلم	شَرَفُ الدِّيْنِ، عَلِيُّ بنُ المُفَضَّلِ بنِ عَلِيِّ بنِ مُفَرِّجِ بنِ حَاتِمِ بنِ حَسَنِ بنِ جَعْفَرٍ المَقْدِسِيُّ (المتوفى: 611هـ)	ShamAY	3981	0.73873
		جزء الحسن بن رشيق العسكري عن شيوخه من الأمالي	الحسن بن رشيق، أبو محمد العسكري المصري (المتوفى: 370هـ)	ShamAY	26564	0.73861
		إجازة مفتي الشافعية بدمشق محمد بن عبد الرحمن الغزي الدمشقي للشيخ علي بن مصطفى المعروف بابن الدباغ الحلبي	محمد بن عبد الرحمن الغزي الدمشقي (1167 هـ)	ShamAY	33536	0.73856
		 مناقب الأسد الغالب ممزق الكتائب ومظهر العجائب ليث بن غالب أمير المؤمنين أبي الحسن علي بن أبي طالب ( يليه خصائص أمير المؤمنين علي بن أبي طالب للنسائي ) 	 محمد بن عبد الله ابن الجزري 	ABLibrary	7412	0.73848
		من أمالي أبي حامد أحمد بن محمد الشجاعي السرخسي - مخطوط	أبو حامد أحمد بن محمد الشجاعي السرخسي	ShamAY	32936	0.73838
		التوكل وسؤال الله عز وجل لعبد الغني المقدسي - مخطوط (ن)	عبد الغني بن عبد الواحد بن علي بن سرور المقدسي الجماعيلي الدمشقي الحنبلي، أبو محمد، تقي الدين (المتوفى: 600هـ)	ShamAY	10482	0.73804
		جزء لؤلؤ	لؤلؤ بن أحمد بن عبد الله، أبو الدر، نجيب الدين الضرير (المتوفى: 672هـ)	ShamAY	5671	0.73799
		تاريخ مدينة دمشق [ج ٢٦]	أبي القاسم علي بن الحسن ابن هبة الله بن عبد الله الشافعي [ ابن عساكر ]	Rafed	2278	0.73796
		 دلائل النبوة ومعرفة أحوال صاحب الشريعة 	 أحمد بن الحسين البيهقي 	ABLibrary	937	0.73789
		فضائل شهر رمضان لعبد الغني المقدسي	عبد الغني بن عبد الواحد بن علي بن سرور المقدسي الجماعيلي الدمشقي الحنبلي، أبو محمد، تقي الدين (المتوفى: 600هـ)	ShamAY	9561	0.73781
		الثالث والثمانون من الفوائد الأفراد (ضمن مجموع طُبع باسم «الفوائد» لابن منده!)	أبو الحسن علي بن عمر بن أحمد بن مهدي بن مسعود بن النعمان بن دينار البغدادي الدارقطني (المتوفى: 385هـ)	ShamAY	8338	0.7378
		عوالي هشام بن عروة وغيره لأبي الحجاج الدمشقي	يوسف بن خليل بن قراجا بن عبد الله، أبو الحجاج، شمس الدين الدمشقي ثم الحلبي الحنبلي (المتوفى: 648ه)	ShamelaY19	26561	0.73745
		المنتظم في تاريخ الملوك والأمم	عبد الرحمن بن علي بن محمد بن الجوزي أبو الفرج	ShamAY	34611	0.73728
		جزء الحسن بن رشيق العسكري عن شيوخه من الأمالي	الحسن بن رشيق، أبو محمد العسكري المصري (المتوفى: 370ه)	ShamelaY19	26564	0.73719
		الحث على حفظ العلم وذكر كبار الحفاظ	جمال الدين أبو الفرج عبد الرحمن بن علي بن محمد الجوزي (المتوفى: 597ه)	ShamelaY19	22340	0.73718
		تاريخ مدينة دمشق [ج ٥٩]	أبي القاسم علي بن الحسن ابن هبة الله بن عبد الله الشافعي [ ابن عساكر ]	Rafed	2468	0.73714
		الديباج المذهب في معرفة أعيان علماء المذهب	إبراهيم بن علي بن محمد، ابن فرحون، برهان الدين اليعمري (المتوفى: 799هـ)	ShamAY	1135	0.73702
		جمهرة الأجزاء الحديثية (يحتوي على 19 جزءاً حديثياً نادراً)	مجموعة من أصحاب الأجزاء الحديثية	ShamAY	9886	0.73681
		المعجم في مشتبه أسامي المحدثين	أبو الفضل عبيدالله بن عبد الله بن أحمد بن يوسف الهروي (المتوفى: 405ه)	Sham19Y	5804	0.73659
		الجواهر الغوالي في ذكر الأسانيد العوالي للبديري - مخطوط (ن)	محمد بن محمد بن محمد بن أحمد البديري الحسيني، الدمياطيّ الأشعري الشافعيّ، أبو حامد (المتوفى: 1140هـ)	ShamAY	10632	0.73654
		إعلام النبلاء بتاريخ حلب الشهباء [ج ٨]	محمد راغب بن محمود بن هاشم الطبّاخ الحلبي	Rafed	2402	0.7362
		لحظ الألحاظ بذيل طبقات الحفاظ	محمد بن محمد بن محمد، أبو الفضل تقي الدين ابن فهد الهاشمي العلويّ الأصفوني ثم المكيّ الشافعي (المتوفى: 871هـ)	ShamAY	7313	0.73605
		شيوخ عبد الله بن وهب القرشي الذين روى عنهم وسمع منهم وذكر تجريح من جرح منهم وتعديله مما وقع في كتاب أبي عبد الله محمد بن وضاح، مع أخبار ابن وهب وفضله وزهده وسبب وفاته	ابن بشكوال أبو القاسم خلف بن عبد الملك بن مسعود القرطبي الأندلسي (578 هـ)	ShamAY	33580	0.73583
		زواج أبي العاص بزينب بنت الربيع	عبد الغني بن عبد الواحد بن علي بن سرور المقدسي الجماعيلي الدمشقي الحنبلي، أبو محمد، تقي الدين (المتوفى: 600ه)	ShamelaY19	30314	0.73583
		تكملة إكمال الإكمال في الأنساب والأسماء والألقاب	ابن الصابوني , محمد بن علي بن محمود، أبو حامد، جمال الدين المحمودي (المتوفى: 680ه)	ShamelaY19	21107	0.7357
		إكمال تهذيب الكمال في أسماء الرجال	مغلطاي بن قليج بن عبد الله البكجري المصري الحكري الحنفي، أبو عبد الله، علاء الدين (المتوفى: 762هـ)	ShamAY	329	0.73563
		طبقات المفسرين للسيوطي	عبد الرحمن بن أبي بكر، جلال الدين السيوطي (المتوفى: 911ه)	Sham19Y	6234	0.73559
		زواج أبي العاص بزينب بنت الربيع	عبد الغني بن عبد الواحد بن علي بن سرور المقدسي الجماعيلي الدمشقي الحنبلي، أبو محمد، تقي الدين (المتوفى: 600هـ)	ShamAY	30314	0.73554
		 الدر الكمين بذيل العقد الثمين في تاريخ البلد الأمين 	 عمر بن محمد ابن فهد 	ABLibrary	9065	0.73553
		مناقب الأسد الغالب ممزّق الكتائب ومُظهر العجائب ليث بن غالب أميرالمؤمنين أبي الحسن علي بن أبي طالب	شمس الدين محمّد بن عبدالله ابن الجزري	Rafed	2517	0.73512
		طبقات المفسرين للسيوطي	عبد الرحمن بن أبي بكر، جلال الدين السيوطي (المتوفى: 911هـ)	ShamAY	6234	0.73497
		إكمال تهذيب الكمال في أسماء الرجال	مغلطاي بن قليج بن عبد الله البكجري المصري الحكري الحنفي، أبو عبد الله، علاء الدين (المتوفى: 762ه)	ShamelaY19	36515	0.73497
		عوالي أبي بكر بن عبد الدائم	أبو بكر بن أحمد بن عبد الدائم بن نعمة بن أحمد بن نعمة بن بكير النابلسي المقدسي الصالحي (المتوفى: 718هـ)	ShamAY	33532	0.73492
		الأربعون البلدانية لأبي طاهر	أبي طاهر أحمد بن محمد السلفي (المتوفى: 576هـ)	ShamAY	9372	0.73482
		العجالة في الأحاديث المسلسلة	علم الدين أبو الفيض محمد ياسين بن محمد عيسى الفاداني المكي (المتوفى: 1411هـ)	ShamAY	5654	0.73458
		جزء فيه الكلام على حديث إن أولى الناس بي أكثرهم علي صلاة	ابن حجر العسقلاني	ShamAY	33577	0.73457
		تاريخ مدينة دمشق [ج ٦٠]	أبي القاسم علي بن الحسن ابن هبة الله بن عبد الله الشافعي [ ابن عساكر ]	Rafed	2471	0.73453
		تلقيح فهوم أهل الأثر في عيون التاريخ والسير	جمال الدين أبي الفرج عبد الرحمن ابن الجوزي [508هـ - 597هـ]	ShamAY	32198	0.73449
		عوالي أبي بكر بن عبد الدائم	أبو بكر بن أحمد بن عبد الدائم بن نعمة بن أحمد بن نعمة بن بكير النابلسي المقدسي الصالحي (المتوفى: 718هـ)	ShamAY	29481	0.73446
		لحظ الألحاظ بذيل طبقات الحفاظ	محمد بن محمد بن محمد، أبو الفضل تقي الدين ابن فهد الهاشمي العلوي الأصفوني ثم المكي الشافعي (المتوفى: 871ه)	Sham19Y	7313	0.73446
		التاريخ الكبير للبخاري بحواشي المطبوع	محمد بن إسماعيل بن إبراهيم بن المغيرة البخاري، أبو عبد الله (المتوفى: 256هـ)	ShamAY	956	0.73435
		المحبر	محمد بن حبيب بن أمية بن عمرو الهاشمي، بالولاء، أبو جعفر البغدادي (المتوفى: 245هـ)	ShamAY	12205	0.73429
		 أخبار الحسن بن علي بن أبي طالب ( ع ) 	 الطبراني 	ABLibrary	7397	0.73419
		جزء من أحاديث ابن المقير عن شيوخه شيوخه (مطبوع ضمن مجموع باسم الفوائد لابن منده!)	علي بن الحسين بن علي بن منصور، أبو الحسن ابن المقير النجار (المتوفى: 643هـ)	ShamAY	9398	0.73418
		فرائد السمطين في فضائل المرتضى و البتول و السبطين و الأئمة من ذريتهم(ع) - الجزء1	إبراهيم بن سعد الدين الشافعي‏	Masaha	2880	0.73372
		مشيخة أبي عبد الله الإربلي - مخطوط	أبو عبد الله محمد بن إبراهيم بن المسلم بن سلمان الإربلي	ShamAY	32865	0.7336
		تاريخ خليفة بن خياط	أبو عمرو خليفة بن خياط بن خليفة الشيباني العصفري البصري (المتوفى: 240هـ)	ShamAY	6615	0.73357
		جزء فيه أربعون حديثا منتقاة من كتاب الآداب	البيهقي، أبو بكر	ShamAY	33542	0.73357
		مجلسان من أمالي أبي الحسين ابن بشران - مخطوط (ن)	أبو الحسين علي بن محمد بن عبد الله بن بشران	ShamAY	38034	0.73342
		تقييد المهمل وتمييز المشكل - ط عالم الفوائد	أبو علي الحسين بن محمد الغساني الجياني (498 هـ)	ShamAY	34577	0.73329
		التاسع من معجم الشيخة مريم	أبو الفضل أحمد بن علي بن محمد بن أحمد بن حجر العسقلاني (المتوفى: 852ه)	ShamelaY19	30255	0.73323
		المحبر	محمد بن حبيب بن أمية بن عمرو الهاشمي، بالولاء، أبو جعفر البغدادي (المتوفى: 245ه)	Sham19Y	12205	0.73319
		المعجم في مشتبه أسامي المحدثين	أبو الفضل عبيدالله بن عبد الله بن أحمد بن يوسف الهروي (المتوفى: 405هـ)	ShamAY	5804	0.73299
		طبقات الحنابلة	أبو الحسين ابن أبي يعلى، محمد بن محمد (المتوفى: 526هـ)	ShamAY	9543	0.73297
		مجرد أسماء الرواة عن مالك، يليه المستدرك على الخطيب والعطار	يحيى بن علي بن عبد الله بن علي بن مفرج، أبو الحسين، رشيد الدين القرشي الاموي النابلسي ثم المصري، المعروف بالرشيد العطار (المتوفى: 662هـ)	ShamAY	1483	0.73287
		الثاني من الخلعيات	علي بن الحسن بن الحسين بن محمد، أبو الحسن الخِلَعي الشافعيّ (المتوفى: 492هـ)	ShamAY	30488	0.73283
		التّدوين في أخبار قزوين [ج ٤]	عبد الكريم بن محمّد الرافعي القزويني	Rafed	2241	0.73276
		فوائد أبي سعد البغدادي	أبو سعد أحمد بن محمد بن أحمد بن الحسن بن علي بن أحمد بن سليمان االبغدادي الأصل، الأصبهاني (المتوفى: 540ه)	ShamelaY19	29904	0.73271
		جزء من حديث الضياء المقدسي - مخطوط	ضياء الدين أبو عبد الله محمد بن عبد الواحد بن أحمد المقدسي	ShamAY	38056	0.73221
		شواهد التنزيل لقواعد التفضيل [ج ١]	عبيدالله بن عبدالله بن أحمد [ الحكام الحسكاني ]	Rafed	2853	0.73218
		نهاية المراد من كلام خير العباد	عبد الغني بن عبد الواحد بن علي بن سرور المقدسي الجماعيلي الدمشقي الحنبلي، أبو محمد، تقي الدين (المتوفى: 600ه)	ShamelaY19	38202	0.73198
		تلخيص تاريخ نيسابور	أبو عبد الله الحاكم محمد بن عبد الله بن محمد بن حمدويه بن نُعيم بن الحكم الضبي الطهماني النيسابوري المعروف بابن البيع (المتوفى: 405هـ)	ShamAY	4017	0.73173
		التّدوين في أخبار قزوين [ج ٢]	عبد الكريم بن محمّد الرافعي القزويني	Rafed	2194	0.73172
		الأفراد للدارقطني	أبو الحسن علي بن عمر الدارقطني	ShamAY	33996	0.7317
		نهاية المراد من كلام خير العباد	عبد الغني بن عبد الواحد بن علي بن سرور المقدسي الجماعيلي الدمشقي الحنبلي، أبو محمد، تقي الدين (المتوفى: 600هـ)	ShamAY	1384	0.73153
		الثامن والعشرون من المشيخة البغدادية لأبي طاهر السلفي	صدر الدين، أبو طاهر السِّلَفي أحمد بن محمد بن أحمد بن محمد بن إبراهيم سِلَفَه الأصبهاني (المتوفى: 576هـ)	ShamAY	30096	0.73133
		 الإيمان 	 محمد بن إسحاق بن محمد بن يحيى ( ابن منده ) 	ABLibrary	8355	0.73129
		جزء فيه أحاديث عوالي عن ثلاثة من شيوخ أحمد بن عبد الله بن عبد الرحمن بن محمد بن أحمد بن محمد بن قدامة المقدسي - مخطوط	أحمد بن عبد الله بن عبد الرحمن بن محمد بن أحمد بن محمد بن قدامة المقدسي	ShamAY	32856	0.73124
		ذكر من لم يكن عنده إلا حديث واحد ومن لم يحدث عن شيخه إلا بحديث واحد	أبو محمد الحسن بن محمد بن الحسن بن علي البغدادي الخلال (المتوفى: 439ه)	Sham19Y	12546	0.73107
		إجازتان للمحدث العلامة سعد بن حمد بن عتيق النجدي (إجازته للشيخ عبد العزيز بن عبد الله بن عبد الوهاب - وإجازته للشيخ عبد الله بن عبد العزيز العنقري)	سعد بن حمد بن عتيق النجدي (1349 هـ)	ShamAY	33537	0.731
		السادس من الخلعيات	علي بن الحسن بن الحسين بن محمد، أبو الحسن الخلعي الشافعي (المتوفى: 492ه)	ShamelaY19	30516	0.73091
		تاريخ مدينة دمشق [ج ٥٠]	أبي القاسم علي بن الحسن ابن هبة الله بن عبد الله الشافعي [ ابن عساكر ]	Rafed	2393	0.73084
		أسامي مشايخ البخاري لابن مندة	أبو عبد الله محمد بن إسحاق بن محمد بن يحيى بن منده العبدي (المتوفى: 395ه)	ShamelaY19	26889	0.73074
		تلقيح فهوم أهل الأثر في عيون التاريخ والسير	جمال الدين أبي الفرج عبد الرحمن ابن الجوزي [508هـ - 597هـ]	ShamAY	6700	0.73071
		تذكير النابهين بسير أسلافهم حفاظ الحديث السابقين واللاحقين	ربيع بن هادي المدخلي	ShamAY	33029	0.7307
		عوالي مالك رواية الخطيب	أبو بكر أحمد بن علي بن ثابت بن أحمد بن مهدي الخطيب البغدادي (المتوفى: 463هـ)	ShamAY	1362	0.73068
		فضل التهليل وثوابه الجزيل لابن البناء	الحسن بن أحمد بن عبد الله بن البنا، أبو علي، البغدادي الحنبلي (المتوفى: 471ه)	ShamelaY19	26660	0.73041
		مجلس من أمالي ابن منده رواية ابنه عبد الرحمن - مخطوط (ن)	أبو عبد الله محمد بن إسحاق بن محمد بن يحيى بن مَنْدَه العبدي (المتوفى: 395هـ)	ShamAY	21663	0.73037
		ذكر من لم يكن عنده إلا حديث واحد ومن لم يحدث عن شيخه إلا بحديث واحد	أبو محمد الحسن بن محمد بن الحسن بن علي البغدادي الخَلَّال (المتوفى: 439هـ)	ShamAY	12546	0.73033
		مجلس من أمالي ابن منده رواية ابنه عبد الرحمن - مخطوط (ن)	أبو عبد الله محمد بن إسحاق بن محمد بن يحيى بن منده العبدي (المتوفى: 395ه)	ShamelaY19	21663	0.73024
		جزء العبدي	علي بن الحسن بن إسماعيل العبدي، من بني عبد القيس، أبو الحسن (المتوفى: 599ه)	ShamelaY19	30731	0.73023
		نسب قريش	مصعب بن عبد الله بن مصعب بن ثابت بن عبد الله بن الزبير، أبو عبد الله الزبيري (المتوفى: 236هـ)	ShamAY	2922	0.73021
		الاستيعاب في معرفة الأصحاب	أبو عمر يوسف بن عبد الله بن محمد بن عبد البر بن عاصم النمري القرطبي (المتوفى: 463هـ)	ShamAY	12288	0.73013
		الثامن والعشرون من المشيخة البغدادية لأبي طاهر السلفي	صدر الدين، أبو طاهر السلفي أحمد بن محمد بن أحمد بن محمد بن إبراهيم سلفه الأصبهاني (المتوفى: 576ه)	ShamelaY19	30096	0.72953
		مجلسان لأبي بكر الشافعي - مخطوط	أبو بكر محمد بن عبد الله بن إبراهيم الشافعي	ShamAY	32913	0.72941
		جوامع السيرة النبوية	ابن حزم الأندلسي‏	Masaha	1959	0.72935
		النكت الأثرية على الأحاديث الجزرية لابن ناصر الدين	ابن ناصر الدين (842 هـ)	ShamAY	33566	0.72882
		معرفة السنن والآثار للبيهقي - العلمية	أبو بكر أحمد بن الحسين بن علي البيهقي	ShamAY	33950	0.72878
		عوالي مالك رواية عمر بن الحاجب	عمر بن محمد بن منصور الأميني، أبو حفص، عز الدين، المعروف بابن الحاجب (المتوفى: 630ه)	ShamelaY19	26370	0.72874
		الأحاديث التساعية لابن جماعة	أبو عبد الله، محمد بن إبراهيم بن سعد الله بن جماعة الكناني الحموي الشافعي، بدر الدين (المتوفى: 733ه)	ShamelaY19	29617	0.72872
		رجال صحيح البخاري = الهداية والإرشاد في معرفة أهل الثقة والسداد	أحمد بن محمد بن الحسين بن الحسن، أبو نصر البخاري الكلاباذي (المتوفى: 398هـ)	ShamAY	10902	0.72871
		تاريخ مدينة دمشق [ج ٤]	أبي القاسم علي بن الحسن ابن هبة الله بن عبد الله الشافعي [ ابن عساكر ]	Rafed	1764	0.72861
		جوامع السيرة ط العلمية	أبو محمد علي بن أحمد بن سعيد بن حزم الأندلسي القرطبي الظاهري (المتوفى: 456هـ)	ShamAY	9728	0.72854
		جزء العبدي	علي بن الحسن بن إسماعيل العبديّ، من بني عبد القيس، أبو الحسن (المتوفى: 599هـ)	ShamAY	30731	0.72846
		 كتاب القضاء والقدر 	 أحمد بن الحسين البيهقي 	ABLibrary	8572	0.72846
		مناقب اهل البيت ( صلوات الله عليهم اجمعين )	ابوالحسن علي بن محمد بن محمد واسطي جلابي شافعي اشهير بابن مغازلي	Ghbook	9620	0.72825
		عوالي مالك رواية الخطيب	أبو بكر أحمد بن علي بن ثابت بن أحمد بن مهدي الخطيب البغدادي (المتوفى: 463ه)	ShamelaY19	26750	0.72812
		عمدة الطالب في أنساب آل أبي طالب	ابن عنبة الحسني‏	Masaha	2302	0.72807
		الثاني من الخلعيات	علي بن الحسن بن الحسين بن محمد، أبو الحسن الخلعي الشافعي (المتوفى: 492ه)	ShamelaY19	30488	0.72799
		التكميل في الجرح والتعديل ومعرفة الثقات والضعفاء والمجاهيل	أبو الفداء إسماعيل بن عمر بن كثير القرشي البصري ثم الدمشقي (المتوفى: 774ه)	ShamelaY19	96228	0.72798
		المحن	محمد بن أحمد بن تميم التميمي المغربي الإفريقي، أبو العرب (المتوفى: 333هـ)	ShamAY	6706	0.72783
		أمالي أبي القاسم الحرفي	أبو القاسم عبد الرحمن بن عبيد الله بن محمد الحرفي البغدادي	ShamAY	33567	0.72783
		الثالث من فوائد أبي عثمان البحيري	أبو عثمان سعيد بن محمد ابن أبي الحسين أحمد بن محمد بن جعفر بن محمد بن بحير البحيري، النيسابوري (المتوفى: 451ه)	ShamelaY19	29951	0.72773
		التاسع من فوائد أبي عثمان البحيري	أبو عثمان سعيد بن محمد ابن أبي الحسين أحمد بن محمد بن جعفر بن محمد بن بحير البحيري، النيسابوري (المتوفى: 451ه)	ShamelaY19	29948	0.72766
		معجم أصحاب القاضي أبي علي الصدفي	ابن الأبار، محمد بن عبد الله بن أبي بكر القضاعي البلنسي (المتوفى: 658هـ)	ShamAY	28740	0.72734
		عوالي مالك رواية عمر بن الحاجب	عمر بن محمد بن منصور الأميني، أبو حفص، عز الدين، المعروف بابن الحاجب (المتوفى: 630هـ)	ShamAY	1317	0.72732
		الإمتاع بالأربعين المتباينة السماع / ويليه أسئلة من خط الشيخ العسقلاني	أبو الفضل أحمد بن علي بن محمد بن أحمد بن حجر العسقلاني (المتوفى: 852هـ)	ShamAY	5719	0.72678
		السادس من الخلعيات	علي بن الحسن بن الحسين بن محمد، أبو الحسن الخِلَعي الشافعيّ (المتوفى: 492هـ)	ShamAY	30516	0.72673
		الفوائد المنتقاة على شرط الإمامين	أبو العز محمد بن المختار بن محمد بن عبد الواحد ابن عبد الله بن المؤيد بالله الهاشمي، العباسي، البغدادي ويعرف: بابن الخص (المتوفى: 508ه)	Sham19Y	29778	0.72673
		الذرية الطاهرة للدولابي	أبو بشر محمد بن أحمد بن حماد بن سعيد بن مسلم الأنصاري الدولابي الرازي (المتوفى: 310ه)	Sham19Y	13019	0.72668
		أسامي مشايخ البخاري لابن مندة	أبو عبد الله محمد بن إسحاق بن محمد بن يحيى بن مَنْدَه العبدي (المتوفى: 395هـ)	ShamAY	26889	0.72666
		طبقات اعلام الشيعة - الجزء1	الشيخ آقا بزرك الطهراني	Masaha	3164	0.72654
		مناقب جعفر بن أبى طالب	ضياء الدين أبو عبد الله محمد بن عبد الواحد المقدسي (المتوفى: 643ه)	ShamelaY19	29937	0.7265
		تاريخ مدينة دمشق [ج ٧٢]	أبي القاسم علي بن الحسن ابن هبة الله بن عبد الله الشافعي [ ابن عساكر ]	Rafed	2590	0.72641
		جزء فيه خمسة أحاديث عن الأئمة الخمسة	علي بن بلبان الدمشقي علاء الدين أبو الحسن الناصري المحدث ابن الشرف (المتوفى: 684هـ)	ShamAY	26641	0.72632
		بلغة الطالب الحثيث في صحيح عوالي الحديث لابن قدامة-مخطوط (ن)	أبو محمد موفق الدين عبد الله بن أحمد بن محمد بن قدامة الجماعيلي المقدسي ثم الدمشقي الحنبلي، الشهير بابن قدامة المقدسي (المتوفى: 620هـ)	ShamAY	11417	0.72613
		الذرية الطاهرة للدولابي	أبو بِشْر محمد بن أحمد بن حماد بن سعيد بن مسلم الأنصاري الدولابي الرازي (المتوفى: 310هـ)	ShamAY	13019	0.72612
		الثاني من الخلعيات	علي بن الحسن بن الحسين بن محمد، أبو الحسن الخلعي الشافعي (المتوفى: 492ه)	Sham19Y	30488	0.72604
		التّدوين في أخبار قزوين [ج ٣]	عبد الكريم بن محمّد الرافعي القزويني	Rafed	2196	0.72588
		فضل التهليل وثوابه الجزيل لابن البناء	الحسن بن أحمد بن عبد الله بن البَناَّ، أبو علي، البغدادي الحنبلي (المتوفى: 471هـ)	ShamAY	1335	0.72562
		ميزان الاعتدال للذهبي - الرسالة	أبو عبد الله شمس الدين محمد بن أحمد بن عثمان الذهبي	ShamAY	34652	0.72553
		ذم الملاهي (المجلس الثاني والخمسون من أمالي ابن عساكر)	ثقة الدين، أبو القاسم علي بن الحسن بن هبة الله المعروف بابن عساكر (المتوفى: 571هـ)	ShamAY	1343	0.72542
		الأحاديث التساعية لابن جماعة	أبو عبد الله، محمد بن إبراهيم بن سعد الله بن جماعة الكناني الحموي الشافعي، بدر الدين (المتوفى: 733هـ)	ShamAY	29617	0.7253
		الثاني من فوائد أبي عثمان البحيري	أبو عثمان سعيد بن محمد ابن أبي الحسين أحمد بن محمد بن جعفر بن محمد بن بحير البحيري، النيسابوري (المتوفى: 451ه)	ShamelaY19	29953	0.72528
		جزء فيه أربعة عشر حديثا من أربعين أحمد بن صرما	ابن صرما	ShamAY	33573	0.72483
		عمدة الطّالب في أنساب آل أبي طالب	السيد جمال الدين أحمد بن علي الحسني [ ابن عنبة ]	Rafed	1715	0.7248
		من عوالي مسند عبد بن حميد - مخطوط (ن)	أبو محمد عبد الحميد بن حميد بن نصر الكسي ويقال له: الكشي بالفتح والإعجام (المتوفى: 249ه)	ShamelaY19	21676	0.72475
		مشيخة محيي الدين اليونيني	عبد القادر بن محمد بن أحمد بن الحسين اليونيني، محيي الدين ابْن الحافظ شرف الدين ابْن الفقيه أَبِي عَبْد الَلَّه اليونيني (المتوفى: 747هـ)	ShamAY	26495	0.72473
		الفوائد المنتقاة على شرط الإمامين	أبو العز محمد بن المختار بن محمد بن عبد الواحد ابن عبد الله بن المؤيد بالله الهاشمي، العباسي، البغدادي ويعرف: بابن الخص (المتوفى: 508ه)	ShamelaY19	29778	0.72462
		الكنى والأسماء للدولابي	أبو بِشْر محمد بن أحمد بن حماد بن سعيد بن مسلم الأنصاري الدولابي الرازي (المتوفى: 310هـ)	ShamAY	13056	0.72449
		الفوائد المنتقاة على شرط الإمامين	أَبُو العِزِّ مُحَمَّدُ بنُ المُخْتَارِ بنِ مُحَمَّدِ بنِ عَبْدِ الوَاحِدِ ابْنِ عَبْدِ اللهِ بن المُؤَيَّدِ بِاللهِ الهَاشِمِيّ، العَبَّاسِيّ، البَغْدَادِيّ وَيُعْرَفُ: بِابْنِ الخُص (المتوفى: 508هـ)	ShamAY	29778	0.72446
		الثالث من فوائد أبي عثمان البحيري	أبو عثمان سعيد بن محمد ابن أبي الحسين أحمد بن محمد بن جعفر بن محمد بن بحير البحيري، النيسابوري (المتوفى: 451ه)	Sham19Y	29951	0.72444
		الجواهر المضية في طبقات الحنفية	عبد القادر بن محمد بن نصر الله القرشي، أبو محمد، محيي الدين الحنفي (المتوفى: 775هـ)	ShamAY	6725	0.72443
		 فضائل أمير المؤمنين ( ع ) 	 ابن عقدة الكوفي 	ABLibrary	7899	0.72428
		تاريخ الإسلام ووفيات المشاهير والأعلام [ج ٢٢]	شمس الدين محمّد بن أحمد بن عثمان الذّهبي	Rafed	3460	0.72411
		الدر الكمين بذيل العقد الثمين في تاريخ البلد الأمين‏  - الجزء1	عمر بن فهد الهاشمي المكي	Masaha	4231	0.72377
		الأفراد للدارقطني ج 2 ط. التدمرية (385)	الدارقطني	ShamAY	38051	0.72357
		منتقلة الطالبية	إبراهيم بن ناصر العلوي الأصفهاني	Masaha	4521	0.72348
		الاربعون حديثا من الاربعين عن الاربعين	منتجب الدين علي بن بابويه رازي	Ghbook	10016	0.72344
		ذم الملاهي (المجلس الثاني والخمسون من أمالي ابن عساكر)	ثقة الدين، أبو القاسم علي بن الحسن بن هبة الله المعروف بابن عساكر (المتوفى: 571ه)	ShamelaY19	26707	0.7233
		عوالي الأسانيد للضياء المقدسي - مخطوط	ضياء الدين أبو عبد الله محمد بن عبد الواحد المقدسي	ShamAY	32903	0.72326
		التاسع من فوائد أبي عثمان البحيري	أَبُو عُثْمَانَ سَعِيْدُ بنُ مُحَمَّدِ ابنِ أَبِي الحُسَيْنِ أَحْمَدَ بنِ مُحَمَّدِ بنِ جَعْفَرِ بنِ مُحَمَّدِ بنِ بَحِيْرٍ البَحِيْرِيُّ، النَّيْسَابُوْرِيُّ (المتوفى: 451هـ)	ShamAY	29948	0.72307
		المنتخب من ذيل المذيل	محمد بن جرير بن يزيد بن كثير بن غالب الآملي، أبو جعفر الطبري (المتوفى: 310هـ)	ShamAY	1133	0.72284
		جزء فيه خمسة أحاديث عن الأئمة الخمسة	علي بن بلبان الدمشقي علاء الدين أبو الحسن الناصري المحدث ابن الشرف (المتوفى: 684ه)	ShamelaY19	26641	0.72272
		تذهيب تهذيب الكمال في أسماء الرجال	شمس الدين أبي عبد الله محمد بن أحمد بن عثمان بن قيماز الشهير ب «الذهبي» (673 - 748 ه)	ShamelaY19	149213	0.72261
		منتقلة الطالبيّة	أبي إسماعيل بن إبراهيم بن ناصر بن طباطبا	Rafed	2493	0.72255
		تاريخ ابن يونس المصرى	عبد الرحمن بن أحمد بن يونس الصدفي، أبو سعيد (المتوفى: 347هـ)	ShamAY	11686	0.7225
		تذكير النابهين بسير أسلافهم حفاظ الحديث السابقين اللاحقين	ربيع بن هادي المدخلي	ShamAY	37348	0.72242
		الإتحاف بحديث فضل الإنصاف لابن ناصر الدين	ابن ناصر الدين (842 هـ)	ShamAY	33546	0.7221
		مشيخة أبي بكر المراغي	أبو بكر بن الحسين بن عمر، القرشي العبشمي الأموي العثماني، زين الدين، وكنيته أبو محمد ويقال اسمه (عبد الله) والمشهور (أبو بكر) المصري الشافعي المراغي (المتوفى: 816هـ)	ShamAY	26731	0.72205
		كتاب المسلسلات لابن الجوزي - مخطوط (ن)	جمال الدين أبو الفرج عبد الرحمن بن علي بن محمد الجوزي (المتوفى: 597ه)	Sham19Y	12131	0.72199
		مجلس في التواضع للجوهري	الحسن بن علي بن محمد، أبو محمد الجوهري (المتوفى: 454هـ)	ShamAY	27100	0.72163
		تحريم النرد والشطرنج والملاهي للآجري	أبو بكر محمد بن الحسين بن عبد الله الآجُرِّيُّ البغدادي (المتوفى: 360هـ)	ShamAY	8222	0.72158
		الثاني من فوائد أبي عثمان البحيري	أَبُو عُثْمَانَ سَعِيْدُ بنُ مُحَمَّدِ ابنِ أَبِي الحُسَيْنِ أَحْمَدَ بنِ مُحَمَّدِ بنِ جَعْفَرِ بنِ مُحَمَّدِ بنِ بَحِيْرٍ البَحِيْرِيُّ، النَّيْسَابُوْرِيُّ (المتوفى: 451هـ)	ShamAY	29953	0.72153
		الضعفاء الصغير للبخاري ت زايد	محمد بن إسماعيل بن إبراهيم بن المغيرة البخاري، أبو عبد الله (المتوفى: 256هـ)	ShamAY	10542	0.72143
		الزهد لابن أبي عاصم - ط السلفية (مقابل)	أبو بكر أحمد بن عمرو بن أبي عاصم الضحاك بن مخلد الشيباني	ShamAY	33762	0.72135
		معجم المحدثين للذهبى - العلمية	شمس الدين محمد بن أحمد بن عثمان الذهبي	ShamAY	34631	0.72125
		المدخل إلى الصحيح - ت المدخلي = التراجم	أبو عبد الله الحاكم محمد بن عبد الله بن محمد بن حمدويه بن نُعيم بن الحكم الضبي الطهماني النيسابوري المعروف بابن البيع (المتوفى: 405هـ)	ShamAY	38184	0.72089
		جزء فيه مجلس من أمالي أبي الحسن علي بن محمد بن علي الأسواري	أبو الحسن علي بن محمد بن علي الأسواري (437 هـ)	ShamAY	33636	0.72088
		عدة مجالس من أمالي محمد بن إبراهيم الجرجاني - مخطوط		ShamAY	32781	0.72062
		أمالي ابن سمعون الواعظ	ابن سمعون الواعظ، أبو الحسين محمد بن أحمد بن إسماعيل بن عنبس البغدادي (المتوفى: 387هـ)	ShamAY	21476	0.72056
		تاريخ مدينة دمشق [ج ٤٤]	أبي القاسم علي بن الحسن ابن هبة الله بن عبد الله الشافعي [ ابن عساكر ]	Rafed	2371	0.72036
		تفسير الثعلبي = الكشف والبيان عن تفسير القرآن	أحمد بن محمد بن إبراهيم الثعلبي، أبو إسحاق (المتوفى: 427ه)	ShamelaY19	23578	0.72029
		الخامس من الأفراد لابن شاهين	أبو حفص عمر بن أحمد بن عثمان بن أحمد بن محمد بن أيوب بن أزداذ البغدادي المعروف بـ ابن شاهين (المتوفى: 385هـ)	ShamAY	26514	0.72003
		معجم أصحاب القاضي أبي علي الصدفي	ابن الأبار، محمد بن عبد الله بن أبي بكر القضاعي البلنسي (المتوفى: 658ه)	ShamelaY19	28740	0.71994
		أحاديث مستخرجة من مسموعات زاهر بن طاهر الشحامي - مخطوط	زاهر بن طاهر الشحامي	ShamAY	32884	0.71991
		جزء فيه أحاديث أبي حامد أحمد بن محمد بن يحيى بن بلال النيسابوري الخشاب	أبو حامد أحمد بن محمد بن يحيى بن بلال النيسابوري المعروف بالخشاب (المتوفى: 330ه)	ShamelaY19	26553	0.71989
		أمالي ابن سمعون الواعظ	ابن سمعون الواعظ، أبو الحسين محمد بن أحمد بن إسماعيل بن عنبس البغدادي (المتوفى: 387ه)	Sham19Y	21476	0.71985
		كتاب المسلسلات لابن الجوزي - مخطوط (ن)	جمال الدين أبو الفرج عبد الرحمن بن علي بن محمد الجوزي (المتوفى: 597هـ)	ShamAY	12131	0.71977
		كتاب ذكر اسم كل صحابي روى عن رسول الله صلى الله عليه وسلم أمراً أونهياً ومن بعده من التابعين وغيرهم ممن لا أخ له يوافق اسمه من نقلة الحديث من جميع الأمصار	أبو الفتح محمد بن الحسين بن أحمد بن عبد الله بن بريدة الموصلي الأزدي (المتوفى: 374هـ)	ShamAY	26918	0.71977
		فوائد حديث الحافظ عبد الغني بن سعيد الأزدي عن شيوخه	أبو محمد عبد الغني بن سعيد بن علي بن بشر بن مروان الأزدي المصري (المتوفى: 409ه)	ShamelaY19	26450	0.7196
		الخامس من الأفراد لابن شاهين	أبو حفص عمر بن أحمد بن عثمان بن أحمد بن محمد بن أيوب بن أزداذ البغدادي المعروف ب ابن شاهين (المتوفى: 385ه)	ShamelaY19	26514	0.71933
		بلغة الطالب الحثيث في صحيح عوالي الحديث	ضياء الدين أبو عبد الله محمد بن عبد الواحد المقدسي (المتوفى: 643هـ)	ShamAY	30294	0.71917
		كتاب القضاء والقدر	أبي بكر أحمد بن الحسين البيهقي	Rafed	3594	0.71901
		تاريخ ابن يونس المصري‏  - الجزء1	عبد الرحمن بن أحمد الصدفي	Masaha	4774	0.71884
		مصباح الأريب في تقريب الرواة الذين ليسوا في تقريب التهذيب	محمد المصنعي	ShamAY	32535	0.71876
		فوائد حديث الحافظ عبد الغني بن سعيد الأزدي عن شيوخه	أبو محمد عبد الغني بن سعيد بن علي بن بشر بن مروان الأزدي المصري (المتوفى: 409هـ)	ShamAY	26450	0.71875
		مصباح الأريب في تقريب الرواة الذين ليسوا في تقريب التهذيب	محمد المصنعي	Sham19Y	17900	0.71869
		مجلس في التواضع للجوهري	الحسن بن علي بن محمد، أبو محمد الجوهري (المتوفى: 454ه)	ShamelaY19	27100	0.7186
		العاشر من المصباح في عيون الصحاح	عبد الغني بن عبد الواحد بن علي بن سرور المقدسي الجماعيلي الدمشقي الحنبلي، أبو محمد، تقي الدين (المتوفى: 600هـ)	ShamAY	30657	0.71851
		جياد المسلسلات للسيوطي	عبد الرحمن بن أبي بكر، جلال الدين السيوطي (المتوفى: 911ه)	Sham19Y	11479	0.71849
		الأربعون حديثا من المساواة مستخرجة عن ثقات الرواة	ثقة الدين، أبو القاسم علي بن الحسن بن هبة الله المعروف بابن عساكر (المتوفى: 571هـ) من تخريجه لشيخة الفراوي	ShamAY	9371	0.71846
		الإصابة في تمييز الصحابة - ت البجاوي ط الجيل	أحمد بن علي بن حجر أبو الفضل العسقلاني الشافعي	ShamAY	38004	0.71834
		الإصابة في تمييز الصحابة (ط الهند)	أحمد بن علي بن حجر أبو الفضل العسقلاني	ShamAY	34567	0.71834
		 إعلام النبلاء بتاريخ حلب الشهباء 	 محمد راغب الطباخ الحلبي 	ABLibrary	8962	0.7183
		مشيخة محيي الدين اليونيني	عبد القادر بن محمد بن أحمد بن الحسين اليونيني، محيي الدين ابن الحافظ شرف الدين ابن الفقيه أبي عبد الله اليونيني (المتوفى: 747ه)	ShamelaY19	26495	0.71828
		مناقب الشافعي للبيهقي	أبو بكر أحمد بن الحسين البيهقي (384 - 458 ه)	ShamelaY19	22797	0.71814
		جُزْءُ الْبِطَاقَةِ لِلْحَافِظِ أبِي القَاسِمِ الْكِنَانِيُّ	الكناني، أبو القاسم	ShamAY	33620	0.71813
		تسمية من لم يرو عنه غير رجل واحد	أبو عبد الرحمن أحمد بن شعيب بن علي الخراساني، النسائي (المتوفى: 303ه)	Sham19Y	5839	0.71812
		المنفردات والوحدان	مسلم بن الحجاج أبو الحسن القشيري النيسابوري (المتوفى: 261ه)	Sham19Y	5837	0.71798
		الأوهام التي في مدخل أبي عبد الله الحاكم النيسابوري	أبو محمد عبد الغني بن سعيد بن علي بن بشر بن مروان الأزدي المصري (المتوفى: 409هـ)	ShamAY	13004	0.71791
		الجوهرة في نسب النبي وأصحابه العشرة	محمد بن أبي بكر بن عبد الله بن موسى الأنصاري التِّلمساني المعروف بالبُرِّي (المتوفى: بعد 645هـ)	ShamAY	26484	0.7179
		مشيخة أبي بكر المراغي	أبو بكر بن الحسين بن عمر، القرشي العبشمي الأموي العثماني، زين الدين، وكنيته أبو محمد ويقال اسمه (عبد الله) والمشهور (أبو بكر) المصري الشافعي المراغي (المتوفى: 816ه)	ShamelaY19	26731	0.7178
		الجواهر المضية في طبقات الحنفية = التراجم	عبد القادر بن محمد بن نصر الله القرشي، أبو محمد، محيي الدين الحنفي (المتوفى: 775هـ)	ShamAY	38014	0.7175
		الطبقات لخليفة بن خياط - طيبة	خليفة بن خياط أبو عمر الليثي العصفري	ShamAY	34615	0.71747
		النهي عن سب الأصحاب وما فيه من الإثم والعقاب	ضياء الدين أبو عبد الله محمد بن عبد الواحد المقدسي (المتوفى: 643ه)	Sham19Y	12735	0.71739
		الأحاديث السباعيات الألف للشحامي - مخطوط (ن)	زاهر بن طاهر بْنُ مُحَمَّدِ الشحّامي، أبو القاسم (المتوفى: 533هـ)	ShamAY	10444	0.71727
		عوالي مالك رواية سليم الرازي	أبو الفتح، سليم بن أيوب بن سليم الرازي (المتوفى: 447ه)	Sham19Y	26655	0.71704
		المنتقى من مسموعات مرو للضياء المقدسي - مخطوط (ن)	ضياء الدين أبو عبد الله محمد بن عبد الواحد المقدسي (المتوفى: 643هـ)	ShamAY	21635	0.71701
		كتاب ذكر اسم كل صحابي روى عن رسول الله صلى الله عليه وسلم أمرا أونهيا ومن بعده من التابعين وغيرهم ممن لا أخ له يوافق اسمه من نقلة الحديث من جميع الأمصار	أبو الفتح محمد بن الحسين بن أحمد بن عبد الله بن بريدة الموصلي الأزدي (المتوفى: 374ه)	ShamelaY19	26918	0.7169
		مشيخة ابن طرخان	شمس الدين محمد بن أبي بكر بن محمد بن طرخان السلمي الدمشقي الصالحي	ShamAY	33705	0.71686
		فوائد أبي الفرج الثقفي	أبو الفرج مسعود بن الحسن الثقفي الأصبهاني (المتوفى: 562ه)	ShamelaY19	29976	0.71686
		مسند أمير المؤمنين عمر بن عبد العزيز	الباغندي الصغير محمد بن محمد بن سليمان بن الحارث الأزدي، أبو بكر الواسطي (المتوفى: 312هـ)	ShamAY	13173	0.71683
		 عبقات الأنوار في إمامة الأئمة الأطهار ( فارسي ) 	 السيد حامد النقوي 	ABLibrary	8501	0.71676
		السداسيات والخماسيات لزاهر بن طاهر الشحامي - مخطوط	زاهر الشحّامي	ShamAY	32760	0.7167
		العلل الصغير للترمذي	محمد بن عيسى بن سَوْرة بن موسى بن الضحاك، الترمذي، أبو عيسى (المتوفى: 279هـ)	ShamAY	5897	0.71647
		من حديث الفقيه أبي القاسم الشهرزوري عن شيوخه - مخطوط (ن)	عبد العزيز بن علي بن الحسن أبو القاسم الشهرزوري المالكي (المتوفى: 427ه)	Sham19Y	21691	0.71617
		الرابع من فوائد أبي عثمان البحيري	أبو عثمان سعيد بن محمد ابن أبي الحسين أحمد بن محمد بن جعفر بن محمد بن بحير البحيري، النيسابوري (المتوفى: 451ه)	ShamelaY19	29959	0.71615
		من حديث أبي بكر أحمد بن علي بن لال عن شيوخه - مخطوط (ن)	أبو بكر أحمد بن علي بن أحمد بن محمد بن الفرج بن لال الهمذاني، الشافعي (المتوفى: 398ه)	ShamelaY19	21685	0.71609
		مجلس إملاء في رؤية الله تعالى للدقاق	أَبُو عَبْدِ اللهِ مُحَمَّدُ بنُ عَبْدِ الوَاحِدِ بنِ مُحَمَّدٍ الأَصْبَهَانِيّ، الدَّقَّاق (المتوفى: 516هـ)	ShamAY	9594	0.71608
		جياد المسلسلات للسيوطي	عبد الرحمن بن أبي بكر، جلال الدين السيوطي (المتوفى: 911هـ)	ShamAY	11479	0.71608
		عوالي مالك رواية سليم الرازي	أبو الفتح، سليم بن أيوب بن سليم الرازي (المتوفى: 447ه)	ShamelaY19	26655	0.71602
		المعجم لابن المقرئ	أبو بكر محمد بن إبراهيم بن علي بن عاصم بن زاذان الأصبهاني الخازن، المشهور بابن المقرئ (المتوفى: 381ه)	Sham19Y	8244	0.71593
		تزيين الممالك بمناقب الإمام مالك	الواحدي :: السيوطي	ShamAY	34223	0.7157
		أمالي ابن سمعون الواعظ	ابن سمعون الواعظ، أبو الحسين محمد بن أحمد بن إسماعيل بن عنبس البغدادي (المتوفى: 387ه)	ShamelaY19	21476	0.71564
		القناعة لابن السني	أحمد بن محمد بن إسحاق بن إبراهيم بن أسباط بن عبد الله بن إبراهيم بن بُدَيْح، الدِّيْنَوَريُّ، المعروف بـ «ابن السُّنِّي» (المتوفى: 364هـ)	ShamAY	13054	0.71562
		ميزان الاعتدال في نقد الرجال	شمس الدين محمد بن أحمد الذهبي	ShamAY	34601	0.71556
		المرحمة الغيثية بالترجمة الليثية	أبو الفضل أحمد بن علي بن محمد بن أحمد بن حجر العسقلاني (المتوفى: 852ه)	ShamelaY19	30287	0.71553
		مجلس من أمالي أبي سعد البغدادي	أبو سعد أحمد بن محمد بن أحمد بن الحسن بن علي بن أحمد بن سليمان االبغدادي الأصل، الأصبهاني (المتوفى: 540ه)	ShamelaY19	29903	0.7154
		 إعلام النبلاء بتاريخ حلب الشهباء 	 محمد راغب الطباخ الحلبي 	ABLibrary	8958	0.7154
		العاشر من المصباح في عيون الصحاح	عبد الغني بن عبد الواحد بن علي بن سرور المقدسي الجماعيلي الدمشقي الحنبلي، أبو محمد، تقي الدين (المتوفى: 600ه)	ShamelaY19	30657	0.71537
		تاريخ مولد العلماء ووفياتهم	أبو سليمان محمد بن عبد الله بن أحمد بن ربيعة بن سليمان بن خالد بن عبد الرحمن بن زبر الربعي (المتوفى: 379هـ)	ShamAY	5791	0.71526
		المعجم الكبير للطبراني - ط إحياء التراث	أبو القاسم سليمان بن أحمد الطبراني	ShamAY	38094	0.71515
		فوائد أبي الفرج الثقفي	أبو الفرج مسعود بن الحسن الثقفي الأصبهاني (المتوفى: 562ه)	Sham19Y	29976	0.71512
		فوائد أبي القاسم الحرفي رواية الثقفي	عبد الرحمن بن عبيد الله بن عبد الله ابن محمد، أبو القاسم الحربي الحُرْفي (المتوفى: 423هـ)	ShamAY	26533	0.71487
		جزء فيه مجلس من أمالي سراج السنة أبي نصر الغازي	أبو نصر أحمد بن عمر بن محمد بن عبد الله بن محمد الأصبهاني، الغازي (المتوفى: 532ه)	ShamelaY19	24229	0.71478
		تسمية من لم يرو عنه غير رجل واحد	أبو عبد الرحمن أحمد بن شعيب بن علي الخراساني، النسائي (المتوفى: 303هـ)	ShamAY	5839	0.71457
		مجلسان لأبي سعد البغدادي	أبو سعد أحمد بن محمد بن أحمد بن الحسن بن علي بن أحمد بن سليمان االبغدادي الأصل، الأصبهاني (المتوفى: 540ه)	ShamelaY19	29783	0.71447
		تاريخ مدينة دمشق [ج ١]	أبي القاسم علي بن الحسن ابن هبة الله بن عبد الله الشافعي [ ابن عساكر ]	Rafed	1760	0.71447
		تعزية المسلم عن أخيه	ثقة الدين، أبو القاسم علي بن الحسن بن هبة الله المعروف بابن عساكر (المتوفى: 571هـ)	ShamAY	6766	0.71442
		حذف من نسب قريش	أبو فيد مؤرج بن عمرو بن الحارث السدوسي (المتوفى: 195ه)	Sham19Y	496	0.71442
		الحادي والثلاثون من المشيخة البغدادية لأبي طاهر السلفي	صدر الدين، أبو طاهر السلفي أحمد بن محمد بن أحمد بن محمد بن إبراهيم سلفه الأصبهاني (المتوفى: 576ه)	Sham19Y	30106	0.7144
		السفر الخامس من كتاب الذيل والتكملة لكتابي الموصول والصلة	أبو عبد الله محمد بن محمد بن عبد الملك الأنصاري الأوسي المراكشي (المتوفى: 703ه)	Sham19Y	1030	0.71439
		فوائد أبي القاسم الحرفي رواية الثقفي	عبد الرحمن بن عبيد الله بن عبد الله ابن محمد، أبو القاسم الحربي الحرفي (المتوفى: 423ه)	ShamelaY19	26533	0.71434
		الثالث من فوائد أبي عثمان البحيري	أَبُو عُثْمَانَ سَعِيْدُ بنُ مُحَمَّدِ ابنِ أَبِي الحُسَيْنِ أَحْمَدَ بنِ مُحَمَّدِ بنِ جَعْفَرِ بنِ مُحَمَّدِ بنِ بَحِيْرٍ البَحِيْرِيُّ، النَّيْسَابُوْرِيُّ (المتوفى: 451هـ)	ShamAY	29951	0.7142
		الغنية فهرست شيوخ القاضي عياض	عياض بن موسى بن عياض بن عمرون اليحصبي السبتي، أبو الفضل (المتوفى: 544ه)	Sham19Y	26463	0.71419
		الوجيز في ذكر المجاز والمجيز	صدر الدين، أبو طاهر السلفي أحمد بن محمد بن أحمد بن محمد بن إبراهيم سلفه الأصبهاني (المتوفى: 576ه)	Sham19Y	6031	0.71412
		سؤالات حمزة بن يوسف السهمي لأبي الحسن الدارقطني - ط الفاروق	حمزة بن يوسف السهمي	ShamAY	34166	0.71399
		مجموعة رسائل في علوم الحديث	أبو عبد الرحمن أحمد بن شعيب بن علي الخراساني، النسائي (المتوفى: 303ه)	Sham19Y	6004	0.71398
		الطب النبوي لأبي نعيم الأصفهاني	أبو نعيم أحمد بن عبد الله بن أحمد بن إسحاق بن موسى بن مهران الأصبهاني (المتوفى: 430هـ)	ShamAY	26429	0.71388
		الحادي والثلاثون من المشيخة البغدادية لأبي طاهر السلفي	صدر الدين، أبو طاهر السِّلَفي أحمد بن محمد بن أحمد بن محمد بن إبراهيم سِلَفَه الأصبهاني (المتوفى: 576هـ)	ShamAY	30106	0.71386
		عوالي مالك رواية سليم الرازي	أَبُو الفَتْح، سليم بن أيوب بن سليم الرازيّ (المتوفى: 447هـ)	ShamAY	1333	0.71372
		قضاء الحوائج لابن أبي الدنيا	أبو بكر عبد الله بن محمد بن عبيد بن سفيان بن قيس البغدادي الأموي القرشي المعروف بابن أبي الدنيا (المتوفى: 281هـ)	ShamAY	13149	0.71359
		فرائد السمطين [ج ٢]	ابراهيم بن محمّد بن المؤيّد الجويني الخراساني	Rafed	2922	0.71358
		مسند الموطأ للجوهري	أبو القاسم عبد الرحمن بن عبد الله بن محمد الغافقي، الجوهري المالكي (المتوفى: 381ه)	ShamelaY19	21479	0.71357
		الغنية فهرست شيوخ القاضي عياض	عياض بن موسى بن عياض بن عمرون اليحصبي السبتي، أبو الفضل (المتوفى: 544هـ)	ShamAY	26463	0.71349
		أخلاق العلماء للآجري	أبو بكر محمد بن الحسين بن عبد الله الآجُرِّيُّ البغدادي (المتوفى: 360هـ)	ShamAY	1311	0.71342
		المنفردات والوحدان	مسلم بن الحجاج أبو الحسن القشيري النيسابوري (المتوفى: 261هـ)	ShamAY	5837	0.71341
		السنن الكبرى للبيهقي	أحمد بن الحسين بن علي بن موسى الخُسْرَوْجِردي الخراساني، أبو بكر البيهقي (المتوفى: 458هـ)	ShamAY	31640	0.71328
		بلغة الطالب الحثيث في صحيح عوالي الحديث	ضياء الدين أبو عبد الله محمد بن عبد الواحد المقدسي (المتوفى: 643ه)	ShamelaY19	30294	0.71325
		المناهل السلسلة في الأحاديث المسلسلة	محمد عبد الباقي الأيوبي (1364 هـ)	ShamAY	33675	0.7131
		رؤية الله للدارقطني	أبو الحسن علي بن عمر بن أحمد بن مهدي بن مسعود بن النعمان بن دينار البغدادي الدارقطني (المتوفى: 385هـ)	ShamAY	21794	0.71291
		الجوهرة في نسب النبي وأصحابه العشرة	محمد بن أبي بكر بن عبد الله بن موسى الأنصاري التلمساني المعروف بالبري (المتوفى: بعد 645ه)	ShamelaY19	26484	0.71287
		جزء من حديث ابن شاهين جمع أبي الحسين بن المهتدي	أبو حفص عمر بن أحمد بن عثمان بن أحمد بن محمد بن أيوب بن أزداذ البغدادي المعروف ب ابن شاهين (المتوفى: 385ه)	ShamelaY19	26517	0.71287
		كتاب الأربعين من مسانيد المشايخ العشرين عن الأصحاب الأربعين	أبو سعد عبد الله بن عمر بن أبي نصر القشيري (600 هـ)	ShamAY	33550	0.71282
		رسالة في فضل الأخبار وشرح مذاهب أهل الآثار وحقيقة السنن	أبو عبد الله محمد بن إسحاق بن محمد بن يحيى بن مَنْدَه العبدي (المتوفى: 395هـ)	ShamAY	6015	0.71276
		جزء من حديث ابن شاهين جمع أبي الحسين بن المهتدي	أبو حفص عمر بن أحمد بن عثمان بن أحمد بن محمد بن أيوب بن أزداذ البغدادي المعروف بـ ابن شاهين (المتوفى: 385هـ)	ShamAY	26517	0.71272
		ذكر شيوخ الشريف أبي الفضل ابن المهدي - مخطوط (ن)	محمد بن عبد العزيز بن العباس بن محمد بن عبد الله بن أحمد بن محمد بن عبد الله بن المهدي، أبو الفضل الهاشمي (المتوفى: 444ه)	ShamelaY19	21641	0.71261
		إكمال تهذيب الكمال لمغلطاي - مقابل	علاء الدين مغلطاي بن قليج الحنفي	ShamAY	34647	0.71259
		جزء فيه مجلس من أمالي سراج السنة أبي نصر الغازي	أَبُو نَصْرٍ أَحْمَدُ بنُ عُمَرَ بنِ مُحَمَّدِ بنِ عَبْدِ اللهِ بنِ مُحَمَّدٍ الأَصْبَهَانِيُّ، الغَازِي (المتوفى: 532هـ)	ShamAY	24229	0.71239
		جامع البيان في القراءات السبع	عثمان بن سعيد بن عثمان بن عمر أبو عمرو الداني (المتوفى: 444ه)	ShamelaY19	37649	0.71239
		فضائل بيت المقدس	ضياء الدين أبو عبد الله محمد بن عبد الواحد المقدسي (المتوفى: 643ه)	Sham19Y	5721	0.71221
		مجلس من أمالي أبي القاسم علي بن البسري - مخطوط	أبو القاسم علي بن أحمد بن محمد بن البسري البندار	ShamAY	32863	0.7122
		مجموعة رسائل في علوم الحديث للنسائي	أحمد بن شعيب النسائي أبو عبد الرحمن	ShamAY	34019	0.71216
		مسند الموطأ للجوهري	أَبُو القَاسِمِ عَبْدُ الرَّحْمَنِ بنُ عَبْدِ اللهِ بنِ مُحَمَّدٍ الغَافِقِيُّ، الجَوْهَرِيُّ المالكي (المتوفى: 381هـ)	ShamAY	1222	0.71206
		الخصال‏  - الجزء1	الشيخ الصدوق	Masaha	4652	0.71203
		المنتخب من كتاب السياق لتاريخ نيسابور	تَقِيُّ الدِّيْنِ، أَبُو إِسْحَاقَ إِبْرَاهِيْمُ بنُ مُحَمَّدِ بنِ الأَزْهَرِ بنِ أَحْمَدَ بنِ مُحَمَّدٍ العِرَاقِيُّ، الصَّرِيْفِيْنِيُّ، الحَنْبَلِيُّ (المتوفى: 641هـ)	ShamAY	12528	0.71197
		تنوير الفكرة بحديث بهز بن حكيم (مطبوع ضمن مجموع رسائل لابن ناصر الدين)	محمد بن عبد الله (أبي بكر) بن محمد ابن أحمد بن مجاهد القيسي الدمشقي الشافعي، شمس الدين، الشهير بابن ناصر الدين (المتوفى: 842ه)	Sham19Y	9393	0.71195
		من حديث الفقيه أبي القاسم الشهرزوري عن شيوخه - مخطوط (ن)	عبد العزيز بن علي بن الحسن أبو القاسم الشهرزوري المالكي (المتوفى: 427ه)	ShamelaY19	21691	0.71185
		الجزء السابع من فوائد أبي زكريا المزكي - مخطوط	أبو زكريا يحيى بن إبراهيم بن محمد المزكي النيسابوري	ShamAY	32925	0.71184
		حذف من نسب قريش	أبو فيد مؤرج بن عمرو بن الحارث السدوسي (المتوفى: 195هـ)	ShamAY	496	0.71182
		الرَّوضُ البَّسَام بتَرتيْبِ وَتخْريج فَوَائِدِ تَمَّام	أبو سليمان جاسم بن سليمان حمد الفهيد الدوسري	ShamAY	31720	0.7118
		النهي عن سب الأصحاب وما فيه من الإثم والعقاب	ضياء الدين أبو عبد الله محمد بن عبد الواحد المقدسي (المتوفى: 643هـ)	ShamAY	1294	0.71177
		السفر الخامس من كتاب الذيل والتكملة لكتابي الموصول والصلة	أبو عبد الله محمد بن محمد بن عبد الملك الأنصاري الأوسي المراكشي (المتوفى: 703هـ)	ShamAY	1030	0.71175
		الصمت لابن أبي الدنيا	أبو بكر عبد الله بن محمد بن عبيد بن سفيان بن قيس البغدادي الأموي القرشي المعروف بابن أبي الدنيا (المتوفى: 281هـ)	ShamAY	13039	0.71152
		أربعة مجالس من أمالي الجوهري رواية البزاز - مخطوط	أبو محمد الحسن بن علي بن محمد الجوهري	ShamAY	32885	0.71144
		ثلاثة مجالس من أمالي أبي سعيد النقاش	أبو سعيد محمد بن علي بن عمر بن مهدي الأصبهاني الحنبلي النقاش (المتوفى: 414هـ)	ShamAY	29747	0.71126
		مناقب جعفر بن أبى طالب	ضياء الدين أبو عبد الله محمد بن عبد الواحد المقدسي (المتوفى: 643ه)	Sham19Y	29937	0.71119
		معرفة أسامي أرداف النبي صلى الله عليه وسلم	يحيى بن عبد الوهاب بن محمد ابن إسحاق بن محمد بن يحيى العبدي الأصبهاني، أبو زكريا، ابن منده (المتوفى: 511ه)	Sham19Y	5806	0.71108
		المعجم لابن المقرئ	أبو بكر محمد بن إبراهيم بن علي بن عاصم بن زاذان الأصبهاني الخازن، المشهور بابن المقرئ (المتوفى: 381هـ)	ShamAY	8244	0.71081
		 دلائل النبوة ومعرفة أحوال صاحب الشريعة 	 أحمد بن الحسين البيهقي 	ABLibrary	933	0.71063
		الكشف والبيان [ج ١]	أبو إسحاق أحمد [ الثّعلبي ]	Rafed	1643	0.71056
		تاريخ ابن يونس المصرى - ط العلمية = التراجم	عبد الرحمن بن أحمد بن يونس الصدفي، أبو سعيد (المتوفى: 347هـ)	ShamAY	38027	0.7104
		مداراة الناس لابن أبي الدنيا	أبو بكر عبد الله بن محمد بن عبيد بن سفيان بن قيس البغدادي الأموي القرشي المعروف بابن أبي الدنيا (المتوفى: 281هـ)	ShamAY	13152	0.7102
		منتخب الفوائد الصحاح العوالي تخريج الخطيب على السراج - ت البيضاني	أبو محمد جعفر بن أحمد بن الحسين السراج القارىء	ShamAY	38144	0.71014
		سؤالات حمزة بن يوسف السهمي	أبو القاسم حمزة بن يوسف بن إبراهيم السهمي القرشي الجرجاني (المتوفى: 427هـ)	ShamAY	2491	0.71012
		فضل زياره الحسين ( عليه السلام )	ابوعبدالله محمد بن علي بن حسن علوي شجري	Ghbook	5974	0.71007
		المرحمة الغيثية بالترجمة الليثية	أبو الفضل أحمد بن علي بن محمد بن أحمد بن حجر العسقلاني (المتوفى: 852هـ)	ShamAY	30287	0.71
		مجموعة رسائل في علوم الحديث	أبو عبد الرحمن أحمد بن شعيب بن علي الخراساني، النسائي (المتوفى: 303هـ)	ShamAY	6004	0.70996
		العروس المجلية في أسانيد الحديث المسلسل بالأولية - لقاء العشر الأواخر بالمسجد الحرام (15)	محمد بن أحمد بن محمد بن خير الله، أبو الفضل، صفيّ الدين الحنفي الأثري الحسيني البخاري (المتوفى: 1200 هـ)	ShamAY	32399	0.70992
		الروض البسام بترتيب وتخريج فوائد تمام	أبو سليمان جاسم بن سليمان حمد الفهيد الدوسري	ShamelaY19	122405	0.70991
		جوامع السيرة وخمس رسائل أخرى لابن حزم	أبو محمد علي بن أحمد بن سعيد بن حزم الأندلسي القرطبي الظاهري (المتوفى: 456ه)	Sham19Y	1036	0.70976
		الفهرست	الشيخ الطوسي	Masaha	2324	0.70972
		كتاب اللطائف من علوم المعارف	محمد بن عمر بن أحمد بن عمر بن محمد الأصبهاني المديني، أبو موسى (المتوفى: 581هـ)	ShamAY	29911	0.70967
		التكملة لوفيات النقلة	المنذري زكي الدين أبو محمد عبد العظيم بن عبد القوي (656 هـ)	ShamAY	34660	0.70966
		المعجم الكبير (قطعة من مسانيد من اسمه عبد الله)	سليمان بن أحمد الطبراني	ShamAY	33908	0.70954
		صيام رمضان للقاسم ابن عساكر	أبي محمد القاسم ابن الحافظ علي بن الحسن بن هبة الله الشافعي المعروف بابن عساكر (600 هـ)	ShamAY	33581	0.70953
		الجامع لشعب الإيمان للبيهقي - ط الرشد	أبو بكر أحمد بن الحسين البيهقي	ShamAY	33979	0.7094
		مناقب جعفر بن أبى طالب	ضياء الدين أبو عبد الله محمد بن عبد الواحد المقدسي (المتوفى: 643هـ)	ShamAY	29937	0.70929
		مثالب العرب	ابن الكلبي هشام بن محمد	Masaha	2348	0.70926
		شعار أصحاب الحديث لأبي أحمد الحاكم	أبو أحمد محمد بن محمد بن أحمد بن إسحاق النيسابوري الكرابيسي المعروف بالحاكم الكبير (المتوفى: 378هـ)	ShamAY	13126	0.70924
		شعب الإيمان	أحمد بن الحسين بن علي بن موسى الخُسْرَوْجِردي الخراساني، أبو بكر البيهقي (المتوفى: 458هـ)	ShamAY	472	0.70922
		ميزان الاعتدال في نقد الرجال	شمس الدين أبو عبد الله محمد بن أحمد بن عثمان بن قَايْماز الذهبي (المتوفى: 748هـ)	ShamAY	1692	0.70909
		عشرة أحاديث موافقات عوال لعبد الله بن أحمد المقدسي - مخطوط		ShamAY	32782	0.70905
		تاريخ مدينة دمشق [ج ٧٠]	أبي القاسم علي بن الحسن ابن هبة الله بن عبد الله الشافعي [ ابن عساكر ]	Rafed	2571	0.70896
		عمده الطالب في انساب آل ابي طالب	احمد بن علي ابن عنبه	Ghbook	9498	0.70875
		تاج التراجم لابن قطلوبغا	أبو الفداء زين الدين أبو العدل قاسم بن قُطلُوبغا السودوني (نسبة إلى معتق أبيه سودون الشيخوني) الجمالي الحنفي (المتوفى: 879هـ)	ShamAY	1127	0.70873
		الحادي والثلاثون من المشيخة البغدادية لأبي طاهر السلفي	صدر الدين، أبو طاهر السلفي أحمد بن محمد بن أحمد بن محمد بن إبراهيم سلفه الأصبهاني (المتوفى: 576ه)	ShamelaY19	30106	0.70863
		شعب الإيمان	أحمد بن الحسين بن علي بن موسى الخسروجردي الخراساني، أبو بكر البيهقي (المتوفى: 458ه)	Sham19Y	10660	0.70856
		تاريخ الرقة ومن نزلها من أصحاب رسول الله صلى الله عليه وسلم والتابعين والفقهاء والمحدثين	محمد بن سعيد بن عبد الرحمن القشيري، أبو علي (المتوفى: 334هـ)	ShamAY	26383	0.70854
		ثلاثة مجالس من أمالي أبي سعيد النقاش	أبو سعيد محمد بن علي بن عمر بن مهدي الأصبهاني الحنبلي النقاش (المتوفى: 414ه)	ShamelaY19	29747	0.70848
		جمهرة أنساب العرب لابن الكلبي	أبو المنذر هشام بن محمد أبي النضر ابن السائب ابن بشر الكلبي (المتوفى: 204ه)	Sham19Y	504	0.70843
		التعريف بالأنساب والتنويه بذوي الأحساب	أحمد بن محمد بن إبراهيم، شهاب الدين أبو الحجاج الأشعري الشافعي (المتوفى: 600هـ)	ShamAY	487	0.70832
		رجال البرقي- الطبقات‌	ابو جعفر أحمد بن محمد البرقي	Masaha	3535	0.70818
		مجلس من أمالي أبي سعد البغدادي	أبو سعد أحمد بن محمد بن أحمد بن الحسن بن علي بن أحمد بن سليمان االبغدادي الأصل، الأصبهاني (المتوفى: 540ه)	Sham19Y	29903	0.70808
		الرابع من فوائد أبي عثمان البحيري	أَبُو عُثْمَانَ سَعِيْدُ بنُ مُحَمَّدِ ابنِ أَبِي الحُسَيْنِ أَحْمَدَ بنِ مُحَمَّدِ بنِ جَعْفَرِ بنِ مُحَمَّدِ بنِ بَحِيْرٍ البَحِيْرِيُّ، النَّيْسَابُوْرِيُّ (المتوفى: 451هـ)	ShamAY	29959	0.70785
		رؤية الله للدارقطني	أبو الحسن علي بن عمر بن أحمد بن مهدي بن مسعود بن النعمان بن دينار البغدادي الدارقطني (المتوفى: 385ه)	ShamelaY19	21794	0.70783
		الوجيز في ذكر المجاز والمجيز	صدر الدين، أبو طاهر السِّلَفي أحمد بن محمد بن أحمد بن محمد بن إبراهيم سِلَفَه الأصبهاني (المتوفى: 576هـ)	ShamAY	6031	0.70773
		 جوامع السيرة النبوية 	 ابن حزم 	ABLibrary	7480	0.70764
		الطب النبوي لأبي نعيم الأصفهاني	أبو نعيم أحمد بن عبد الله بن أحمد بن إسحاق بن موسى بن مهران الأصبهاني (المتوفى: 430ه)	ShamelaY19	26429	0.70761
		ترجمة الإمام مسلم ورواة صحيحه	شمس الدين أبو عبد الله محمد بن أحمد بن عثمان بن قايماز الذهبي (المتوفى: 748ه)	Sham19Y	29830	0.70758
		التاريخ الكبير المعروف بتاريخ ابن أبي خيثمة - السفر الثالث	أبو بكر أحمد بن أبي خيثمة (المتوفى: 279هـ)	ShamAY	8477	0.70749
		مجلس في فضل صوم يوم عاشوراء للمنذري	عبد العظيم المنذري	ShamAY	33588	0.70729
		حديث سفيان بن عيينة رواية المروزي	سفيان بن عيينة بن ميمون (المتوفى: 198هـ)	ShamAY	26337	0.70712
		الضعفاء للعقيلي - ت السرساوي	أبو جعفر محمد بن عمرو بن موسى بن حماد العُقَيلي	ShamAY	34141	0.70703
		من حديث علي بن عمر الحربي رواية ابن المهتدي - مخطوط	أبو الحسن علي بن عمر الحربي السكري	ShamAY	32931	0.70703
		جوامع السيرة وخمس رسائل أخرى لابن حزم	أبو محمد علي بن أحمد بن سعيد بن حزم الأندلسي القرطبي الظاهري (المتوفى: 456هـ)	ShamAY	1036	0.70698
		تقييد المهمل وتمييز المشكل (شيوخ البخاري المهملون)	أبو علي الحسين بن محمد الغساني وكان يَكره أن يقال له الجياني (المتوفى: 498هـ)	ShamAY	5795	0.70693
		رواية صحيح مسلم من طريق ابن ماهان مقارنة برواية ابن سفيان	مصدق أمين عطية الدوري	ShamAY	31812	0.70689
		الاصيلي في انساب الطالبين	صفي الدين محمد بن تاج الدين علي ابن طقطقي	Ghbook	15562	0.70685
		مجلس من أمالي أبي العباس منير بن أحمد الخشاب	أبو العباس منير بن أحمد الخشاب	ShamAY	33640	0.70682
		الرابع والثلاثون من المشيخة البغدادية لأبي طاهر السلفي	صدر الدين، أبو طاهر السِّلَفي أحمد بن محمد بن أحمد بن محمد بن إبراهيم سِلَفَه الأصبهاني (المتوفى: 576هـ)	ShamAY	30118	0.70633
		تاريخ اربل	المبارك بن أحمد بن المبارك بن موهوب اللخمي الإِربلي، المعروف بابن المستوفي (المتوفى: 637هـ)	ShamAY	11746	0.70631
		سؤالات البرذعي لأبي زرعة الرازي ومعه كتاب أسامي الضعفاء له - ط الفاروق	عبيد الله بن عبد الكريم أبو زرعة الرازي	ShamAY	34145	0.7063
		المنتقى من كتاب الطبقات لأبي عروبة الحراني	أبو عروبة الحسين بن محمد بن أبي معشر مودود السُّلَمي الجَزَري الحرَّاني (المتوفى: 318هـ)	ShamAY	8274	0.70621
		رواية صحيح مسلم من طريق ابن ماهان مقارنة برواية ابن سفيان	مصدق أمين عطية الدوري	Sham19Y	13554	0.70609
		الأربعون من مسانيد المشايخ العشرين للقشيري	أَبُو سَعْدٍ عَبْدُ اللهِ بْنُ أَبِي حَفْصٍ عُمَرَ بنِ أَحْمَدَ بنِ مَنْصُوْرٍ ابْنِ فَقِيْهِ خُرَاسَانَ مُحَمَّدِ بنِ القَاسِمِ بنِ حَبِيْبِ ابْنِ الصَّفَّارِ النَّيْسَابُوْرِيُّ، الشَّافِعِيُّ (المتوفى: 600هـ)	ShamAY	9376	0.70601
		تنوير الفكرة بحديث بهز بن حكيم (مطبوع ضمن مجموع رسائل لابن ناصر الدين)	محمد بن عبد الله (أبي بكر) بن محمد ابن أحمد بن مجاهد القيسي الدمشقي الشافعي، شمس الدين، الشهير بابن ناصر الدين (المتوفى: 842هـ)	ShamAY	9393	0.70589
		 فرائد السمطين في فضائل المرتضى والبتول والسبطين والأئمة من ذريتهم ( ع ) 	 ابراهيم بن سعد الدين الشافعي 	ABLibrary	7629	0.70583
		فوائد أبي الفرج الثقفي	أَبُو الفَرَجِ مَسْعُوْدُ بنُ الحَسَنِ الثَّقَفِيُّ الأَصْبَهَانِيُّ (المتوفى: 562هـ)	ShamAY	1377	0.70573
		الإكمال في ذكر من له رواية في مسند الإمام أحمد من الرجال سوى من ذكر في تهذيب الكمال	شمس الدين أبو المحاسن محمد بن علي بن الحسن بن حمزة الحسيني الدمشقي الشافعي (المتوفى: 765ه)	Sham19Y	5850	0.70536
		تاريخ دمشق لابن عساكر	أبو القاسم علي بن الحسن بن هبة الله المعروف بابن عساكر (المتوفى: 571هـ)	ShamAY	71	0.70527
		فضائل بيت المقدس	ضياء الدين أبو عبد الله محمد بن عبد الواحد المقدسي (المتوفى: 643هـ)	ShamAY	5721	0.70518
		جزء فيه أحاديث أبي حامد أحمد بن محمد بن يحيى بن بلال النيسابوري الخشاب	أَبُو حَامِدٍ أَحْمَدُ بنُ مُحَمَّدِ بنِ يَحْيَى بنِ بِلاَل النَّيْسَابُوْرِيُّ المَعْرُوْف بِالخَشَّاب (المتوفى: 330هـ)	ShamAY	26553	0.7049
		الضعفاء الكبير للعقيلي	أبو جعفر محمد بن عمرو بن موسى بن حماد العقيلي المكي (المتوفى: 322هـ)	ShamAY	13041	0.70486
		تفسير الثعلبي = الكشف والبيان عن تفسير القرآن	أحمد بن محمد بن إبراهيم الثعلبي، أبو إسحاق (المتوفى: 427هـ)	ShamAY	23578	0.70473
		ذكر شيوخ الشريف أبي الفضل ابن المهدي - مخطوط (ن)	محمد بن عبد العزيز بن العباس بن محمد بن عبد الله بن أحمد بن محمد بن عبد الله بن المهدي، أبو الفضل الهاشمي (المتوفى: 444هـ)	ShamAY	21641	0.7047
		الثلاثون من المشيخة البغدادية لأبي طاهر السلفي	صدر الدين، أبو طاهر السِّلَفي أحمد بن محمد بن أحمد بن محمد بن إبراهيم سِلَفَه الأصبهاني (المتوفى: 576هـ)	ShamAY	30103	0.70465
		حديث سفيان بن عيينة رواية المروزي	سفيان بن عيينة بن ميمون (المتوفى: 198ه)	ShamelaY19	26337	0.70461
		الاستغناء في معرفة المشهورين من حملة العلم بالكنى «وهو مشتمل على ثلاثة كتب في الكنى»	أبو عمر يوسف بن عبد الله بن عبد البر النمري القرطبي (368 - 463 ه)	ShamelaY19	132971	0.7046
		الرابع والثلاثون من المشيخة البغدادية لأبي طاهر السلفي	صدر الدين، أبو طاهر السلفي أحمد بن محمد بن أحمد بن محمد بن إبراهيم سلفه الأصبهاني (المتوفى: 576ه)	ShamelaY19	30118	0.70453
		الجزء الأول من معجم أسامي مشايخ أبي علي الحداد - مخطوط	أبو علي الحسن بن أحمد بن الحسن الحداد المقرئ	ShamAY	32841	0.70452
		جمهرة أنساب العرب لابن الكلبي	أبو المنذر هشام بن محمد أبي النضر ابن السائب ابن بشر الكلبي (المتوفى: 204هـ)	ShamAY	504	0.70444
		فضيلة ذكر الله عز وجل لابن عساكر	ثقة الدين، أبو القاسم علي بن الحسن بن هبة الله المعروف بابن عساكر (المتوفى: 571ه)	ShamelaY19	26719	0.70432
		أربع مجالس للخطيب البغدادي	أبو بكر أحمد بن علي بن ثابت بن أحمد بن مهدي الخطيب البغدادي (المتوفى: 463هـ)	ShamAY	30025	0.70418
		المجروحين لابن حبان ت حمدي	ابن حبان	ShamelaY19	151099	0.70417
		المجلس الثاني من أمالي الجوهري رواية ابن المظفر والخلال- مخطوط	أبو محمد الحسن بن علي بن محمد الجوهري	ShamAY	32895	0.70413
		المدخل إلى كتاب الإكليل	أبو عبد الله الحاكم محمد بن عبد الله بن محمد بن حمدويه بن نعيم بن الحكم الضبي الطهماني النيسابوري المعروف بابن البيع (المتوفى: 405ه)	Sham19Y	5997	0.7041
		تاريخ نيسابور المنتخب من السياق‏	عبد الغافر بن إسماعيل الفارسي	Masaha	4118	0.7041
		المنتقى من مسموعات مرو للضياء المقدسي - مخطوط (ن)	ضياء الدين أبو عبد الله محمد بن عبد الواحد المقدسي (المتوفى: 643ه)	ShamelaY19	21635	0.70379
		المنتقى من مسموعات أبي الفضل جعفر بن عبد الواحد الثقفي - مخطوط	أبو الفضل جعفر بن عبد الواحد بن محمد بن محمود الثقفي	ShamAY	32967	0.70378
		الأربعون على مذهب المتحققين من الصوفية لأبي نعيم الأصبهاني	أبو نعيم أحمد بن عبد الله بن أحمد بن إسحاق بن موسى بن مهران الأصبهاني (المتوفى: 430ه)	Sham19Y	8246	0.70364
		الإنباه على قبائل الرواة	أبو عمر يوسف بن عبد الله بن محمد بن عبد البر بن عاصم النمري القرطبي (المتوفى: 463هـ)	ShamAY	6696	0.70362
		الجزء الأول من الأحاديث المسلسلات للضياء المقدسي - مخطوط	ضياء الدين محمد بن عبد الواحد المقدسي	ShamAY	32886	0.70352
		فوائد أبي عبد الله الحسين بن إبراهيم الجمال - مخطوط		ShamAY	32783	0.70349
		تاريخ مدينة دمشق [ج ٦٦]	أبي القاسم علي بن الحسن ابن هبة الله بن عبد الله الشافعي [ ابن عساكر ]	Rafed	2540	0.70348
		صلة التكملة لوفيات النقلة	الحافظ عز الدين أحمد بن محمد بن عبد الرحمن الحسيني (المتوفى:695هـ)	ShamAY	34633	0.70346
		الجزء الثاني من أمالي أبي القاسم هبة الله بن محمد بن الحصين - مخطوط	أبو القاسم هبة الله بن محمد بن عبد الواحد بن أحمد بن العباس بن الحصين	ShamAY	32849	0.70344
		تاريخ مدينة دمشق [ج ٣٩]	أبي القاسم علي بن الحسن ابن هبة الله بن عبد الله الشافعي [ ابن عساكر ]	Rafed	2337	0.70334
		ذيل ديوان الضعفاء والمتروكين	شمس الدين أبو عبد الله محمد بن أحمد بن عثمان بن قايماز الذهبي (المتوفى: 748ه)	ShamelaY19	96956	0.70312
		الثاني من فضائل عمر بن الخطاب	عبد الغني بن عبد الواحد بن علي بن سرور المقدسي الجماعيلي الدمشقي الحنبلي، أبو محمد، تقي الدين (المتوفى: 600ه)	ShamelaY19	30266	0.70299
		ترجمة الإمام مسلم ورواة صحيحه	شمس الدين أبو عبد الله محمد بن أحمد بن عثمان بن قَايْماز الذهبي (المتوفى: 748هـ)	ShamAY	29830	0.70295
		السنن الكبرى للبيهقي	البيهقي، أبو بكر	ShamAY	33917	0.70293
		 منتقلة الطالبية 	 ابراهيم بن ناصر بن طبطبا 	ABLibrary	9232	0.70293
		جزء فيه قول النبي صلى الله عليه وسلم «نضر الله امرأ سمع مقالتي فأداها»	أحمد بن محمد بن إبراهيم بن حكيم المديني، أبو عمرو الأصبهاني، ويعرف بابن مَمَّك (المتوفى: 333هـ)	ShamAY	13111	0.7029
		الضعفاء الكبير للعقيلي	أبو جعفر محمد بن عمرو بن موسى بن حماد العقيلي المكي (المتوفى: 322ه)	Sham19Y	13041	0.7029
		ترجمة الإمام مسلم ورواة صحيحه	شمس الدين أبو عبد الله محمد بن أحمد بن عثمان بن قايماز الذهبي (المتوفى: 748ه)	ShamelaY19	29830	0.70286
		جزء فيه عوالي منتقاة من جزء أبي مسعود أحمد بن الفرات، انتقاء الذهبي	أحمد بن الفرات بن خالد الضبي الرازيّ، أبو مسعود (المتوفى: 258هـ)	ShamAY	1351	0.70283
		الصمت وآداب اللسان لابن أبي الدنيا - ط أطلس الخضراء = مقابل	أبو بكر عبد الله بن محمد ابن أبي الدنيا	ShamAY	38093	0.70278
		اللطائف من دقائق المعارف في علوم الحفاظ الأعارف	محمد بن عمر بن أحمد بن عمر بن محمد الأصبهاني المديني، أبو موسى (المتوفى: 581هـ)	ShamAY	26878	0.70268
		الثاني من فضائل عمر بن الخطاب	عبد الغني بن عبد الواحد بن علي بن سرور المقدسي الجماعيلي الدمشقي الحنبلي، أبو محمد، تقي الدين (المتوفى: 600هـ)	ShamAY	30266	0.70267
		معرفة أسامي أرداف النبي صلى الله عليه وسلم	يحيى بن عبد الوهاب بن محمد ابن إسحاق بن محمد بن يحيى العبدي الأصبهاني، أبو زكريا، ابن منده (المتوفى: 511هـ)	ShamAY	5806	0.70258
		السادس من فوائد أبي عثمان البحيري	أبو عثمان سعيد بن محمد ابن أبي الحسين أحمد بن محمد بن جعفر بن محمد بن بحير البحيري، النيسابوري (المتوفى: 451ه)	ShamelaY19	29961	0.70257
		شواهد التنزيل لقواعد التفضيل [ج ٢]	عبيدالله بن عبدالله بن أحمد [ الحكام الحسكاني ]	Rafed	2854	0.70252
		الإكمال في ذكر من له رواية في مسند الإمام أحمد من الرجال سوى من ذكر في تهذيب الكمال	شمس الدين أبو المحاسن محمد بن علي بن الحسن بن حمزة الحسيني الدمشقي الشافعي (المتوفى: 765هـ)	ShamAY	5850	0.70247
		اللآلىء المصنوعة في الأحاديث الموضوعة	عبد الرحمن بن أبي بكر، جلال الدين السيوطي (المتوفى: 911هـ)	ShamAY	6062	0.70245
		تنزيه الشريعة المرفوعة عن الأخبار الشنيعة الموضوعة	نور الدين، علي بن محمد بن علي بن عبد الرحمن ابن عراق الكناني (المتوفى: 963هـ)	ShamAY	1432	0.70237
		الثاني من فضائل عمر بن الخطاب	عبد الغني بن عبد الواحد بن علي بن سرور المقدسي الجماعيلي الدمشقي الحنبلي، أبو محمد، تقي الدين (المتوفى: 600ه)	Sham19Y	30266	0.70236
		التاسع عشر من المشيخة البغدادية لأبي طاهر السلفي	صدر الدين، أبو طاهر السلفي أحمد بن محمد بن أحمد بن محمد بن إبراهيم سلفه الأصبهاني (المتوفى: 576ه)	Sham19Y	30086	0.70233
		فضيلة ذكر الله عز وجل لابن عساكر	ثقة الدين، أبو القاسم علي بن الحسن بن هبة الله المعروف بابن عساكر (المتوفى: 571هـ)	ShamAY	1352	0.70226
		الجزء الرابع من الثقفيات للقاسم بن الفضل الثقفي - مخطوط (ن)	القاسم بن الفضل بن أحمد بن أحمد ابن محمود الثقفي الأصبهاني، أبو عبد الله (المتوفى: 489هـ)	ShamAY	10514	0.70222
		تاريخ مدينة دمشق [ج ٤٢]	أبي القاسم علي بن الحسن ابن هبة الله بن عبد الله الشافعي [ ابن عساكر ]	Rafed	2352	0.70217
		فضائل الشام للسمعاني	عبد الكريم بن محمد بن منصور التميمي السمعاني المروزي، أبو سعد (المتوفى: 562هـ)	ShamAY	1298	0.70214
		مسألة العلو والنزول في الحديث	أبو الفضل محمد بن طاهر بن علي بن أحمد المقدسي الشيباني، المعروف بابن القيسراني (المتوفى: 507هـ)	ShamAY	6002	0.70204
		العوالي لأبي الشيخ	أبو محمد عبد الله بن محمد بن جعفر بن حيان الأنصاري المعروف بأبي الشيخ الأصبهاني (المتوفى: 369ه)	Sham19Y	26572	0.70203
		القناعة للدينوري	الإمام الحافظ أبي بكر أحمد بن محمد بن إسحاق الدينوري [ت: 364]	ShamAY	33920	0.70199
		التحفة اللطيفة في تاريخ المدينة الشريفة [ج ٢]	شمس الدين السخاوي	Rafed	2248	0.70196
		الأربعون في الحث على الجهاد	ثقة الدين، أبو القاسم علي بن الحسن بن هبة الله المعروف بابن عساكر (المتوفى: 571هـ)	ShamAY	5716	0.70189
		تسمية شيوخ أبي داود لأبي علي الجياني	أبو علي الحسين بن محمد الجياني الغساني الأندلسي (498 هـ)	ShamAY	34581	0.70186
		مجلس من مجالس أبي القاسم هبة الله بن الحسن اللالكائي - مخطوط	أبو القاسم هبة الله بن الحسن بن منصور اللالكائي	ShamAY	32917	0.70182
		جامع المسانيد للخوارزمي	أبو المؤيد محمد بن محمد الخوارزمي (665 هـ)	ShamAY	34122	0.70158
		الزهد لابن أبي عاصم	أبو بكر بن أبي عاصم وهو أحمد بن عمرو بن الضحاك بن مخلد الشيباني (المتوفى: 287هـ)	ShamAY	13026	0.70158
		توالي التأنيس بمعالي ابن إدريس لابن حجر	الواحدي :: ابن حجر العسقلاني	ShamAY	33633	0.70145
		من حديث أبي بكر أحمد بن علي بن لال عن شيوخه - مخطوط (ن)	أَبُو بَكْرٍ أَحْمَدُ بنُ عَلِيِّ بنِ أَحْمَدَ بنِ مُحَمَّدِ بنِ الفَرَجِ بنِ لاَلٍ الهَمَذَانِيُّ، الشَّافِعِيُّ (المتوفى: 398هـ)	ShamAY	21685	0.70144
		تعجيل المنفعة بزوائد رجال الأئمة الأربعة	أبو الفضل أحمد بن علي بن محمد بن أحمد بن حجر العسقلاني (المتوفى: 852هـ)	ShamAY	1893	0.70143
		جزء طراد بن محمد الزينبي	طِرَاد بن محمد بن علي الهاشمي العباسي الزَّيْنَبي، أبو الفوارس (المتوفى: 491هـ)	ShamAY	30045	0.70138
		أمالي أبي يعلى الفراء	القاضي أبو يعلى، محمد بن الحسين بن محمد بن خلف المعروف ب ابن الفراء (المتوفى: 458ه)	ShamelaY19	29876	0.70129
		تاريخ اربل [ج ١]	شرف الدين  أبي البركات المبارك بن أحمد اللخمي الأربلي [ ابن المستوفي ]	Rafed	2314	0.70117
		الأربعون لأبي سعد النيسابوري	محمد بن يحيى بن منصور، أبو سعد، محيي الدين النيسابورىّ (المتوفى: 548هـ)	ShamAY	29785	0.70115
		ذيل تذكرة الحفاظ للحسيني الدمشقي - ط العلمية = التراجم	أبو المحاسن الحسيني	ShamAY	38190	0.70112
		منتخب من كتاب الأربعين في شعب الدين لأبي القاسم الصفار - مخطوط		ShamAY	32825	0.7011
		مجلس من أمالي أبي بكر اليزدي - مخطوط		ShamAY	32793	0.70109
		هدية ذوي الألباب في فضائل عمر بن الخطاب لأبي الخير القزويني - مخطوط	أبو الخير أحمد بن إسماعيل الطالقاني القزويني	ShamAY	32964	0.70095
		التاسع عشر من المشيخة البغدادية لأبي طاهر السلفي	صدر الدين، أبو طاهر السِّلَفي أحمد بن محمد بن أحمد بن محمد بن إبراهيم سِلَفَه الأصبهاني (المتوفى: 576هـ)	ShamAY	30086	0.70093
		الأربعون لأبي سعد النيسابوري	محمد بن يحيى بن منصور، أبو سعد، محيي الدين النيسابورى (المتوفى: 548ه)	ShamelaY19	29785	0.7009
		ذيل التقييد في رواة السنن والأسانيد	محمد بن أحمد بن علي، تقي الدين، أبو الطيب المكي الحسني الفاسي (المتوفى: 832هـ)	ShamAY	8884	0.70067
		ثلاثة مجالس من أمالي ابن مردويه	أبو بكر أحمد بن موسى بن مردوية بن فورك بن موسى بن جعفر الأصبهاني (المتوفى: 410هـ)	ShamAY	8275	0.70057
		السابع من فوائد أبي عثمان البحيري	أَبُو عُثْمَانَ سَعِيْدُ بنُ مُحَمَّدِ ابنِ أَبِي الحُسَيْنِ أَحْمَدَ بنِ مُحَمَّدِ بنِ جَعْفَرِ بنِ مُحَمَّدِ بنِ بَحِيْرٍ البَحِيْرِيُّ، النَّيْسَابُوْرِيُّ (المتوفى: 451هـ)	ShamAY	29960	0.70039
		مجلس من حديث أبي الشيخ بن حيان الأصبهاني وغيره - مخطوط	أبو محمد عبد الله بن محمد بن جعفر بن حيان أبو الشيخ الأصبهاني	ShamAY	32942	0.70025
		الجزء الأول من الفوائد العوالي والأحاديث الغرائب لابن خيرون - مخطوط	أبو الفضل أحمد بن الحسن بن خيرون المعدل	ShamAY	32946	0.70021
		عوالي مالك رواية هشام بن عمار	هشام بن عمار بن نصير بن ميسرة بن أبان السلمي، ويقال: الظفري، أبو الوليد الدمشقي المقرئ (المتوفى: 245ه)	ShamelaY19	26754	0.70019
		الوَجَازَةُ في الأثْبَاتِ والإجَازَة	أبو صفوان ذياب بن سعد بن علي بن حمدان بن أحمد بن محفوظ آل حمدان الغامدي الأزدي نسبا، ثم الطائفي مولدا	ShamAY	32451	0.70018
		الطبقات لخليفة بن خياط	أبو عمرو خليفة بن خياط بن خليفة الشيباني العصفري البصري (المتوفى: 240هـ)	ShamAY	8682	0.70012
		تاريخ الإسلام ووفيات المشاهير والأعلام [ج ٢٧]	شمس الدين محمّد بن أحمد بن عثمان الذّهبي	Rafed	3552	0.70007
		مشيخة ابن الجوزي	جمال الدين أبو الفرج عبد الرحمن بن علي بن محمد الجوزي (المتوفى: 597هـ)	ShamAY	9619	0.70004
		أربعون حديثا تساعية الإسناد	تقي الدين أبو الفتح محمد بن علي بن وهب بن مطيع القشيري، المعروف بابن دقيق العيد (المتوفى: 702هـ)	ShamAY	30246	0.70002
		المعجم المختص بالمحدثين	شمس الدين أبو عبد الله محمد بن أحمد بن عثمان بن قايماز الذهبي (المتوفى: 748ه)	Sham19Y	9869	0.70002
		سنن ابن ماجه ت الأرنؤوط	ابن ماجة - وماجة اسم أبيه يزيد - أبو عبد الله محمد بن يزيد القزويني (المتوفى: 273ه)	ShamelaY19	98138	0.69992
		الأوائل السنبلية وذيلها	محمد سعيد سنبل المكي (1175 هـ)	ShamAY	33555	0.69991
		منتقى من حديث ابن مخلد وغيره رواية ابن طبرزد	ابن طبرزد عمر بن محمد بن معمر أبو حفص المؤدب (607 هـ)	ShamAY	33594	0.69984
		أربعون حديثا تساعية الإسناد	تقي الدين أبو الفتح محمد بن علي بن وهب بن مطيع القشيري، المعروف بابن دقيق العيد (المتوفى: 702ه)	ShamelaY19	30246	0.69975
		تاريخ مدينة دمشق [ج ٣٠]	أبي القاسم علي بن الحسن ابن هبة الله بن عبد الله الشافعي [ ابن عساكر ]	Rafed	2295	0.69973
		الصحائف التسع لعبد الرحمن بن عمرو السماني - مخطوط		ShamAY	32762	0.69966
		معجم حفّاظ القرآن عبر التّاريخ [ج ٢]	الدكتور محمّد سالم محيسن	Rafed	906	0.69954
		مجلس من أمالي أبي موسى المديني	محمد بن عمر بن أحمد بن عمر بن محمد الأصبهاني المديني، أبو موسى (المتوفى: 581هـ)	ShamAY	30324	0.69953
		تاريخ الإسلام ووفيات المشاهير والأعلام [ج ٣٣]	شمس الدين محمّد بن أحمد بن عثمان الذّهبي	Rafed	3578	0.69951
		تاريخ الإسلام ووفيات المشاهير والأعلام [ج ٢٦]	شمس الدين محمّد بن أحمد بن عثمان الذّهبي	Rafed	3535	0.69944
		فضائل الكتاب الجامع لأبي عيسى الترمذي	تقي الدين أبو القاسم عُبيد بن محمد بن عباس الإسعردي (المتوفى: 692هـ)	ShamAY	6028	0.69938
		أربع مجالس للخطيب البغدادي	أبو بكر أحمد بن علي بن ثابت بن أحمد بن مهدي الخطيب البغدادي (المتوفى: 463ه)	ShamelaY19	30025	0.69929
		المسلسلات من الأحاديث والآثار	سليمان بن موسى بن سالم بن حسان الكلاعي الحميري، أبو الربيع (المتوفى: 634هـ)	ShamAY	30665	0.69924
		ترجمه الامام الحسين ومقتله عليه السلام	ابن سعد	Rafed	210	0.69924
		الأربعون لابن المقرئ (مطبوع ضمن جمهرة الأجزاء الحديثية)	أبو بكر بن المقرئ (المتوفى: 381ه)	ShamelaY19	21473	0.69918
		شعب المقال في درجات الرجال‌	الميرزا ابو القاسم بن محمد النراقي	Masaha	3537	0.69911
		جزء بيبي بنت عبد الصمد الهروية الهرثمية	بِيبَى بنت عبد الصمد ابن علي بن محمد، أمّ الفضل الهَرْثَمِيّة الهروية (المتوفى: 477هـ)	ShamAY	5668	0.69903
		سنن أبي داود ت الأرنؤوط	أبو داود سليمان بن الأشعث بن إسحاق بن بشير بن شداد بن عمرو الأزدي السجستاني (المتوفى: 275ه)	ShamelaY19	117359	0.69899
		احاديث المهدي من مسند أحمد	احمد ابن حنبل	Masaha	2497	0.69891
		فوائد منتقاة من رواية الشيخين أبي الحسن أحمد بن محمد بن الصلت وأبي أحمد عبيد الله بن محمد بن أبي مسلم الفرضي	أبو الحسن أحمد بن محمد بن الصلت (405 ه) - وأبو أحمد عبيد الله بن محمد بن أبي مسلم الفرضي (406 ه)	ShamelaY19	27098	0.69887
		السابع من فوائد أبي عثمان البحيري	أبو عثمان سعيد بن محمد ابن أبي الحسين أحمد بن محمد بن جعفر بن محمد بن بحير البحيري، النيسابوري (المتوفى: 451ه)	ShamelaY19	29960	0.69877
		الثلاثون من المشيخة البغدادية لأبي طاهر السلفي	صدر الدين، أبو طاهر السلفي أحمد بن محمد بن أحمد بن محمد بن إبراهيم سلفه الأصبهاني (المتوفى: 576ه)	ShamelaY19	30103	0.69873
		أحاديث مقتبسة من الأربعين المسلسلة	شرف الدين، علي بن المفضل بن علي بن مفرج بن حاتم بن حسن بن جعفر المقدسي (المتوفى: 611ه)	ShamelaY19	30243	0.69867
		كتاب اللطائف من علوم المعارف	محمد بن عمر بن أحمد بن عمر بن محمد الأصبهاني المديني، أبو موسى (المتوفى: 581ه)	ShamelaY19	29911	0.69865
		شرح السنة للبغوي	محيي السنة، أبو محمد الحسين بن مسعود بن محمد بن الفراء البغوي الشافعي (المتوفى: 516ه)	Sham19Y	7891	0.69865
		مجلس من أمالي أبي موسى المديني	محمد بن عمر بن أحمد بن عمر بن محمد الأصبهاني المديني، أبو موسى (المتوفى: 581ه)	ShamelaY19	30324	0.6984
		الجزء الثاني من العوالي والفوائد المنتقاة عن مشائخ ابن النشو - مخطوط	شرف الدين أبو الفتح محمد بن عبد الرحيم بن عباس القرشي ابن النشو	ShamAY	32918	0.69812
		التاسع عشر من المشيخة البغدادية لأبي طاهر السلفي	صدر الدين، أبو طاهر السلفي أحمد بن محمد بن أحمد بن محمد بن إبراهيم سلفه الأصبهاني (المتوفى: 576ه)	ShamelaY19	30086	0.6981
		الحادي عشر من المشيخة البغدادية لأبي طاهر السلفي	صدر الدين، أبو طاهر السِّلَفي أحمد بن محمد بن أحمد بن محمد بن إبراهيم سِلَفَه الأصبهاني (المتوفى: 576هـ)	ShamAY	30104	0.69809
		الفوائد الحسان الصحاح والغرائب	علي بن الحسن بن الحسين بن محمد، أبو الحسن الخلعي الشافعي (المتوفى: 492ه)	ShamelaY19	29775	0.69797
		المجلس الخمسون والحادي والستون من أمالي الضبي - مخطوط	أبو عبد الله الحسين بن هارون الضبي	ShamAY	32899	0.69791
		جزء فيه ثلاثة وثلاثون حديثا من حديث أبي القاسم البغوي	أبو القاسم عبد الله بن محمد بن عبد العزيز بن المَرْزُبان بن سابور بن شاهنشاه البغوي (المتوفى: 317هـ)	ShamAY	13101	0.69768
		إكمال تهذيب الكمال الجزء الأول والثاني	الحافظ علاء الدين مغلطاي بن قليج الحنفي (689 - 762 هـ)	ShamAY	34632	0.69765
		الإصابة في تمييز الصحابة (ط هجر)	أحمد بن علي بن حجر أبو الفضل العسقلاني	ShamAY	34568	0.69764
		ألقاب الصحابة والتابعين في المسندين الصحيحين	أبو علي الحسين بن محمد الغساني وكان يكره أن يقال له الجياني (المتوفى: 498ه)	Sham19Y	5895	0.69758
		العوالي لأبي الشيخ	أبو محمد عبد الله بن محمد بن جعفر بن حيان الأنصاري المعروف بأبي الشيخ الأصبهاني (المتوفى: 369ه)	ShamelaY19	26572	0.69757
		التكملة لكتاب الصلة	ابن الأبار، محمد بن عبد الله بن أبي بكر القضاعي البلنسي (المتوفى: 658ه)	Sham19Y	6608	0.69742
		الجزء فيه من حديث أبي بكر محمد بن الحسن بن يعقوب بن مقسم العطار عن شيوخه (وهو مطبوع ضمن كتاب الفوائد)	محمد بن الحسن بن يعقوب بن الحسن، بن مِقْسَم العَطَّار، أبو بكر (المتوفى: 354هـ)	ShamAY	40	0.69709
		مجلس من أمالي الشيخ الزاهد أبي بكر محمد بن الحسين ابن فنجويه الثقفي في «فضل رمضان» .	أبو عبد الله الحسين بن محمد بن الحسين بن عبد الله بن صالح بن شعيب بن فنجويه الثقفي، الدينوري (المتوفى: 414ه)	Sham19Y	3548	0.69686
		كفاية الأثر في النص على الأئمة الإثني عشر	علي بن محمد الخزاز	Masaha	2493	0.69676
		المصباح في عيون الصحاح	عبد الغني بن عبد الواحد بن علي بن سرور المقدسي الجماعيلي الدمشقي الحنبلي، أبو محمد، تقي الدين (المتوفى: 600هـ)	ShamAY	29794	0.69673
		الأربعين المخرجة من مسموعات الفراوي - مخطوط	أبو عبد الله محمد بن الفضل بن أحمد الصاعدي الفراوي	ShamAY	32902	0.69662
		شرح السنة للبغوي	محيي السنة، أبو محمد الحسين بن مسعود بن محمد بن الفراء البغوي الشافعي (المتوفى: 516هـ)	ShamAY	1533	0.69655
		ديوان الضعفاء والمتروكين وخلق من المجهولين وثقات فيهم لين	شمس الدين أبو عبد الله محمد بن أحمد بن عثمان بن قايماز الذهبي (المتوفى: 748ه)	ShamelaY19	96955	0.69642
		المدخل إلى كتاب الإكليل	أبو عبد الله الحاكم محمد بن عبد الله بن محمد بن حمدويه بن نُعيم بن الحكم الضبي الطهماني النيسابوري المعروف بابن البيع (المتوفى: 405هـ)	ShamAY	5997	0.6964
		حديث ابن رزقويه	ابن رزقويه أبو الحسن محمد بن أحمد بن محمد بن أحمد بن رزق بن عبد الله بن يزيد البغدادي، البزاز (المتوفى: 412ه)	Sham19Y	30429	0.69637
		من حديث الفقيه أبي القاسم الشهرزوري عن شيوخه - مخطوط (ن)	عبد العزيز بن علي بن الحسن أبو القاسم الشَّهْرَزوري المالكي (المتوفى: 427هـ)	ShamAY	21691	0.69636
		المسلسلات المختصرة المقدمة أمام المجالس المبتكرة	صلاح الدين أبو سعيد خليل بن كيكلدي بن عبد الله الدمشقي العلائي (المتوفى: 761هـ)	ShamAY	10778	0.69635
		الفوائد الحسان الصحاح والغرائب	علي بن الحسن بن الحسين بن محمد، أبو الحسن الخِلَعي الشافعيّ (المتوفى: 492هـ)	ShamAY	29775	0.69634
		ناسخ الحديث ومنسوخه لابن شاهين	أبو حفص عمر بن أحمد بن عثمان بن أحمد بن محمد بن أيوب بن أزداذ البغدادي المعروف بـ ابن شاهين (المتوفى: 385هـ)	ShamAY	13184	0.69618
		أحاديث في ذم الكلام وأهله انتخبها الإمام أبو الفضل المقرئ من رد أبي عبد الرحمن السلمي على أهل الكلام	أبو الفضل عبد الرحمن بن أحمد بن الحسن الرازي المقرىء (المتوفى: 454ه)	Sham19Y	26462	0.69581
		تغليق التعليق على صحيح البخاري	أبو الفضل أحمد بن علي بن محمد بن أحمد بن حجر العسقلاني (المتوفى: 852ه)	Sham19Y	347	0.6958
		ذيل لسان الميزان «رواة ضعفاء أو تكلم فيهم، لم يذكروا في كتب الضعفاء والمتكلم فيهم»	حاتم بن عارف بن ناصر الشريف العوني	ShamAY	32166	0.69578
		الإيناس بعلم الأنساب	الحسين بن علي بن الحسين، أبو القاسم الوزير المغربي (المتوفى: 418هـ)	ShamAY	492	0.69575
		المعجم المختص بالمحدثين	شمس الدين أبو عبد الله محمد بن أحمد بن عثمان بن قَايْماز الذهبي (المتوفى: 748هـ)	ShamAY	9869	0.69572
		رجال صحيح مسلم	أحمد بن علي بن محمد بن إبراهيم، أبو بكر ابن مَنْجُويَه (المتوفى: 428هـ)	ShamAY	5860	0.69571
		تعجيل المنفعة بزوائد رجال الأئمة الأربعة (مضافًا إلى خدمة التراجم)	أبو الفضل أحمد بن علي بن محمد بن أحمد بن حجر العسقلاني (المتوفى: 852هـ)	ShamAY	38185	0.6955
		التوحيد لله عز وجل لعبد الغني بن عبد الواحد المقدسي	عبد الغني بن عبد الواحد بن علي بن سرور المقدسي الجماعيلي الدمشقي الحنبلي، أبو محمد، تقي الدين (المتوفى: 600هـ)	ShamAY	9381	0.69529
		الكتاب اللطيف لشرح مذاهب أهل السنة ومعرفة شرائع الدين والتمسك بالسنن	أبو حفص عمر بن أحمد بن شاهين [287 هـ - 385 هـ]	ShamAY	33856	0.69497
		لسان الميزان	أبو الفضل أحمد بن علي بن محمد بن أحمد بن حجر العسقلاني (المتوفى: 852هـ)	ShamAY	12063	0.69466
		تاريخ الإسلام ووفيات المشاهير والأعلام [ج ٤٠]	شمس الدين محمّد بن أحمد بن عثمان الذّهبي	Rafed	3598	0.6946
		جزء من أحاديث أبي عمرو السلمي شيوخه (مطبوع ضمن مجموع باسم الفوائد لابن منده!)	إسماعيل بن نجيد بن أحمد بن يوسف السلمي النيسابوري، أبو عمرو (المتوفى: 366هـ)	ShamAY	9397	0.69456
		ما اتصل إلينا من فوائد أبي أحمد الحاكم	أبو أحمد محمد بن محمد بن أحمد بن إسحاق النيسابوري الكرابيسي المعروف بالحاكم الكبير (المتوفى: 378هـ)	ShamAY	26730	0.6945
		مداراة الناس لابن أبي الدنيا - ط أطلس الخضراء = مقابل	أبو بكر عبد الله بن محمد ابن أبي الدنيا	ShamAY	38129	0.6944
		الآحاد والمثاني لابن أبي عاصم	أبو بكر بن أبي عاصم وهو أحمد بن عمرو بن الضحاك بن مخلد الشيباني (المتوفى: 287ه)	Sham19Y	9196	0.69435
		التكملة لكتاب الصلة	ابن الأبار، محمد بن عبد الله بن أبي بكر القضاعي البلنسي (المتوفى: 658هـ)	ShamAY	6608	0.69428
		المراسيل لأبي داود - ط الصميعي	أبو داود سليمان بن الأشعث السجستاني	ShamAY	33999	0.6942
		ما قرب سنده لابن الطفيل أبي يعقوب الدمشقي - مخطوط		ShamAY	32788	0.69407
		سباعيات تخريج أبي البركات بن ملاعب - مخطوط	أبو البركات داود بن أحمد بن محمد بن منصور بن ملاعب البغدادي	ShamAY	32961	0.694
		جزء فيه أمالي من إملاء الإمام أبي الحسن عبد الغافر بن إسماعيل الفارسي	عبد الغافر بن إسماعيل بن عبد الغافر ابن محمد الفارسيّ (المتوفى: 529هـ)	ShamAY	26558	0.69398
		أحاديث مقتبسة من الأربعين المسلسلة	شرف الدين، علي بن المفضل بن علي بن مفرج بن حاتم بن حسن بن جعفر المقدسي (المتوفى: 611ه)	Sham19Y	30243	0.69393
		شرط القراءة على الشيوخ للسلفي	أبو طاهر السلفي (576 هـ)	ShamAY	33579	0.69389
		الترغيب في الدعاء والحث عليه لعبد الغني المقدسي	عبد الغني بن عبد الواحد بن علي بن سرور المقدسي الجماعيلي الدمشقي الحنبلي، أبو محمد، تقي الدين (المتوفى: 600هـ)	ShamAY	6749	0.69386
		الحادي عشر من المشيخة البغدادية لأبي طاهر السلفي	صدر الدين، أبو طاهر السلفي أحمد بن محمد بن أحمد بن محمد بن إبراهيم سلفه الأصبهاني (المتوفى: 576ه)	ShamelaY19	30104	0.69385
		المصباح في عيون الصحاح	عبد الغني بن عبد الواحد بن علي بن سرور المقدسي الجماعيلي الدمشقي الحنبلي، أبو محمد، تقي الدين (المتوفى: 600ه)	Sham19Y	29794	0.69377
		مجلس أملاه أبو عبد الله أحمد بن محمد بن يوسف بن دوست العلاف - مخطوط	أبو عبد الله أحمد بن محمد بن يوسف بن دوست العلاف	ShamAY	32860	0.69363
		إصلاح المال	أبو بكر عبد الله بن محمد بن عبيد بن سفيان بن قيس البغدادي الأموي القرشي المعروف بابن أبي الدنيا (المتوفى: 281هـ)	ShamAY	13187	0.69349
		الجزء الثاني من المشيخة البغدادية	صدر الدين، أبو طاهر السِّلَفي أحمد بن محمد بن أحمد بن محمد بن إبراهيم سِلَفَه الأصبهاني (المتوفى: 576هـ)	ShamAY	30623	0.69348
		الدرر في اختصار المغازي والسير	النمري، الحافظ يوسف بن البر	Sham19Y	10695	0.69344
		لسان الميزان ت أبي غدة	أبو الفضل أحمد بن علي بن محمد بن أحمد بن حجر العسقلاني (المتوفى: 852هـ)	ShamAY	1041	0.69343
		تعجيل المنفعة بزوائد رجال الأئمة الأربعة	أحمد بن علي بن حجر أبو الفضل العسقلاني الشافعي	ShamAY	34606	0.69335
		مجلس في حديث جابر الذي رحل فيه مسيرة شهر إلى عبد الله بن أنيس	أبو عبد الله محمد بن عبد الملك بن علي القيسيّ المِنْتَوري تـ834هـ.	ShamAY	33624	0.69326
		 تاريخ اربل ( نباهة البلد الخامل بمن ورده من الاماثل ) 	 ابن المستوفي 	ABLibrary	8978	0.69317
		أحاديث في ذم الكلام وأهله انتخبها الإمام أبو الفضل المقرئ من رد أبي عبد الرحمن السلمي على أهل الكلام	أبو الفضل عبد الرحمن بن أحمد بن الحسن الرازي المقرىء (المتوفى: 454ه)	ShamelaY19	26462	0.69315
		منتقى حديث أبي نعيم الأزهري	أبو نعيم أحمد بن محمد بن إبراهيم بن عيسى الأزهري (المتوفى: 394هـ)	ShamAY	26545	0.69314
		إيضاح الإشكال	أبو الفضل محمد بن طاهر بن علي بن أحمد المقدسي الشيباني، المعروف بابن القيسراني (المتوفى: 507هـ)	ShamAY	5996	0.69309
		الأربعون على مذهب المتحققين من الصوفية لأبي نعيم الأصبهاني	أبو نعيم أحمد بن عبد الله بن أحمد بن إسحاق بن موسى بن مهران الأصبهاني (المتوفى: 430هـ)	ShamAY	8246	0.69308
		الترغيب والترهيب لقوام السنة	إسماعيل بن محمد بن الفضل بن علي القرشي الطليحي التيمي الأصبهاني، أبو القاسم، الملقب بقوام السنة (المتوفى: 535هـ)	ShamAY	26884	0.69305
		فرائد السمطين [ج ١]	ابراهيم بن محمّد بن المؤيّد الجويني الخراساني	Rafed	2903	0.69299
		عمل اليوم والليلة سلوك النبي مع ربه عز وجل ومعاشرته مع العباد	أحمد بن محمد بن إسحاق بن إبراهيم بن أسباط بن عبد الله بن إبراهيم بن بُدَيْح، الدِّيْنَوَريُّ، المعروف بـ «ابن السُّنِّي» (المتوفى: 364هـ)	ShamAY	13132	0.69297
		فوائد ابن شاهين	أبو حفص عمر بن أحمد بن عثمان بن أحمد بن محمد بن أيوب بن أزداذ البغدادي المعروف ب ابن شاهين (المتوفى: 385ه)	ShamelaY19	22418	0.69297
		موسوعه الامامه في نصوص اهل السنه	آيت الله العظمي سيد شهاب الدين مرعشي نجفي	Ghbook	16317	0.69288
		السداسيات، مستخرجة من مسموعات الإمام الفَراوي	أبو عبد الله محمد بن الفضل بن أحمد الفَراوي الصاعدي (530 هـ)	ShamAY	33628	0.69285
		مسند الإمام الأعظم أبي حنيفة النعمان بن ثابت الكوفي رحمه الله تعالى	أبو محمد عبد الله بن محمد بن يعقوب بن الحارث بن خليل الحارثي البخاري رحمه الله (340 هـ)	ShamAY	33944	0.69281
		من حديث أبي محمد عبد الله بن أحمد بن ربيعة بن زبر الربعي - مخطوط	أبو محمد عبد الله بن أحمد بن ربيعة بن زبر الربعي	ShamAY	32923	0.69281
		مجموع فيه عشرة أجزاء حديثية	مجموعة من أصحاب الأجزاء	ShamAY	1401	0.69281
		الخامس من الوخشيات	أبو علي الحسن بن علي بن محمد بن أحمد بن جعفر البلخي، الوخشي (المتوفى: 471ه)	ShamelaY19	29991	0.6928
		جزء فيه ذكر أبى القاسم الطبراني	يحيى بن عبد الوهاب بن محمد ابن إسحاق بن محمد بن يحيى العبدي الأصبهاني، أبو زكريا، ابن منده (المتوفى: 511هـ)	ShamAY	6654	0.69275
		المشيخة الباسمة للقبابي وفاطمة بالسماع والإجازة	ابن حجر العسقلاني (852 هـ)	ShamAY	33565	0.69243
		ثواب قضاء حوائج الأخوان وما جاء في إغاثة اللهفان	محمد بن علي بن ميمون، أبو الغنائم النَّرْسِي الكوفي (المتوفى: 510هـ)	ShamAY	6768	0.69236
		بهجة المحافل وأجمل الوسائل بالتعريف برواة الشمائل	إبراهيم بن إبراهيم بن حسن اللقاني، أبو الإمداد، برهان الدين المالكي (المتوفى: 1041ه)	ShamelaY19	96239	0.69228
		طبقات الفقهاء	أبو اسحاق إبراهيم بن علي الشيرازي (المتوفى: 476هـ)	ShamAY	1031	0.69227
		مشيخة ابن شاذان الصغرى	الحسن بن أحمد بن إبراهيم بن الحسن ابن محمد بن شاذان، أبو علي البَزَّاز (المتوفى: 425هـ)	ShamAY	5723	0.69222
		التواضع والخمول لابن أبي الدنيا	أبو بكر عبد الله بن محمد بن عبيد بن سفيان بن قيس البغدادي الأموي القرشي المعروف بابن أبي الدنيا (المتوفى: 281هـ)	ShamAY	13009	0.69202
		ذم من لا يعمل بعلمه (المجلس الرابع عشر من أمالي ابن عساكر)	ثقة الدين، أبو القاسم علي بن الحسن بن هبة الله المعروف بابن عساكر (المتوفى: 571هـ)	ShamAY	26501	0.69197
		سؤالات الحاكم النيسابوري للدارقطني	أبو الحسن علي بن عمر بن أحمد بن مهدي بن مسعود بن النعمان بن دينار البغدادي الدارقطني (المتوفى: 385هـ)	ShamAY	5950	0.69182
		تغليق التعليق على صحيح البخاري	أبو الفضل أحمد بن علي بن محمد بن أحمد بن حجر العسقلاني (المتوفى: 852هـ)	ShamAY	347	0.6918
		حديث ابن رزقويه	ابن رزقويه أبو الحسن محمد بن أحمد بن محمد بن أحمد بن رزق بن عبد الله بن يزيد البغدادي، البزاز (المتوفى: 412ه)	ShamelaY19	30429	0.69152
		الجزء الثاني من المشيخة البغدادية	صدر الدين، أبو طاهر السلفي أحمد بن محمد بن أحمد بن محمد بن إبراهيم سلفه الأصبهاني (المتوفى: 576ه)	ShamelaY19	30623	0.69148
		الدرر في اختصار المغازي والسير	النمري، الحافظ يوسف بن البر	ShamAY	10695	0.69137
		صلة الخلف بموصول السلف	شمس الدين، أبو عبد الله محمد بن محمد بن سليمان بن الفاسي بن طاهر الروداني السوسي المكي المالكي (المتوفى: 1094ه)	ShamelaY19	26033	0.69122
		الجزء الأول من الفوائد العوالي الصحاح والحسان لأبي القاسم السمرقندي - مخطوط	أبو القاسم إسماعيل بن أحمد السمرقندي	ShamAY	32928	0.69121
		ألقاب الصحابة والتابعين في المسندين الصحيحين	أبو علي الحسين بن محمد الغساني وكان يَكره أن يقال له الجياني (المتوفى: 498هـ)	ShamAY	5895	0.69114
		اللطائف من دقائق المعارف في علوم الحفاظ الأعارف	محمد بن عمر بن أحمد بن عمر بن محمد الأصبهاني المديني، أبو موسى (المتوفى: 581ه)	ShamelaY19	26878	0.69108
		صلة الخلف بموصول السلف	شمس الدين، أبو عبد الله محمد بن محمد بن سليمان بن الفاسي بن طاهر الرُّوداني السوسي المكيّ المالكي (المتوفى: 1094هـ)	ShamAY	1064	0.69106
		أخبار ابن وهب لابن بشكوال - تحقيق عامر صبري	ابن بشكوال أبو القاسم خلف بن عبد الملك بن مسعود القرطبي الأندلسي (578 هـ)	ShamAY	33539	0.691
		الرباعي في الحديث لعبدالغني بن سعيد	أبو محمد عبد الغني بن سعيد بن علي بن بشر بن مروان الأزدي المصري (المتوفى: 409ه)	ShamelaY19	26844	0.69096
		الضعفاء لأبي نعيم	أبو نعيم أحمد بن عبد الله بن أحمد بن إسحاق بن موسى بن مهران الأصبهاني (المتوفى: 430هـ)	ShamAY	5843	0.69094
		المسلسلات من الأحاديث والآثار	سليمان بن موسى بن سالم بن حسان الكلاعي الحميري، أبو الربيع (المتوفى: 634ه)	ShamelaY19	30665	0.69088
		الإغراب: الجزء الرابع من حديث شعبة بن الحجاج وسفيان بن سعيد الثوري مما أغرب بعضهم على بعض	أبو عبد الرحمن أحمد بن شعيب بن علي الخراساني، النسائي (المتوفى: 303هـ)	ShamAY	1371	0.69086
		الضعفاء والمتروكون للدارقطني = التراجم	أبو الحسن علي بن عمر بن أحمد بن مهدي بن مسعود بن النعمان بن دينار البغدادي الدارقطني (المتوفى: 385هـ)	ShamAY	38028	0.69078
		مقتل أمير المؤمنين علي بن أبي طالب عليه السلام	ابو نعيم	Masaha	2359	0.69074
		فوائد أبي عبد الله محمد بن إبراهيم بن عبد الملك بن مروان - مخطوط		ShamAY	32784	0.69072
		الجزء الرابع من فوائد أبي عثمان سعيد بن أبي سعيد العيار - مخطوط	أبو عثمان سعيد بن أبي سعيد أحمد بن محمد بن نعيم الإشكابي الصوفي العيار	ShamAY	32853	0.69058
		الروض الداني (المعجم الصغير)	سليمان بن أحمد بن أيوب بن مطير اللخمي الشامي، أبو القاسم الطبراني (المتوفى: 360هـ)	ShamAY	13068	0.69057
		فوائد ابن نصر عن مشايخه	أبو القاسم عبد الرحمن بن عمر بن نصر بن محمد الشيباني، السامري، ثم الدمشقي، البزاز (المتوفى: 410ه)	Sham19Y	4003	0.69056
		ما اتصل إلينا من فوائد أبي أحمد الحاكم	أبو أحمد محمد بن محمد بن أحمد بن إسحاق النيسابوري الكرابيسي المعروف بالحاكم الكبير (المتوفى: 378ه)	ShamelaY19	26730	0.69038
		الآحاد والمثاني لابن أبي عاصم	أبو بكر بن أبي عاصم وهو أحمد بن عمرو بن الضحاك بن مخلد الشيباني (المتوفى: 287هـ)	ShamAY	9196	0.69025
		المحدثون من آل ابي طالب	سيدمهدي رجايي	Ghbook	15627	0.69018
		القراءة خلف الإمام للبيهقي	أحمد بن الحسين بن علي بن موسى الخُسْرَوْجِردي الخراساني، أبو بكر البيهقي (المتوفى: 458هـ)	ShamAY	1378	0.69013
		عجالة المبتدي وفضالة المنتهي في النسب	أبو بكر محمد بن موسى بن عثمان الحازمي الهمداني، زين الدين (المتوفى: 584ه)	Sham19Y	96966	0.69013
		المقصد الأرشد في ذكر أصحاب الإمام أحمد	إبراهيم بن محمد بن عبد الله بن محمد ابن مفلح، أبو إسحاق، برهان الدين (المتوفى: 884ه)	Sham19Y	5890	0.69012
		سؤالات أبي عبد الله الحاكم النيسابوري للإمام أبي الحسن الدارقطني	أبو عبد الله محمد بن عبد الله الحاكم النيسابوري المعروف بابن البَيِّع	ShamAY	34162	0.69
		تاريخ مدينة دمشق [ج ٦٨]	أبي القاسم علي بن الحسن ابن هبة الله بن عبد الله الشافعي [ ابن عساكر ]	Rafed	2558	0.68998
		شرح مشيخة تهذيب الأحكام	السيد حسن الموسوي الخرسان	Rafed	753	0.68997
		بكاء الرسول على الإمام الحسين عليه السلام	الشيخ أحمد الماحوزي	Rafed	1527	0.68986
		من مجالس أبي سعيد النقاش رواية أبي مطيع الصحاف - مخطوط (ن)	أبو سعيد محمد بن علي بن عمر بن مهدي الأصبهاني الحنبلي النقاش (المتوفى: 414هـ)	ShamAY	21702	0.68984
		منتقى من السفينة البغدادية للسلفي	صدر الدين، أبو طاهر السِّلَفي أحمد بن محمد بن أحمد بن محمد بن إبراهيم سِلَفَه الأصبهاني (المتوفى: 576هـ)	ShamAY	1334	0.68979
		كشف المغطا في فضل الموطا	ثقة الدين، أبو القاسم علي بن الحسن بن هبة الله المعروف بابن عساكر (المتوفى: 571هـ)	ShamAY	6032	0.68963
		طبقات علماء إفريقية، وكتاب طبقات علماء تونس	محمد بن أحمد بن تميم التميمي المغربي الإفريقي، أبو العرب (المتوفى: 333هـ)	ShamAY	13079	0.68921
		الخامس من الوخشيات	أبو علي الحسن بن علي بن محمد بن أحمد بن جعفر البلخي، الوخشي (المتوفى: 471ه)	Sham19Y	29991	0.68919
		حديث أحمد بن عبد الله بن خالد الجويباري في مسائل عبد الله بن سلام	أحمد بن الحسين بن علي بن موسى الخسروجردي الخراساني، أبو بكر البيهقي (المتوفى: 458ه)	Sham19Y	7531	0.68919
		جزء فيه عوالي منتقاة من جزء أبي مسعود أحمد بن الفرات، انتقاء الذهبي	أحمد بن الفرات بن خالد الضبي الرازي، أبو مسعود (المتوفى: 258ه)	ShamelaY19	26716	0.68912
		قرة العين بالمسرة بوفاء الدين	أبو الفضل زين الدين عبد الرحيم بن الحسين بن عبد الرحمن بن أبي بكر بن إبراهيم العراقي (المتوفى: 806 هـ)	ShamAY	32575	0.68908
		العدة للكرب والشدة لضياء الدين المقدسي	ضياء الدين أبو عبد الله محمد بن عبد الواحد المقدسي (المتوفى: 643هـ)	ShamAY	9385	0.68907
		المصباح في عيون الصحاح	عبد الغني بن عبد الواحد بن علي بن سرور المقدسي الجماعيلي الدمشقي الحنبلي، أبو محمد، تقي الدين (المتوفى: 600ه)	ShamelaY19	29794	0.68902
		تاريخ مدينة دمشق [ج ٢٣]	أبي القاسم علي بن الحسن ابن هبة الله بن عبد الله الشافعي [ ابن عساكر ]	Rafed	2262	0.68902
		الصفات للدارقطني ت الفقيهي	أبو الحسن علي بن عمر بن أحمد بن مهدي بن مسعود بن النعمان بن دينار البغدادي الدارقطني (المتوفى: 385هـ)	ShamAY	11331	0.68894
		لسان الميزان ت أبي غدة	أبو الفضل أحمد بن علي بن محمد بن أحمد بن حجر العسقلاني (المتوفى: 852ه)	ShamelaY19	36357	0.68891
		الأحاديث المشتركة حول الإمام المهدي	الشيخ محمد علي التسخيري	Masaha	2367	0.68883
		المجلس التاسع عشر من أمالي ابن عساكر في تحريم الأبنة - مخطوط	أبو القاسم علي بن الحسن بن هبة الله بن عساكر	ShamAY	32881	0.68866
		الجزء فيه الأول مما رواه الأكابر عن الأصاغر من المحدثين من الأفراد	الباغندي الصغير محمد بن محمد بن سليمان بن الحارث الأزدي، أبو بكر الواسطي (المتوفى: 312ه)	Sham19Y	26443	0.68862
		فضائل فاطمة الزهراء لأبي عبد الله الحاكم	أبو عبد الله محمد بن عبد الله المعروف بابن البَيِّع الحاكم النيسابوري	ShamAY	33603	0.68854
		العوالي الموافقات للأصبهاني	إسماعيل بن محمد بن الفضل بن علي القرشي الطليحي التيمي الأصبهاني، أبو القاسم، الملقب بقوام السنة (المتوفى: 535ه)	ShamelaY19	29900	0.68853
		فوائد أبي سعد البغدادي	أَبُو سَعْدٍ أَحْمَدُ بنُ مُحَمَّدِ بنِ أَحْمَدَ بنِ الحَسَنِ بنِ عَلِيِّ بنِ أَحْمَدَ بنِ سُلَيْمَانَ االبَغْدَادِيُّ الأَصْل، الأَصْبَهَانِيُّ (المتوفى: 540هـ)	ShamAY	29904	0.68852
		ذم الدنيا	أبو بكر عبد الله بن محمد بن عبيد بن سفيان بن قيس البغدادي الأموي القرشي المعروف بابن أبي الدنيا (المتوفى: 281ه)	ShamelaY19	21546	0.68851
		ذيل ميزان الاعتدال	أبو الفضل زين الدين عبد الرحيم بن الحسين بن عبد الرحمن بن أبي بكر بن إبراهيم العراقي (المتوفى: 806هـ)	ShamAY	5847	0.68848
		مقتل أمير المؤمنين علي بن أبي طالب لابن أبي الدنيا - ط أطلس الخضراء = مقابل	أبو بكر عبد الله بن محمد ابن أبي الدنيا	ShamAY	38111	0.68826
		الإغراب: الجزء الرابع من حديث شعبة بن الحجاج وسفيان بن سعيد الثوري مما أغرب بعضهم على بعض	أبو عبد الرحمن أحمد بن شعيب بن علي الخراساني، النسائي (المتوفى: 303ه)	ShamelaY19	26871	0.68822
		جزء فيه من حديث أبي الحسين أحمد بن محمد القدوري - مخطوط		ShamAY	32801	0.68808
		 عبقات الأنوار في إمامة الأئمة الأطهار ( فارسي ) 	 السيد حامد النقوي 	ABLibrary	8506	0.68803
		ترجمه الامام الحسين و مقتله من القسم غيرالمطبوع من كتاب الطبقات الكبير	محمد بن سعد كاتب واقدي ( ابن سعد )	Ghbook	5946	0.68797
		سنن ابن ماجة - ط الرسالة	ابن ماجة أبو عبد الله محمد بن يزيد القزويني	ShamAY	33959	0.68794
		محاسبة النفس لابن أبي الدنيا	أبو بكر عبد الله بن محمد بن عبيد بن سفيان بن قيس البغدادي الأموي القرشي المعروف بابن أبي الدنيا (المتوفى: 281هـ)	ShamAY	1434	0.68787
		الفهرست - الشيخ الطوسي	محمد بن حسن شيخ طوسي ( شيخ الطائفه )	Ghbook	2454	0.68786
		تحفة الإخباري بترجمة البخاري لابن ناصر الدين	ابن ناصر الدين (842 هـ)	ShamAY	34576	0.68783
		تاريخ الإسلام ووفيات المشاهير والأعلام [ج ٣٨]	شمس الدين محمّد بن أحمد بن عثمان الذّهبي	Rafed	3585	0.68769
		من وافق اسمه اسم أبيه - ت: علي الحلبي	محمد بن الحسين الأزدي أبو الفتح ـ سنة الوفاة 374	ShamAY	34610	0.68766
		المقصد الأرشد في ذكر أصحاب الإمام أحمد	إبراهيم بن محمد بن عبد الله بن محمد ابن مفلح، أبو إسحاق، برهان الدين (المتوفى: 884هـ)	ShamAY	5890	0.68755
		أحاديث منتخبة من مشيخة ابن صصري - مخطوط (ن)	شمس الدين، أبو القاسم الحسين ابن أبي الغنائم هبة الله بن محفوظ بن الحسن بن محمد بن الحسن بن أحمد بن الحسين بن صصرى الربعي، التغلبي، الجزري، البلدي، الدمشقي (المتوفى: 626ه)	Sham19Y	10076	0.68751
		الأربعون على البلدان لعبد القادر بن عبد الله الرهاوي - مخطوط	أبو محمد عبد القادر بن عبد الله الرهاوي الحنبلي	ShamAY	38072	0.68744
		منتقى من السفينة البغدادية للسلفي	صدر الدين، أبو طاهر السلفي أحمد بن محمد بن أحمد بن محمد بن إبراهيم سلفه الأصبهاني (المتوفى: 576ه)	ShamelaY19	26658	0.68739
		من اسمه عمرو من الشعراء	أبو عبد الله محمد بن داود بن الجراح (المتوفى: 296هـ)	ShamAY	677	0.68719
		إحقاق الحقّ وإزهاق الباطل [ج ٢٧]	آية الله السيّد شهاب الدين الحسيني المرعشي النجفي	Rafed	2795	0.68714
		عجالة المبتدي وفضالة المنتهي في النسب	أبو بكر محمد بن موسى بن عثمان الحازمي الهمداني، زين الدين (المتوفى: 584هـ)	ShamAY	2060	0.68663
		الرباعي في الحديث لعبدالغني بن سعيد	أبو محمد عبد الغني بن سعيد بن علي بن بشر بن مروان الأزدي المصري (المتوفى: 409هـ)	ShamAY	26844	0.68647
		جزء فيه أمالي من إملاء الإمام أبي الحسن عبد الغافر بن إسماعيل الفارسي	عبد الغافر بن إسماعيل بن عبد الغافر ابن محمد الفارسي (المتوفى: 529ه)	Sham19Y	26558	0.68644
		ذم الدنيا	أبو بكر عبد الله بن محمد بن عبيد بن سفيان بن قيس البغدادي الأموي القرشي المعروف بابن أبي الدنيا (المتوفى: 281ه)	Sham19Y	21546	0.6864
		ذيل تذكرة الحفاظ للحسيني	شمس الدين أبو المحاسن محمد بن علي بن الحسن بن حمزة الحسيني الدمشقي الشافعي (المتوفى: 765هـ)	ShamAY	7307	0.6863
		الفصل للوصل المدرج في النقل	أبو بكر أحمد بن علي بن ثابت بن أحمد بن مهدي الخطيب البغدادي (المتوفى: 463هـ)	ShamAY	10842	0.68629
		فضائل أبي بكر الصديق عبد الله بن عثمان التيمي رضي الله عنه	محمد بن علي بن الفتح بن محمد بن علي أبو طالب الحربي، ابن العشاري الحنبلي (المتوفى: 451هـ)	ShamAY	1297	0.68621
		أحاديث في ذم الكلام وأهله انتخبها الإمام أبو الفضل المقرئ من رد أبي عبد الرحمن السلمي على أهل الكلام	أبو الفضل عبد الرحمن بن أحمد بن الحسن الرازي المقرىء (المتوفى: 454هـ)	ShamAY	26462	0.68617
		مسألة الاحتجاج بالشافعي	أبو بكر أحمد بن علي بن ثابت بن أحمد بن مهدي الخطيب البغدادي (المتوفى: 463هـ)	ShamAY	6353	0.68614
		أخبار ابن وهب لابن بشكوال - تحقيق قاسم سعد	ابن بشكوال أبو القاسم خلف بن عبد الملك بن مسعود القرطبي الأندلسي (578 هـ)	ShamAY	33540	0.68609
		ذم الدنيا	أبو بكر عبد الله بن محمد بن عبيد بن سفيان بن قيس البغدادي الأموي القرشي المعروف بابن أبي الدنيا (المتوفى: 281هـ)	ShamAY	21546	0.68596
		صفة النفاق ونعت المنافقين لأبي نعيم	أبو نعيم أحمد بن عبد الله بن أحمد بن إسحاق بن موسى بن مهران الأصبهاني (المتوفى: 430ه)	ShamelaY19	21485	0.68594
		نتائج الأفكار في تخريج أحاديث الأذكار	ابن حجر العسقلاني (852 هـ)	ShamAY	34134	0.68585
		منتقله الطالبيه	ابواسماعيل ابراهيم بن ناصر بن طباطبا	Ghbook	9211	0.68577
		روايات البغوي في تفسيره معالم التنزيل عن شيخه عبد الواحد المليحي "تخريج ودراسة"	عبد الحميد شيخون	ShamelaY19	132397	0.6857
		فهارس الشيعه: فهرست ابن عبدون البغدادي	مهدي خداميان آراني	Ghbook	15583	0.68567
		عجالة المبتدي وفضالة المنتهي في النسب	أبو بكر محمد بن موسى بن عثمان الحازمي الهمداني، زين الدين (المتوفى: 584ه)	ShamelaY19	96966	0.68566
		التكملة لكتاب الصلة - ط الفكر ت هراس = التراجم	ابن الأبار، محمد بن عبد الله بن أبي بكر القضاعي البلنسي (المتوفى: 658 هـ)	ShamAY	38013	0.68563
		الجزء فيه الأول مما رواه الأكابر عن الأصاغر من المحدثين من الأفراد	الباغندي الصغير محمد بن محمد بن سليمان بن الحارث الأزدي، أبو بكر الواسطي (المتوفى: 312ه)	ShamelaY19	26443	0.68563
		حديث أَحْمَد بن عبد الله بن خالد الجويباري في مسائل عبد الله بن سلام	أحمد بن الحسين بن علي بن موسى الخُسْرَوْجِردي الخراساني، أبو بكر البيهقي (المتوفى: 458هـ)	ShamAY	7531	0.68554
		ديوان الضعفاء والمتروكين وخلق من المجهولين وثقات فيهم لين	شمس الدين أبو عبد الله محمد بن أحمد بن عثمان بن قَايْماز الذهبي (المتوفى: 748هـ)	ShamAY	2052	0.68547
		الاحاديث المشتركه حول الامام المهدي	محمد امير ناصري	Ghbook	16363	0.68547
		الخلافيات للبيهقي	أحمد بن الحسين بن علي بن موسى الخُسْرَوْجِردي الخراساني، أبو بكر البيهقي (المتوفى: 458 هـ)	ShamAY	33907	0.68545
		الأربعون البلدانية لمسافر حاجي	مسافر بن محمد بن حاجي الدمشقي (المتوفى: 420هـ)	ShamAY	30586	0.68532
		العوالي الموافقات للأصبهاني	إسماعيل بن محمد بن الفضل بن علي القرشي الطليحي التيمي الأصبهاني، أبو القاسم، الملقب بقوام السنة (المتوفى: 535هـ)	ShamAY	29900	0.68521
		نقد الرجال [ج ١]	السيد مصطفى بن الحسين الحسيني التفرشي	Rafed	136	0.68519
		جزء ابن عيينة - مكتبة المنار	سفيان بن عيينة بن أبي عمران الكوفي	ShamAY	33618	0.68514
		الإخوان لابن أبي الدنيا	أبو بكر عبد الله بن محمد بن عبيد بن سفيان بن قيس البغدادي الأموي القرشي المعروف بابن أبي الدنيا (المتوفى: 281هـ)	ShamAY	12990	0.68504
		الخمول والتواضع لابن أبي الدنيا - ط أطلس الخضراء = مقابل	أبو بكر عبد الله بن محمد ابن أبي الدنيا	ShamAY	38157	0.68497
		شرط القراءة على الشيوخ للسلفي (مطبوع مع فوائد حسان للسلفي)	أبو طاهر أحمد بن محمد بن أحمد السلفي الأصبهاني (المتوفى: 576 ه)	ShamelaY19	142167	0.68488
		الرحلة في طلب الحديث للخطيب البغدادي	أبو بكر أحمد بن علي بن ثابت بن أحمد بن مهدي الخطيب البغدادي (المتوفى: 463هـ)	ShamAY	13020	0.68479
		جزء فيه أمالي من إملاء الإمام أبي الحسن عبد الغافر بن إسماعيل الفارسي	عبد الغافر بن إسماعيل بن عبد الغافر ابن محمد الفارسي (المتوفى: 529ه)	ShamelaY19	26558	0.68469
		عشرة أحاديث منتخبة من الجزء الثالث عشر من حديث أبي طاهر الذهلي - مخطوط	محمد بن أحمد بن عبد الله بن نصر الذُّهْلي، أبو الطاهر المالكي (المتوفى: 367هـ)	ShamAY	10485	0.68464
		المؤتلف والمختلف في أسماء نقلة الحديث وأسماء آبائهم وأجدادهم	عبد الغني بن سعيد الأزدي (409 هـ)	ShamAY	34573	0.68462
		التوسعة على العيال لأبي زرعة	أبو الفضل زين الدين عبد الرحيم بن الحسين بن عبد الرحمن بن أبي بكر بن إبراهيم العراقي (المتوفى: 806هـ)	ShamAY	29509	0.68455
		منتهى رغبات السامعين في عوالي أحاديث التابعين	محمد بن عمر بن أحمد بن عمر بن محمد الأصبهاني المديني، أبو موسى (المتوفى: 581هـ)	ShamAY	30790	0.68443
		العاشر من معجم الشيخة مريم	أبو الفضل أحمد بن علي بن محمد بن أحمد بن حجر العسقلاني (المتوفى: 852ه)	ShamelaY19	30281	0.68443
		تدليس الشيوخ الضعفاء	عبد العزيز بن صالح اللحيدان	ShamAY	35218	0.68406
		فوائد تمام	أبو القاسم تمام بن محمد بن عبد الله بن جعفر بن عبد الله بن الجنيد البجلي الرازي ثم الدمشقي (المتوفى: 414هـ)	ShamAY	13147	0.68398
		التوسعة على العيال لأبي زرعة	أبو الفضل زين الدين عبد الرحيم بن الحسين بن عبد الرحمن بن أبي بكر بن إبراهيم العراقي (المتوفى: 806ه)	ShamelaY19	29509	0.68394
		فوائد ابن شاهين	أبو حفص عمر بن أحمد بن عثمان بن أحمد بن محمد بن أيوب بن أزداذ البغدادي المعروف بـ ابن شاهين (المتوفى: 385هـ)	ShamAY	22418	0.68391
		من حديث أبي عبد الله محمد بن علي بن الحسين بن أبي الجراح - مخطوط		ShamAY	32812	0.68389
		مسند الدارمي المعروف ب (سنن الدارمي)	أبو محمد عبد الله بن عبد الرحمن بن الفضل بن بهرام بن عبد الصمد الدارمي، التميمي السمرقندي (المتوفى: 255ه)	ShamelaY19	21795	0.6838
		عمل اليوم والليلة للنسائي	أبو عبد الرحمن أحمد بن شعيب بن علي الخراساني، النسائي (المتوفى: 303هـ)	ShamAY	6772	0.68377
		أمالي ابن بشران - الجزء الثاني	أبو القاسم عبد الملك بن محمد بن عبد الله بن بشْران بن محمد بن بشْران بن مهران البغدادي (المتوفى: 430هـ)	ShamAY	12842	0.68365
		الجزء الأول من التخريج لصحيح الحديث عن الشيوخ الثقات على شرط كتابي البخاري ومسلم مما أخرجه الحافظ البرقاني من أصول أبي الحسن العتيقي	البرقاني	ShamAY	32828	0.68362
		خمسة أحاديث مسلسلات لضياء الدين المقدسي	ضياء الدين أبو عبد الله محمد بن عبد الواحد المقدسي (المتوفى: 643ه)	ShamelaY19	29449	0.68356
		الثاني والعشرون من المشيخة البغدادية لأبي طاهر السلفي	صدر الدين، أبو طاهر السِّلَفي أحمد بن محمد بن أحمد بن محمد بن إبراهيم سِلَفَه الأصبهاني (المتوفى: 576هـ)	ShamAY	30099	0.68347
		تحريم القتل وتعظيمه	عبد الغني بن عبد الواحد بن علي بن سرور المقدسي الجماعيلي الدمشقي الحنبلي، أبو محمد، تقي الدين (المتوفى: 600هـ)	ShamAY	9390	0.68321
		الغوامض والمبهمات لعبدالغني بن سعيد	أبو محمد عبد الغني بن سعيد بن علي بن بشر بن مروان الأزدي المصري (المتوفى: 409ه)	ShamelaY19	26507	0.68321
		مجلس من أمالي أبي بكر الشيرازي - مخطوط (ن)	أحمد بن علي بن عبد الله بن عمر بن خلف الشيرازي أبو بكر النيسابوري (المتوفى: 487هـ)	ShamAY	12287	0.68315
		تهذيب التهذيب	أبو الفضل أحمد بن علي بن محمد بن أحمد بن حجر العسقلاني (المتوفى: 852هـ)	ShamAY	3310	0.6831
		الثالث من أمالي ابن الصلاح	تقي الدين أبي عمرو عثمان بن عبد الرحمن الشهرزوري الشهير بابن الصلاح	ShamAY	33711	0.68307
		جزء فيه ما انتقى أبو بكر أحمد بن موسى ابن مردويه على أبي القاسم الطبراني من حديثه لأهل البصرة	سليمان بن أحمد بن أيوب بن مطير اللخمي الشامي، أبو القاسم الطبراني (المتوفى: 360ه)	ShamelaY19	26474	0.68279
		فوائد ابن منده	أبو عبد الله محمد بن إسحاق بن محمد بن يحيى بن منده (المتوفى: 395ه)	Sham19Y	9347	0.68277
		ذم من لا يعمل بعلمه (المجلس الرابع عشر من أمالي ابن عساكر)	ثقة الدين، أبو القاسم علي بن الحسن بن هبة الله المعروف بابن عساكر (المتوفى: 571ه)	ShamelaY19	26501	0.68273
		الموافقات العوالي للضياء المقدسي_1	ضياء الدين أبو عبد الله محمد بن عبد الواحد المقدسي (المتوفى: 643ه)	ShamelaY19	30021	0.68261
		صفة النبي صلى الله عليه وسلم وأجزاء حديثية أخرى [من حديث أبي نصر العكبري. ومن حديث أبي بكر النصيبي. ومن حديث خيثمة الأطرابلسي. صفة النبي صلى الله عليه وسلم رواية أبي علي محمد بن هارون بن شعيب الأنصاري، عن شيوخه. ومن حديث عنبسة بن سعيد]	المقدسي، ضياء الدين	ShamelaY19	26554	0.68259
		نظم اللآلي بالمائة العوالي	أبو الفضل أحمد بن علي بن محمد بن أحمد بن حجر العسقلاني (المتوفى: 852هـ)	ShamAY	12865	0.68253
		مكارم الأخلاق لابن أبي الدنيا - ط أطلس الخضراء = مقابل	أبو بكر عبد الله بن محمد ابن أبي الدنيا	ShamAY	38163	0.68244
		مجلس من إملاء الفارسي ومجلسان من إملاء البخاري	نصر بن عبد العزيز بن أحمد، أبو الحسين الفارسي (المتوفى: 461ه) ، وأبو زكريا عبد الرحيم بن أحمد بن نصر البخاري (المتوفى: 461ه)	ShamelaY19	30388	0.68235
		مجموع فيه ثلاثة أجزاء حديثية - جرار	مجموعة من المؤلفين	ShamelaY19	29857	0.68231
		فوائد ابن نصر عن مشايخه	أَبُو القَاسِمِ عَبْدُ الرَّحْمَنِ بنُ عُمَرَ بنِ نَصْرِ بن مُحَمَّدٍ الشَّيْبَانِيُّ، السَّامَرِّيُّ، ثُمَّ الدِّمَشْقِيُّ، البَزَّازُ (المتوفى: 410هـ)	ShamAY	4003	0.68228
		ذيل ميزان الاعتدال - ط العلمية = التراجم	أبو الفضل زين الدين عبد الرحيم بن الحسين بن عبد الرحمن بن أبي بكر بن إبراهيم العراقي (المتوفى: 806هـ)	ShamAY	38198	0.68227
		الترغيب والترهيب لقوام السنة	إسماعيل بن محمد بن الفضل بن علي القرشي الطليحي التيمي الأصبهاني، أبو القاسم، الملقب بقوام السنة (المتوفى: 535ه)	ShamelaY19	26884	0.68226
		أسباب النزول ت الحميدان	أبو الحسن علي بن أحمد بن محمد بن علي الواحدي، النيسابوري، الشافعي (المتوفى: 468هـ)	ShamAY	11314	0.68218
		أمالي أبي يعلى الفراء	القاضي أبو يعلى، محمد بن الحسين بن محمد بن خلف المعروف بـ ابن الفراء (المتوفى: 458هـ)	ShamAY	29876	0.682
		الخامس من الوخشيات	أَبُو عَلِيٍّ الحَسَنُ بنُ عَلِيِّ بنِ مُحَمَّدِ بنِ أَحْمَدَ بنِ جَعْفَرٍ البَلْخِيُّ، الوَخشِيّ (المتوفى: 471هـ)	ShamAY	29991	0.68198
		الغوامض والمبهمات لعبدالغني بن سعيد	أبو محمد عبد الغني بن سعيد بن علي بن بشر بن مروان الأزدي المصري (المتوفى: 409هـ)	ShamAY	26507	0.68193
		مسند الدارمي المعروف بـ (سنن الدارمي)	أبو محمد عبد الله بن عبد الرحمن بن الفضل بن بَهرام بن عبد الصمد الدارمي، التميمي السمرقندي (المتوفى: 255هـ)	ShamAY	1223	0.68186
		الزيادات في كتاب الجود والسخاء للطبراني	سليمان بن أحمد بن أيوب بن مطير اللخمي الشامي، أبو القاسم الطبراني (المتوفى: 360ه)	ShamelaY19	26743	0.6818
		سؤالات مسعود بن علي السجزي (مع أسئلة البغداديين عن أحوال الرواة للإمام الحافظ أبي عبد الله محمد بن عبد الله الحاكم النيسابوري)	أبو عبد الله الحاكم محمد بن عبد الله بن محمد بن حمدويه بن نُعيم بن الحكم الضبي الطهماني النيسابوري المعروف بابن البيع (المتوفى: 405 هـ)	ShamAY	38023	0.68177
		الموافقات العوالي للضياء المقدسي_1	ضياء الدين أبو عبد الله محمد بن عبد الواحد المقدسي (المتوفى: 643هـ)	ShamAY	30021	0.68176
		فتوح البلدان	أحمد بن يحيى بن جابر بن داود البَلَاذُري (المتوفى: 279هـ)	ShamAY	12221	0.68165
		الثاني والعشرون من المشيخة البغدادية لأبي طاهر السلفي	صدر الدين، أبو طاهر السلفي أحمد بن محمد بن أحمد بن محمد بن إبراهيم سلفه الأصبهاني (المتوفى: 576ه)	Sham19Y	30099	0.68165
		صفة النفاق ونعت المنافقين لأبي نعيم	أبو نعيم أحمد بن عبد الله بن أحمد بن إسحاق بن موسى بن مهران الأصبهاني (المتوفى: 430ه)	Sham19Y	21485	0.68164
		تهذيب التهذيب - الفكر	أحمد بن علي بن حجر أبو الفضل العسقلاني الشافعي	ShamAY	34614	0.6816
		الإلمام في ختم سيرة ابن هشام للسخاوي	شمس الدين محمد بن عبد الرحمن السخاوي (902 هـ)	ShamAY	33552	0.68149
		تاريخ مدينة دمشق [ج ٦٩]	أبي القاسم علي بن الحسن ابن هبة الله بن عبد الله الشافعي [ ابن عساكر ]	Rafed	2559	0.68147
		بهجة النظر في إثبات الوصاية و الإمامة للأئمة الاثني عشر	السيد هاشم البحراني	Masaha	1948	0.68145
		الجوع لابن أبي الدنيا	أبو بكر عبد الله بن محمد بن عبيد بن سفيان بن قيس البغدادي الأموي القرشي المعروف بابن أبي الدنيا (المتوفى: 281هـ)	ShamAY	9306	0.68144
		من مجالس أبي سعيد النقاش رواية أبي مطيع الصحاف - مخطوط (ن)	أبو سعيد محمد بن علي بن عمر بن مهدي الأصبهاني الحنبلي النقاش (المتوفى: 414ه)	ShamelaY19	21702	0.68142
		الغيبة للنعماني‏	محمد بن إبراهيم النعماني‏	Masaha	2070	0.68137
		جزء طراد بن محمد الزينبي	طراد بن محمد بن علي الهاشمي العباسي الزينبي، أبو الفوارس (المتوفى: 491ه)	ShamelaY19	30045	0.68126
		تاريخ أسماء الضعفاء والكذابين والمتروكين - ط الفاروق	أبو حفص عمر بن أحمد بن عثمان البغدادي، المعروف بابن شاهين	ShamAY	34152	0.6812
		بحر الفوائد (المشهور بمعاني الأخبار) للكلاباذي - ط السلام ت زكي	أبو بكر محمد بن إبراهيم بن يعقوب الكلاباذي البخاري	ShamAY	38096	0.68119
		طبقات النسابين	بكر بن عبد الله أبو زيد بن محمد بن عبد الله بن بكر بن عثمان بن يحيى بن غيهب بن محمد (المتوفى: 1429هـ)	ShamAY	1592	0.68118
		مشاهير علماء الأمصار وأعلام فقهاء الأقطار	محمد بن حبان بن أحمد بن حبان بن معاذ بن مَعْبدَ، التميمي، أبو حاتم، الدارمي، البُستي (المتوفى: 354هـ)	ShamAY	896	0.68112
		الأربعون لابن المقرئ (مطبوع ضمن جمهرة الأجزاء الحديثية)	أبو بكر بن المقرئ (المتوفى: 381هـ)	ShamAY	21473	0.68108
		خماسيات ابن النقور	أبو بكر عبد الله ابن الشيخ أبي منصور محمد ابن الشيخ الكبير أبي الحسين أحمد بن محمد بن عبد الله بن النقور البغدادي، البزاز (المتوفى: 565ه)	ShamelaY19	29932	0.68091
		المسند الجامع	محمود محمد خليل	ShamAY	12748	0.6809
		أسباب النزول للواحدي - مؤسسة الحلبي	الواحدي	ShamAY	36754	0.6809
		صفة النفاق ونعت المنافقين لأبي نعيم	أبو نعيم أحمد بن عبد الله بن أحمد بن إسحاق بن موسى بن مهران الأصبهاني (المتوفى: 430هـ)	ShamAY	21485	0.68084
		الإصابة في تمييز الصحابة [ج ٥]	أحمد بن علي بن حجر العسقلاني	Rafed	3421	0.68084
		فتوح البلدان	أحمد بن يحيى البلاذري‏	Masaha	2329	0.68058
		مسند المقلين من الأمراء والسلاطين لتمام بن محمد الدمشقي	أبو القاسم تمام بن محمد بن عبد الله بن جعفر بن عبد الله بن الجنيد البجلي الرازي ثم الدمشقي (المتوفى: 414هـ)	ShamAY	13164	0.68056
		غاية المرام وحجة الخصام - الجزء1	السيد هاشم البحراني	Masaha	358	0.68047
		مسند الشهاب القضاعي	أبو عبد الله محمد بن سلامة بن جعفر بن علي بن حكمون القضاعي المصري (المتوفى: 454هـ)	ShamAY	13163	0.68027
		جزء فيه ما انتقى أبو بكر أحمد بن موسى ابن مردويه على أبي القاسم الطبراني من حديثه لأهل البصرة	سليمان بن أحمد بن أيوب بن مطير اللخمي الشامي، أبو القاسم الطبراني (المتوفى: 360هـ)	ShamAY	1325	0.68013
		الدر والياقوت في تراجم أعلام المحدثين من حضرموت	محمد بن سالم بن علي جابر	ShamAY	35813	0.67986
		جزء منتقى من حديث مكي وغيره للضياء المقدسي - مخطوط	ضياء الدين أبو عبد الله محمد بن عبد الواحد المقدسي	ShamAY	32922	0.67985
		تعظيم الفتيا لابن الجوزي	جمال الدين أبو الفرج عبد الرحمن بن علي بن محمد الجوزي (المتوفى: 597هـ)	ShamAY	26894	0.67967
		تعظيم الفتيا لابن الجوزي	جمال الدين أبو الفرج عبد الرحمن بن علي بن محمد الجوزي (المتوفى: 597ه)	ShamelaY19	26894	0.67967
		أمالي ابن منده- رواية البزاني	أبو عبد الله محمد بن إسحاق بن محمد بن يحيى بن منده العبدي (المتوفى: 395ه)	ShamelaY19	29737	0.67966
		تاريخ الإسلام ووفيات المشاهير والأعلام [ج ٢٥]	شمس الدين محمّد بن أحمد بن عثمان الذّهبي	Rafed	3522	0.67956
		مناهل الضرب في انساب العرب	جعفربن محمد الاعرجي النجفي الحسيني	Ghbook	15650	0.67942
		فوائد أبي عبد الله الفراء	محمد بن الفضل بن نظيف أبو عبد الله المصري الفراء (المتوفى: 431ه)	ShamelaY19	29767	0.67928
		المغني في الضعفاء	شمس الدين أبو عبد الله محمد بن أحمد بن عثمان بن قَايْماز الذهبي (المتوفى: 748هـ)	ShamAY	5836	0.67924
		أنساب الأشراف - الجزء1	أحمد بن يحيى البلاذري‏	Masaha	1880	0.67913
		فضل عشر ذي الحجة لابن أبي الدنيا - ط الجمعية السعودية ت الصاعدي	أبو بكر عبد الله بن محمد ابن أبي الدنيا	ShamAY	38170	0.6789
		معجم الصحابة للبغوي	أبو القاسم عبد الله بن محمد بن عبد العزيز بن المرزبان بن سابور بن شاهنشاه البغوي (المتوفى: 317ه)	ShamelaY19	23100	0.67885
		ملء العيبة بما جُمع بطول الغَيبة في الوجهة الوجيهة إلى الحرمين مكة وطَيبة	محمد بن عمر بن محمد، أبو عبد الله، محب الدين ابن رشيد الفهري السبتي (المتوفى: 721هـ)	ShamAY	12532	0.67883
		الدرّ الكمين بذيل العقد الثمين في تاريخ البلد الأمين [ج ١]	عمر ابن فهد الهاشمي المكّي	Rafed	2205	0.67864
		التراجم الساقطة من كتاب إكمال تهذيب الكمال لمغلطاي (المطبوع)	مغلطاي بن قليج بن عبد الله البكجري المصري الحكري الحنفي، أبو عبد الله، علاء الدين (المتوفى: 762ه)	ShamelaY19	37551	0.67854
		فوائد أبي علي بن فضالة	عبد الرحمن بن محمد بن أحمد بن فضالة (رافضي جلد) (المتوفى: 420ه)	ShamelaY19	29750	0.67848
		كتاب الأربعين في مناقب أمهات المؤمنين رحمة الله عليهن أجمعين	عبد الرحمن بن محمد بن الحسن، ابن منصور ابن عساكر الدمشقي الشافعي (المتوفى: 620ه)	Sham19Y	6596	0.67841
		النشر في القراءات العشر	ابن الجزري	ShamelaY19	22642	0.6784
		أحاديث علي بن يوسف بن أحمد الشيرازي - مخطوط	أبو الحسن علي بن يوسف بن أحمد بن يوسف الشيرازي	ShamAY	32831	0.67803
		مكارم الأخلاق ومعاليها ومحمود طرائقها	أبو بكر محمد بن جعفر بن محمد بن سهل بن شاكر الخرائطي السامري (المتوفى: 327ه)	Sham19Y	9595	0.67801
		ذم المكس	عبد الرحمن بن أبي بكر، جلال الدين السيوطي (المتوفى: 911هـ)	ShamAY	1011	0.67784
		الزيادات في كتاب الجود والسخاء للطبراني	سليمان بن أحمد بن أيوب بن مطير اللخمي الشامي، أبو القاسم الطبراني (المتوفى: 360هـ)	ShamAY	1358	0.67759
		المدخل إلى الصحيح	أبو عبد الله الحاكم محمد بن عبد الله بن محمد بن حمدويه بن نُعيم بن الحكم الضبي الطهماني النيسابوري المعروف بابن البيع (المتوفى: 405هـ)	ShamAY	6027	0.67746
		معرفة علوم الحديث - إحياء العلوم	الواحدي :: الحاكم، أبو عبد الله	ShamAY	34041	0.67736
		صفة النبي صلى الله عليه وسلم وأجزاء حديثية أخرى [من حديث أبي نصر العكبري. ومن حديث أبي بكر النصيبي. ومن حديث خيثمة الأطرابلسي. صفة النبي صلى الله عليه وسلم رواية أبي علي محمد بن هارون بن شعيب الأنصاري، عن شيوخه. ومن حديث عنبسة بن سعيد]	المقدسي، ضياء الدين	ShamAY	1329	0.67734
		فتوح البلدان	أبوالحسن البلاذري	Rafed	2401	0.6773
		فرحة الغري بصرحة القري‏	السيد عبد الكريم بن طاووس‏	Masaha	2869	0.67729
		المدخل إلى السنن الكبرى للبيهقي	أحمد بن الحسين بن علي بن موسى الخُسْرَوْجِردي الخراساني، أبو بكر البيهقي (المتوفى: 458هـ)	ShamAY	13061	0.67714
		 ذيل تذكرة الحفاظ 	 محمد الحسيني الدمشقي 	ABLibrary	829	0.67713
		من فوائد أبي أحمد عبد الله بن محمد بن شجاع المضري - مخطوط		ShamAY	32821	0.67678
		تاريخ الرقة ومن نزلها من أصحاب رسول الله صلى الله عليه وسلم والتابعين والفقهاء والمحدثين	محمد بن سعيد بن عبد الرحمن القشيري، أبو علي (المتوفى: 334ه)	ShamelaY19	26383	0.67668
		موسوعة أقوال أبي الحسن الدارقطني في رجال الحديث وعلله	محمود محمد خليل	ShamAY	12764	0.67665
		النشر في القراءات العشر	شمس الدين أبو الخير ابن الجزري، محمد بن محمد بن يوسف (المتوفى : 833 هـ)	ShamAY	22642	0.67662
		من حديث أبي بكر محمد بن إبراهيم العدوي - مخطوط		ShamAY	32807	0.67662
		الأمالي	أبي جعفر محمّد بن الحسن بن علي بن الحسن الطّوسي [ شيخ الطائفة ]	Rafed	1271	0.67659
		الغيبة والنميمة لابن أبي الدنيا - ط أطلس الخضراء = مقابل	أبو بكر عبد الله بن محمد ابن أبي الدنيا	ShamAY	38151	0.67653
		الطيوريات	أبو طاهر السِّلَفي	ShamAY	9634	0.67647
		فوائد أبي علي بن فضالة	عبد الرحمن بن محمد بن أحمد بن فضالة (رافضي جلد) (المتوفى: 420ه)	Sham19Y	29750	0.67644
		التمهيد لما في الموطأ من المعاني والأسانيد	أبو عمر يوسف بن عبد الله بن محمد بن عبد البر بن عاصم النمري القرطبي (المتوفى: 463هـ)	ShamAY	1719	0.67615
		كتاب الصلاة على النبي صلى الله عليه وسلم	أبو بكر بن أبي عاصم وهو أحمد بن عمرو بن الضحاك بن مخلد الشيباني (المتوفى: 287ه)	ShamelaY19	26823	0.67607
		 دلائل النبوة ومعرفة أحوال صاحب الشريعة 	 أحمد بن الحسين البيهقي 	ABLibrary	932	0.67598
		منتخب من كتاب أزواج النبي صلى الله عليه وسلم - ت العمري	الزبير بن بكار بن عبد الله القرشي الأسدي المكي (المتوفى: 256هـ)	ShamAY	33634	0.67576
		المجلس 128 من أمالي أبي القاسم السمرقندي	أبو القاسم إسماعيل بن أحمد بن عمر بن أبي الأشعث السمرقندي، الدمشقي المولد، البغدادي الوطن (المتوفى: 536ه)	ShamelaY19	29902	0.67565
		الغنية فهرست شيوخ القاضي عياض	عياض بن موسى بن عياض بن عمرون اليحصبي السبتي، أبو الفضل (المتوفى: 544ه)	ShamelaY19	26463	0.67557
		المنتقى من فوائد أبي القاسم الزنجاني	سعد بن علي بن محمد أبو القاسم الزَّنجاني الصوفي (471 هـ)	ShamAY	33712	0.67544
		هواتف الجنان للخرائطي	أبو بكر محمد بن جعفر بن محمد بن سهل بن شاكر الخرائطي (المتوفى: 327ه)	Sham19Y	28183	0.67538
		معجم الصحابة للبغوي - ط: مبرة الآل والأصحاب	أبو القاسم البغوي (317 هـ)	ShamAY	34636	0.67535
		ذم المكس	عبد الرحمن بن أبي بكر، جلال الدين السيوطي (المتوفى: 911ه)	ShamelaY19	36041	0.67523
		منتقى من العشرين جزءا المنتخبة (الخلعيات)	علي بن الحسن بن الحسين بن محمد، أبو الحسن الخِلَعي الشافعيّ (المتوفى: 492هـ)	ShamAY	30340	0.67519
		الجزء الأول والثاني من حديث ابن أبي ثابت - مخطوط	أبو إسحاق إبراهيم بن محمد بن أحمد بن أبي ثابت	ShamAY	32844	0.6751
		هواتف الجنان للخرائطي	أبو بكر محمد بن جعفر بن محمد بن سهل بن شاكر الخرائطي (المتوفى: 327هـ)	ShamAY	28183	0.67506
		الأمالي الحلبية	أبو الفضل أحمد بن علي بن محمد بن أحمد بن حجر العسقلاني (المتوفى: 852هـ)	ShamAY	5729	0.67506
		مجلسان أحدهما عن ابن بشران والثاني عن ابن أبي الفوارس - مخطوط	الواحدي	ShamAY	32888	0.67503
		مجلس من إملاء الفارسي ومجلسان من إملاء البخاري	نصر بن عبد العزيز بن أحمد، أبو الحسين الفارسي (المتوفى: 461هـ) ، وأبو زكريا عبد الرحيم بن أحمد بن نصر البخاري (المتوفى: 461هـ)	ShamAY	30388	0.67501
		صحيح ابن حبان بترتيب ابن بلبان	محمد بن حبان بن أحمد بن حبان بن معاذ بن مَعْبدَ، التميمي، أبو حاتم، الدارمي، البُستي (المتوفى: 354هـ)	ShamAY	60	0.67489
		الحادي والخمسون من أمالي ابن عساكر	ثقة الدين، أبو القاسم علي بن الحسن بن هبة الله المعروف بابن عساكر (المتوفى: 571ه)	ShamelaY19	29789	0.67475
		مكارم الأخلاق ومعاليها ومحمود طرائقها	أبو بكر محمد بن جعفر بن محمد بن سهل بن شاكر الخرائطي السامري (المتوفى: 327هـ)	ShamAY	9595	0.67474
		الكواكب النيرات في معرفة من الرواة الثقات	بركات بن أحمد بن محمد الخطيب، أبو البركات، زين الدين ابن الكيال (المتوفى: 929هـ)	ShamAY	309	0.67464
		منتقى من العشرين جزءا المنتخبة (الخلعيات)	علي بن الحسن بن الحسين بن محمد، أبو الحسن الخلعي الشافعي (المتوفى: 492ه)	Sham19Y	30340	0.67443
		الاعتقاد والهداية إلى سبيل الرشاد على مذهب السلف وأصحاب الحديث	أحمد بن الحسين بن علي بن موسى الخُسْرَوْجِردي الخراساني، أبو بكر البيهقي (المتوفى: 458هـ)	ShamAY	12997	0.67437
		رسالة أبي غالب الزراري و تكملتها‌	احمد بن سليمان الشيباني الكوفي	Masaha	3536	0.67425
		الثاني والعشرون من المشيخة البغدادية لأبي طاهر السلفي	صدر الدين، أبو طاهر السلفي أحمد بن محمد بن أحمد بن محمد بن إبراهيم سلفه الأصبهاني (المتوفى: 576ه)	ShamelaY19	30099	0.67423
		أخبار لحفظ القرآن الكريم لابن عساكر	ثقة الدين، أبو القاسم علي بن الحسن بن هبة الله المعروف بابن عساكر (المتوفى: 571ه)	ShamelaY19	26866	0.6742
		الخلافيات بين الإمامين الشافعي وأبي حنيفة وأصحابه ت النحال	أبو بكر البيهقي (384 ه - 458 ه)	ShamelaY19	131336	0.67403
		 دلائل النبوة ومعرفة أحوال صاحب الشريعة 	 أحمد بن الحسين البيهقي 	ABLibrary	936	0.67402
		أسباب نزول القرآن	أبي الحسن علي بن أحمد الواحدي	Rafed	1483	0.67399
		معجم الصحابة للبغوي	أبو القاسم عبد الله بن محمد بن عبد العزيز بن المَرْزُبان بن سابور بن شاهنشاه البغوي (المتوفى: 317هـ)	ShamAY	1307	0.6739
		الأربعون البلدانية لمسافر حاجي	مسافر بن محمد بن حاجي الدمشقي (المتوفى: 420ه)	ShamelaY19	30586	0.67387
		معاني الأخبار	الشيخ الصدوق	Masaha	712	0.67383
		تاريخ الإسلام ووفيات المشاهير والأعلام [ج ٤٩]	شمس الدين محمّد بن أحمد بن عثمان الذّهبي	Rafed	3662	0.67381
		نصيحة أهل الحديث	أبو بكر أحمد بن علي بن ثابت بن أحمد بن مهدي الخطيب البغدادي (المتوفى: 463هـ)	ShamAY	5646	0.6738
		مجلس من أمالي النجاد رواية المحاملي	أبو بكر النجاد، أحمد بن سلمان بن الحسن بن إسرائيل بن يونس البغدادي (المتوفى: 348ه)	ShamelaY19	29865	0.6738
		كتاب الأربعين في تصحيح المعاملة للقشيري	أبو القاسم عبد الكريم بن هوازن القشيري	ShamAY	33704	0.67379
		العلل لابن المديني	علي بن عبد الله بن جعفر السعدي بالولاء المديني، البصري، أبو الحسن (المتوفى: 234ه)	Sham19Y	6038	0.67379
		السيرة النبوية و أخبار الخلفاء - الجزء1	أبو حاتم التميمي	Masaha	2044	0.67371
		الجزء السادس من المشيخة البغدادية	صدر الدين، أبو طاهر السِّلَفي أحمد بن محمد بن أحمد بن محمد بن إبراهيم سِلَفَه الأصبهاني (المتوفى: 576هـ)	ShamAY	30628	0.6737
		العِقدُ الثّمينُ في تَخْرِيجِ أَحَادِيث الوِصَايَة لأَمِيرِ المُؤْمِنِيْنَ	خليفة الكواري	ShamAY	33074	0.67367
		مقاتل الطالبيين	علي بن حسين ابوالفرج اصفهاني	Ghbook	9617	0.67355
		الإخلاص لابن أبي الدنيا - ط أطلس الخضراء = مقابل	أبو بكر عبد الله بن محمد ابن أبي الدنيا	ShamAY	38073	0.67354
		الجريده في اصول انساب العلويين	حسين حسيني زرباطي	Ghbook	7181	0.67354
		كتاب الأربعين في مناقب أمهات المؤمنين رحمة الله عليهن أجمعين	عبد الرحمن بن محمد بن الحسن، ابن منصور ابن عساكر الدمشقيّ الشافعي (المتوفى: 620هـ)	ShamAY	6596	0.67329
		الجامع لعلوم الإمام أحمد - الترجمة	خالد الرباط، وائل إمام [بمشاركة الباحثين بدار الفلاح]	ShamAY	38862	0.67326
		العلو للعلي الغفار في إيضاح صحيح الأخبار وسقيمها	شمس الدين أبو عبد الله محمد بن أحمد بن عثمان بن قَايْماز الذهبي (المتوفى: 748هـ)	ShamAY	6463	0.67322
		فوائد منتقاة من رواية الشيخين أبي الحسن أحمد بن محمد بن الصلت وأبي أحمد عبيد الله بن محمد بن أبي مسلم الفرضي	أبو الحسن أحمد بن محمد بن الصلت (405 هـ) - وأبو أحمد عبيد الله بن محمد بن أبي مسلم الفرضي (406 هـ)	ShamAY	27098	0.67313
		جزء أبي العباس العصمي (طبع: ضمن مجموع فيه ثلاثة من الأجزاء الحديثية)	أبو العباس رافع بن عصم بن العباس بن أحمد العصمي (المتوفى: 405ه)	ShamelaY19	26563	0.673
		منهج المقال في تحقيق احوال الرجال [ج ٣]	محمد بن علي الاسترابادي	Rafed	208	0.67278
		فهارس الشيعه: فهرست ابن الوليد القمي	مهدي خداميان آراني	Ghbook	15581	0.67278
		جزء فيه أحاديث أبي عبد الله الحسين بن الحسن الغضائري	أبو عبد الله الحسين بن الحسن بن محمد بن حلبس المخزومي، الغضائري، البغدادي (المتوفى: 414ه)	Sham19Y	26395	0.67276
		 الدر الكمين بذيل العقد الثمين في تاريخ البلد الأمين 	 عمر بن محمد ابن فهد 	ABLibrary	9063	0.67275
		اصطناع المعروف لابن أبي الدنيا - ط أطلس الخضراء = مقابل	أبو بكر عبد الله بن محمد ابن أبي الدنيا	ShamAY	38077	0.67274
		أخبار لحفظ القرآن الكريم لابن عساكر	ثقة الدين، أبو القاسم علي بن الحسن بن هبة الله المعروف بابن عساكر (المتوفى: 571هـ)	ShamAY	1370	0.67267
		التاريخ وأسماء المحدثين وكناهم	محمد بن أحمد بن محمد، أبو عبد الله المقدمي (المتوفى: 301ه)	ShamelaY19	122400	0.67267
		الأحاديث الصحاح الغرائب للمزي	عبد الرحمن بن يوسف بن الزكي عبد الرحمن زين الدين أبو الفرج (ابن الحافظ جمال الدين المزي) (المتوفى: 749هـ)	ShamAY	9709	0.67257
		الثالث عشر من المشيخة البغدادية لأبي طاهر السلفي	صدر الدين، أبو طاهر السلفي أحمد بن محمد بن أحمد بن محمد بن إبراهيم سلفه الأصبهاني (المتوفى: 576ه)	Sham19Y	30090	0.67257
		ترجمة الامام الحسن عليه السلام	ابن سعد	Rafed	246	0.67236
		رسالة طرق حديث من كنت مولاه فعلي مولاه‏	شمس الدين الذهبي	Masaha	2199	0.67229
		فوائد أبي عبد الله الفراء	محمد بن الفضل بن نظيف أبو عبد الله المصري الفراء (المتوفى: 431هـ)	ShamAY	29767	0.67194
		تاريخ الإسلام ووفيات المشاهير والأعلام [ج ٢٨]	شمس الدين محمّد بن أحمد بن عثمان الذّهبي	Rafed	3558	0.67187
		مسند إبراهيم بن أدهم الزاهد لابن منده	أبو عبد الله محمد بن إسحاق بن محمد بن يحيى بن مَنْدَه العبدي (المتوفى: 395هـ)	ShamAY	13153	0.67185
		منتقى من العشرين جزءا المنتخبة (الخلعيات)	علي بن الحسن بن الحسين بن محمد، أبو الحسن الخلعي الشافعي (المتوفى: 492ه)	ShamelaY19	30340	0.67178
		رسالة طرق حديث « من كنت مولاه فعلي مولاه »	شمس الدين محمّد بن أحمد بن عثمان الذّهبي	Rafed	744	0.67175
		المعرفة والتاريخ	يعقوب بن سفيان بن جوان الفارسي الفسوي، أبو يوسف (المتوفى: 277هـ)	ShamAY	12403	0.67158
		الشكر لابن أبي الدنيا - ط أطلس الخضراء = مقابل	أبو بكر عبد الله بن محمد ابن أبي الدنيا	ShamAY	38160	0.67156
		جزء محمد بن عاصم الثقفي الأصبهاني	محمد بن عاصم بن عبد الله الأصبهاني، أبو جعفر الثقفي مولاهم (المتوفى: 262ه)	Sham19Y	9314	0.67153
		الكنى للبخاري - مقابل	أبو عبد الله محمد بن إسماعيل البخاري	ShamAY	34653	0.67134
		المقالات القصار فى فتاوى الأحاديث والأخبار	أبو محمد أحمد شحاته الألفي السكندري	ShamAY	33059	0.67126
		الاسماء و الصفات 	ابوبكر احمد بن الحسين بن علي البيهقي	Ghbook	2713	0.67126
		النفقة على العيال لابن أبي الدنيا	أبو بكر عبد الله بن محمد بن عبيد بن سفيان بن قيس البغدادي الأموي القرشي المعروف بابن أبي الدنيا (المتوفى: 281هـ)	ShamAY	13075	0.67118
		تحريم أكل الطين لأبي القاسم ابن منده	عبد الرحمن بن محمد بن إسحاق، ابن مندة العبدي الأصبهاني، أبو القاسم (470 هـ)	ShamAY	33713	0.67116
		مجموع فيه مصنفات أبي العباس الأصم وإسماعيل الصفار	أبو العباس الأصم محمد بن يعقوب بن يوسف النيسابوري (346 ه)	ShamelaY19	38194	0.67103
		الرابع والعشرون من المشيخة البغدادية لأبي طاهر السلفي	صدر الدين، أبو طاهر السِّلَفي أحمد بن محمد بن أحمد بن محمد بن إبراهيم سِلَفَه الأصبهاني (المتوفى: 576هـ)	ShamAY	30122	0.67101
		مجموع فيه مصنفات أبي العباس الأصم وإسماعيل الصفار	أبو العباس الأصم محمد بن يعقوب بن يوسف النيسابوري (346 هـ)	ShamAY	1381	0.6709
		أحاديث مقتبسة من الأربعين المسلسلة	شَرَفُ الدِّيْنِ، عَلِيُّ بنُ المُفَضَّلِ بنِ عَلِيِّ بنِ مُفَرِّجِ بنِ حَاتِمِ بنِ حَسَنِ بنِ جَعْفَرٍ المَقْدِسِيُّ (المتوفى: 611هـ)	ShamAY	30243	0.67089
		هواتف الجنان للخرائطي	أبو بكر محمد بن جعفر بن محمد بن سهل بن شاكر الخرائطي (المتوفى: 327ه)	ShamelaY19	28183	0.67089
		الثالث عشر من المشيخة البغدادية لأبي طاهر السلفي	صدر الدين، أبو طاهر السِّلَفي أحمد بن محمد بن أحمد بن محمد بن إبراهيم سِلَفَه الأصبهاني (المتوفى: 576هـ)	ShamAY	30090	0.67081
		المشيخة البغدادية لأبي طاهر السلفي - مخطوط	صدر الدين، أبو طاهر السِّلَفي أحمد بن محمد بن أحمد بن محمد بن إبراهيم سِلَفَه الأصبهاني (المتوفى: 576هـ)	ShamAY	21634	0.67074
		ذم المسكر لابن أبي الدنيا	أبو بكر عبد الله بن محمد بن عبيد بن سفيان بن قيس البغدادي الأموي القرشي المعروف بابن أبي الدنيا (المتوفى: 281ه)	Sham19Y	13117	0.67072
		 فرائد السمطين في فضائل المرتضى والبتول والسبطين والأئمة من ذريتهم ( ع ) 	 ابراهيم بن سعد الدين الشافعي 	ABLibrary	7628	0.67064
		الدعاء للطبراني - نسخة مقابلة	أبو القاسم سليمان بن أحمد الطبراني	ShamAY	33982	0.67063
		موسوعة أقوال الإمام أحمد بن حنبل في رجال الحديث وعلله	محمود محمد خليل	ShamAY	12765	0.67059
		منهج المقال في تحقيق احوال الرجال [ج ٢]	محمد بن علي الاسترابادي	Rafed	206	0.67057
		فوائد ابن منده	أبو عبد الله محمد بن إسحاق بن محمد بن يحيى بن مَنْدَه (المتوفى: 395هـ)	ShamAY	9347	0.67045
		ذكر ابن أبي الدنيا وما وقع عاليا من حديثه	محمد بن عمر بن أحمد بن عمر بن محمد الأصبهاني المديني، أبو موسى (المتوفى: 581ه)	Sham19Y	9510	0.67045
		جزء القاضي أبي القاسم الميانجي	يوسف بن القاسم بن يوسف بن فارس بن سوار، أبو بكر الميانجي (المتوفى: 375ه)	ShamelaY19	29728	0.67031
		التحقيق في أحاديث الخلاف	جمال الدين أبو الفرج عبد الرحمن بن علي بن محمد الجوزي (المتوفى : 597هـ)	ShamAY	5907	0.67004
		المجالس الخمسة السلماسية للسلفي	صدر الدين، أبو طاهر السِّلَفي أحمد بن محمد بن أحمد بن محمد بن إبراهيم سِلَفَه الأصبهاني (المتوفى: 576هـ)	ShamAY	5706	0.66985
		مجموع فيه مصنفات أبي الحسن ابن الحمامي وأجزاء حديثية أخرى	مجموعة من المؤلفين	ShamelaY19	38193	0.66977
		مكارم الأخلاق للطبراني - ط البشائر	أبو القاسم سليمان بن أحمد الطبراني	ShamAY	38139	0.66969
		أسباب النزول ـ ت الفحل	أبو الحسن علي بن أحمد بن محمد بن علي الواحدي، النيسابوري	ShamAY	36736	0.66963
		مجلس من أمالي الباطرقاني - مخطوط (ن)	أحمد بن الفضل بن محمد الأصبهاني البَاطِرْقَاني، أبو بكر (المتوفى: 460هـ)	ShamAY	21664	0.66958
		المجروحين من المحدثين والضعفاء والمتروكين	محمد بن حبان بن أحمد بن حبان بن معاذ بن معبد، التميمي، أبو حاتم، الدارمي، البستي (المتوفى: 354ه)	Sham19Y	5834	0.66958
		الثاني من الأفراد للدارقطني	أبو الحسن علي بن عمر بن أحمد بن مهدي بن مسعود بن النعمان بن دينار البغدادي الدارقطني (المتوفى: 385ه)	ShamelaY19	30609	0.66944
		مجموع فيه مصنفات أبي الحسن ابن الحمامي وأجزاء حديثية أخرى	مجموعة من المؤلفين	ShamAY	1379	0.6694
		التسوية بين حدثنا وأخبرنا	أبو جعفر أحمد بن محمد بن سلامة بن عبد الملك بن سلمة الأزدي الحجري المصري المعروف بالطحاوي (المتوفى: 321هـ)	ShamAY	9380	0.66936
		العلل لابن المديني	علي بن عبد الله بن جعفر السعدي بالولاء المديني، البصري، أبو الحسن (المتوفى: 234هـ)	ShamAY	6038	0.66932
		 مسند الإمام الصادق ( ع ) 	 الشيخ عزيز الله عطاردي 	ABLibrary	7734	0.6693
		الخامس والعشرون من المشيخة البغدادية لأبي طاهر السلفي	صدر الدين، أبو طاهر السِّلَفي أحمد بن محمد بن أحمد بن محمد بن إبراهيم سِلَفَه الأصبهاني (المتوفى: 576هـ)	ShamAY	30116	0.66927
		رسالة أبي غالب الزراري إلى ابن ابنه في ذكر آل أعين‏	أبو غالب أحمد بن محمد الزراري	Masaha	4823	0.66927
		إثبات صفة العلو - الدار السلفية	عبد الله بن أحمد بن قدامة المقدسي أبو محمد	ShamAY	33625	0.66922
		الثالث عشر من المشيخة البغدادية لأبي طاهر السلفي	صدر الدين، أبو طاهر السلفي أحمد بن محمد بن أحمد بن محمد بن إبراهيم سلفه الأصبهاني (المتوفى: 576ه)	ShamelaY19	30090	0.66922
		الثقات لابن حبان	محمد بن حبان بن أحمد بن حبان بن معاذ بن مَعْبدَ، التميمي، أبو حاتم، الدارمي، البُستي (المتوفى: 354هـ)	ShamAY	5816	0.66921
		بشارة المصطفى صلّى الله عليه وآله لشيعة المرتضى عليه السلام	عماد الدين أبي جعفر محمد بن أبي القاسم الطبري	Rafed	270	0.6692
		 الدرر في اختصار المغازي والسير 	 ابن عبد البر 	ABLibrary	7522	0.66905
		معجم الشعراء	للإمام أبي عبيد الله محمد بن عمران المرزباني (المتوفى : 384 هـ)	ShamAY	26552	0.66899
		إرشاد القاصي والداني إلى تراجم شيوخ الطبراني	أبو الطيب نايف بن صلاح بن علي المنصوري	ShamAY	32196	0.66886
		فضائل القرآن وما أنزل من القرآن بمكة وما أنزل بالمدينة	أبو عبد الله محمد بن أيوب بن يحيى بن الضريس بن يسار الضريس البجلي الرازي (المتوفى: 294ه)	Sham19Y	9317	0.66871
		أسباب النزول ت زغلول	أبو الحسن علي بن أحمد بن محمد بن علي الواحدي، النيسابوري، الشافعي (المتوفى: 468هـ)	ShamAY	11456	0.66869
		أحوال الرجال	إبراهيم بن يعقوب بن إسحاق السعدي الجوزجاني، أبو إسحاق (المتوفى: 259هـ)	ShamAY	25803	0.66862
		نسب معد واليمن الكبير	أبو المنذر هشام بن محمد بن السائب الكلبي (المتوفى: 204ه)	Sham19Y	28172	0.66851
		تصحيفات المحدثين	أبو أحمد الحسن بن عبد الله بن سعيد بن إسماعيل العسكري (المتوفى: 382هـ)	ShamAY	2449	0.6684
		نسب معد واليمن الكبير	أبو المنذر هشام بن محمد بن السائب الكلبي (المتوفى: 204هـ)	ShamAY	28172	0.66837
		جزء فيه أحاديث أبي عبد الله الحسين بن الحسن الغضائري	أبو عبد الله الحسين بن الحسن بن محمد بن حلبس المخزومي، الغضائري، البغدادي (المتوفى: 414ه)	ShamelaY19	26395	0.66828
		مكارم الأخلاق للخرائطي - مطبعة المدني	الخرائطي	ShamAY	33949	0.66823
		حديث أبي القاسم الطيب بن يُمْن بن عبد الله - مخطوط	أبو القاسم الطيب بن يُمْن بن عبد الله	ShamAY	32935	0.66822
		كتاب الولاة وكتاب القضاة للكندي	أبو عمر محمد بن يوسف بن يعقوب الكندي المصري (المتوفى: بعد 355هـ)	ShamAY	12831	0.66821
		كتاب الولاة وكتاب القضاة للكندي	أبو عمر محمد بن يوسف بن يعقوب الكندي المصري (المتوفى: بعد 355ه)	Sham19Y	12831	0.66815
		جزء أبي العباس العصمي (طُبع: ضمن مجموع فيه ثلاثة من الأجزاء الحديثية)	أبو العباس رافع بن عُصْم بن العباس بن أحمد العصمي (المتوفى: 405هـ)	ShamAY	26563	0.66808
		أخبار الثقلاء للخلال	أبو محمد الحسن بن محمد بن الحسن بن علي البغدادي الخَلَّال (المتوفى: 439هـ)	ShamAY	26758	0.66798
		ما قرب سنده من حديث للإمام أبي القاسم إسماعيل بن أحمد السمرقندي	أبو القاسم إسماعيل بن أحمد بن عمر بن أبي الأشعث السمرقندي، الدمشقي المولد، البغدادي الوطن (المتوفى: 536ه)	Sham19Y	26481	0.66794
		جزء فيه من حديث أبي الحسن علي بن حرب الطائي - مخطوط	أبو الحسن علي بن حرب الطائي	ShamAY	32940	0.66788
		قرة عين المحتاج في شرح مقدمة صحيح مسلم بن الحجاج	محمد بن علي بن آدم بن موسى الإتيوبي الولوي	ShamelaY19	148896	0.66786
		خمسة أحاديث مسلسلات لضياء الدين المقدسي	ضياء الدين أبو عبد الله محمد بن عبد الواحد المقدسي (المتوفى: 643هـ)	ShamAY	29449	0.66778
		فتوح البلدان - القاهرة	البلاذري	ShamAY	33821	0.66758
		الجزء السادس من المشيخة البغدادية	صدر الدين، أبو طاهر السلفي أحمد بن محمد بن أحمد بن محمد بن إبراهيم سلفه الأصبهاني (المتوفى: 576ه)	ShamelaY19	30628	0.66758
		 محاضرة الأبرار ومسامرة الأخيار 	 ابن عربي 	ABLibrary	8745	0.66757
		الكواكب النيرات-ط العلم	محمد بن أحمد بن يوسف أبو البركات الذهبي الشافعي	ShamAY	34617	0.6674
		فوائد أبي علي بن فضالة	عبد الرحمن بن محمد بن أحمد بن فضالة (رافضي جلد) (المتوفى: 420هـ)	ShamAY	29750	0.66738
		أمالي ابن منده- رواية البزاني	أبو عبد الله محمد بن إسحاق بن محمد بن يحيى بن منده العبدي (المتوفى: 395ه)	Sham19Y	29737	0.66735
		الجزء الثالث من المشيخة البغدادية لأبي طاهر السلفي	صدر الدين، أبو طاهر السِّلَفي أحمد بن محمد بن أحمد بن محمد بن إبراهيم سِلَفَه الأصبهاني (المتوفى: 576هـ)	ShamAY	30621	0.66705
		العقد الثّمين في تاريخ البلد الأمين [ج ٥]	تقي الدين محمّد بن أحمد الحسني الفاسي المكّي	Rafed	2226	0.66704
		التعقب المتواني على السلسلة الضعيفة للألباني	أحمد شحاتة السكندري :: ناصر الدين الألباني	ShamAY	33145	0.66698
		الحادي والخمسون من أمالي ابن عساكر	ثقة الدين، أبو القاسم علي بن الحسن بن هبة الله المعروف بابن عساكر (المتوفى: 571هـ)	ShamAY	29789	0.66697
		إرشاد القاصي والداني إلى تراجم شيوخ الطبراني	أبو الطيب نايف بن صلاح بن علي المنصوري	ShamelaY19	29745	0.66692
		المجلس الثاني من الفوائد المدنية من حديث أبي الحسن الشافعي - مخطوط		ShamAY	32768	0.66687
		الاعتقاد والهداية إلى سبيل الرشاد على مذهب السلف وأصحاب الحديث	أحمد بن الحسين بن علي بن موسى الخُسْرَوْجِردي الخراساني، أبو بكر البيهقي (المتوفى: 458 هـ)	ShamAY	34009	0.6668
		مجلسان لأبي سعد البغدادي	أَبُو سَعْدٍ أَحْمَدُ بنُ مُحَمَّدِ بنِ أَحْمَدَ بنِ الحَسَنِ بنِ عَلِيِّ بنِ أَحْمَدَ بنِ سُلَيْمَانَ االبَغْدَادِيُّ الأَصْل، الأَصْبَهَانِيُّ (المتوفى: 540هـ)	ShamAY	29783	0.66668
		السادس والعشرون من المشيخة البغدادية لأبي طاهر السلفي	صدر الدين، أبو طاهر السِّلَفي أحمد بن محمد بن أحمد بن محمد بن إبراهيم سِلَفَه الأصبهاني (المتوفى: 576هـ)	ShamAY	30126	0.6666
		الثقات لابن حبان - ط الفكر	أبو حاتم محمد بن حبان بن أحمد التيمي البستي	ShamAY	34650	0.66659
		فضائل التسمية بأحمد ومحمد	أبو عبد الله الحسين بن أحمد بن عبد الله بن بكير البغدادي الصيرفي (المتوفى: 388ه)	Sham19Y	13135	0.66659
		أحوال الرجال	إبراهيم بن يعقوب بن إسحاق السعدي الجوزجاني، أبو إسحاق (المتوفى: 259ه)	ShamelaY19	25803	0.66657
		الفوائد المنتقاة العوالي عن الشيوخ الثقات للمظفر بن الحسن-مخطوط		ShamAY	32767	0.66649
		الكنى للبخاري - الفكر	محمد بن إسماعيل بن إبراهيم أبو عبدالله البخاري الجعفي	ShamAY	34620	0.66647
		مجلسان من أمالي أبي محمد الجوهري	الحسن بن علي بن محمد، أبو محمد الجوهري (المتوفى: 454ه)	ShamelaY19	29771	0.66641
		منتقى حديث أبي نعيم الأزهري	أبو نعيم أحمد بن محمد بن إبراهيم بن عيسى الأزهري (المتوفى: 394ه)	ShamelaY19	26545	0.66633
		تاريخ الإسلام ووفيات المشاهير والأعلام [ج ١٨]	شمس الدين محمّد بن أحمد بن عثمان الذّهبي	Rafed	3423	0.66632
		مختلف القبائل ومؤتلفها	أبو جعفر محمد بن حبيب بن أمية البغدادي (المتوفى: 245هـ)	ShamAY	26540	0.66625
		مصباح الزجاجة في زوائد ابن ماجه	أبو العباس شهاب الدين أحمد بن أبي بكر بن إسماعيل بن سليم بن قايماز بن عثمان البوصيري الكناني الشافعي (المتوفى: 840هـ)	ShamAY	5635	0.66625
		سؤالات البرقاني للدارقطني - ت القشقري = التراجم	أحمد بن محمد بن أحمد بن غالب، أبو بكر المعروف بالبرقاني (المتوفى: 425هـ)	ShamAY	38203	0.66614
		سر السلسله العلويه في النساب الساده العلويه	ابو نصر سهل بن عبدالله البخاري	Ghbook	15641	0.666
		تبليغ البشرى بأحاديث داريا الكبرى لابن طولون	ابن طولون (953 هـ)	ShamAY	33568	0.66599
		السابق واللاحق في تباعد ما بين وفاة راويين عن شيخ واحد	أبو بكر أحمد بن علي بن ثابت بن أحمد بن مهدي الخطيب البغدادي (المتوفى: 463هـ)	ShamAY	7640	0.66595
		المجروحين من المحدثين والضعفاء والمتروكين	محمد بن حبان بن أحمد بن حبان بن معاذ بن مَعْبدَ، التميمي، أبو حاتم، الدارمي، البُستي (المتوفى: 354هـ)	ShamAY	5834	0.6658
		منتهى المقال في أحوال الرّجال [ج ٦]	الشيخ محمّد بن إسماعيل المازندراني	Rafed	540	0.66574
		من أحاديث الشيخ الحافظ أبي العباس ابن بشرويه - مخطوط	أبو العباس أحمد بن محمد بن عبد الله بن بشرويه	ShamAY	32867	0.6657
		الإصابة في تمييز الصحابة [ج ٦]	أحمد بن علي بن حجر العسقلاني	Rafed	3426	0.66565
		ذيل ذيل تاريخ مولد العلماء ووفياتهم	هبة الله بن أحمد بن محمد بن هبة الله، أبو محمد، الأمين، الأنصاري الدمشقيّ، ابن الأكفاني (المتوفى: 524هـ)	ShamAY	5789	0.66559
		مجلسان لأبي بكر العنبري	أبو بكر أحمد بن محمد العنبري الملحمي (المتوفى: 324ه)	ShamelaY19	29716	0.66558
		الصحائف الاثنا عشر لعبد الرحمن بن عمرو السماني - مخطوط		ShamAY	32761	0.66551
		من حديث أبي علي اللحياني عن شيوخه - مخطوط (ن)	أبو علي الحسين بن محمد بن يوسف اللحياني (المتوفى: ق 4هـ)	ShamAY	21672	0.66538
		عيون الأثر في فنون المغازي والشمائل والسير	محمد بن محمد بن محمد بن أحمد، ابن سيد الناس، اليعمري الربعي، أبو الفتح، فتح الدين (المتوفى: 734ه)	ShamelaY19	23653	0.66528
		أحاديث مسلسلة رواية ابن ناقة	أبو العباس أحمد بن يحيى بن أحمد بن زيد بن ناقه الكوفي الحنفي (المتوفى: 559هـ)	ShamAY	29786	0.66521
		غاية المرام وحجّة الخصام [ج ٥]	السيّد هاشم البحراني الموسوي التوبلي	Rafed	3610	0.66519
		مختلف القبائل ومؤتلفها	أبو جعفر محمد بن حبيب بن أمية البغدادي (المتوفى: 245ه)	ShamelaY19	26540	0.66516
		تاريخ أصبهان - الجزء1	أحمد بن عبد الله أبو نعيم	Masaha	4135	0.66516
		الثالث والعشرون من المشيخة البغدادية لأبي طاهر السلفي	صدر الدين، أبو طاهر السِّلَفي أحمد بن محمد بن أحمد بن محمد بن إبراهيم سِلَفَه الأصبهاني (المتوفى: 576هـ)	ShamAY	30093	0.66511
		مسند عثمان بن عفان لأبي القاسم البغوي (وهو مطبوع ضمن كتاب الفوائد)	أبو القاسم عبد الله بن محمد بن عبد العزيز بن المرزبان بن سابور بن شاهنشاه البغوي (المتوفى: 317ه)	Sham19Y	9922	0.6651
		تاريخ مدينة دمشق [ج ٢]	أبي القاسم علي بن الحسن ابن هبة الله بن عبد الله الشافعي [ ابن عساكر ]	Rafed	1761	0.6651
		أسماء من يعرف بكنيته من أصحاب الرسول (صلى الله عليه وسلم)	أبو الفتح الأزدي	ShamAY	34619	0.66501
		المعجم الكبير للطبراني	سليمان بن أحمد بن أيوب بن مطير اللخمي الشامي، أبو القاسم الطبراني (المتوفى: 360هـ)	ShamAY	1733	0.66494
		المتمنين لابن أبي الدنيا - ط أطلس الخضراء = مقابل	أبو بكر عبد الله بن محمد ابن أبي الدنيا	ShamAY	38133	0.66489
		معالم العلماء	ابن شهرآشوب مازندراني	Ghbook	7055	0.66486
		التذييل علي كتب الجرح والتعديل	طارق بن محمد آل بن ناجي (المتوفى: 1432ه)	ShamelaY19	96963	0.66485
		تاريخ علماء الأندلس	عبد الله بن محمد بن يوسف بن نصر الأزدي، أبو الوليد، المعروف بابن الفرضي (المتوفى: 403هـ)	ShamAY	30743	0.66464
		السنن الكبرى للنسائي	أبو عبد الرحمن أحمد بن شعيب بن علي الخراساني، النسائي (المتوفى: 303هـ)	ShamAY	1240	0.66462
		مشاهير علماء الأمصار - العلمية	محمد بن حبان بن أحمد أبو حاتم التميمي البستي	ShamAY	34623	0.66458
		تاريخ أصبهان = أخبار أصبهان	أبو نعيم أحمد بن عبد الله بن أحمد بن إسحاق بن موسى بن مهران الأصبهاني (المتوفى: 430هـ)	ShamAY	1714	0.66453
		 سنن الدارمي 	 عبد الله بن الرحمن الدارمي 	ABLibrary	842	0.66446
		كتاب تاريخ أصبهان [ج ٢]	أبي نعيم أحمد بن عبدالله بن أحمد بن إسحاق ابن موسى بن مهران المهراني الأصبهاني	Rafed	2253	0.66437
		أحاديث مسلسلة رواية ابن ناقة	أبو العباس أحمد بن يحيى بن أحمد بن زيد بن ناقه الكوفي الحنفي (المتوفى: 559ه)	ShamelaY19	29786	0.66436
		منتقي الجمان	شيخ حسن بن زين الدين عاملي ( صاحب معالم )	Ghbook	7173	0.66434
		كتاب فيه مواعظ وحكمة لأبي الفتح الأزدي - مخطوط	أبو الفتح محمد بن الحسين الأزدي	ShamAY	32941	0.66431
		الجزء الثالث من المشيخة البغدادية لأبي طاهر السلفي	صدر الدين، أبو طاهر السلفي أحمد بن محمد بن أحمد بن محمد بن إبراهيم سلفه الأصبهاني (المتوفى: 576ه)	Sham19Y	30621	0.66431
		حفظ العمر لابن الجوزي	جمال الدين أبو الفرج عبد الرحمن بن علي بن محمد الجوزي (المتوفى: 597هـ)	ShamAY	26677	0.66407
		عيون الأثر - الجزء1	ابن سيد الناس	Masaha	2308	0.66398
		أخبار الثقلاء للخلال	أبو محمد الحسن بن محمد بن الحسن بن علي البغدادي الخلال (المتوفى: 439ه)	ShamelaY19	26758	0.66389
		تاريخ بغداد  - الجزء1	الخطيب البغدادي	Masaha	3717	0.66387
		الأربعون الصغرى للبيهقي	أحمد بن الحسين بن علي بن موسى الخُسْرَوْجِردي الخراساني، أبو بكر البيهقي (المتوفى: 458هـ)	ShamAY	12992	0.66382
		الأنساب = أنساب العرب = تاريخ العوتبي	أبو المنذر سلمة بن مسلم بن إبراهيم الصحاري العوتبي (العماني الإباضي) نسبة الى عوتب وهي منطقة في صحار كانت تسمى في القديم: عوتب الخيام (المتوفى: 511ه)	Sham19Y	491	0.66373
		رجال العلامة الحلي‏	العلامة الحلي	Masaha	4722	0.6635
		تاريخ مدينة دمشق [ج ١٢]	أبي القاسم علي بن الحسن ابن هبة الله بن عبد الله الشافعي [ ابن عساكر ]	Rafed	1780	0.66347
		الثاني عشر من المشيخة البغدادية لأبي طاهر السلفي	صدر الدين، أبو طاهر السِّلَفي أحمد بن محمد بن أحمد بن محمد بن إبراهيم سِلَفَه الأصبهاني (المتوفى: 576هـ)	ShamAY	30097	0.66341
		معجم الشعراء	المرزباني	ShamelaY19	26552	0.6634
		فضل الرمي وتعليمه للطبراني	سليمان بن أحمد بن أيوب بن مطير اللخمي الشامي، أبو القاسم الطبراني (المتوفى: 360هـ)	ShamAY	8239	0.66316
		نسب معد واليمن الكبير	أبو المنذر هشام بن محمد بن السائب الكلبي (المتوفى: 204ه)	ShamelaY19	28172	0.66309
		من حديث أبي القاسم عبد العزيز بن علي الأزجي عن شيوخه - مخطوط	أبو القاسم عبد العزيز بن علي بن أحمد الأزجي	ShamAY	32871	0.66308
		تاريخ بغداد وذيوله ط العلمية	أبو بكر أحمد بن علي بن ثابت بن أحمد بن مهدي الخطيب البغدادي (المتوفى: 463ه)	ShamelaY19	23764	0.66305
		حديث ابن رزقويه	ابْنُ رَزْقُوَيْه أَبُو الحَسَنِ مُحَمَّدُ بنُ أَحْمَدَ بنِ مُحَمَّدِ بنِ أَحْمَدَ بنِ رَزْقِ بنِ عَبْدِ اللهِ بنِ يَزِيْدَ البَغْدَادِيُّ، البَزَّاز (المتوفى: 412هـ)	ShamAY	30429	0.66302
		منتخب الأثر في الإمام الثاني عشر عليه السلام - الجزء1	الشيخ لطف الله الصافي	Masaha	3220	0.66291
		من حديث أبي الفرج أحمد بن محمد بن إسحاق العكبري - مخطوط		ShamAY	32805	0.66289
		تاريخ الإسلام ووفيات المشاهير والأعلام [ج ٣٩]	شمس الدين محمّد بن أحمد بن عثمان الذّهبي	Rafed	3597	0.66287
		المؤتلف والمختلف في أسماء الشعراء وكناهم وألقابهم وأنسابهم وبعض شعرهم	أبو القاسم الحسن بن بشر الآمدي (المتوفى: 370هـ)	ShamAY	10913	0.66286
		جزء فيه أحاديث عوال من مسموعات محمد بن عبد المنعم بن عمار بن هامل	محمد بن عبد المنعم ابن عمار بن هامل الحراني الحنبلي (المتوفى: 671هـ)	ShamAY	26557	0.66285
		تعليقة على العلل لابن أبي حاتم	شمس الدين محمد بن أحمد بن عبد الهادي بن يوسف الدمشقي الحنبلي (المتوفى: 744هـ)	ShamAY	11569	0.66282
		صفات رب العالمين لابن المحب الصامت، من بداية (باب الرزق)، إلى نهاية (باب نزول الله جل ثناؤه يوم القيامة)	شمس الدين ابن المحب الصامت (712 ه - 789 ه)	ShamelaY19	132403	0.66276
		الرابع والعشرون من المشيخة البغدادية لأبي طاهر السلفي	صدر الدين، أبو طاهر السلفي أحمد بن محمد بن أحمد بن محمد بن إبراهيم سلفه الأصبهاني (المتوفى: 576ه)	ShamelaY19	30122	0.66237
		من حديث أبي علي اللحياني عن شيوخه - مخطوط (ن)	أبو علي الحسين بن محمد بن يوسف اللحياني (المتوفى: ق 4ه)	ShamelaY19	21672	0.66234
		مجلسان من أمالي أبي محمد الجوهري	الحسن بن علي بن محمد، أبو محمد الجوهري (المتوفى: 454هـ)	ShamAY	29771	0.66233
		جزء تحفة عيد الفطر	زاهر بن طاهر بْنُ مُحَمَّدِ الشحّامي، أبو القاسم (المتوفى: 533هـ)	ShamAY	1112	0.66233
		العيال لابن أبي الدنيا - ط أطلس الخضراء = مقابل	أبو بكر عبد الله بن محمد ابن أبي الدنيا	ShamAY	38104	0.66227
		 أعيان الشيعة 	 السيد محسن الأمين 	ABLibrary	75	0.66224
		مجلس لأبي عبد الرحمن السلمي	محمد بن الحسين بن محمد بن موسى بن خالد بن سالم النيسابوري، أبو عبد الرحمن السلمي (المتوفى: 412ه)	ShamelaY19	30142	0.66222
		أحاديث من تخريج أبي محمد عبد الخالق بن أحمد لولده أبي الحسين عبد الحق - مخطوط	أبو الحسين عبد الحق بن عبد الخالق بن أحمد بن عبد القادر بن محمد بن يوسف	ShamAY	32833	0.66196
		الخامس والعشرون من المشيخة البغدادية لأبي طاهر السلفي	صدر الدين، أبو طاهر السلفي أحمد بن محمد بن أحمد بن محمد بن إبراهيم سلفه الأصبهاني (المتوفى: 576ه)	ShamelaY19	30116	0.66195
		جامع بيان العلم وفضله - مؤسسة الريان	أبو عمر يوسف بن عبد الله بن عبد البر النمري القرطبي	ShamAY	33956	0.66193
		ما قرب سنده من حديث للإمام أبي القاسم إسماعيل بن أحمد السمرقندي	أبو القاسم إسماعيل بن أحمد بن عمر بن أبي الأشعث السمرقندي، الدمشقي المولد، البغدادي الوطن (المتوفى: 536ه)	ShamelaY19	26481	0.66191
		تاريخ علماء الأندلس	عبد الله بن محمد بن يوسف بن نصر الأزدي، أبو الوليد، المعروف بابن الفرضي (المتوفى: 403ه)	ShamelaY19	30743	0.66191
		فتوح البلدان	احمد بن يحيي بلاذري	Ghbook	9466	0.66186
		مَشْيَخَةُ أَبِي يُوسُف يَعْقُوبَ بْنِ سُفْيَانَ الْفَسَوِيِّ - مخطوط	يعقوب بن سفيان الفسوي	ShamAY	38035	0.66165
		من حديث الشيرازي وإسماعيل بن جعفر للضياء المقدسي - مخطوط	ضياء الدين محمد بن عبد الواحد المقدسي	ShamAY	32893	0.66158
		مَجْلِسٌ مِنْ أَمَالِي الشَّيْخِ الزَّاهِدِ أَبِي بَكْرٍ مُحَمَّدِ بْنِ الْحُسَيْنِ ابْنِ فَنْجُوَيْهِ الثَّقَفِيِّ فِي «فَضْلِ رَمَضَانَ» .	أَبُو عَبْدِ اللهِ الحُسَيْنُ بنُ مُحَمَّدِ بنِ الحُسَيْنِ بنِ عَبْدِ اللهِ بنِ صَالِحِ بنِ شُعَيْب بنِ فَنْجَوَيْهِ الثَّقَفِيُّ، الدِّيْنَوَرِيُّ (المتوفى: 414هـ)	ShamAY	3548	0.66156
		أحاديث ابن الضريس وأبي بكر الأيامي لأبي سهل الجواليقي - مخطوط	أبو سهل أحمد بن محمد بن جمان الجواليقي	ShamAY	32957	0.6615
		ثلاثة مجالس في الحديث للجوهري رواية ابن البناء - مخطوط	أبو محمد الحسن بن علي الجوهري	ShamAY	32954	0.66144
		جزء تحفة عيد الفطر	زاهر بن طاهر بن محمد الشحامي، أبو القاسم (المتوفى: 533ه)	ShamelaY19	37610	0.66142
		تاريخ الإسلام ووفيات المشاهير والأعلام [ج ٢٣]	شمس الدين محمّد بن أحمد بن عثمان الذّهبي	Rafed	3501	0.66141
		بَهْجَة المحَافِل وأجمل الوَسائل بالتعريف برواة الشَّمَائل	إبراهيم بن إبراهيم بن حسن اللقاني، أبو الإمداد، برهان الدين المالكي (المتوفى: 1041هـ)	ShamAY	1738	0.66122
		من حديث أبي بكر بن سلم الختلي - مخطوط	أبو بكر أحمد بن جعفر بن محمد بن سلم الختلي	ShamAY	32930	0.66117
		المجروحين لابن حبان (دار الوعي)	أبو حاتم محمد بن حبان البستي	ShamAY	34602	0.661
		سنن الدارمي - ت: دهمان	الدارمي، أبو محمد	ShamAY	33961	0.6609
		الأنساب = أنساب العرب = تَارِيخِ العَوْتَبِي	أبو المنذر سلمة بن مسلم بن إبراهيم الصحاري العوتبي (العُمَاني الإباضي) نسبة الى عَوْتَب وهي منطقة في صُحار كانت تسمى في القديم: عوتب الخيام (المتوفى: 511هـ)	ShamAY	491	0.66082
		تاريخ أمراء المدينة المنورة	عارف أحمد عبد الغني	Masaha	4115	0.66077
		الثاني من الأفراد للدارقطني	أبو الحسن علي بن عمر بن أحمد بن مهدي بن مسعود بن النعمان بن دينار البغدادي الدارقطني (المتوفى: 385هـ)	ShamAY	30609	0.66074
		منتهى رغبات السامعين في عوالي أحاديث التابعين	محمد بن عمر بن أحمد بن عمر بن محمد الأصبهاني المديني، أبو موسى (المتوفى: 581ه)	ShamelaY19	30790	0.66071
		الكشف الحثيث عمن رمي بوضع الحديث	برهان الدين الحلبي أبو الوفا إبراهيم بن محمد بن خليل الطرابلسي الشافعي سبط ابن العجمي (المتوفى: 841ه)	Sham19Y	5832	0.66065
		مجلس لابن بالويه - مخطوط		ShamAY	32790	0.66057
		جمهرة نسب قريش وأخبارها	الزبير بن بكار بن عبد الله القرشي الأسدي المكي (المتوفى: 256هـ)	ShamAY	26525	0.66055
		القطوف الدانية فيما انفرد به الدارمي عن الثمانية	مرزوق بن هياس الزهراني	ShamelaY19	132387	0.66055
		فضائل أمير المؤمنين(ع)	ابن عقدة الكوفي‏	Masaha	2871	0.66053
		فضائل القرآن وما أنزل من القرآن بمكة وما أنزل بالمدينة	أبو عبد الله محمد بن أيوب بن يحيى بن الضريس بن يسار الضريس البجلي الرازي (المتوفى: 294هـ)	ShamAY	9317	0.66051
		جزء فيه أحاديث أبي عبد الله الحسين بن الحسن الغضائري	أَبُو عَبْدِ اللهِ الحُسَيْنُ بنُ الحَسَنِ بنِ مُحَمَّدِ بنِ حَلْبَس المَخْزُوْمِيُّ، الغَضَائِرِيُّ، البَغْدَادِيُّ (المتوفى: 414هـ)	ShamAY	26395	0.66042
		إرشاد القاصي والداني إلى تراجم شيوخ الطبراني = التراجم	أبو الطيب نايف بن صلاح بن علي المنصوري	ShamAY	38012	0.6603
		وفيات قوم من المصريين ونفر سواهم من سنة 375	إبراهيم بن سعيد النعماني - بالولاء - المصري، أبو إسحاق الْحَبَّال (المتوفى: 482هـ)	ShamAY	5871	0.66015
		مجموع فيه ثلاثة أجزاء حديثية - جرار	مجموعة من المؤلفين	Sham19Y	29857	0.66012
		الجزء 5 و 6 و 7 و 8 من أحاديث عبد الرحمن بن بشر بن الحكم العبدي - مخطوط	زاهر بن طاهر الشحامي	ShamAY	32798	0.66008
		الاختيار في بيع العقار	يوسف بن عبد الهادي (909 هـ)	ShamAY	34285	0.66
		المشيخة البغدادية لأبي طاهر السلفي - مخطوط	صدر الدين، أبو طاهر السلفي أحمد بن محمد بن أحمد بن محمد بن إبراهيم سلفه الأصبهاني (المتوفى: 576ه)	ShamelaY19	21634	0.65994
		تاريخ مدينة دمشق [ج ٧٤]	أبي القاسم علي بن الحسن ابن هبة الله بن عبد الله الشافعي [ ابن عساكر ]	Rafed	2608	0.6599
		مسند خليفة بن خياط	أبو عمرو خليفة بن خياط بن خليفة الشيباني العصفري البصري (المتوفى: 240هـ)	ShamAY	12863	0.65988
		تأويل ما نزل من القرآن الكريم في النبي وآله (ص)	الماهيار البزّاز	Masaha	221	0.65988
		مسند الإمام أحمد بن حنبل	أبو عبد الله أحمد بن محمد بن حنبل بن هلال بن أسد الشيباني (المتوفى: 241ه)	ShamelaY19	98139	0.65978
		الكشف الحثيث عمن رمي بوضع الحديث	برهان الدين الحلبي أبو الوفا إبراهيم بن محمد بن خليل الطرابلسي الشافعي سبط ابن العجمي (المتوفى: 841هـ)	ShamAY	5832	0.65977
		التحبير في المعجم الكبير	عبد الكريم بن محمد بن منصور التميمي السمعاني المروزي، أبو سعد (المتوفى: 562هـ)	ShamAY	1694	0.65967
		مجموع فيه ثلاثة أجزاء حديثية - جرار	مجموعة من المؤلفين	ShamAY	84	0.65966
		من عوالي مسند عبد بن حميد - مخطوط (ن)	أبو محمد عبد الحميد بن حميد بن نصر الكَسّي ويقال له: الكَشّي بالفتح والإعجام (المتوفى: 249هـ)	ShamAY	21676	0.65963
		تاريخ المدينة لابن شبة	عمر بن شبة (واسمه زيد) بن عبيدة بن ريطة النميري البصري، أبو زيد (المتوفى: 262هـ)	ShamAY	13086	0.6595
		الدرر في اختصار المغازي و السير	يوسف بن عبدالله نمري اندلسي ابن عبد البر	Ghbook	9183	0.65946
		مجالس في تفسير قوله تعالى: {لقد من الله على المؤمنين إذ بعث فيهم رسولا من أنفسهم}	ابن ناصر الدين (842 هـ)	ShamAY	33586	0.65939
		كتاب تاريخ أصبهان [ج ١]	أبي نعيم أحمد بن عبدالله بن أحمد بن إسحاق ابن موسى بن مهران المهراني الأصبهاني	Rafed	2251	0.65937
		السادس والعشرون من المشيخة البغدادية لأبي طاهر السلفي	صدر الدين، أبو طاهر السلفي أحمد بن محمد بن أحمد بن محمد بن إبراهيم سلفه الأصبهاني (المتوفى: 576ه)	ShamelaY19	30126	0.65935
		كتاب الصلاة على النبي صلى الله عليه وسلم	أبو بكر بن أبي عاصم وهو أحمد بن عمرو بن الضحاك بن مخلد الشيباني (المتوفى: 287هـ)	ShamAY	1366	0.6592
		نفحات الأزهار في خلاصة عبقات الأنوار [ج ١٧]	السيّد علي الحسيني الميلاني	Rafed	472	0.65919
		المجروحين لابن حبان ت حمدي	ابن حبان	Sham19Y	151099	0.6591
		تخريج الأحاديث المرفوعة المسندة في كتاب التاريخ الكبير للبخاري	محمد بن إسماعيل بن إبراهيم بن المغيرة البخاري، أبو عبد الله (المتوفى: 256هـ)	ShamAY	8223	0.65909
		جامع المسانيد والسنن الهادي لأقوم سنن	أبو الفداء إسماعيل بن عمر بن كثير القرشي البصري ثم الدمشقي (المتوفى: 774ه)	ShamelaY19	21809	0.65909
		الحلم لابن أبي الدنيا - ط أطلس الخضراء = مقابل	أبو بكر عبد الله بن محمد ابن أبي الدنيا	ShamAY	38060	0.65905
		معجم أبي يعلى الموصلي	أبو يعلى أحمد بن علي بن المثنى بن يحيى بن عيسى بن هلال التميمي، الموصلي (المتوفى: 307ه)	Sham19Y	13175	0.65901
		فوائد العراقيين لأبي سعيد النقاش	أبو سعيد محمد بن علي بن عمر بن مهدي الأصبهاني الحنبلي النقاش (المتوفى: 414هـ)	ShamAY	13146	0.65897
		مجلس من أمالي الباطرقاني - مخطوط (ن)	أحمد بن الفضل بن محمد الأصبهاني الباطرقاني، أبو بكر (المتوفى: 460ه)	Sham19Y	21664	0.65893
		مجلس لأبي عبد الرحمن السلمي	محمد بن الحسين بن محمد بن موسى بن خالد بن سالم النيسابوري، أبو عبد الرحمن السلمي (المتوفى: 412ه)	Sham19Y	30142	0.65889
		طبقات المفسرين للداوودي	محمد بن علي بن أحمد، شمس الدين الداوودي المالكي (المتوفى: 945ه)	ShamelaY19	27084	0.65881
		أنساب الأشراف للبلاذري	أحمد بن يحيى بن جابر بن داود البَلَاذُري (المتوفى: 279هـ)	ShamAY	9773	0.65865
		الأربعون المستخرجة من الصحاح من روايات المحمدين	عبد الرزاق بن محمد بن أبي نصر أحمد بن محمد بن عيسى بن عمار أبو المحاسن الطبسي (المتوفى: 537ه)	ShamelaY19	29772	0.6586
		مفتاح معاني الأخبار للكلاباذي - النسخة الخطية الكاملة	أبو بكر محمد بن إبراهيم الكلاباذي	ShamAY	38055	0.65854
		حفظ العمر لابن الجوزي	جمال الدين أبو الفرج عبد الرحمن بن علي بن محمد الجوزي (المتوفى: 597ه)	ShamelaY19	26677	0.65835
		تاريخ الإسلام ووفيات المشاهير والأعلام [ج ٣٢]	شمس الدين محمّد بن أحمد بن عثمان الذّهبي	Rafed	3567	0.65822
		المستدرك على الصحيحين للحاكم (ت مقبل)	أبو عبد الله محمد بن عبد الله بن محمد بن حمدويه الحاكم النيسابوري (المتوفى: 405هـ)	ShamAY	33945	0.65819
		الذرية الطاهرة	أبو بشر الدولابي	Masaha	2025	0.65811
		الجزء الثالث من المشيخة البغدادية لأبي طاهر السلفي	صدر الدين، أبو طاهر السلفي أحمد بن محمد بن أحمد بن محمد بن إبراهيم سلفه الأصبهاني (المتوفى: 576ه)	ShamelaY19	30621	0.65802
		نقد الرجال [ج ٤]	السيد مصطفى بن الحسين الحسيني التفرشي	Rafed	139	0.65787
		أمالي ابن منده- رواية البزاني	أبو عبد الله محمد بن إسحاق بن محمد بن يحيى بن مَنْدَه العبدي (المتوفى: 395هـ)	ShamAY	29737	0.65784
		المنتظم في تاريخ الأمم و الملوك‏ - الجزء1	أبو الفرج ابن الجوزي	Masaha	2923	0.65782
		من حديث عبد الباقي بن قانع وجعفر بن هارون الدينوري لأبي علي ابن شاذان - مخطوط	أبو علي الحسن بن أحمد ابن شاذان	ShamAY	32934	0.65765
		مجلس من أمالي أبي عبد الله العطار	أبو عبد الله محمد بن مخلد بن حفص العطار الدوري البغدادي (المتوفى: 331ه)	ShamelaY19	29858	0.6576
		الإخوان لابن أبي الدنيا - ط أطلس الخضراء = مقابل	أبو بكر عبد الله بن محمد ابن أبي الدنيا	ShamAY	38053	0.65753
		 دلائل النبوة ومعرفة أحوال صاحب الشريعة 	 أحمد بن الحسين البيهقي 	ABLibrary	934	0.65753
		الوصية بحث في تحقيق ألفاظ حديث الثقلين	بدر الدين بن الطيب كسوبة	Masaha	492	0.65751
		أحاديث منتقاة في غرائب ألفاظ رسول الله مما يحتاج إلى استعماله	أبو الفتح محمد بن الحسين بن أحمد بن عبد الله بن بريدة الموصلي الأزدي (المتوفى: 374ه)	ShamelaY19	29727	0.65744
		تهذيب سيرة ابن هشام	الواحدي :: عبد السلام هارون	ShamAY	37388	0.65735
		النشر فى القراءات العشر [ج ١]	الحافظ أبي الخير محمّد بن محمّد الدمشقي	Rafed	1119	0.65729
		رفع البأس عن بني العباس	الواحدي :: السيوطي	ShamAY	35870	0.65694
		الجزء الخامس من المشيخة البغدادية	صدر الدين، أبو طاهر السِّلَفي أحمد بن محمد بن أحمد بن محمد بن إبراهيم سِلَفَه الأصبهاني (المتوفى: 576هـ)	ShamAY	30625	0.65679
		الأمالي	الشيخ الصدوق	Masaha	4545	0.65676
		ذم المسكر لابن أبي الدنيا	أبو بكر عبد الله بن محمد بن عبيد بن سفيان بن قيس البغدادي الأموي القرشي المعروف بابن أبي الدنيا (المتوفى: 281هـ)	ShamAY	13117	0.65659
		الضعفاء والمتروكون للنسائي = التراجم	أبو عبد الرحمن أحمد بن شعيب بن علي الخراساني، النسائي (المتوفى: 303 هـ)	ShamAY	38019	0.65656
		الثاني من أمالي أبي الحسين بن بشران	علي بن محمد بن عبد الله بن بشران الأموي أبو الحسين البغدادي المعدل (المتوفى: 415ه)	ShamelaY19	30399	0.6565
		مسند سعد بن أبي وقاص	أبو عبد الله أحمد بن إبراهيم بن كثير بن زيد بن أفلح بن منصور بن مزاحم العبدي المعروف بـ الدَّوْرَقي (المتوفى: 246هـ)	ShamAY	13166	0.65644
		شرح أبي داود للعيني	أبو محمد محمود بن أحمد بن موسى بن أحمد بن حسين الغيتابى الحنفى بدر الدين العينى (المتوفى: 855هـ)	ShamAY	8540	0.65635
		تاريخ أبي زرعة الدمشقي	عبد الرحمن بن عمرو بن عبد الله بن صفوان النصري المشهور بأبي زرعة الدمشقي الملقب بشيخ الشباب (المتوفى: 281هـ)	ShamAY	30741	0.65635
		العلل ومعرفة الرجال لأحمد رواية ابنه عبد الله	أبو عبد الله أحمد بن محمد بن حنبل بن هلال بن أسد الشيباني (المتوفى: 241هـ)	ShamAY	2331	0.65631
		الثالث والثلاثون من المشيخة البغدادية لأبي طاهر السلفي	صدر الدين، أبو طاهر السِّلَفي أحمد بن محمد بن أحمد بن محمد بن إبراهيم سِلَفَه الأصبهاني (المتوفى: 576هـ)	ShamAY	30092	0.6563
		إسعاف المبطأ برجال الموطأ	عبد الرحمن بن أبي بكر، جلال الدين السيوطي (المتوفى: 911ه)	Sham19Y	5849	0.65627
		جزء فيه أحاديث عوال من مسموعات محمد بن عبد المنعم بن عمار بن هامل	محمد بن عبد المنعم ابن عمار بن هامل الحراني الحنبلي (المتوفى: 671ه)	ShamelaY19	26557	0.65621
		جزء البطاقة للكناني	حمزة بن محمد بن علي بن العباس، أبو القاسم الكناني المصري (المتوفى: 357ه)	Sham19Y	13100	0.65616
		الجزء الرابع من فضائل أبي حنيفة وأخباره ومناقبه للسعدي - مخطوط	أبو القاسم عبد الله بن محمد بن أحمد بن يحيى بن الحارث السعدي	ShamAY	32755	0.65611
		تاريخ أسماء الضعفاء والكذابين - ت القشقري = التراجم	أبو حفص عمر بن أحمد بن عثمان بن أحمد بن محمد بن أيوب بن أزداذ البغدادي المعروف بـ ابن شاهين (المتوفى: 385هـ)	ShamAY	38209	0.65601
		الضعفاء والمتروكون للدارقطني - الفاروق	أبو الحسن علي بن عمر الدارقطني	ShamAY	34651	0.65597
		الجزء فيه الثاني من حديث الوزير أبي القاسم عيسى بن علي بن عيسى بن داود الجراح	أبو القاسم عيسى بن علي بن عيسى بن داود الجراح (391 هـ)	ShamAY	33629	0.65583
		فضائل التسمية بأحمد ومحمد	أبو عبد الله الحسين بن أحمد بن عبد الله بن بكير البغدادي الصيرفي (المتوفى: 388هـ)	ShamAY	13135	0.65581
		تاريخ الإسلام ووفيات المشاهير والأعلام [ج ٣٠]	شمس الدين محمّد بن أحمد بن عثمان الذّهبي	Rafed	3561	0.65576
		كامل الزيارات	ابن قولويه القمي	Masaha	689	0.65576
		ذيل وفيات الأعيان المسمى «درة الحجال فى أسماء الرجال»	أبو العباس أحمد بن محمد المكناسى الشهير بابن القاضى (960 - 1025 ه‍)	ShamelaY19	132965	0.65565
		الوصيّة	بدر الدين بن الطيّب كسوبة	Rafed	1212	0.65561
		معجم أبي يعلى الموصلي	أبو يعلى أحمد بن علي بن المثُنى بن يحيى بن عيسى بن هلال التميمي، الموصلي (المتوفى: 307هـ)	ShamAY	13175	0.65553
		فوائد العراقيين لأبي سعيد النقاش	أبو سعيد محمد بن علي بن عمر بن مهدي الأصبهاني الحنبلي النقاش (المتوفى: 414ه)	Sham19Y	13146	0.65551
		محاسبة النفس لابن أبي الدنيا - ط أطلس الخضراء = مقابل	أبو بكر عبد الله بن محمد ابن أبي الدنيا	ShamAY	38126	0.6555
		جزء القاضي أبي القاسم الميانجي	يوسف بن القاسم بن يوسف بن فارس بن سوار، أبو بكر المِيانِجي (المتوفى: 375هـ)	ShamAY	29728	0.65544
		الثالث والعشرون من المشيخة البغدادية لأبي طاهر السلفي	صدر الدين، أبو طاهر السلفي أحمد بن محمد بن أحمد بن محمد بن إبراهيم سلفه الأصبهاني (المتوفى: 576ه)	ShamelaY19	30093	0.65544
		التوبة لابن عساكر - ت: محمد مطيع الحافظ	علي بن الحسن بن هبة الله الشافعي	ShamAY	33615	0.65539
		الجزء الرابع من رباعي التابعين	محمد بن عمر بن أحمد بن عمر بن محمد الأصبهاني المديني، أبو موسى (المتوفى: 581ه)	Sham19Y	29793	0.65538
		مسند الإمام أحمد بن حنبل	أبو عبد الله أحمد بن محمد بن حنبل بن هلال بن أسد الشيباني (المتوفى: 241هـ)	ShamAY	31623	0.65528
		مسند الإمام الشهيد أبي عبدالله الحسين بن علي عليهما السلام [ج ٣]	الشيخ عزيز الله العطاردي	Rafed	3224	0.65526
		مجلس من أمالي أبي سعد البغدادي	أَبُو سَعْدٍ أَحْمَدُ بنُ مُحَمَّدِ بنِ أَحْمَدَ بنِ الحَسَنِ بنِ عَلِيِّ بنِ أَحْمَدَ بنِ سُلَيْمَانَ االبَغْدَادِيُّ الأَصْل، الأَصْبَهَانِيُّ (المتوفى: 540هـ)	ShamAY	29903	0.65519
		الأحاديث المائة المشتملة على مائة نسبة إلى الصنائع	شمس الدين محمد بن علي بن خمارويه بن طولون الدمشقي الصالحي الحنفي (المتوفى: 953هـ)	ShamAY	5640	0.65518
		الثاني عشر من المشيخة البغدادية لأبي طاهر السلفي	صدر الدين، أبو طاهر السلفي أحمد بن محمد بن أحمد بن محمد بن إبراهيم سلفه الأصبهاني (المتوفى: 576ه)	ShamelaY19	30097	0.65503
		فهارس الشيعه: فهرست عبدالله بن جعفر الحميري	مهدي خداميان آراني	Ghbook	15585	0.65502
		معجم الصحابة لابن قانع	أبو الحسين عبد الباقي بن قانع بن مرزوق بن واثق الأموي بالولاء البغدادي (المتوفى: 351هـ)	ShamAY	13178	0.65482
		صحيح ابن خزيمة (مع تعليقات محمود خليل)	أبو بكر محمد بن إسحاق بن خزيمة السلمي	ShamAY	33968	0.6548
		مسند الإمام أحمد بن حنبل	أبو عبد الله أحمد بن محمد بن حنبل بن هلال بن أسد الشيباني (المتوفى: 241ه)	Sham19Y	98139	0.6548
		مسند خليفة بن خياط	أبو عمرو خليفة بن خياط بن خليفة الشيباني العصفري البصري (المتوفى: 240ه)	Sham19Y	12863	0.65444
		 العقد الثمين في تاريخ البلد الأمين 	 محمد بن أحمد الفاسي 	ABLibrary	9145	0.65417
		جزء ما رواه الزبير عن غير جابر لأبي الشيخ الأصبهاني	أبو محمد عبد الله بن محمد بن جعفر بن حيان الأنصاري المعروف بأبِي الشيخ الأصبهاني (المتوفى: 369هـ)	ShamAY	13108	0.65415
		تاريخ علماء الأندلس - ط الخانجي = التراجم	عبد الله بن محمد بن يوسف بن نصر الأزدي، أبو الوليد، المعروف بابن الفرضي (المتوفى: 403 هـ)	ShamAY	38194	0.65411
		الخامس من الفوائد المنتقاة الحسان	أبو الحسن علي بن عمر بن أحمد بن مهدي بن مسعود بن النعمان بن دينار البغدادي الدارقطني (المتوفى: 385ه)	ShamelaY19	30361	0.65411
		اعتلال القلوب للخرائطي	أبو بكر محمد بن جعفر بن محمد بن سهل بن شاكر الخرائطي السامري (المتوفى: 327هـ)	ShamAY	1304	0.6541
		السابع عشر من المشيخة البغدادية لأبي طاهر السلفي	صدر الدين، أبو طاهر السِّلَفي أحمد بن محمد بن أحمد بن محمد بن إبراهيم سِلَفَه الأصبهاني (المتوفى: 576هـ)	ShamAY	30123	0.65404
		الجزء الرابع من رباعي التابعين	محمد بن عمر بن أحمد بن عمر بن محمد الأصبهاني المديني، أبو موسى (المتوفى: 581ه)	ShamelaY19	29793	0.65399
		الدليل المغني لشيوخ الإمام أبي الحسن الدارقطني	أبو الطيب نايف بن صلاح بن علي المنصوري	ShamAY	31826	0.65371
		الكشف الحثيث عمن رمي بوضع الحديث	برهان الدين الحلبي أبو الوفا إبراهيم بن محمد بن خليل الطرابلسي الشافعي سبط ابن العجمي (المتوفى: 841هـ)	ShamAY	38183	0.65368
		المجتبى (المعروف بالسنن الصغرى) للنسائي - ط التأصيل	أبو عبد الرحمن أحمد بن شعيب النسائي	ShamAY	33998	0.65358
		الثامن عشر من المشيخة البغدادية لأبي طاهر السلفي	صدر الدين، أبو طاهر السِّلَفي أحمد بن محمد بن أحمد بن محمد بن إبراهيم سِلَفَه الأصبهاني (المتوفى: 576هـ)	ShamAY	30095	0.65336
		الثاني من أمالي أبي الحسين بن بشران	علي بن محمد بن عبد الله بن بشران الأموي أبو الحسين البغدادي المعدل (المتوفى: 415ه)	Sham19Y	30399	0.65331
		 بهجة النظر في إثبات الوصاية والإمامة للأئمة الاثني عشر ( ع ) 	 السيد هاشم البحراني 	ABLibrary	7444	0.65328
		أحاديث عفان بن مسلم	عفان بن مسلم بن عبد الله الباهلى، أبو عثمان الصفار البصرى، مولى عزرة بن ثابت الأنصارى (المتوفى: بعد 219هـ)	ShamAY	30305	0.6532
		إسعاف المبطأ برجال الموطأ	عبد الرحمن بن أبي بكر، جلال الدين السيوطي (المتوفى: 911هـ)	ShamAY	5849	0.65317
		افتتاح القاري لصحيح البخاري لابن ناصر الدين	ابن ناصر الدين (842 هـ)	ShamAY	33545	0.65313
		الذريّة الطاهرة	أبي بشر محمّد بن أحمد الرازي الدولابي	Rafed	1090	0.65304
		الثالث والثلاثون من المشيخة البغدادية لأبي طاهر السلفي	صدر الدين، أبو طاهر السلفي أحمد بن محمد بن أحمد بن محمد بن إبراهيم سلفه الأصبهاني (المتوفى: 576ه)	ShamelaY19	30092	0.65303
		عيون الأثر في فنون المغازي والشمائل والسير	محمد بن محمد بن محمد بن أحمد، ابن سيد الناس، اليعمري الربعي، أبو الفتح، فتح الدين (المتوفى: 734هـ)	ShamAY	23653	0.65288
		جمهرة نسب قريش وأخبارها	الزبير بن بكار بن عبد الله القرشي الأسدي المكي (المتوفى: 256ه)	ShamelaY19	26525	0.65285
		إسعاف المبطأ - دار الهجرة	جلال الدين السيوطي	ShamAY	34624	0.65273
		معجم رجال الحديث [ج ١]	السيّد أبو القاسم الموسوي الخوئي	Rafed	707	0.65261
		ذكر ابن أبي الدنيا وما وقع عاليًا من حديثه	محمد بن عمر بن أحمد بن عمر بن محمد الأصبهاني المديني، أبو موسى (المتوفى: 581هـ)	ShamAY	9510	0.6526
		الجزء الأول من حديث الزهري للأبار - مخطوط	أبو العباس أحمد بن علي بن مسلم الأبار	ShamAY	38636	0.65254
		مجلس من أمالي الباطرقاني - مخطوط (ن)	أحمد بن الفضل بن محمد الأصبهاني الباطرقاني، أبو بكر (المتوفى: 460ه)	ShamelaY19	21664	0.6524
		مسند عقبة بن عامر	زين الدين أبو العدل قاسم بن قطلوبغا السودوني (نسبة إلى معتق أبيه سودون الشيخوني) الجمالي الحنفي (المتوفى: 879ه)	ShamelaY19	30774	0.65236
		الجزء الرابع من حديث ابن صاعد - مخطوط	أبو محمد يحيى بن محمد بن صاعد	ShamAY	32877	0.6521
		أحاديث عفان بن مسلم	عفان بن مسلم بن عبد الله الباهلى، أبو عثمان الصفار البصرى، مولى عزرة بن ثابت الأنصارى (المتوفى: بعد 219ه)	ShamelaY19	30305	0.65209
		الصَّحيِحُ من أحاديث السّيرة النبوية	أبو عمر، محمد بن حمد الصوياني	ShamAY	31747	0.65189
		النزول للدارقطني	أبو الحسن علي بن عمر بن أحمد بن مهدي بن مسعود بن النعمان بن دينار البغدادي الدارقطني (المتوفى: 385ه)	Sham19Y	13074	0.65187
		مغاني الأخيار في شرح أسامي رجال معاني الآثار	أبو محمد محمود بن أحمد بن موسى بن أحمد بن حسين الغيتابى الحنفى بدر الدين العينى (المتوفى: 855هـ)	ShamAY	10452	0.65185
		جزء في تفسير الباقيات الصالحات	صلاح الدين أبو سعيد خليل بن كيكلدي بن عبد الله الدمشقي العلائي (المتوفى: 761هـ)	ShamAY	5509	0.65169
		الإبانة عن شريعة الفرقة الناجية. الكتاب الرابع (جزء في فضائل الصحابة)	أبو عبدالله عبيدالله بن محمد بن بطة العكبري الحنبلي	ShamAY	33871	0.65157
		الترجمة الذهبية لأعلام آل تيمية	محمد صالح قرواش اليافعي	ShamAY	35812	0.65153
		تسمية فقهاء الأمصار من أصحاب رسول الله صلى الله عليه وسلم ومن بعدهم	أبو عبد الرحمن أحمد بن شعيب بن علي الخراساني، النسائي (المتوفى: 303هـ)	ShamAY	5820	0.65149
		إصلاح المال لابن أبي الدنيا - ط أطلس الخضراء = مقابل	أبو بكر عبد الله بن محمد ابن أبي الدنيا	ShamAY	38076	0.65145
		جزء البطاقة للكناني	حمزة بن محمد بن علي بن العباس، أبو القاسم الكناني المصري (المتوفى: 357هـ)	ShamAY	13100	0.6514
		شَذَرَاتُ من إتْحَافِ الأرِيبِ بأحكام مراتب تقريب التهذيب	أحمد محمد شحاته الألفى السكندرى	ShamAY	3975	0.65138
		فض الوعاء في أحاديث رفع اليدين بالدعاء	عبد الرحمن بن أبي بكر، جلال الدين السيوطي (المتوفى: 911هـ)	ShamAY	6262	0.65126
		تاريخ بغداد وذيوله ط العلمية	أبو بكر أحمد بن علي بن ثابت بن أحمد بن مهدي الخطيب البغدادي (المتوفى: 463ه)	Sham19Y	23764	0.6512
		منتخب من كتاب الشعراء لأبي نعيم الأصبهاني	أبو نعيم أحمد بن عبد الله بن أحمد بن إسحاق بن موسى بن مهران الأصبهاني (المتوفى: 430هـ)	ShamAY	27105	0.65118
		القناعة والتعفف لابن أبي الدنيا - ط أطلس الخضراء = مقابل	أبو بكر عبد الله بن محمد ابن أبي الدنيا	ShamAY	38057	0.65102
		العقل وفضله لابن أبي الدنيا	أبو بكر عبد الله بن محمد بن عبيد بن سفيان بن قيس البغدادي الأموي القرشي المعروف بابن أبي الدنيا (المتوفى: 281هـ)	ShamAY	3732	0.65101
		مجلس يوم الجمعة	طراد بن محمد بن علي الهاشمي العباسي الزينبي، أبو الفوارس (المتوفى: 491ه)	ShamelaY19	29744	0.65098
		تاريخ أسماء الثقات لابن شاهين - ط الفاروق	أبو حفص عمر بن أحمد بن عثمان البغدادي، المعروف بابن شاهين	ShamAY	34151	0.6509
		من حديث أبي العباس ابن عقدة - مخطوط	ابن عقدة	ShamAY	32804	0.65081
		ضعفاء العقيلي (التأصيل)	أبو جعفر، محمد بن عمرو بن موسى بن حماد، العُقيلي الحجازي	ShamAY	34664	0.65053
		معجم الصحابة لابن قانع	أبو الحسين عبد الباقي بن قانع بن مرزوق بن واثق الأموي بالولاء البغدادي (المتوفى: 351ه)	Sham19Y	13178	0.65046
		الثامن عشر من المشيخة البغدادية لأبي طاهر السلفي	صدر الدين، أبو طاهر السلفي أحمد بن محمد بن أحمد بن محمد بن إبراهيم سلفه الأصبهاني (المتوفى: 576ه)	ShamelaY19	30095	0.65045
		الإصابة في تمييز الصحابة [ج ٤]	أحمد بن علي بن حجر العسقلاني	Rafed	3401	0.6504
		فهارس الشيعه: فهرست الشيخ الصدوق	مهدي خداميان آراني	Ghbook	15586	0.65036
		معجم حفاظ القرآن عبر التاريخ	محمد محمد محمد سالم محيسن (المتوفى: 1422ه)	ShamelaY19	38067	0.65031
		مسند الشاشي - نسخة مقابلة	أبو سعيد الهيثم بن كليب الشاشي	ShamAY	33981	0.65004
		السماع لأبي عبد الرحمن السلمي	أبو عبد الرحمن السلمي	ShamAY	35232	0.64998
		جزء القاسم بن موسى الأشيب	القاسم بن موسى بن الحسن بن موسى الأشيب أبو محمد البغدادي (المتوفى: 302ه)	ShamelaY19	29702	0.64997
		الصحيح من أحاديث السيرة النبوية	أبو عمر، محمد بن حمد الصوياني	ShamelaY19	123669	0.64993
		ذكر الأقران وروايتهم عن بعضهم بعضا	أبو محمد عبد الله بن محمد بن جعفر بن حيان الأنصاري المعروف بأبِي الشيخ الأصبهاني (المتوفى: 369هـ)	ShamAY	26577	0.64987
		تاريخ بغداد وذيوله ط العلمية	أبو بكر أحمد بن علي بن ثابت بن أحمد بن مهدي الخطيب البغدادي (المتوفى: 463هـ)	ShamAY	31579	0.64981
		(الْأَسَامِي والكنى للْإِمَام أَحْمد بن حَنْبَل رِوَايَة ابْنه صَالح)	أبو عبد الله أحمد بن محمد بن حنبل بن هلال بن أسد الشيباني (المتوفى: 241هـ)	ShamAY	5780	0.64974
		قطف الثمر في رفع أسانيد المنصنفات في الفنون والأثر	صالح بن محمد بن نوح بن عبد الله العمري المعروف بالفلاني المالكي (المتوفى: 1218ه)	Sham19Y	10730	0.64968
		تاريخ أبي زرعة الدمشقي	عبد الرحمن بن عمرو بن عبد الله بن صفوان النصري المشهور بأبي زرعة الدمشقي الملقب بشيخ الشباب (المتوفى: 281ه)	ShamelaY19	30741	0.64965
		العوالي لأبي الشيخ	أبو محمد عبد الله بن محمد بن جعفر بن حيان الأنصاري المعروف بأبِي الشيخ الأصبهاني (المتوفى: 369هـ)	ShamAY	26572	0.64963
		أحاديث أحمد بن محمد بن إسماعيل السرجاني - مخطوط	أبو بكر أحمد بن محمد بن إسماعيل بن علي بن عمران بن غريب المؤدب السرجاني	ShamAY	32830	0.64958
		حجة الوداع لابن حزم	أبو محمد علي بن أحمد بن سعيد بن حزم الأندلسي القرطبي الظاهري (المتوفى: 456هـ)	ShamAY	13109	0.64946
		الجزء الرابع من رباعي التابعين	محمد بن عمر بن أحمد بن عمر بن محمد الأصبهاني المديني، أبو موسى (المتوفى: 581هـ)	ShamAY	29793	0.64945
		فوائد أبي يعلى الخليلي	أبو يعلى الخليلي، خليل بن عبد الله بن أحمد بن إبراهيم بن الخليل القزويني (المتوفى: 446ه)	Sham19Y	8240	0.64936
		تاريخ بغداد - الجزء1	الخطيب البغدادي	Masaha	2730	0.64934
		الضعفاء والمتروكون للدارقطني	أبو الحسن علي بن عمر بن أحمد بن مهدي بن مسعود بن النعمان بن دينار البغدادي الدارقطني (المتوفى: 385هـ)	ShamAY	10802	0.64926
		الفقيه والمتفقه للخطيب البغدادي	أبو بكر أحمد بن علي بن ثابت بن أحمد بن مهدي الخطيب البغدادي (المتوفى: 463هـ)	ShamAY	13048	0.64924
		مصارع العشاق	جعفر بن أحمد بن الحسين السراج القاري البغدادي، أبو محمد (المتوفى: 500ه)	ShamelaY19	26549	0.6492
		الأربعون المستخرجة من الصحاح من روايات المحمدين	عبد الرزاق بن محمد بن أبي نصر أحمد بن محمد بن عيسى بن عمار أبو المحاسن الطبسي (المتوفى: 537ه)	Sham19Y	29772	0.64919
		عمدة عيون صحاح الأخبار في مناقب إمام الأبرار	ابن بطريق الحلي‏	Masaha	2303	0.64917
		الجزء فيه الأول مما رواه الأكابر عن الأصاغر من المحدثين من الأفراد	الباغندي الصغير محمد بن محمد بن سليمان بن الحارث الأزدي، أبو بكر الواسطي (المتوفى: 312هـ)	ShamAY	26443	0.64913
		المرض والكفارات لابن أبي الدنيا - ط أطلس الخضراء = مقابل	أبو بكر عبد الله بن محمد ابن أبي الدنيا	ShamAY	38113	0.64913
		الجزء الخامس من المشيخة البغدادية	صدر الدين، أبو طاهر السلفي أحمد بن محمد بن أحمد بن محمد بن إبراهيم سلفه الأصبهاني (المتوفى: 576ه)	ShamelaY19	30625	0.64908
		الرواة الذين كنوا بأبي زرعة	سعدي بن مهدي الهاشمي	ShamAY	10392	0.64902
		صفة الجنة وما أعد الله لأهلها من النعيم	أبو بكر عبد الله بن محمد بن عبيد بن سفيان بن قيس البغدادي الأموي القرشي المعروف بابن أبي الدنيا (المتوفى: 281هـ)	ShamAY	1430	0.64895
		مجموع فيه مصنفات أبي جعفر ابن البختري	أبو جعفر محمد بن عمرو بن البختري بن مدرك بن سليمان البغدادي الرزاز (المتوفى: 339هـ)	ShamAY	1405	0.64891
		الفهرست - فهرست أسماء علماء الشيعة و مصنفيهم‌	الشيخ منتجب الدين علي بن بابويه القمي	Masaha	3497	0.64878
		دلائل الإمامة	محمد بن جرير الطبري‏ الصغير	Masaha	2185	0.64878
		المستدرك على الصحيحين للحاكم	أبو عبد الله الحاكم محمد بن عبد الله بن محمد بن حمدويه بن نُعيم بن الحكم الضبي الطهماني النيسابوري المعروف بابن البيع (المتوفى: 405هـ)	ShamAY	2266	0.64861
		الجزء الثاني من الحربيات لعلي بن عمر الحربي - مخطوط (ن)	علي بن عمر بن محمد بن الحسين ابن شاذان، أبو الحسن السكري الحربي الصيرفي الكيال (المتوفى: 386هـ)	ShamAY	10494	0.64856
		فهارس الشيعه: فهرست حميد بن زياد النينوايي	مهدي خداميان آراني	Ghbook	15587	0.64855
		السادس عشر من المشيخة البغدادية لأبي طاهر السلفي	صدر الدين، أبو طاهر السِّلَفي أحمد بن محمد بن أحمد بن محمد بن إبراهيم سِلَفَه الأصبهاني (المتوفى: 576هـ)	ShamAY	30125	0.64852
		جزء فيه سبعة مجالس من أمالي أبي طاهر المخلص	محمد بن عبد الرحمن بن العباس بن عبد الرحمن بن زكريا البغدادي المخَلِّص (المتوفى: 393هـ)	ShamAY	8233	0.64834
		التهجد وقيام الليل لابن أبي الدنيا - ط أطلس الخضراء = مقابل	أبو بكر عبد الله بن محمد ابن أبي الدنيا	ShamAY	38106	0.64816
		ذم الغيبة والنميمة لابن أبي الدنيا	أبو بكر عبد الله بن محمد بن عبيد بن سفيان بن قيس البغدادي الأموي القرشي المعروف بابن أبي الدنيا (المتوفى: 281هـ)	ShamAY	8241	0.64814
		الثاني والثلاثون من المشيخة البغدادية لأبي طاهر السلفي	صدر الدين، أبو طاهر السلفي أحمد بن محمد بن أحمد بن محمد بن إبراهيم سلفه الأصبهاني (المتوفى: 576ه)	Sham19Y	30098	0.64814
		نثر الجواهر والدرر في علماء القرن الرابع عشر	الدكتور/ يوسف المرعشلي	ShamAY	34645	0.64812
		الثامن من فوائد أبي عثمان البحيري	أبو عثمان سعيد بن محمد ابن أبي الحسين أحمد بن محمد بن جعفر بن محمد بن بحير البحيري، النيسابوري (المتوفى: 451ه)	ShamelaY19	29952	0.64807
		تلقيح الأفهام في وصايا خير الأنام	العلامة السيد الإمام شيخ الإسلام	ShamAY	35911	0.64806
		جامع بيان العلم وفضله - ت السعدني ط العلمية	أبو عمر يوسف بن عبد الله بن محمد بن عبد البر بن عاصم النمري القرطبي (المتوفى: 463هـ)	ShamAY	34003	0.64782
		شرح مذاهب أهل السنة ومعرفة شرائع الدين والتمسك بالسنن	أبو حفص عمر بن أحمد بن عثمان بن أحمد بن محمد بن أيوب بن أزداذ البغدادي المعروف بـ ابن شاهين (المتوفى: 385هـ)	ShamAY	13124	0.64776
		المقفى الكبير	تقي الدين المقريزي (المتوفى: 845 ه = 1440 م)	ShamelaY19	145334	0.6477
		التحفة اللطيفة في تاريخ المدينة الشريفة  - الجزء1	محمد بن عبد الرحمن السخاوي	Masaha	4395	0.64743
		السابع عشر من المشيخة البغدادية لأبي طاهر السلفي	صدر الدين، أبو طاهر السلفي أحمد بن محمد بن أحمد بن محمد بن إبراهيم سلفه الأصبهاني (المتوفى: 576ه)	ShamelaY19	30123	0.64735
		فضائل شهر رجب للخلال	أبو محمد الحسن بن محمد بن الحسن بن علي البغدادي الخلال (المتوفى: 439ه)	Sham19Y	12744	0.64722
		العلل ومعرفة الرجال لابن المديني - ط الفاروق	الواحدي :: علي بن المديني	ShamAY	34150	0.64698
		الفوائد الطريفه	عبدالله الافندي الاصفهاني	Ghbook	15603	0.64698
		حديث أبي القاسم الكناني	حمزة بن محمد بن علي بن العباس، أبو القاسم الكناني المصري (المتوفى: 357ه)	ShamelaY19	29722	0.64694
		مجلسان من أمالي نظام الملك	الحسن بن علي بن إسحاق الطوسي، أبو علي، الملقب بقوام الدين، نظام الملك (المتوفى: 485هـ)	ShamAY	9608	0.64693
		مرويات عبدالرحمن بن عبدالله بن مسعود عن أبيه في كتب السنة - جمعاً ودراسة -	د غالب حامضي	ShamAY	33081	0.64683
		صفة المنافق - ط الخلفاء	جعفر بن محمد بن الحسن الفريابي	ShamAY	33868	0.6468
		مصارع العشاق	جعفر بن أحمد بن الحسين السراج القاري البغدادي، أبو محمد (المتوفى: 500هـ)	ShamAY	26549	0.6466
		الثاني من المصباح في عيون الصحاح	عبد الغني بن عبد الواحد بن علي بن سرور المقدسي الجماعيلي الدمشقي الحنبلي، أبو محمد، تقي الدين (المتوفى: 600هـ)	ShamAY	30617	0.64654
		قطف الثمر في رفع أسانيد المنصنفات في الفنون والأثر	صالح بن محمد بن نوح بن عبد الله العَمْري المعروف بالفُلَّاني المالكي (المتوفى: 1218هـ)	ShamAY	10730	0.64652
		مجلسان لأبي بكر العنبري	أبو بكر أحمد بن محمد العنبري الملحمي (المتوفى: 324ه)	Sham19Y	29716	0.64631
		مجلس لأبي عبد الرحمن السلمي	محمد بن الحسين بن محمد بن موسى بن خالد بن سالم النيسابوري، أبو عبد الرحمن السلمي (المتوفى: 412هـ)	ShamAY	30142	0.64626
		ذكر الأقران وروايتهم عن بعضهم بعضا	أبو محمد عبد الله بن محمد بن جعفر بن حيان الأنصاري المعروف بأبي الشيخ الأصبهاني (المتوفى: 369ه)	ShamelaY19	26577	0.64625
		التحفة اللطيفة في تاريخ المدينة الشريفة [ج ١]	شمس الدين السخاوي	Rafed	2247	0.64624
		معجم رجال الحديث - الجزء1	السيد أبو القاسم الموسوي الخوئي	Masaha	1229	0.64621
		جزء محمد بن عاصم الثقفي الأصبهاني	محمد بن عاصم بن عبد الله الأصبهاني، أبو جعفر الثقفي مولاهم (المتوفى: 262هـ)	ShamAY	9314	0.64619
		طبقات الشافعيين	أبو الفداء إسماعيل بن عمر بن كثير القرشي البصري ثم الدمشقي (المتوفى: 774هـ)	ShamAY	12860	0.64613
		مسند عقبة بن عامر	زين الدين أبو العدل قاسم بن قطلوبغا السودوني (نسبة إلى معتق أبيه سودون الشيخوني) الجمالي الحنفي (المتوفى: 879هـ)	ShamAY	30774	0.64608
		مسند الدارمي ت الزهراني	أبو محمد عبد الله بن عبد الرحمن الدارمي	ShamelaY19	36114	0.64603
		النزول للدارقطني	أبو الحسن علي بن عمر بن أحمد بن مهدي بن مسعود بن النعمان بن دينار البغدادي الدارقطني (المتوفى: 385هـ)	ShamAY	13074	0.64588
		الحادي والعشرون من المشيخة البغدادية لأبي طاهر السلفي	صدر الدين، أبو طاهر السِّلَفي أحمد بن محمد بن أحمد بن محمد بن إبراهيم سِلَفَه الأصبهاني (المتوفى: 576هـ)	ShamAY	30110	0.64583
		أخبار المكيين من كتاب التاريخ الكبير لابن أبي خيثمة	أبو بكر أحمد بن أبي خيثمة (المتوفى: 279هـ)	ShamAY	5876	0.64577
		التوبة لابن أبي الدنيا - ط أطلس الخضراء = مقابل	أبو بكر عبد الله بن محمد ابن أبي الدنيا	ShamAY	38061	0.64576
		سنن ابن ماجه ت الأرنؤوط	ابن ماجة - وماجة اسم أبيه يزيد - أبو عبد الله محمد بن يزيد القزويني (المتوفى: 273هـ)	ShamAY	31622	0.64574
		مجلسان من أمالي الجوهري_2	الحسن بن علي بن محمد، أبو محمد الجوهري (المتوفى: 454ه)	ShamelaY19	30071	0.64568
		أصول علم الرجال بين النظريّة والتطبيق	محمد علي صالح المعلّم	Rafed	2839	0.64568
		الرواة الأربعة عشر للضياء المقدسي - مخطوط (ن)	ضياء الدين أبو عبد الله محمد بن عبد الواحد المقدسي (المتوفى: 643هـ)	ShamAY	21626	0.64567
		آداب الشافعي ومناقبه	أبو محمد عبد الرحمن بن محمد بن إدريس بن المنذر التميمي، الحنظلي، الرازي ابن أبي حاتم (المتوفى: 327هـ)	ShamAY	1485	0.64559
		أصحاب الإمام أمير المؤمنين عليه السلام والرّواة عنه [ج ٢]	الدكتور الشيخ محمّد هادي الأميني	Rafed	2546	0.64546
		السنن الصغير للبيهقي	أحمد بن الحسين بن علي بن موسى الخُسْرَوْجِردي الخراساني، أبو بكر البيهقي (المتوفى: 458هـ)	ShamAY	31633	0.64542
		ذم الكذب - من الصمت وآداب اللسان	أبو بكر عبد الله بن محمد بن عبيد بن سفيان بن قيس البغدادي الأموي القرشي المعروف بابن أبي الدنيا (المتوفى: 281هـ)	ShamAY	8071	0.64541
		نثل النبال بمعجم الرجال الذين ترجم لهم فضيلة الشيخ المحدث أبو إسحاق الحويني	أبو إسحق الحويني	ShamAY	31841	0.64537
		التحفة اللطيفة في تاريخ المدينة الشريفة	شمس الدين أبو الخير محمد بن عبد الرحمن بن محمد بن أبي بكر بن عثمان بن محمد السخاوي (المتوفى: 902هـ)	ShamAY	7434	0.64535
		 مسند الإمام الحسين ( ع ) 	 الشيخ عزيز الله عطاردي 	ABLibrary	7705	0.6453
		الثاني من المصباح في عيون الصحاح	عبد الغني بن عبد الواحد بن علي بن سرور المقدسي الجماعيلي الدمشقي الحنبلي، أبو محمد، تقي الدين (المتوفى: 600ه)	ShamelaY19	30617	0.64529
		رجال العلامه الحلي	حسن بن يوسف بن مطهر علامه حلي	Ghbook	2564	0.64528
		الصحيح المسند مما ليس في الصحيحين	أبو عبد الرحمن مقبل بن هادي الوادعي (المتوفى: 1422 ه)	ShamelaY19	133366	0.64522
		إثبات عذاب القبر للبيهقي - مكتبة التراث الإسلامي	أحمد بن الحسين بن علي بن موسى الخُسْرَوْجِردي الخراساني، أبو بكر البيهقي (المتوفى: 458هـ)	ShamAY	34008	0.64501
		التوحيد	الشيخ الصدوق	Masaha	1952	0.645
		الفخري في أنساب الطالبيين	إسماعيل بن الحسين أبو طالب المروزي (بعد 614 هـ)	ShamAY	37019	0.64496
		مجلس ابن هزارمرد	ابن هزارمرد الصريفيني	ShamAY	35223	0.64486
		الثاني والثلاثون من المشيخة البغدادية لأبي طاهر السلفي	صدر الدين، أبو طاهر السِّلَفي أحمد بن محمد بن أحمد بن محمد بن إبراهيم سِلَفَه الأصبهاني (المتوفى: 576هـ)	ShamAY	30098	0.64473
		السابع والعشرون من المشيخة البغدادية لأبي طاهر السلفي	صدر الدين، أبو طاهر السِّلَفي أحمد بن محمد بن أحمد بن محمد بن إبراهيم سِلَفَه الأصبهاني (المتوفى: 576هـ)	ShamAY	30124	0.64469
		فضائل الصحابة للنسائي	أبو عبد الرحمن أحمد بن شعيب بن علي الخراساني، النسائي (المتوفى: 303ه)	Sham19Y	6601	0.64467
		التدوين في أخبار قزوين‏  - الجزء1	عبد الكريم الرافعي القزويني	Masaha	4108	0.64461
		 دلائل النبوة ومعرفة أحوال صاحب الشريعة 	 أحمد بن الحسين البيهقي 	ABLibrary	935	0.64449
		الموضوعات لابن الجوزي - ط أضواء السلف مقابل	أبو الفرج عبد الرحمن بن علي ابن الجوزي	ShamAY	34138	0.6444
		حكايات عن أبي الشيخ الأصبهاني	أبو محمد عبد الله بن محمد بن جعفر بن حيان الأنصاري المعروف بأبي الشيخ الأصبهاني (المتوفى: 369ه)	ShamelaY19	29724	0.64439
		بغية الوعاة في طبقات اللغويين والنحاة	عبد الرحمن بن أبي بكر، جلال الدين السيوطي (المتوفى: 911هـ)	ShamAY	6744	0.64424
		الإبانة الكبرى لابن بطة	أبو عبد الله عبيد الله بن محمد بن محمد بن حمدان العُكْبَري المعروف بابن بَطَّة العكبري (المتوفى: 387هـ)	ShamAY	31641	0.64421
		عيون أخبار الرضا(ع)‏ - الجزء1	الشيخ الصدوق	Masaha	2306	0.64421
		الترغيب في فضائل الأعمال لابن شاهين - ط: ابن الجوزي	أبو حفص عمر بن أحمد بن عثمان بن أحمد بن محمد بن أيوب بن أزداذ البغدادي المعروف بـ ابن شاهين (المتوفى: 385هـ)	ShamAY	34002	0.64411
		حياة التابعين	ياسر بن أحمد بن محمود بن أحمد بن أبي الحمد الكويس الحمداني	Sham19Y	37568	0.64411
		مشايخ الثّقات	الميرزا غلامرضا عرفانيان	Rafed	1758	0.64409
		منتخب الأثر في الإمام الثاني عشر عليه السلام [ج ١]	لطف الله الصافي الگلپايگاني	Rafed	2773	0.64407
		الصحيح المسند مما ليس في الصحيحين	أبو عبد الرحمن مقبل بن هادي الوادعي (المتوفى: 1422 ه)	Sham19Y	133366	0.64402
		السادس عشر من المشيخة البغدادية لأبي طاهر السلفي	صدر الدين، أبو طاهر السلفي أحمد بن محمد بن أحمد بن محمد بن إبراهيم سلفه الأصبهاني (المتوفى: 576ه)	ShamelaY19	30125	0.64394
		مشاركات أبي محمد الألفي	أبو محمد أحمد شحاته الألفي	ShamAY	33054	0.64391
		شيوخ لاحق بن محمد بن أحمد الإسكاف - مخطوط	أبو القاسم لاحق بن محمد بن أحمد الإسكاف	ShamAY	32858	0.64368
		مجلسان لأبي بكر العنبري	أبو بكر أحمد بن محمد العنبري الملحمي (المتوفى: 324هـ)	ShamAY	29716	0.64366
		الثاني من أمالي أبي الحسين بن بشران	علي بن محمد بن عبد الله بن بشران الأموي أبو الحسين البغدادي المعدل (المتوفى: 415هـ)	ShamAY	30399	0.64355
		تنقيح تحقيق أحاديث التعليق	شمس الدين محمد بن أحمد بن عبد الهادي الحنبلي	ShamAY	34125	0.64353
		الكتاب: من الفوائد الغرائب الحسان	محمد بن عبد الله بن محمد بن صالح، أبو بكر التميمي الأبهري المالكي (المتوفى: 375ه)	ShamelaY19	22381	0.6434
		حديث التقي بن المجد (مطبوع ضمن كتاب جمهرة الأجزاء الحديثية)	تقي الدين محمد بن محمد بن عيسى البعلبكي (المتوفى: 768هـ)	ShamAY	9426	0.64325
		اصطناع المعروف لابن أبي الدنيا	أبو بكر عبد الله بن محمد بن عبيد بن سفيان بن قيس البغدادي الأموي القرشي المعروف بابن أبي الدنيا (المتوفى: 281هـ)	ShamAY	1406	0.64324
		الجامع لأخلاق الراوي وآداب السامع للخطيب البغدادي	أبو بكر أحمد بن علي بن ثابت بن أحمد بن مهدي الخطيب البغدادي (المتوفى: 463هـ)	ShamAY	13012	0.64324
		أمالي ابن بشران - الجزء الأول	أبو القاسم عبد الملك بن محمد بن عبد الله بن بشْران بن محمد بن بشْران بن مهران البغدادي (المتوفى: 430هـ)	ShamAY	1453	0.64323
		مراقي الجنان بالسخاء وقضاء حوائج الإخوان	الواحدي :: يوسف بن عبد الهادي	ShamAY	33733	0.64322
		فضيلة الشكر لله على نعمته	أبو بكر محمد بن جعفر بن محمد بن سهل بن شاكر الخرائطي السامري (المتوفى: 327ه)	Sham19Y	13140	0.64322
		الثاني والثلاثون من المشيخة البغدادية لأبي طاهر السلفي	صدر الدين، أبو طاهر السلفي أحمد بن محمد بن أحمد بن محمد بن إبراهيم سلفه الأصبهاني (المتوفى: 576ه)	ShamelaY19	30098	0.64318
		فضائل الصحابة للنسائي	أبو عبد الرحمن أحمد بن شعيب بن علي الخراساني، النسائي (المتوفى: 303هـ)	ShamAY	6601	0.64304
		جزء من حديث أبي علي الصواف	محمد بن أحمد بن الحسن بن إسحاق ابن الصواف، أبو علي البغدادي (المتوفى: 359ه)	ShamelaY19	29898	0.64297
		فضل يوم التروية وعرفة	أبو محمد موفق الدين عبد الله بن أحمد بن محمد بن قدامة الجماعيلي المقدسي ثم الدمشقي الحنبلي، الشهير بابن قدامة المقدسي (المتوفى: 620هـ)	ShamAY	30317	0.64294
		الزيادات على كتاب الكبائر للبرديجي للضياء المقدسي	ضياء الدين أبو عبد الله محمد بن عبد الواحد المقدسي (المتوفى: 643هـ)	ShamAY	3128	0.6429
		ذكر صلاة التسبيح والأحاديث التي رويت عن النبي صلى الله عليه وسلم فيها واختلاف ألفاظ الناقلين لها	أبو بكر أحمد بن علي بن ثابت بن أحمد بن مهدي الخطيب البغدادي (المتوفى: 463هـ)	ShamAY	1318	0.64287
		الدعاء للمحاملي	أبو عبد الله البغدادي الحسين بن إسماعيل بن محمد بن إسماعيل بن سعيد بن أبان الضبي المحاملي (المتوفى: 330هـ)	ShamAY	8255	0.64281
		جزء من حديث الذهلي للدارقطني	أبو الحسن علي بن عمر بن أحمد بن مهدي بن مسعود بن النعمان بن دينار البغدادي الدارقطني (المتوفى: 385ه)	ShamelaY19	30375	0.64275
		اسعاف المبطأ برجال الموطأ	جلال الدين السيوطي	ShamAY	34582	0.64259
		العمر والشيب لابن أبي الدنيا	أبو بكر عبد الله بن محمد بن عبيد بن سفيان بن قيس البغدادي الأموي القرشي المعروف بابن أبي الدنيا (المتوفى: 281ه)	Sham19Y	13044	0.64246
		مسند أمير المؤمنين أبي حفص عمر بن الخطاب رضي الله عنه وأقواله على أبواب العلم	أبو الفداء إسماعيل بن عمر بن كثير القرشي البصري ثم الدمشقي (المتوفى: 774هـ)	ShamAY	26039	0.6424
		التّدوين في أخبار قزوين [ج ١]	عبد الكريم بن محمّد الرافعي القزويني	Rafed	2191	0.6424
		الجزء الرابع من الفوائد المنتقاة العوالي من حديث القطيعي-مخطوط (ن)	أبو بكر أحمد بن جعفر بن حمدان بن مالك بن شبيب البغدادي المعروف بالقطيعي (المتوفى: 368هـ)	ShamAY	10515	0.64229
		حديث ابن أبي المكارم	ضياء الدين أبو عبد الله محمد بن عبد الواحد المقدسي (المتوفى: 643ه)	ShamelaY19	29653	0.64221
		الجهاد لابن المبارك - ط المطبوعات الحديثة	الامام الحافظ المجاهد عبد الله بن المبارك	ShamAY	33534	0.64216
		حياة التابعين	يَاسِر بْنُ أَحْمَدَ بْنِ محْمُودِ بْنِ أَحْمَدَ بْنِ أَبي الحَمْدِ الْكُوَيِّس الحَمَدَاني	ShamAY	1079	0.64212
		سنن ابن ماجه	ابن ماجة أبو عبد الله محمد بن يزيد القزويني، وماجة اسم أبيه يزيد (المتوفى: 273ه)	Sham19Y	1198	0.64212
		المستخرج على المستدرك للحاكم (أملاها العراقي في مجالس)	أبو الفضل زين الدين عبد الرحيم بن الحسين بن عبد الرحمن بن أبي بكر بن إبراهيم العراقي (المتوفى: 806هـ)	ShamAY	6008	0.64203
		جزء ابن فارس	أبو محمد عبد الله بن جعفر بن أحمد بن فارس الأصبهاني (346 هـ)	ShamAY	35224	0.64195
		السنن الصغير للبيهقي	أحمد بن الحسين بن علي بن موسى الخسروجردي الخراساني، أبو بكر البيهقي (المتوفى: 458ه)	Sham19Y	12415	0.64192
		التدوين في أخبار قزوين	عبد الكريم بن محمد بن عبد الكريم، أبو القاسم الرافعي القزويني (المتوفى: 623هـ)	ShamAY	7435	0.6419
		الشكر لله عز وجل (الكتب الثقافية)	أبو بكر عبد الله ين محمد بن عبيد الله بن سفيان القرشي	ShamAY	34113	0.64185
		الأبدال العوالي المستخرجة من فوائد أبي بكر الشافعي انتقاء ابن تيمية - مخطوط	أبو بكر محمد بن عبد الله بن إبراهيم الشافعي البزاز	ShamAY	32836	0.64174
		خلاصه الاقوال في معرفه الرجال	حسن بن يوسف بن مطهر علامه حلي	Ghbook	7057	0.6417
		تاريخ اربل	شرف الدين ابوالبركات مبارك بن احمد نجمي اربلي ( ابن مستوفي )	Ghbook	9050	0.64163
		من حديث أبي الحسن ابن المقابري - مخطوط		ShamAY	32800	0.64144
		من حديث مالك بن أنس لأبي الحسن الأزدي - مخطوط (ن)	أبو الحسن محمد بن علي بن محمد بن صخر الأزدي، البصري (المتوفى: 443ه)	ShamelaY19	21696	0.64142
		أحاديث منتقاة في غرائب ألفاظ رسول الله مما يحتاج إلى استعماله	أبو الفتح محمد بن الحسين بن أحمد بن عبد الله بن بريدة الموصلي الأزدي (المتوفى: 374ه)	Sham19Y	29727	0.64141
		سنن النسائي بشرح السيوطي وحاشية السندي	أبو عبد الرحمن أحمد بن شعيب النسائي	ShamAY	33910	0.64131
		مجلس يوم الجمعة	طِرَاد بن محمد بن علي الهاشمي العباسي الزَّيْنَبي، أبو الفوارس (المتوفى: 491هـ)	ShamAY	29744	0.64129
		أخبار المدينة - ط العلمية	أبو زيد عمر بن شبة النميري البصري ـ سنة الوفاة 262هـ	ShamAY	33814	0.64129
		إحقاق الحقّ وإزهاق الباطل [ج ١٦]	السيّد نور الله الحسيني المرعشي التستري	Rafed	2755	0.64127
		أحاديث السلفي عن جعفر السراج	صدر الدين، أبو طاهر السلفي أحمد بن محمد بن أحمد بن محمد بن إبراهيم سلفه الأصبهاني (المتوفى: 576ه)	Sham19Y	30240	0.64103
		التَّكْميل في الجَرْح والتَّعْدِيل ومَعْرِفة الثِّقَات والضُّعفاء والمجَاهِيل	أبو الفداء إسماعيل بن عمر بن كثير القرشي البصري ثم الدمشقي (المتوفى: 774هـ)	ShamAY	1730	0.64102
		سؤالات أبي بكر الأثرم لأبي عبد الله أحمد بن حنبل - ط الفاروق	أبو بكر أحمد بن محمد بن هانيء الأثرم	ShamAY	34157	0.64101
		المجتبى من السنن = السنن الصغرى للنسائي	أبو عبد الرحمن أحمد بن شعيب بن علي الخراساني، النسائي (المتوفى: 303هـ)	ShamAY	829	0.64098
		 الآثار المروية في الأطعمة السرية والآلات العطرة 	 ابن بشكوال 	ABLibrary	9875	0.64096
		جامع بيان العلم وفضله	أبو عمر يوسف بن عبد الله بن محمد بن عبد البر بن عاصم النمري القرطبي (المتوفى: 463هـ)	ShamAY	22367	0.64092
		الفوائد العوالي المنتقاة من أصول سماعات الحرمي - مخطوط		ShamAY	32764	0.64092
		طرق حديث من كذب علي متعمدا للطبراني	سليمان بن أحمد بن أيوب بن مطير اللخمي الشامي، أبو القاسم الطبراني (المتوفى: 360هـ)	ShamAY	13130	0.6408
		صفة النفاق وذم المنافقين للفريابي	أبو بكر جعفر بن محمد بن الحسن بن المستفاض الفريابي (المتوفى: 301ه)	Sham19Y	8235	0.6405
		ذكر صلاة التسبيح والأحاديث التي رويت عن النبي صلى الله عليه وسلم فيها واختلاف ألفاظ الناقلين لها	أبو بكر أحمد بن علي بن ثابت بن أحمد بن مهدي الخطيب البغدادي (المتوفى: 463ه)	ShamelaY19	26373	0.64047
		معرفة الصحابة لأبي نعيم	أبو نعيم أحمد بن عبد الله بن أحمد بن إسحاق بن موسى بن مهران الأصبهاني (المتوفى: 430هـ)	ShamAY	10490	0.64023
		سنن ابن ماجه	ابن ماجة أبو عبد الله محمد بن يزيد القزويني، وماجة اسم أبيه يزيد (المتوفى: 273هـ)	ShamAY	1198	0.64018
		قطعة في الحديث ومنه حديث الإسراء وغيره لأبي طاهر السلفي- مخطوط	أبو طاهر أحمد بن محمد السلفي	ShamAY	38063	0.64017
		المطر والرعد والبرق والريح لابن أبي الدنيا - ط أطلس الخضراء = مقابل	أبو بكر عبد الله بن محمد ابن أبي الدنيا	ShamAY	38120	0.64017
		الرابع عشر من المشيخة البغدادية لأبي طاهر السلفي	صدر الدين، أبو طاهر السلفي أحمد بن محمد بن أحمد بن محمد بن إبراهيم سلفه الأصبهاني (المتوفى: 576ه)	ShamelaY19	30117	0.64001
		 إثبات الهداة بالنصوص والمعجزات 	 الحر العاملي 	ABLibrary	7393	0.64
		الرابع عشر من المشيخة البغدادية لأبي طاهر السلفي	صدر الدين، أبو طاهر السِّلَفي أحمد بن محمد بن أحمد بن محمد بن إبراهيم سِلَفَه الأصبهاني (المتوفى: 576هـ)	ShamAY	30117	0.6399
		حياة التابعين	ياسر بن أحمد بن محمود بن أحمد بن أبي الحمد الكويس الحمداني	ShamelaY19	37568	0.63984
		مسند أمير المؤمنين أبي حفص عمر بن الخطاب رضي الله عنه وأقواله على أبواب العلم	أبو الفداء إسماعيل بن عمر بن كثير القرشي البصري ثم الدمشقي (المتوفى: 774ه)	ShamelaY19	26039	0.63977
		الوقوف على الموقوف على صحيح مسلم	أبو الفضل أحمد بن علي بن محمد بن أحمد بن حجر العسقلاني (المتوفى: 852هـ)	ShamAY	5993	0.63971
		صفة الجنة لابن أبي الدنيا - ط أطلس الخضراء = مقابل	أبو بكر عبد الله بن محمد ابن أبي الدنيا	ShamAY	38150	0.6397
		أخبار وأشعار لأبي عبد الله الحميدي عن شيوخه (مطبوع ضمن مجموع باسم الفوائد لابن منده!)	أبو عبد الله محمد بن أبي نصر الحَمِيدي (المتوفى: 488هـ)	ShamAY	9357	0.63968
		العاشر من المشيخة البغدادية لأبي طاهر السلفي	صدر الدين، أبو طاهر السِّلَفي أحمد بن محمد بن أحمد بن محمد بن إبراهيم سِلَفَه الأصبهاني (المتوفى: 576هـ)	ShamAY	30127	0.63965
		نفحات الأزهار في خلاصة عبقات الأنوار [ج ١٣]	السيّد علي الحسيني الميلاني	Rafed	458	0.63955
		السابع والعشرون من المشيخة البغدادية لأبي طاهر السلفي	صدر الدين، أبو طاهر السلفي أحمد بن محمد بن أحمد بن محمد بن إبراهيم سلفه الأصبهاني (المتوفى: 576ه)	ShamelaY19	30124	0.63953
		أحاديث منتخبة من مشيخة ابن صصري - مخطوط (ن)	شَمْسُ الدِّيْنِ، أَبُو القَاسِمِ الحُسَيْنُ ابنُ أَبِي الغَنَائِمِ هِبَة اللهِ بن مَحْفُوْظ بن الحَسَنِ بنِ مُحَمَّدِ بنِ الحَسَنِ بنِ أَحْمَدَ بنِ الحُسَيْنِ بنِ صَصْرَى الرَّبَعِيّ، التَّغْلِبِيّ، الجَزَرِيّ، البَلَدِيّ، الدِّمَشْقِيّ (المتوفى: 626هـ)	ShamAY	10076	0.63947
		فضائل الأشهر الثلاثة	الشيخ الصدوق	Masaha	702	0.63944
		منة المنعم في شرح صحيح مسلم	أبو الحسين مسلم بن الحجاج بن مسلم القشيري النيسابوري رحمه الله (206 - 261 ه)	ShamelaY19	149015	0.63925
		البلدانيّات	شمس الدين محمّد بن عبد الرحمن السخاوي [ السخاوي ]	Rafed	2135	0.63918
		ما قرب سنده من حديثٍ للإمام أبي القاسم إسماعيل بن أحمد السمرقندي	أَبُو القَاسِمِ إِسْمَاعِيْلُ بنُ أَحْمَدَ بنِ عُمَرَ بنِ أَبِي الأَشْعَثِ السَّمَرْقَنْديُّ، الدِّمَشْقِيُّ المَوْلِدِ، البَغْدَادِيُّ الوَطَنِ (المتوفى: 536هـ)	ShamAY	26481	0.63911
		جزء ابن غطريف للجرجاني	أبو أحمد محمد بن أحمد بن حسين بن القاسم بن السري بن الغطريف بن الجهم العبدي الغطريفي الجرجاني (المتوفى: 377ه)	Sham19Y	13096	0.63911
		فضل يوم التروية وعرفة	أبو محمد موفق الدين عبد الله بن أحمد بن محمد بن قدامة الجماعيلي المقدسي ثم الدمشقي الحنبلي، الشهير بابن قدامة المقدسي (المتوفى: 620ه)	ShamelaY19	30317	0.63904
		أحاديث السلفي عن جعفر السراج	صدر الدين، أبو طاهر السِّلَفي أحمد بن محمد بن أحمد بن محمد بن إبراهيم سِلَفَه الأصبهاني (المتوفى: 576هـ)	ShamAY	30240	0.63876
		فضيلة الشكر لله على نعمته	أبو بكر محمد بن جعفر بن محمد بن سهل بن شاكر الخرائطي السامري (المتوفى: 327هـ)	ShamAY	13140	0.63868
		الجزء الثاني من الأول من الفوائد المنتخبة للآجري - مخطوط	أبو بكر محمد بن الحسين الآجري	ShamAY	32929	0.63855
		التوحيد	محمد بن علي بن بابويه شيخ صدوق	Ghbook	2403	0.63855
		العقل وفضله لابن أبي الدنيا - ط أطلس الخضراء = مقابل	أبو بكر عبد الله بن محمد ابن أبي الدنيا	ShamAY	38119	0.63852
		أسماء المدلسين	عبد الرحمن بن أبي بكر، جلال الدين السيوطي (المتوفى: 911هـ)	ShamAY	5	0.63851
		 تاريخ الموصل 	 يزيد بن محمد الأزدي 	ABLibrary	9008	0.63841
		اثنى عشر مجلساً من أمالي أبي بكر الذكواني- مخطوط	أبو بكر محمد بن أحمد بن عبد الرحمن الذكواني المعدل	ShamAY	32927	0.63834
		السادس من فوائد أبي عثمان البحيري	أَبُو عُثْمَانَ سَعِيْدُ بنُ مُحَمَّدِ ابنِ أَبِي الحُسَيْنِ أَحْمَدَ بنِ مُحَمَّدِ بنِ جَعْفَرِ بنِ مُحَمَّدِ بنِ بَحِيْرٍ البَحِيْرِيُّ، النَّيْسَابُوْرِيُّ (المتوفى: 451هـ)	ShamAY	29961	0.63828
		الأربعون حديثا	الشهيد الأول	Masaha	4548	0.63822
		كتاب الإلمام بآداب دخول الحمام للحسيني	أبو المحاسن محمد بن علي بن الحسن الحسيني الدمشقي (765 هـ)	ShamAY	33585	0.6382
		جزء فيه أحاديث منتقاة من جزء أبي مسعود أحمد بن الفرات، انتقاء العلائي	أحمد بن الفرات بن خالد الضبي الرازيّ، أبو مسعود (المتوفى: 258هـ)	ShamAY	26504	0.63811
		تاريخ الإسلام ووفيات المشاهير والأعلام [ج ٢١]	شمس الدين محمّد بن أحمد بن عثمان الذّهبي	Rafed	3459	0.63808
		مسند عثمان بن عفان لأبي القاسم البغوي (وهو مطبوع ضمن كتاب الفوائد)	أبو القاسم عبد الله بن محمد بن عبد العزيز بن المَرْزُبان بن سابور بن شاهنشاه البغوي (المتوفى: 317هـ)	ShamAY	9922	0.63797
		بغية الوعاة في طبقات اللغويين والنحاة	عبد الرحمن بن أبي بكر، جلال الدين السيوطي (المتوفى: 911هـ)	ShamAY	38016	0.6379
		من سؤالات أبي بكر أحمد بن محمد بن هانئ الأثرم أبا عبد الله أحمد بن محمد بن حنبل	أبو عبد الله أحمد بن محمد بن حنبل بن هلال بن أسد الشيباني (المتوفى: 241ه)	Sham19Y	25873	0.63785
		جزء من حديث سعدان بن نصر المخرمي منتقى من الجزء الرابع من حديثه عن شيوخه	أبو عثمان سعدان بن نصر بن منصور المخرمي - المتوفى سنة 265 هـ	ShamAY	35222	0.63782
		شرح مسند الشافعي	عبد الكريم بن محمد بن عبد الكريم، أبو القاسم الرافعي القزويني (المتوفى: 623ه)	ShamelaY19	123510	0.63782
		الحادي والعشرون من المشيخة البغدادية لأبي طاهر السلفي	صدر الدين، أبو طاهر السلفي أحمد بن محمد بن أحمد بن محمد بن إبراهيم سلفه الأصبهاني (المتوفى: 576ه)	ShamelaY19	30110	0.63781
		الأمر بالمعروف والنهي عن المنكر	أبو بكر احمد بن محمد بن هارون الخلال	ShamAY	33905	0.63779
		من حديث أبي منصور محمد بن محمد بن عثمان السواق - مخطوط (ن)	محمد بن محمد بن عثمان بن عمران بن سهل بن نصر بن أحمد بن حامد أبو منصور البندار المعروف بابن السواق (المتوفى: 440ه)	ShamelaY19	21690	0.63779
		الإسناد عند علماء القراءات	د. محمد بن سيدي محمد محمد الأمين	ShamAY	8754	0.63777
		أسماء من عاش ثمانين سنة بعد شيخه أو بعد سماعه	الذهبي، شمس الدين	ShamAY	34571	0.63759
		من حديث أبي الحسين محمد بن إبراهيم بن سلمة الكهيلي- مخطوط		ShamAY	32802	0.63752
		كتاب التوحيد	محمد بن علي بن بابويه شيخ صدوق	Ghbook	797	0.63747
		إحقاق الحقّ وإزهاق الباطل [ج ٢٨]	آية الله السيّد شهاب الدين الحسيني المرعشي النجفي	Rafed	2796	0.63746
		ملخص من مسند أبي يوسف يعقوب بن شيبة بن الصلت من مسند عمر بن الخطاب	الواحدي :: يعقوب بن شيبة	ShamAY	33647	0.63731
		منتخب من كتاب الشعراء لأبي نعيم الأصبهاني	أبو نعيم أحمد بن عبد الله بن أحمد بن إسحاق بن موسى بن مهران الأصبهاني (المتوفى: 430ه)	ShamelaY19	27105	0.63726
		تاريخ أسماء الثقات	أبو حفص عمر بن أحمد بن عثمان بن أحمد بن محمد بن أيوب بن أزداذ البغدادي المعروف بـ ابن شاهين (المتوفى: 385هـ)	ShamAY	5818	0.63722
		الجامع لأخلاق الراوي وآداب السامع للخطيب البغدادي	أبو بكر أحمد بن علي بن ثابت بن أحمد بن مهدي الخطيب البغدادي (المتوفى: 463ه)	Sham19Y	13012	0.63722
		الثاني من الفوائد المنتقاة لابن السماك ويليه من حديث دعلج للحمامي	عثمان بن أحمد بن عبيد الله بن يزيد، أبو عمرو الدقاق، ابن السماك (المتوفى: 344ه)	ShamelaY19	29940	0.63718
		ذيل تأريخ مدينة السلام [ج ١]	أبي عبد الله محمّد بن سعيد بن الدبيثي	Rafed	2307	0.63694
		 ذكر أخبار أصبهان ( تاريخ أصبهان ) 	 أبي نعيم الأصبهاني 	ABLibrary	8982	0.63682
		الشمائل المحمدية للترمذي ط إحياء التراث	محمد بن عيسى بن سورة بن موسى بن الضحاك، الترمذي، أبو عيسى (المتوفى: 279ه)	ShamelaY19	23647	0.63669
		فضائل الشام‏	محمد بن أحمد المقدسي	Masaha	4845	0.6366
		الإصابة في تمييز الصحابة [ج ٢]	أحمد بن علي بن حجر العسقلاني	Rafed	3387	0.63658
		قصر الأمل لابن أبي الدنيا - ط أطلس الخضراء = مقابل	أبو بكر عبد الله بن محمد ابن أبي الدنيا	ShamAY	38175	0.63654
		العقد الثّمين في تاريخ البلد الأمين [ج ٣]	تقي الدين محمّد بن أحمد الحسني الفاسي المكّي	Rafed	2217	0.63642
		إثبات عذاب القبر وسؤال الملكين	أحمد بن الحسين بن علي بن موسى الخُسْرَوْجِردي الخراساني، أبو بكر البيهقي (المتوفى: 458هـ)	ShamAY	8258	0.63624
		 منتخب الأثر في أحوال الإمام الثاني عشر ( عج ) 	 الشيخ لطف الله الصافي الگلپايگاني 	ABLibrary	7789	0.63623
		ترجمة مجد الدين أبي البركات ابن تيمية - مخطوط	أحمد بن محمد بن أبي القاسم بن بدرن	ShamAY	32771	0.63619
		مكارم الأخلاق لابن أبي الدنيا	أبو بكر عبد الله بن محمد بن عبيد بن سفيان بن قيس البغدادي الأموي القرشي المعروف بابن أبي الدنيا (المتوفى: 281هـ)	ShamAY	13180	0.63606
		عقيدة السلف أصحاب الحديث	أبو عثمان إسماعيل بن عبد الرحمن الصابوني	ShamAY	35549	0.63592
		معجم حفّاظ القرآن عبر التّاريخ [ج ١]	الدكتور محمّد سالم محيسن	Rafed	905	0.63587
		القدر للفريابي مخرجا	أبو بكر جعفر بن محمد بن الحسن بن المُسْتَفاض الفِرْيابِي (المتوفى: 301هـ)	ShamAY	13051	0.63578
		من سؤالات أبي بكر أحمد بن محمد بن هانئ الأثرم أبا عبد الله أحمد بن محمد بن حنبل	أبو عبد الله أحمد بن محمد بن حنبل بن هلال بن أسد الشيباني (المتوفى: 241ه)	ShamelaY19	25873	0.63573
		منتهى المقال في أحوال الرّجال [ج ٥]	الشيخ محمّد بن إسماعيل المازندراني	Rafed	538	0.63553
		السلسبيل النقي في تراجم شيوخ البيهقي	أبو الطيب نايف بن صلاح بن علي المنصوري	ShamelaY19	123667	0.63551
		أحاديث مسلسلة رواية أبي العباس أحمد بن يحيى بن ناقة الكوفي الحنفي عن شيوخه	أبو العباس أحمد بن يحيى بن أحمد بن زيد بن ناقة الكوفي الحنفي (559 هـ)	ShamAY	33639	0.63544
		حديث أبي القاسم الكناني	حمزة بن محمد بن علي بن العباس، أبو القاسم الكناني المصري (المتوفى: 357هـ)	ShamAY	29722	0.63542
		الشمائل المحمدية	أبو عيسى الترمذي	Masaha	2047	0.63541
		من حديث مالك بن أنس لأبي الحسن الأزدي - مخطوط (ن)	أَبُو الحَسَنِ مُحَمَّدُ بنُ عَلِيِّ بنِ مُحَمَّدِ بنِ صَخْرٍ الأَزْدِيُّ، البَصْرِيُّ (المتوفى: 443هـ)	ShamAY	21696	0.63537
		أحاديث السلفي عن جعفر السراج	صدر الدين، أبو طاهر السلفي أحمد بن محمد بن أحمد بن محمد بن إبراهيم سلفه الأصبهاني (المتوفى: 576ه)	ShamelaY19	30240	0.63529
		مصارع العشاق - العلمية	أبو محمد جعفر بن أحمد بن الحسيني السراج القارئ	ShamAY	33793	0.63523
		العقد الثّمين في تاريخ البلد الأمين [ج ٦]	تقي الدين محمّد بن أحمد الحسني الفاسي المكّي	Rafed	2227	0.63508
		غاية المرام وحجّة الخصام [ج ٣]	السيّد هاشم البحراني الموسوي التوبلي	Rafed	3608	0.63503
		 صفوة التصوف 	 ابن القيسراني 	ABLibrary	8716	0.63491
		مراتب النحويّين	عبدالواحد بن علي أبوالطيّب اللغوي	Rafed	2548	0.63487
		طبقات المحدثين بأصبهان والواردين عليها	أبو محمد عبد الله بن محمد بن جعفر بن حيان الأنصاري المعروف بأبِي الشيخ الأصبهاني (المتوفى: 369هـ)	ShamAY	4182	0.63476
		رجال شيخ طوسي	محمد بن حسن شيخ طوسي ( شيخ الطائفه )	Ghbook	2563	0.63474
		فوائد أبي يعلى الخليلي	أبو يعلى الخليلي، خليل بن عبد الله بن أحمد بن إبراهيم بن الخليل القزويني (المتوفى: 446هـ)	ShamAY	8240	0.63472
		الرواة الأربعة عشر للضياء المقدسي - مخطوط (ن)	ضياء الدين أبو عبد الله محمد بن عبد الواحد المقدسي (المتوفى: 643ه)	ShamelaY19	21626	0.63467
		 ذكر أخبار أصبهان ( تاريخ أصبهان ) 	 أبي نعيم الأصبهاني 	ABLibrary	8981	0.63467
		العظمة لأبي الشيخ الأصبهاني	أبو محمد عبد الله بن محمد بن جعفر بن حيان الأنصاري المعروف بأبِي الشيخ الأصبهاني (المتوفى: 369هـ)	ShamAY	13043	0.63465
		مسند الإمام المجتبى أبي محمد الحسن بن علي(ع)	عزيز الله عطاردي‏	Masaha	2436	0.63463
		الورع لابن أبي الدنيا	أبو بكر عبد الله بن محمد بن عبيد بن سفيان بن قيس البغدادي الأموي القرشي المعروف بابن أبي الدنيا (المتوفى: 281ه)	Sham19Y	13078	0.63455
		الكتاب: من الفوائد الغرائب الحسان	محمد بن عبد الله بن محمد بن صالح، أَبو بكر التميمي الأبهري المالكي (المتوفى: 375هـ)	ShamAY	22381	0.63444
		مسانيد أبي يحيى فراس بن يحيى الْمُكَتِّبِ الكوفي	أبو نعيم أحمد بن عبد الله بن أحمد بن إسحاق بن موسى بن مهران الأصبهاني (المتوفى : 430هـ)	ShamAY	10659	0.63443
		مجلسان من أمالي الجوهري_2	الحسن بن علي بن محمد، أبو محمد الجوهري (المتوفى: 454هـ)	ShamAY	30071	0.63437
		صفة النفاق وذم المنافقين للفريابي	أبو بكر جعفر بن محمد بن الحسن بن المُسْتَفاض الفِرْيابِي (المتوفى: 301هـ)	ShamAY	8235	0.63426
		حسن الظن بالله عز وجل لابن أبي الدنيا - ط أطلس الخضراء = مقابل	أبو بكر عبد الله بن محمد ابن أبي الدنيا	ShamAY	38085	0.63424
		الأول من حديث أبي علي بن شاذان	الحسن بن أحمد بن إبراهيم بن الحسن ابن محمد بن شاذان، أبو علي البزاز (المتوفى: 425ه)	ShamelaY19	29972	0.6342
		الإنصاف والتحري في دفع الظلم والتجري، عن أبي العلاء المعري	ابن العديم	ShamAY	35833	0.63409
		المجتبى من المجتنى	جمال الدين أبو الفرج عبد الرحمن بن علي بن محمد الجوزي (المتوفى: 597ه)	ShamelaY19	122409	0.63395
		فضائل الشّام	الناشر: دار الكتب العلميّة	Rafed	2455	0.63384
		الجزء الثامن من المشيخة البغدادية	صدر الدين، أبو طاهر السِّلَفي أحمد بن محمد بن أحمد بن محمد بن إبراهيم سِلَفَه الأصبهاني (المتوفى: 576هـ)	ShamAY	30622	0.63383
		الدعاء للمحاملي - دار الغرب	أبو عبد الله البغدادي الحسين بن إسماعيل بن محمد بن إسماعيل بن سعيد بن أبان الضبي المحاملي (المتوفى: 330هـ)	ShamAY	33680	0.63379
		الجزء الأول من المنتخب من فوائد ابن علويه القطان - مخطوط	أبو محمد الحسن بن علي بن محمد القطان المعروف بابن علويه	ShamAY	32938	0.63372
		المحدث الفاصل بين الراوي والواعي للرامهرمزي	أبو محمد الحسن بن عبد الرحمن بن خلاد الرامهرمزي الفارسي (المتوفى: 360هـ)	ShamAY	13059	0.63363
		الإصابة في تمييز الصحابة [ج ٣]	أحمد بن علي بن حجر العسقلاني	Rafed	3400	0.63344
		المجتبى من المجتنى	جمال الدين أبو الفرج عبد الرحمن بن علي بن محمد الجوزي (المتوفى: 597هـ)	ShamAY	31729	0.63329
		مجلسان من أمالي الجوهري_2	الحسن بن علي بن محمد، أبو محمد الجوهري (المتوفى: 454ه)	Sham19Y	30071	0.63313
		الجزء الرابع من المشيخة البغدادية	صدر الدين، أبو طاهر السلفي أحمد بن محمد بن أحمد بن محمد بن إبراهيم سلفه الأصبهاني (المتوفى: 576ه)	Sham19Y	30626	0.63308
		جزء ابن المهتدي	أبو الحسين محمد بن علي بن عبد الله بن عبد الصّمد بن المُهتَدي	ShamAY	35235	0.63306
		 عبقات الأنوار في إمامة الأئمة الأطهار ( فارسي ) 	 السيد حامد النقوي 	ABLibrary	8504	0.63305
		السنن الصغرى للبيهقي - ت الأعظمي ط الرشد	محمد ضياء الرحمن الأعظمي	ShamAY	33602	0.63293
		من حديث أبي الحسن المكي عن أبي عبيد القاسم بن سلام - مخطوط	أبو عبيد القاسم بن سلام	ShamAY	32892	0.63285
		مختصر البصائر	حسن بن سليمان بن محمد الحلي‏	Masaha	2479	0.63281
		الفوائد المنتقاة الغرائب لابن معروف بانتخاب الدارقطني - مخطوط	أبو محمد عبيد الله بن أحمد بن معروف البغدادي	ShamAY	32880	0.6328
		نظم العقيان في أعيان الأعيان	عبد الرحمن بن أبي بكر، جلال الدين السيوطي (المتوفى: 911هـ)	ShamAY	9061	0.63276
		جامع بيان العلم وفضله	أبو عمر يوسف بن عبد الله بن محمد بن عبد البر بن عاصم النمري القرطبي (المتوفى: 463ه)	ShamelaY19	22367	0.63265
		مجابو الدعوة (مطبوع ضمن مجموعة رسائل ابن أبي الدنيا)	أبو بكر عبد الله بن محمد بن عبيد بن سفيان بن قيس البغدادي الأموي القرشي المعروف بابن أبي الدنيا (المتوفى: 281هـ)	ShamAY	1439	0.6325
		الترغيب في فضائل الأعمال وثواب ذلك لابن شاهين	أبو حفص عمر بن أحمد بن عثمان بن أحمد بن محمد بن أيوب بن أزداذ البغدادي المعروف بـ ابن شاهين (المتوفى: 385هـ)	ShamAY	8209	0.63245
		الجزء فيه مسند عابس الغفاري وجماعة من الصحابة رضي الله عنهم	أحمد بن حازم بن محمد بن يونس بن قيس بن أبي غرزة، أبو عمرو الغفاري الكوفي (المتوفى: 276ه)	ShamelaY19	26449	0.63236
		المدلسين	أحمد بن عبد الرحيم بن الحسين الكردي الرازياني ثم المصري، أبو زرعة ولي الدين، ابن العراقي (المتوفى: 826هـ)	ShamAY	1176	0.6323
		المنتخب من العلل للخلال - ط الفاروق	أبو بكر أحمد بن محمد بن هارون الخلال	ShamAY	34173	0.63226
		الثاني من الفوائد المنتقاة لابن السماك ويليه من حديث دعلج للحمامي	عثمان بن أحمد بن عبيد الله بن يزيد، أبو عمرو الدقاق، ابن السماك (المتوفى: 344ه)	Sham19Y	29940	0.63214
		تاريخ الإسلام ووفيات المشاهير والأعلام [ج ٢٤]	شمس الدين محمّد بن أحمد بن عثمان الذّهبي	Rafed	3521	0.63201
		خصائص مسند الإمام أحمد	محمد بن عمر بن أحمد بن عمر بن محمد الأصبهاني المديني، أبو موسى (المتوفى: 581هـ)	ShamAY	11174	0.63199
		 الضوء اللامع لأهل القرن التاسع 	 شمس الدين السخاوي 	ABLibrary	951	0.63184
		أحوال الرجال - ط الرسالة ت السامرائي	إبراهيم بن يعقوب بن إسحاق السعدي الجوزجاني، أبو إسحاق (المتوفى: 259هـ)	ShamAY	34603	0.63166
		مجلس من أمالي أبي عبد الله العطار	أبو عبد الله محمد بن مخلد بن حفص العطار الدوري البغدادي (المتوفى: 331ه)	Sham19Y	29858	0.6316
		الموضوعات لابن الجوزي	جمال الدين عبد الرحمن بن علي بن محمد الجوزي (المتوفى: 597هـ)	ShamAY	882	0.63156
		الثاني من الفوائد المنتقاة لابن السماك ويليه من حديث دعلج للحمامي	عثمان بن أحمد بن عبيد الله بن يزيد، أبو عمرو الدقاق، ابن السَّمَّاك (المتوفى: 344هـ)	ShamAY	29940	0.63153
		الجزء الثامن من الفوائد العوالي المنتقاة للقاسم بن الفضل الثقفي - مخطوط	الرئيس أبي عبد الله القاسم بن الفضل الثقفي	ShamAY	32848	0.63145
		ذيل تاريخ مدينة السلام‏  - الجزء1	محمد بن سعيد ابن الدبيثي	Masaha	4452	0.63143
		نقد الرجال [ج ٣]	السيد مصطفى بن الحسين الحسيني التفرشي	Rafed	138	0.63139
		فوائد مخرجة عن شيوخ أبي عبد الله محمد بن عبد العزيز الوراق - مخطوط		ShamAY	32786	0.63124
		غاية المرام وحجّة الخصام [ج ١]	السيّد هاشم البحراني الموسوي التوبلي	Rafed	3606	0.63115
		الدرّ الكمين بذيل العقد الثمين في تاريخ البلد الأمين [ج ٢]	عمر ابن فهد الهاشمي المكّي	Rafed	2206	0.63096
		فضائل فاطمة بنت رسول الله صلى الله عليه وسلم	أبو حفص عمر بن أحمد بن عثمان بن أحمد بن محمد بن أيوب بن أزداذ البغدادي المعروف بـ ابن شاهين (المتوفى: 385هـ)	ShamAY	9449	0.63095
		الأول من حديث أبي علي بن شاذان	الحسن بن أحمد بن إبراهيم بن الحسن ابن محمد بن شاذان، أبو علي البزاز (المتوفى: 425ه)	Sham19Y	29972	0.63081
		خصائص أمير المؤمنين علي بن أبي طالب	أبو عبد الرحمن أحمد بن شعيب بن علي الخراساني، النسائي (المتوفى: 303هـ)	ShamAY	5645	0.63079
		العمر والشيب لابن أبي الدنيا	أبو بكر عبد الله بن محمد بن عبيد بن سفيان بن قيس البغدادي الأموي القرشي المعروف بابن أبي الدنيا (المتوفى: 281هـ)	ShamAY	13044	0.63078
		القدر للفريابي محققا	أبو بكر جعفر بن محمد بن الحسن بن المُسْتَفاض الفِرْيابِي (المتوفى: 301هـ)	ShamAY	11333	0.63075
		سؤالات أبي بكر البرقاني لأبي الحسن الدارقطني - ط الفاروق	أبو بكر أَحمد بن محمد بن أَحمد بن غالب البرقاني	ShamAY	34158	0.63074
		الأسماء والصفات للبيهقي ت عميرة	أبو بكر أحمد بن الحسين بن علي بن موسى البيهقي (المتوفى: 458 هـ)	ShamAY	33978	0.63054
		الجزء الأول من غرر الفوائد المجموعة في بيان ما وقع في صحيح مسلم من الأحاديث المقطوعة	يحيى بن علي بن عبد الله بن علي بن مفرج، أبو الحسين، رشيد الدين القرشي الاموي النابلسي ثم المصري، المعروف بالرشيد العطار (المتوفى: 662ه)	Sham19Y	2749	0.63049
		الانتباه لما قال الحاكم ولم يخرجاه وهو في أحدهما أو روياه	محمد بن محمود بن إبراهيم عطية	ShamAY	32276	0.63043
		 بغية الطلب في تاريخ حلب 	 عمر بن أحمد العقيلي الحلبي ( ابن العديم ) 	ABLibrary	810	0.63039
		العاشر من المشيخة البغدادية لأبي طاهر السلفي	صدر الدين، أبو طاهر السلفي أحمد بن محمد بن أحمد بن محمد بن إبراهيم سلفه الأصبهاني (المتوفى: 576ه)	ShamelaY19	30127	0.63025
		أحاديث منتقاة في غرائب ألفاظ رسول الله مما يحتاج إلى استعماله	أبو الفتح محمد بن الحسين بن أحمد بن عبد الله بن بريدة الموصلي الأزدي (المتوفى: 374هـ)	ShamAY	29727	0.63022
		الأربعون المستخرجة من الصحاح من روايات المحمدين	عَبْدُ الرَّزَّاقِ بْنُ مُحَمَّدِ بْنِ أَبِي نَصْرٍ أحمد بن محمد بن عيسى بن عمار أَبُو الْمَحَاسِنِ الطَّبَسِيُّ (المتوفى: 537هـ)	ShamAY	29772	0.63017
		الإيمان لابن منده	أبو عبد الله محمد بن إسحاق بن محمد بن يحيى بن مَنْدَه العبدي (المتوفى: 395هـ)	ShamAY	13005	0.63013
		قرة العين في تلخيص تراجم رجال الصحيحين	محمد بن الشيخ علي بن آدم الإثيوبي الولوي	ShamelaY19	151040	0.63007
		الأول من حديث أبي علي بن شاذان	الحسن بن أحمد بن إبراهيم بن الحسن ابن محمد بن شاذان، أبو علي البَزَّاز (المتوفى: 425هـ)	ShamAY	29972	0.62999
		الجزء الرابع من المشيخة البغدادية	صدر الدين، أبو طاهر السِّلَفي أحمد بن محمد بن أحمد بن محمد بن إبراهيم سِلَفَه الأصبهاني (المتوفى: 576هـ)	ShamAY	30626	0.62985
		بغية الطلب في تاريخ حلب‏  - الجزء1	ابن العديم عمر بن أحمد بن أبي جرادة	Masaha	4415	0.62978
		أحاديث من المسند الصحيح لأبي حامد ابن الشرقي	أحمد بن محمد بن الحسن النيسابورى، أبو حامد ابن الشرقي (المتوفى: 325ه)	Sham19Y	26567	0.62965
		الأنوار في شمائل النبي المختار	محيي السنة، أبو محمد الحسين بن مسعود بن محمد بن الفراء البغوي الشافعي (المتوفى: 516هـ)	ShamAY	10803	0.62964
		طبقات الحفاظ للسيوطي	عبد الرحمن بن أبي بكر، جلال الدين السيوطي (المتوفى: 911هـ)	ShamAY	5823	0.62946
		مسند الشاميين للطبراني	سليمان بن أحمد بن أيوب بن مطير اللخمي الشامي، أبو القاسم الطبراني (المتوفى: 360هـ)	ShamAY	13162	0.62943
		الشريعة للآجري	أبو بكر محمد بن الحسين بن عبد الله الآجُرِّيُّ البغدادي (المتوفى: 360هـ)	ShamAY	13035	0.6294
		عوالم العلوم و المعارف - الجزء1	الشيخ عبد الله البحراني الأصفهاني‏	Masaha	2304	0.62936
		التوبيخ والتنبيه لأبي الشيخ الأصبهاني	أبو محمد عبد الله بن محمد بن جعفر بن حيان الأنصاري المعروف بأبي الشيخ الأصبهاني (المتوفى: 369ه)	Sham19Y	13010	0.62932
		الورع لابن أبي الدنيا	أبو بكر عبد الله بن محمد بن عبيد بن سفيان بن قيس البغدادي الأموي القرشي المعروف بابن أبي الدنيا (المتوفى: 281هـ)	ShamAY	13078	0.62931
		أخبار مكّة في قديم الدّهر وحديثه [ج ٣]	أبي عبد الله محمّد بن إسحاق ابن العبّاس الفاكهي المكّي	Rafed	2111	0.62929
		من فوائد أبي القاسم ابن عليك - مخطوط (ن)	علي بن عبد الرحمن بن الحسن ابن عليك النيسابوري (المتوفى: 468ه)	ShamelaY19	21678	0.62925
		الجزء الأول من غرر الفوائد المجموعة في بيان ما وقع في صحيح مسلم من الأحاديث المقطوعة	يحيى بن علي بن عبد الله بن علي بن مفرج، أبو الحسين، رشيد الدين القرشي الاموي النابلسي ثم المصري، المعروف بالرشيد العطار (المتوفى: 662هـ)	ShamAY	2749	0.62922
		الكواكب الدراري في ترجمة بعض من طعن من رجال البخاري	أحمد سكر	ShamAY	35892	0.62917
		البعث والنشور للبيهقي - ت زغلول ط الكتب الثقافية	أحمد بن الحسين بن علي بن موسى الخُسْرَوْجِردي الخراساني، أبو بكر البيهقي (المتوفى: 458 هـ)	ShamAY	34010	0.62913
		أخبار مكة في قديم الدهر وحديثه‏  - الجزء1	محمد بن إسحاق الفاكهي	Masaha	4538	0.62896
		خمسة أحاديث من أمالي الحافظ العراقي (مطبوع ضمن كتاب جمهرة الأجزاء الحديثية)	أبو الفضل زين الدين عبد الرحيم بن الحسين بن عبد الرحمن بن أبي بكر بن إبراهيم العراقي (المتوفى: 806هـ)	ShamAY	9484	0.62879
		الذيل على جزء بقي بن مخلد من أحاديث الحوض (مطبوع مع كتاب الحوض والكوثر لبقي بن مخلد)	أبو القاسم خلف بن عبد الملك بن مسعود بن بشكوال الخزرجي الأنصاري الأندلسي (المتوفى: 578هـ)	ShamAY	6753	0.62873
		الدرر الكامنة في أعيان المائة الثامنة	أبو الفضل أحمد بن علي بن محمد بن أحمد بن حجر العسقلاني (المتوفى: 852ه)	Sham19Y	6674	0.62872
		الأسماء والصفات	أبي بكر أحمد بن الحسين البيهقي	Rafed	3332	0.62868
		كتاب الصلاة لابن حبان	أبو حاتم محمد بن حبان البستي	ShamAY	38116	0.62862
		فضل شرف علم الحديث وأهله	العراقي، زين الدين	ShamAY	37282	0.62858
		أمالي المحاملي رواية ابن مهدي الفارسي	أبو عبد الله البغدادي الحسين بن إسماعيل بن محمد بن إسماعيل بن سعيد بن أبان الضبي المحاملي (المتوفى: 330ه)	ShamelaY19	26425	0.62856
		مكارم الأخلاق ومعاليها ومحمود طرائقها	أبي بكر محمد بن جعفر بن سهل بن شاكر السامري الخرائطي المتوفى عام 327 هـ	ShamAY	33948	0.62855
		فضائل شهر رجب للخلال	أبو محمد الحسن بن محمد بن الحسن بن علي البغدادي الخَلَّال (المتوفى: 439هـ)	ShamAY	1299	0.62843
		أحاديث الجماعيلي	عبد الغني بن عبد الواحد بن علي بن سرور المقدسي الجماعيلي الدمشقي الحنبلي، أبو محمد، تقي الدين (المتوفى: 600هـ)	ShamAY	30346	0.62837
		الجمعة للنسائي	أبو عبد الرحمن أحمد بن شعيب بن علي الخراساني، النسائي (المتوفى: 303ه)	ShamelaY19	21577	0.62837
		جزء فيه من أخبار عمرو بن عبيد بن باب البصري المعتزلي وكلامه في القرآن وإظهار بدعته.	الدارقطني	ShamAY	32827	0.62827
		أحاديث عن 19 من أصحاب ابن طبرزد (مطبوع ضمن كتاب جمهرة الأجزاء الحديثية)	عمر بن محمد بن معمر بن يحيى ابن أحمد بن حسان، أبو حفص، ابن طبرزد، الدارقزي، البغدادي (المتوفى: 607ه)	Sham19Y	9354	0.62803
		مناقب الشافعي للبيهقي	أبو بكر أحمد بن الحسين البيهقي (384 - 458 هـ)	ShamAY	37997	0.62801
		 العقد الثمين في تاريخ البلد الأمين 	 محمد بن أحمد الفاسي 	ABLibrary	9146	0.62785
		موطأ مالك برواية محمد بن الحسن الشيباني	مالك بن أنس بن مالك بن عامر الأصبحي المدني (المتوفى: 179هـ)	ShamAY	16050	0.62781
		المصابيح	الإمام أبو العباس الحسني	Rafed	3471	0.62774
		الجزء الرابع من المشيخة البغدادية	صدر الدين، أبو طاهر السلفي أحمد بن محمد بن أحمد بن محمد بن إبراهيم سلفه الأصبهاني (المتوفى: 576ه)	ShamelaY19	30626	0.6277
		علل الشرائع - الجزء1	الشيخ الصدوق	Masaha	705	0.62765
		المسند الصحيح المختصر بنقل العدل عن العدل إلى رسول الله صلى الله عليه وسلم	أبو الحسين مسلم بن الحجاج القشيري النيسابوري	ShamAY	33938	0.62763
		الأمر بالمعروف والنهي عن المنكر للخلال	أبو بكر أحمد بن محمد بن هارون بن يزيد الخَلَّال البغدادي الحنبلي (المتوفى: 311هـ)	ShamAY	8248	0.62746
		جزء الحسن بن عرفة العبدي	أبو علي الحسن بن عرفة بن يزيد العبدي البغدادي (المتوفى: 257هـ)	ShamAY	9313	0.62735
		جزء ابن غطريف للجرجاني	أبو أحمد محمد بن أحمد بن حسين بن القاسم بن السري بن الغِطْريف بن الجهم العَبْدي الغِطْريفي الجرجاني (المتوفى: 377هـ)	ShamAY	13096	0.62734
		العزلة والانفراد لابن أبي الدنيا - ط أطلس الخضراء = مقابل	أبو بكر عبد الله بن محمد ابن أبي الدنيا	ShamAY	38169	0.62731
		الإمام في معرفة أحاديث الأحكام - ت آل حميد	ابن دقيق العيد	ShamAY	33975	0.62724
		الإشراف في منازل الأشراف لابن أبي الدنيا - ط أطلس الخضراء = مقابل	أبو بكر عبد الله بن محمد ابن أبي الدنيا	ShamAY	38145	0.62705
		أحاديث من المسند الصحيح لأبي حامد ابن الشرقي	أحمد بن محمد بن الحسن النيسابورى، أبو حامد ابن الشرقي (المتوفى: 325ه)	ShamelaY19	26567	0.62685
		التعازي لأبي الحسن المدائني	علي بن محمد بن عبد الله بن أبي سيف أبو الحسن المعروف بالمدائني (المتوفى: 224ه)	ShamelaY19	26863	0.62676
		ذيل طبقات الحنابلة	زين الدين عبد الرحمن بن أحمد بن رجب بن الحسن، السَلامي، البغدادي، ثم الدمشقي، الحنبلي (المتوفى: 795هـ)	ShamAY	31366	0.62669
		السنن الواردة في الفتن وغوائلها والساعة وأشراطها	عثمان بن سعيد بن عثمان بن عمر أبو عمرو الداني (المتوفى: 444هـ)	ShamAY	13034	0.62667
		 عبقات الأنوار في إمامة الأئمة الأطهار ( فارسي ) 	 السيد حامد النقوي 	ABLibrary	8497	0.62666
		المجلس 128 من أمالي أبي القاسم السمرقندي	أَبُو القَاسِمِ إِسْمَاعِيْلُ بنُ أَحْمَدَ بنِ عُمَرَ بنِ أَبِي الأَشْعَثِ السَّمَرْقَنْديُّ، الدِّمَشْقِيُّ المَوْلِدِ، البَغْدَادِيُّ الوَطَنِ (المتوفى: 536هـ)	ShamAY	29902	0.62662
		المنتقى من سماعات محمد بن عبد الرحيم المقدسي	محمد بن عبد الرحيم بن عبد الواحد بن أحمد بن عبد الرحمن المقدسي شمس الدين المعروف بابن الكمال الحنبلي (المتوفى: 688ه)	ShamelaY19	30696	0.62657
		مجلسان من أمالي ابن صاعد	أبو محمد يحيى بن محمد بن صاعد بن كاتب الهاشمي بالولاء البغدادي (المتوفى: 318ه)	ShamelaY19	29852	0.62656
		الثامن من فوائد أبي عثمان البحيري	أَبُو عُثْمَانَ سَعِيْدُ بنُ مُحَمَّدِ ابنِ أَبِي الحُسَيْنِ أَحْمَدَ بنِ مُحَمَّدِ بنِ جَعْفَرِ بنِ مُحَمَّدِ بنِ بَحِيْرٍ البَحِيْرِيُّ، النَّيْسَابُوْرِيُّ (المتوفى: 451هـ)	ShamAY	29952	0.62644
		أمالي المحاملي رواية ابن مهدي الفارسي	أبو عبد الله البغدادي الحسين بن إسماعيل بن محمد بن إسماعيل بن سعيد بن أبان الضبي المحاملي (المتوفى: 330هـ)	ShamAY	78	0.62639
		بغية الطلب فى تاريخ حلب	عمر بن أحمد بن هبة الله بن أبي جرادة العقيلي، كمال الدين ابن العديم (المتوفى: 660هـ)	ShamAY	10798	0.62639
		الدرر الكامنة في أعيان المائة الثامنة	أبو الفضل أحمد بن علي بن محمد بن أحمد بن حجر العسقلاني (المتوفى: 852هـ)	ShamAY	6674	0.62633
		جزء القاسم بن موسى الأشيب	القاسم بن موسى بن الحسن بن موسى الأشيب أبو محمد البغدادي (المتوفى: 302هـ)	ShamAY	29702	0.6263
		روضة العقلاء ونزهة الفضلاء	محمد بن حبان بن أحمد بن حبان بن معاذ بن مَعْبدَ، التميمي، أبو حاتم، الدارمي، البُستي (المتوفى: 354هـ)	ShamAY	6944	0.62623
		التعازي لأبي الحسن المدائني	علي بن محمد بن عبد الله بن أبي سيف أبو الحسن المعروف بالمدائني (المتوفى: 224ه)	Sham19Y	26863	0.62595
		مجلس من أمالي النجاد رواية المحاملي	أبو بكر النجاد، أحمد بن سلمان بن الحسن بن إسرائيل بن يونس البغدادي (المتوفى: 348هـ)	ShamAY	29865	0.62591
		الجوس في المنسوب إلى دوس	الدكتور/ مرزوق بن هياس آل مرزوق الزهراني	ShamelaY19	36105	0.62589
		الصلة في تاريخ أئمة الأندلس لابن بشكوال	أبو القاسم خلف بن عبد الملك بن بشكوال (المتوفى: 578 هـ)	ShamAY	22788	0.6258
		الجزء الرابع من فوائد الحاج من حديث أبي عمرو الحيري - مخطوط	أبو عمرو محمد بن أحمد بن حمدان الحيري الضرير	ShamAY	32919	0.62571
		التاريخ وأسماء المحدثين وكناهم	محمد بن أحمد بن محمد، أبو عبد الله المقدمي (المتوفى: 301هـ)	ShamAY	31722	0.62567
		الجامع لعلوم الإمام أحمد - الرجال	خالد الرباط، سيد عزت عيد [بمشاركة الباحثين بدار الفلاح]	ShamAY	38868	0.62567
		الصبر والثواب عليه لابن أبي الدنيا - ط أطلس الخضراء = مقابل	أبو بكر عبد الله بن محمد ابن أبي الدنيا	ShamAY	38138	0.62555
		أحاديث أبي عمران موسى بن هارون البزاز لابن لال - مخطوط	أبو بكر أحمد بن علي بن لال	ShamAY	32924	0.62546
		جامع الآثار في السير ومولد المختار	الواحدي :: ابن ناصر الدين الدمشقي	ShamAY	34447	0.62546
		السنن الواردة في الفتن وغوائلها والساعة وأشراطها	عثمان بن سعيد بن عثمان بن عمر أبو عمرو الداني (المتوفى: 444ه)	Sham19Y	13034	0.62544
		كفاية الأثر في النصّ على الأئمّة الإثني عشر	أبي القاسم علي بن محمد بن علي الخزاز القمي الرازي	Rafed	3568	0.62538
		إحقاق الحقّ وإزهاق الباطل [ج ٥]	السيّد نور الله الحسيني المرعشي التستري	Rafed	2715	0.62533
		فضائل أمير المؤمنين معاوية لأبي القاسم السقطي - مخطوط (ن)	أبو القاسم عبيد الله بن محمد بن أحمد بن جعفر البغدادي، السقطي (المتوفى: 406ه)	ShamelaY19	21647	0.62526
		ذيل طبقات الحنابلة	زين الدين عبد الرحمن بن أحمد بن رجب بن الحسن، السلامي، البغدادي، ثم الدمشقي، الحنبلي (المتوفى: 795ه)	ShamelaY19	31366	0.62525
		الجزء الثامن من المشيخة البغدادية	صدر الدين، أبو طاهر السلفي أحمد بن محمد بن أحمد بن محمد بن إبراهيم سلفه الأصبهاني (المتوفى: 576ه)	ShamelaY19	30622	0.62524
		 البلدانيات 	 شمس الدين السخاوي 	ABLibrary	8971	0.62518
		مجلس من أمالي أبي الفتح المقدسي_1	نصر بن إبراهيم بن نصر بن إبراهيم ابن داود النابلسي المقدسي، أبو الفتح الشافعي (المتوفى: 490ه)	ShamelaY19	29895	0.62508
		جزء فيه أحاديث منصور بن عمار	أبو بكر الذكواني محمد بن أبي علي أحمد بن عبد الرحمن الهمداني الأصبهاني	ShamAY	35225	0.62498
		بغية الطلب في تاريخ حلب [ج ١]	كمال الدّين عمر بن أحمد بن أبي جرادة الحلبي [ ابن العديم ]	Rafed	2136	0.6248
		مسند الشافعي	الشافعي أبو عبد الله محمد بن إدريس بن العباس بن عثمان بن شافع بن عبد المطلب بن عبد مناف المطلبي القرشي المكي (المتوفى: 204هـ)	ShamAY	2075	0.62477
		من هو المهدي	ابو طالب التجليل التبريزي	Masaha	2984	0.62475
		الورع لابن أبي الدنيا - ط أطلس الخضراء = مقابل	أبو بكر عبد الله بن محمد ابن أبي الدنيا	ShamAY	38098	0.62465
		أخبار أبي حفص عمر بن عبد العزيز رحمه الله وسيرته	أبو بكر محمد بن الحسين بن عبد الله الآجري البغدادي (المتوفى: 360ه)	Sham19Y	6650	0.62462
		الجوع لابن أبي الدنيا - ط أطلس الخضراء = مقابل	أبو بكر عبد الله بن محمد ابن أبي الدنيا	ShamAY	38165	0.62457
		شجرة النور الزكية في طبقات المالكية	محمد بن محمد بن عمر بن علي ابن سالم مخلوف (المتوفى: 1360هـ)	ShamAY	31725	0.62448
		شجرة النور الزكية في طبقات المالكية	محمد بن محمد بن عمر بن علي ابن سالم مخلوف (المتوفى: 1360ه)	Sham19Y	7669	0.62447
		 الأسماء والصفات 	 أحمد بن الحسين البيهقي 	ABLibrary	8333	0.62444
		الخامس من الفوائد المنتقاة الحسان	أبو الحسن علي بن عمر بن أحمد بن مهدي بن مسعود بن النعمان بن دينار البغدادي الدارقطني (المتوفى: 385هـ)	ShamAY	30361	0.62425
		كتاب نساء رسول الله صلى الله عليه وسلم وأولاده ومن سالفه من قريش وحلفائهم وغيرهم	الواحدي :: شرف الدين الدمياطي	ShamAY	34435	0.62419
		الفوائد المخرجة من أصول سماعات أبي الحسين علي بن غنائم	أبي الحسين علي بن غنائم (المتوفى: نحو 470هـ)	ShamAY	29922	0.62406
		الرقة والبكاء لابن قدامة	أبو محمد موفق الدين عبد الله بن أحمد بن محمد بن قدامة الجماعيلي المقدسي ثم الدمشقي الحنبلي، الشهير بابن قدامة المقدسي (المتوفى: 620هـ)	ShamAY	9384	0.62404
		سنن أبي داود ت الأرنؤوط	أبو داود سليمان بن الأشعث بن إسحاق بن بشير بن شداد بن عمرو الأزدي السِّجِسْتاني (المتوفى: 275هـ)	ShamAY	31661	0.62404
		السنن الكبرى للنسائي - العلمية	أحمد بن شعيب أبو عبد الرحمن النسائي	ShamAY	33958	0.62402
		 تاريخ الموصل 	 يزيد بن محمد الأزدي 	ABLibrary	9007	0.624
		عمدة عيون صحاح الأخبار في مناقب إمام الأبرار	شمس الدين يحيى بن الحسن الأسدي الربعي الحلّي [ الحافظ ابن البطريق ]	Rafed	1655	0.62399
		علل الدارقطني من -مسند أمِّ الفضل بنتِ حمزة- إلى -مسند خنساء بنت خدام-وهو آخر مسند في الكتاب-	أبو الحسن علي بن عمر بن أحمد بن مهدي بن مسعود بن النعمان بن دينار البغدادي الدارقطني (المتوفى: 385هـ)	ShamAY	35209	0.62398
		أحاديث الجماعيلي	عبد الغني بن عبد الواحد بن علي بن سرور المقدسي الجماعيلي الدمشقي الحنبلي، أبو محمد، تقي الدين (المتوفى: 600ه)	ShamelaY19	30346	0.62398
		فضائل القرآن للبجيري، وهو: جزء من مستخرجه على صحيح الإمام البخاري	أبو حفص عمر بن محمد بن بجير البجيري (311 هـ)	ShamAY	33630	0.62375
		فنون العجائب في أخبار الماضيين من بني إسرائيل وغيرهم من العباد والزاهدين	أبو سعيد محمد بن علي بن عمر بن مهدي الأصبهاني الحنبلي النقاش (المتوفى: 414هـ)	ShamAY	9754	0.62373
		العزلة والانفراد	ابن أبي الدنيا	ShamelaY19	26356	0.62373
		تاريخ الإسلام ووفيات المشاهير والأعلام [ج ٩]	شمس الدين محمّد بن أحمد بن عثمان الذّهبي	Rafed	3341	0.62362
		سنن أبى داود - الكتاب العربي	أبو داود سليمان بن الأشعث السجستاني	ShamAY	33960	0.62358
		مسند الشاميين للطبراني	سليمان بن أحمد بن أيوب بن مطير اللخمي الشامي، أبو القاسم الطبراني (المتوفى: 360ه)	Sham19Y	13162	0.62355
		تنبيه الهاجد إلى ما وقع من النظر فى كتب الأماجد	أبو إسحاق الحويني الأثري حجازي محمد شريف	Sham19Y	9833	0.6234
		سنن أبي داود ت الأرنؤوط	أبو داود سليمان بن الأشعث بن إسحاق بن بشير بن شداد بن عمرو الأزدي السجستاني (المتوفى: 275ه)	Sham19Y	117359	0.62325
		الجامع لعلوم الإمام أحمد - الرجال	خالد الرباط، سيد عزت عيد [بمشاركة الباحثين بدار الفلاح]	ShamelaY19	20881	0.62322
		منتهى المقال في أحوال الرّجال [ج ٤]	الشيخ محمّد بن إسماعيل المازندراني	Rafed	536	0.62297
		مباحث في الحديث المسلسل (مطبوع مع كتاب المسلسلات المختصرة للعلائي)	أحمد أيوب محمد عبد الله الفياض	ShamAY	12284	0.62293
		فوائد أبي عبد الله النعالي	محمد بن طلحة بن محمد بن عثمان أبو الحسن النعالي الرافضي (المتوفى: 413هـ)	ShamAY	30435	0.62289
		أحاديث مستخرجة من كتاب الخلافة لمحمد بن عطية الشامي - مخطوط		ShamAY	32745	0.62286
		أشعار النساء	أبو عبيد الله بن محمد بن عمران بن موسى المرزباني (المتوفى: 384هـ)	ShamAY	8189	0.62284
		الصلة في تاريخ أئمة الأندلس لابن بشكوال	أبو القاسم خلف بن عبد الملك بن بشكوال (المتوفى: 578 ه)	ShamelaY19	22788	0.62283
		العزلة والانفراد	أبو بكر عبد الله بن محمد بن عبيد بن سفيان بن قيس البغدادي الأموي القرشي المعروف بابن أبي الدنيا (المتوفى : 281هـ)	ShamAY	26356	0.62281
		نوادر الأصول في أحاديث الرسول - النسخة المسندة	أبو عبد الله محمد بن علي بن الحسن المعروف بالحكيم الترمذي	ShamAY	38092	0.62279
		الأسماء والصفات للبيهقي	أحمد بن الحسين بن علي بن موسى الخسروجردي الخراساني، أبو بكر البيهقي (المتوفى: 458ه)	Sham19Y	9270	0.62279
		حلية الأولياء وطبقات الأصفياء	أبو نعيم أحمد بن عبد الله بن أحمد بن إسحاق بن موسى بن مهران الأصبهاني (المتوفى: 430هـ)	ShamAY	1225	0.62278
		جامع المسانيد والسُّنَن الهادي لأقوم سَنَن	أبو الفداء إسماعيل بن عمر بن كثير القرشي البصري ثم الدمشقي (المتوفى: 774هـ)	ShamAY	21809	0.62278
		فنون العجائب لأبي سعيد النقاش - ت: مشهور	أبي سعيد محمد بن علي بن أبي اسحاق القراب	ShamAY	33623	0.6227
		المقلق لابن الجوزي	جمال الدين أبو الفرج عبد الرحمن بن علي بن محمد الجوزي (المتوفى: 597هـ)	ShamAY	26892	0.62268
		الحديث المسلسل والأحاديث الستة العراقية تخريج النابلسي - مخطوط	النابلسي، أبو المظفر	ShamAY	32758	0.62261
		حديث البدر بن الهيثم القاضي	بدر بن الهيثم بن خلف أبو القاسم اللخمي، الكوفي (المتوفى: 317ه)	ShamelaY19	21484	0.62254
		أمالي الأذكار في فضل صلاة التسبيح	أبو الفضل أحمد بن علي بن محمد بن أحمد بن حجر العسقلاني (المتوفى: 852ه)	ShamelaY19	29563	0.62254
		طبقات النحويين واللغويين (سلسلة ذخائر العرب 50)	محمد بن الحسن بن عبيد الله بن مذحج الزبيدي الأندلسي الإشبيلي، أبو بكر (المتوفى: 379ه)	Sham19Y	13235	0.62249
		جزء فيه نسخة من حديث فليح بن سليمان ومن حديث أبي بكر النقاش - مخطوط	أبو بكر محمد بن علي بن الحسن النقاش	ShamAY	32952	0.62248
		مسند عبد الرحمن بن عوف للبرتي	أبو العباس أحمد بن محمد بن عيسى بن الأزهر البِرْتي البغدادي القاضي الحنفي (المتوفى: 280هـ)	ShamAY	13168	0.62242
		طبقات النحويين واللغويين (سلسلة ذخائر العرب 50)	محمد بن الحسن بن عبيد الله بن مذحج الزبيدي الأندلسي الإشبيلي، أبو بكر (المتوفى: 379هـ)	ShamAY	31755	0.62241
		مسند الإمام الشافعي (ترتيب سنجر)	الشافعي أبو عبد الله محمد بن إدريس بن العباس بن عثمان بن شافع بن عبد المطلب بن عبد مناف المطلبي القرشي المكي (المتوفى: 204هـ)	ShamAY	9615	0.6224
		خماسيات ابن النقور	أَبُو بَكْرٍ عَبْدُ اللهِ ابْنُ الشَّيْخِ أَبِي مَنْصُوْرٍ مُحَمَّدِ ابْنِ الشَّيْخِ الكَبِيْرِ أَبِي الحُسَيْنِ أَحْمَدَ بن مُحَمَّدِ بنِ عَبْدِ اللهِ بنِ النَّقُّوْرِ البَغْدَادِيُّ، البَزَّازُ (المتوفى: 565هـ)	ShamAY	29932	0.62226
		مجلس من أمالي أبي عبد الله العطار	أبو عبد الله محمد بن مخلد بن حفص العطار الدوري البغدادي (المتوفى: 331هـ)	ShamAY	29858	0.62214
		أخبار مكّة في قديم الدّهر وحديثه [ج ١]	أبي عبد الله محمّد بن إسحاق ابن العبّاس الفاكهي المكّي	Rafed	2100	0.62214
		تنقيح الروض الأنيق مما وضع في فضل الصديق	أبُو مُحَمَّدٍ الأَلْفِيُّ السَّكَنْدَرِيُّ	ShamAY	36060	0.62212
		الصيام للفريابي	أبو بكر جعفر بن محمد بن الحسن بن المُسْتَفاض الفِرْيابِي (المتوفى: 301هـ)	ShamAY	13040	0.62206
		تنوير الغبش في فضل السودان والحبش	جمال الدين أبو الفرج عبد الرحمن بن علي بن محمد الجوزي (المتوفى: 597هـ)	ShamAY	32234	0.62196
		المقلق لابن الجوزي	جمال الدين أبو الفرج عبد الرحمن بن علي بن محمد الجوزي (المتوفى: 597ه)	ShamelaY19	26892	0.62193
		المنتقى من السنن المسندة عن رسول الله صلى الله عليه وسلم	أبو محمد عبد الله بن علي بن الجارود النيسابوري	ShamAY	33903	0.6219
		تَنْبِيهُ الهَاجِدْ إلَى مَا وَقَعَ مِنَ النَّظَرِ فى كُتُبِ الأَمَاجِدِ	أبو إسحاق الحويني الأثري حجازي محمد شريف	ShamAY	9833	0.62176
		البعث والنشور للبيهقي	أحمد بن الحسين بن علي بن موسى الخسروجردي الخراساني، أبو بكر البيهقي (المتوفى: 458ه)	Sham19Y	9292	0.62173
		بصائر الدرجات في فضائل آل محمد(ص)	محمد بن حسن الصفار	Masaha	1945	0.62155
		ذكر من له الآيات ومن تكلم بعد الموت للنجاد - مخطوط (ن)	أبو بكر النجاد، أحمد بن سلمان بن الحسن بن إسرائيل بن يونس البغدادي (المتوفى: 348هـ)	ShamAY	11757	0.62149
		أحاديث أبي الحسين الكلابي	أبو الحسين عبد الوهاب بن الحسن بن الوليد بن موسى الكلابي الدمشقي (المتوفى: 396ه)	ShamelaY19	30022	0.62145
		توضيح الأسناد المشكلة في الكتب الأربعة‌ - الجزء1	السيد محمد جواد الشبيري الزنجاني	Masaha	3521	0.62137
		الجزء الثاني من الفوائد المنتقاة الغرائب الحسان لابن المظفر - مخطوط	أبو الحسين بن المظفر	ShamAY	32753	0.62127
		الجزء الأول والثاني من مسند أنس بن مالك للحنيني	أبو جعفر محمد بن الحسين بن موسى الحنيني	ShamAY	33698	0.62123
		التذييل علي كتب الجرح والتعديل	طارق بن محمد آل بن ناجي (المتوفى: 1432هـ)	ShamAY	2061	0.62118
		النصيحة للراعي والرعية للتبريزي	أَبُو الخَيْرِ بَدَلُ بنُ أَبِي المُعَمَّرِ بنِ إِسْمَاعِيْلَ التِّبْرِيْزِيُّ (المتوفى: 636هـ)	ShamAY	12847	0.62115
		إعلام العالم بعد رسوخه بناسخ الحديث ومنسوخه	جمال الدين أبو الفرج عبد الرحمن بن علي بن محمد الجوزي (المتوفى: 597هـ)	ShamAY	9369	0.62105
		الخامس والثلاثون من المشيخة البغدادية لأبي طاهر السلفي	صدر الدين، أبو طاهر السِّلَفي أحمد بن محمد بن أحمد بن محمد بن إبراهيم سِلَفَه الأصبهاني (المتوفى: 576هـ)	ShamAY	30114	0.62103
		جزء فيه مجلسان من أمالي أبي الحسين بن بشران	علي بن محمد بن عبد الله بن بشران الأموي أبو الحسين البغدادي المعدل (المتوفى: 415ه)	ShamelaY19	26562	0.62103
		تحريم نكاح المتعة	نصر بن إبراهيم بن نصر بن إبراهيم ابن داود النابلسي المقدسي، أبو الفتح المعروف بابن أبي حافظ (المتوفى: 490هـ)	ShamAY	9391	0.62096
		أحاديث خماسية وسداسية للغزنوي - مخطوط	نصر الدين أبو المعالي منصور بن مسعود بن محمود الغزنوي	ShamAY	38161	0.6209
		الدينار من حديث المشايخ الكبار	شمس الدين أبو عبد الله محمد بن أحمد بن عثمان بن قَايْماز الذهبي (المتوفى: 748هـ)	ShamAY	5688	0.62086
		من فوائد أبي القاسم ابن عليك - مخطوط (ن)	عَلِيُّ بنُ عَبْدِ الرَّحْمَنِ بنِ الحَسَنِ ابْن عَلِيَّكَ النَّيْسَابُوْرِيُّ (المتوفى: 468هـ)	ShamAY	21678	0.62081
		من أحاديث محمد بن يحيى الذهلي رواية المعقلي عنه - مخطوط (ن)	محمد بن يحيى بن عبد الله الذهلي، مولاهم، النيسابورى، أبو عبد الله (المتوفى: 258ه)	ShamelaY19	21684	0.6208
		العقد الثّمين في تاريخ البلد الأمين [ج ٢]	تقي الدين محمّد بن أحمد الحسني الفاسي المكّي	Rafed	2212	0.6208
		تمييز ثقات المحدثين وضعفائهم وأسمائهم وكناهم لابن البرقي	أبو عبد الله محمد بن عبد الله بن عبد الرحيم المصري	ShamAY	34628	0.62073
		منتخب الاثر في الامام الثاني عشر ( عليه السلام )	آيت الله العظمي لطف اللّه صافي گلپايگاني	Ghbook	9683	0.62071
		مقتل الامام امير المؤمنين علي بن أبي طالب(ع)	ابن أبي الدنيا	Masaha	2316	0.62064
		أحاديث من أمالي أبي بكر ابن دوست - مخطوط (ن)	محمد بن يوسف بن محمد بن دوست، أبو بكر العَلَّاف (المتوفى: 381هـ)	ShamAY	12818	0.62061
		 العقد الثمين في تاريخ البلد الأمين 	 محمد بن أحمد الفاسي 	ABLibrary	9143	0.62059
		مجموع رسائل الحافظ العلائي	صلاح الدين أبو سعيد خليل بن كيكلدي بن عبد الله الدمشقي العلائي (المتوفى: 761 هـ)	ShamAY	32484	0.6205
		المنتخب من كتاب أزواج النبي صلى الله عليه وسلم	الزبير بن بكار بن عبد الله القرشي الأسدي المكي (المتوفى: 256ه)	Sham19Y	6599	0.62042
		التاسع من المشيخة البغدادية لأبي طاهر السلفي	صدر الدين، أبو طاهر السِّلَفي أحمد بن محمد بن أحمد بن محمد بن إبراهيم سِلَفَه الأصبهاني (المتوفى: 576هـ)	ShamAY	30082	0.62041
		طبقات الحفاظ للسيوطي - ط العلمية = التراجم	عبد الرحمن بن أبي بكر، جلال الدين السيوطي (المتوفى: 911هـ)	ShamAY	38187	0.62039
		أمالي الأذكار في فضل صلاة التسبيح	أبو الفضل أحمد بن علي بن محمد بن أحمد بن حجر العسقلاني (المتوفى: 852هـ)	ShamAY	29563	0.62034
		الأسماء والصفات للبيهقي	أحمد بن الحسين بن علي بن موسى الخُسْرَوْجِردي الخراساني، أبو بكر البيهقي (المتوفى: 458هـ)	ShamAY	9270	0.6203
		الأربعون الصغرى المخرجة في أحوال عباد الله تعالى وأخلاقهم	أبو بكر أحمد بن الحسين البيهقي	ShamAY	33600	0.62029
		بيان خطأ من أخطأ على الشافعي للبيهقي	أحمد بن الحسين بن علي بن موسى الخُسْرَوْجِردي الخراساني، أبو بكر البيهقي (المتوفى: 458هـ)	ShamAY	13085	0.62027
		فرق الشّيعة	الحسن بن موسى النوبختي	Rafed	3492	0.62021
		طبقات المحدثين بأصبهان والواردين عليها  - الجزء1	عبد الله بن محمد أبو الشيخ	Masaha	3974	0.62018
		الجزء فيه أحاديث الأربعين لأبي منصور الأصفهاني - مخطوط	أبو منصور معمر بن أحمد الأصفهاني	ShamAY	32757	0.6199
		تحفة التحصيل في ذكر رواة المراسيل	أحمد بن عبد الرحيم بن الحسين الكردي الرازياني ثم المصري، أبو زرعة ولي الدين، ابن العراقي (المتوفى: 826ه)	Sham19Y	5838	0.61988
		تاريخ الإسلام ووفيات المشاهير والأعلام [ج ١٩]	شمس الدين محمّد بن أحمد بن عثمان الذّهبي	Rafed	3429	0.61988
		الخامس من مشيخة ابن حيويه	محمد بن العباس بن محمد بن زكرياء، أبو عمر ابن حيويه الخزاز (المتوفى: 382ه)	ShamelaY19	29957	0.61985
		حديث أبي جعفر الطحاوي	أبو جعفر أحمد بن محمد بن سلامة بن عبد الملك بن سلمة الأزدي الحجري المصري المعروف بالطحاوي (المتوفى: 321ه)	ShamelaY19	30526	0.61967
		الدرر الكامنة في أعيان المائة الثامنة = التراجم	أبو الفضل أحمد بن علي بن محمد بن أحمد بن حجر العسقلاني (المتوفى: 852هـ)	ShamAY	38015	0.6196
		وسائل الشيعة [ج ٣٠]	محمد بن الحسن الحرّ العاملي [ العلامة الشيخ حرّ العاملي ]	Rafed	368	0.61945
		مقتل الحسين للخوارزمي [ج ٢]	أبي المؤيّد بن أحمد المكّي أخطب خوارزم [ خوارزمي ]	Rafed	3229	0.61945
		بعض مجالس من تخريج الأذكار الواردة عن رسول الله صلى الله عليه و سلم	ابن حجر العسقلاني	ShamAY	33066	0.61942
		جزء فيه أحاديث أبي عبد الله بن محمد بن جعفر بن حيان المعروف بأبي الشيخ الأصبهاني	أَبُو بَكْرٍ أَحْمَدُ بنُ مُحَمَّدِ ابنِ الحَافِظ الكَبِيْر أَبِي بَكْرٍ أَحْمَدَ بنِ مُوْسَى بن مَرْدَوَيْه بن فُورَك بن مُوْسَى الأَصْبَهَانِيّ (المتوفى: 498هـ)	ShamAY	33701	0.61941
		الشريعة للآجري	أبو بكر محمد بن الحسين بن عبد الله الآجري البغدادي (المتوفى: 360ه)	Sham19Y	13035	0.6194
		حياة الأنبياء بعد وفاتهم - ط العلوم والحكم	أبو بكر أحمد بن الحسين البيهقي	ShamAY	33863	0.61933
		أحاديث أبي العروبة الحراني برواية أبي أحمد الحاكم	أبو عروبة الحراني	ShamAY	33611	0.61931
		 مسند الإمام الباقر ( ع ) 	 الشيخ عزيز الله عطاردي 	ABLibrary	7709	0.61931
		جزء فيه أحاديث نافع بن أبي نعيم لابن المقرئ	أبو بكر محمد بن إبراهيم بن علي بن عاصم بن زاذان الأصبهاني الخازن، المشهور بابن المقرئ (المتوفى: 381هـ)	ShamAY	1270	0.61927
		أحاديث من المسند الصحيح لأبي حامد ابن الشرقي	أحمد بن محمد بن الحسن النيسابورىّ، أبو حامد ابن الشَّرْقي (المتوفى: 325هـ)	ShamAY	26567	0.61926
		الخامس والثلاثون من المشيخة البغدادية لأبي طاهر السلفي	صدر الدين، أبو طاهر السلفي أحمد بن محمد بن أحمد بن محمد بن إبراهيم سلفه الأصبهاني (المتوفى: 576ه)	Sham19Y	30114	0.61926
		المزكيات وهي الفوائد المنتخبة الغرائب العوالي من حديث أبي إسحاق المزكي انتقاء وتخريج الدارقطني	أبو إسحاق إبراهيم بن محمد بن يحيى بن سختويه النيسابوري المزكي (المتوفى: 362ه)	ShamelaY19	26921	0.61924
		التوبيخ والتنبيه لأبي الشيخ الأصبهاني	أبو محمد عبد الله بن محمد بن جعفر بن حيان الأنصاري المعروف بأبِي الشيخ الأصبهاني (المتوفى: 369هـ)	ShamAY	13010	0.6192
		مجموع رسائل الحافظ العلائي	صلاح الدين أبو سعيد خليل بن كيكلدي بن عبد الله الدمشقي العلائي (المتوفى: 761 ه)	Sham19Y	16928	0.61917
		العقوبات لابن أبي الدنيا - ط أطلس الخضراء = مقابل	أبو بكر عبد الله بن محمد ابن أبي الدنيا	ShamAY	38131	0.61906
		المنتخب من مسند عبد بن حميد - مكتبة ابن عباس	أبو محمد عبد بن حميد الكسي المعروف بالكشي	ShamAY	33973	0.61906
		من حديث أبي الفوارس الصابوني وغيره لأبي القاسم المصيصي - مخطوط	أبو القاسم علي بن محمد بن علي بن أبي العلاء المصيصي	ShamAY	32870	0.61888
		 مسند الإمام حسن ( ع ) 	 الشيخ عزيز الله عطاردي 	ABLibrary	7702	0.61884
		الإشراف في منازل الأشراف لابن أبي الدنيا	أبو بكر عبد الله بن محمد بن عبيد بن سفيان بن قيس البغدادي الأموي القرشي المعروف بابن أبي الدنيا (المتوفى: 281هـ)	ShamAY	12994	0.6188
		الرواة الثقات المتكلم فيهم بما لا يوجب ردهم = التراجم	شمس الدين أبو عبد الله محمد بن أحمد بن عثمان بن قَايْماز الذهبي (المتوفى: 748هـ)	ShamAY	38006	0.61879
		منة المنعم في شرح صحيح مسلم	أبو الحسين مسلم بن الحجاج بن مسلم القشيري النيسابوري رحمه الله (206 - 261 ه)	Sham19Y	149015	0.61866
		العبر في خبر من غبر	شمس الدين أبو عبد الله محمد بن أحمد بن عثمان بن قَايْماز الذهبي (المتوفى: 748هـ)	ShamAY	25841	0.61864
		سنن أبي داود	أبو داود سليمان بن الأشعث بن إسحاق بن بشير بن شداد بن عمرو الأزدي السَِّجِسْتاني (المتوفى: 275هـ)	ShamAY	1160	0.61861
		سيرة ابن هشام ت طه عبد الرؤوف سعد	عبد الملك بن هشام بن أيوب الحميري المعافري، أبو محمد، جمال الدين (المتوفى: 213هـ)	ShamAY	7450	0.61857
		نشر الصحيفة في ذكر الصحيح من أقوال أئمة الجرح والتعديل في أبي حنيفة	أبو عبد الرحمن مقبل بن هادي بن مقبل بن قائدة (اسم رجل) الهمداني الوادعي (المتوفى: 1422ه)	ShamelaY19	96868	0.61838
		الانتقاء في فضائل الثلاثة الأئمة الفقهاء مالك والشافعي وأبي حنيفة رضي الله عنهم	أبو عمر يوسف بن عبد الله بن محمد بن عبد البر بن عاصم النمري القرطبي (المتوفى: 463هـ)	ShamAY	6733	0.6183
		الجزء الثالث من الحربيات لعلي بن عمر الحربي - مخطوط	أبو الحسن علي بن عمر السكري الحربي	ShamAY	32911	0.6183
		فضل رجب لابن عساكر	ثقة الدين، أبو القاسم علي بن الحسن بن هبة الله المعروف بابن عساكر (المتوفى: 571هـ)	ShamAY	22053	0.61825
		الدرة الثمينة في أخبار المدينة	محب الدين أبو عبد الله محمد بن محمود بن الحسن المعروف بابن النجار (المتوفى: 643ه)	ShamelaY19	26662	0.61823
		نسخة عبد العزيز بن المختار البصري عن سهيل بن أبي صالح عن أبيه عن أبي هريرة - مخطوط	أبو الحسن علي بن عمر السكري الحربي	ShamAY	38082	0.61807
		تاريخ الإسلام ووفيات المشاهير والأعلام [ج ٨]	شمس الدين محمّد بن أحمد بن عثمان الذّهبي	Rafed	3340	0.61798
		العبر في خبر من غبر	شمس الدين أبو عبد الله محمد بن أحمد بن عثمان بن قايماز الذهبي (المتوفى: 748ه)	ShamelaY19	25841	0.61796
		تحفة التحصيل في ذكر رواة المراسيل	أحمد بن عبد الرحيم بن الحسين الكردي الرازياني ثم المصري، أبو زرعة ولي الدين، ابن العراقي (المتوفى: 826هـ)	ShamAY	5838	0.61794
		أخبار أبي حفص عمر بن عبد العزيز رحمه الله وسيرته	أبو بكر محمد بن الحسين بن عبد الله الآجُرِّيُّ البغدادي (المتوفى: 360هـ)	ShamAY	6650	0.6179
		فوائد أبي عبد الله النعالي	محمد بن طلحة بن محمد بن عثمان أبو الحسن النعالي الرافضي (المتوفى: 413ه)	ShamelaY19	30435	0.61787
		جزء فيه أحاديث أبي عبد الله بن محمد بن جعفر بن حيان المعروف بأبي الشيخ الأصبهاني	أَبُو بَكْرٍ أَحْمَدُ بنُ مُحَمَّدِ ابنِ الحَافِظ الكَبِيْر أَبِي بَكْرٍ أَحْمَدَ بنِ مُوْسَى بن مَرْدَوَيْه بن فُورَك بن مُوْسَى الأَصْبَهَانِيّ (المتوفى: 498هـ)	ShamAY	13105	0.61784
		حُصُول الَمأْمُول بِذِكْرِ مَنْ غَيَّرَ أَسْمَائَهُم الرَّسُول - صلى الله عليه وسلم -	أبو يعلى البيضاوي	ShamAY	33214	0.61779
		سير أعلام النبلاء ط الرسالة	شمس الدين أبو عبد الله محمد بن أحمد بن عثمان بن قَايْماز الذهبي (المتوفى : 748هـ)	ShamAY	10906	0.61762
		أخبار الزينبات	يحيى العبيدلي العقيقي	ShamAY	35797	0.61749
		المرض والكفارات لابن أبي الدنيا	أبو بكر عبد الله بن محمد بن عبيد بن سفيان بن قيس البغدادي الأموي القرشي المعروف بابن أبي الدنيا (المتوفى: 281ه)	Sham19Y	13064	0.61742
		تسهيل السابلة لمريد معرفة الحنابلة ويليه «فائت التسهيل»	صالح بن عبد العزيز بن علي آل عثيمين الحنبلي مذهبا، النجدي القصيمي البردي (1320 ه - 1410 ه)	ShamelaY19	132527	0.6174
		من أحاديث محمد بن يحيى الذهلي رواية المعقلي عنه - مخطوط (ن)	محمد بن يحيى بن عبد الله الذُّهْلي، مولاهم، النيسابورىّ، أبو عبد الله (المتوفى: 258هـ)	ShamAY	21684	0.61727
		مختصر بصائر الدّرجات	الشيخ عزّ الدين الحسن بن سليمان الحلي	Rafed	1815	0.61705
		علل الدارقطني = العلل الواردة في الأحاديث النبوية	أبو الحسن علي بن عمر بن أحمد بن مهدي بن مسعود بن النعمان بن دينار البغدادي الدارقطني (المتوفى: 385هـ)	ShamAY	9082	0.61704
		الفوائد المخرجة من أصول سماعات أبي الحسين علي بن غنائم	أبي الحسين علي بن غنائم (المتوفى: نحو 470ه)	ShamelaY19	29922	0.61694
		الناسخ والمنسوخ	أبي عبيد القاسم بن سلام الهروي	Rafed	1306	0.61691
		التاسع والعشرون من المشيخة البغدادية لأبي طاهر السلفي	صدر الدين، أبو طاهر السِّلَفي أحمد بن محمد بن أحمد بن محمد بن إبراهيم سِلَفَه الأصبهاني (المتوفى: 576هـ)	ShamAY	30131	0.61689
		جزء فيه مجلسان من أمالي أبي الحسين بن بشران	علي بن محمد بن عبد الله بن بشران الأموي أبو الحسين البغدادي المعدل (المتوفى: 415هـ)	ShamAY	26562	0.61685
		نفحات الأزهار في خلاصة عبقات الأنوار [ج ٢]	السيّد علي الحسيني الميلاني	Rafed	427	0.61685
		فضائل أمير المؤمنين معاوية لأبي القاسم السقطي - مخطوط (ن)	أَبُو القَاسِمِ عُبَيْدُ اللهِ بنُ مُحَمَّدِ بنِ أَحْمَدَ بنِ جَعْفَرٍ البَغْدَادِيُّ، السَّقَطِيُّ (المتوفى: 406هـ)	ShamAY	21647	0.61678
		 أخبار مكة في قديم الدهر وحديثه 	 محمد بن اسحاق ابن العباس الفاكهي المكي 	ABLibrary	8923	0.61669
		ذم الثقلاء	محمد بن خلف بن المرزبان بن بسام، أبو بكر المحولي (المتوفى: 309هـ)	ShamAY	6769	0.61666
		فضائل سعد لابن عساكر	ابن عساكر، أبو القاسم	ShamAY	35228	0.61655
		الإيماء إلى زوائد الأمالي والأجزاء - زوائد الأمالي والفوائد والمعاجم والمشيخات على الكتب الستة والموطأ ومسند الإمام أحمد	نبيل سعد الدين سليم جرار	ShamelaY19	36552	0.61649
		الجزء فيه من حديث أبي عمرو عثمان بن عمر الدراج	عُثْمَان بْن عُمَر بْن خفيف أَبُو عُمَر المقرئ المعروف بالدراج (المتوفى: 361هـ)	ShamAY	7911	0.61646
		تاريخ مدينة دمشق [ج ٦١]	أبي القاسم علي بن الحسن ابن هبة الله بن عبد الله الشافعي [ ابن عساكر ]	Rafed	2531	0.61645
		من وافقت كنيته كنية زوجه لابن حيويه	أبو الحسن محمد بن عبد الله بن زكريا بن حَيَّوَيْهِ النيسابوري ثم المصري الشافعي (المتوفى: 366هـ)	ShamAY	12958	0.61642
		من حديث أبي بكر القطيعي عن شيوخه - مخطوط	أبو بكر أحمد بن جعفر بن حمدان القطيعي	ShamAY	32883	0.61636
		أخبار الدجال لعبد الغني المقدسي	عبد الغني بن عبد الواحد بن علي بن سرور المقدسي الجماعيلي الدمشقي الحنبلي، أبو محمد، تقي الدين (المتوفى: 600هـ)	ShamAY	1303	0.61619
		غاية المرام وحجّة الخصام [ج ٧]	السيّد هاشم البحراني الموسوي التوبلي	Rafed	3612	0.61614
		رسالة في آل أعين	أبي غالب الرازي	Rafed	1786	0.61613
		الحلم لابن أبي الدنيا	أبو بكر عبد الله بن محمد بن عبيد بن سفيان بن قيس البغدادي الأموي القرشي المعروف بابن أبي الدنيا (المتوفى: 281هـ)	ShamAY	13014	0.61592
		أحاديث عن 19 من أصحاب ابن طبرزد (مطبوع ضمن كتاب جمهرة الأجزاء الحديثية)	عمر بن محمد بن معمر بن يحيى ابن أحمد بن حسان، أبو حفص، ابن طبرزد، الدارقزي، البغدادي (المتوفى: 607هـ)	ShamAY	9354	0.61585
		تكملة الغدير في الكتاب و السنة و الأدب ثمرات الاسفار الي الاقطار	عبدالحسين اميني ( علامه اميني )	Ghbook	15861	0.61572
		السيرة النبوية - ت سعد ط الجيل	عبد الملك بن هشام بن أيوب الحميري المعافري أبو محمد	ShamAY	34440	0.61568
		السيرة النبوية لابن هشام	عبد الملك بن هشام بن أيوب الحميري المعافري، أبو محمد، جمال الدين (المتوفى: 213ه)	ShamelaY19	23833	0.61565
		هدية الأحياء للأموات وما يصل إليهم من النفع والثواب على ممر الأوقات	أبو الحسن علي بن أحمد بن يوسف بن جعفر الهكاري (المتوفى: 486ه)	ShamelaY19	26926	0.61551
		البعث والنشور للبيهقي	أحمد بن الحسين بن علي بن موسى الخُسْرَوْجِردي الخراساني، أبو بكر البيهقي (المتوفى: 458هـ)	ShamAY	9292	0.61548
		من حديث أبي حفص عمر بن إبراهيم الكتاني - مخطوط		ShamAY	32809	0.61542
		 مقتل الحسين ( ع ) 	 الموفق الخوارزمي 	ABLibrary	7775	0.61539
		فضل رجب لابن عساكر	ثقة الدين، أبو القاسم علي بن الحسن بن هبة الله المعروف بابن عساكر (المتوفى: 571ه)	ShamelaY19	22053	0.61533
		 الدر الكمين بذيل العقد الثمين في تاريخ البلد الأمين 	 عمر بن محمد ابن فهد 	ABLibrary	9064	0.61523
		الشمائل المحمدية للترمذي ط إحياء التراث	محمد بن عيسى بن سَوْرة بن موسى بن الضحاك، الترمذي، أبو عيسى (المتوفى: 279هـ)	ShamAY	23647	0.61522
		العلل المتناهية في الأحاديث الواهية	عبد الرحمن بن علي بن الجوزي	ShamAY	34148	0.61512
		المسند الصحيح المختصر بنقل العدل عن العدل إلى رسول الله صلى الله عليه وسلم	مسلم بن الحجاج أبو الحسن القشيري النيسابوري (المتوفى: 261هـ)	ShamAY	1161	0.61511
		المنتخب من مسند عبد بن حميد ت صبحي السامرائي	أبو محمد عبد الحميد بن حميد بن نصر الكَسّي ويقال له: الكَشّي بالفتح والإعجام (المتوفى: 249هـ)	ShamAY	13170	0.61503
		المراسيل لأبي داود	أبو داود سليمان بن الأشعث بن إسحاق بن بشير بن شداد بن عمرو الأزدي السَِّجِسْتاني (المتوفى: 275هـ)	ShamAY	13063	0.6147
		جزء الجركاني	أبو رجاء محمد بن أحمد بن محمد بن عبد الله الجركاني (المتوفى: 514ه)	Sham19Y	9394	0.6147
		تاريخ ابن معين - رواية الدوري	أبو زكريا يحيى بن معين بن عون بن زياد بن بسطام بن عبد الرحمن المري بالولاء، البغدادي (المتوفى: 233هـ)	ShamAY	3508	0.61466
		المعجم المفهرس أو تجريد أسانيد الكتب المشهورة والأجزاء المنثورة	أبو الفضل أحمد بن علي بن محمد بن أحمد بن حجر العسقلاني (المتوفى: 852ه)	Sham19Y	10714	0.61455
		 فضائل الشام 	 مجموعة مؤلفين ( ابن عبد الهادي / الربعي / السمعاني / ابن رجب / الأسيوطي ) 	ABLibrary	9152	0.61437
		المرض والكفارات لابن أبي الدنيا	أبو بكر عبد الله بن محمد بن عبيد بن سفيان بن قيس البغدادي الأموي القرشي المعروف بابن أبي الدنيا (المتوفى: 281هـ)	ShamAY	13064	0.61423
		مشارق الأنوار الوهاجة ومطالع الأسرار البهاجة في شرح سنن الإمام ابن ماجه	محمد بن علي بن آدم بن موسى	ShamAY	32195	0.61421
		علل الأحاديث في كتاب الصحيح المسلم بن الحجاج	أبو الفضل محمد بن أبي الحسين أحمد بن محمد بن عمار بن محمد بن حازم بن المعلى بن الجارود الجارودي، الهروي، الشهيد (المتوفى: 317ه)	Sham19Y	6049	0.61415
		التهجد وقيام الليل لابن أبي الدنيا	ابن أبي الدنيا	ShamAY	34112	0.61405
		 مقتل الإمام أمير المؤمنين على بن أبى طالب ( ع ) 	 ابن أبي الدنيا 	ABLibrary	7771	0.61394
		المنتخب من كتاب أزواج النبي صلى الله عليه وسلم	الزبير بن بكار بن عبد الله القرشي الأسدي المكي (المتوفى: 256هـ)	ShamAY	6599	0.61385
		 عبقات الأنوار في إمامة الأئمة الأطهار ( فارسي ) 	 السيد حامد النقوي 	ABLibrary	8496	0.61384
		الدرة الثمينة في أخبار المدينة	محب الدين أبو عبد الله محمد بن محمود بن الحسن المعروف بابن النجار (المتوفى: 643هـ)	ShamAY	26662	0.61378
		المنتخب من مسند عبد بن حميد ت مصطفى العدوي	أبو محمد عبد الحميد بن حميد بن نصر الكَسّي ويقال له: الكَشّي بالفتح والإعجام (المتوفى: 249هـ)	ShamAY	10631	0.61376
		الجامع الصحيح مما ليس في الصحيحين	أبو عبد الرحمن مقبل بن هادي الوادعي (المتوفى: 1422 ه)	ShamelaY19	148097	0.61374
		مسموعات أبي محمد رزق الله التميمي	رزق الله بن عبد الوهاب بن عبد العزيز، أبو محمد التميمي الحنبلي (المتوفى: 488ه)	ShamelaY19	29773	0.6137
		جزء فيه من حديث أبي الحسين عبد الوهاب بن الحسن الكلابي عن شيوخه	أبو الحسين عبد الوهاب بن الحسن بن الوليد بن موسى الكلابي الدمشقي (المتوفى: 396ه)	ShamelaY19	26877	0.61369
		المزكيات وهي الفوائد المنتخبة الغرائب العوالي من حديث أبي إسحاق المزكي انتقاء وتخريج الدارقطني	أَبُو إِسْحَاقَ إِبْرَاهِيْمُ بنُ مُحَمَّدِ بنِ يَحْيَى بنِ سَخْتَوَيْه النَّيْسَابُوْرِيُّ المُزَكِّي (المتوفى: 362هـ)	ShamAY	1375	0.61366
		الفوائد والأخبار والحكايات عن الشافعي وحاتم الأصم ومعروف الكرخي وغيرهم	الحسن بن الحسين بن حمكان أبو علي الهمذاني (المتوفى: 405ه)	ShamelaY19	26505	0.61365
		الطبقات الكبرى، القسم المتمم لتابعي أهل المدينة ومن بعدهم	أبو عبد الله محمد بن سعد بن منيع الهاشمي بالولاء، البصري، البغدادي المعروف بابن سعد (المتوفى: 230هـ)	ShamAY	7666	0.61363
		ذم الملاهي لابن أبي الدنيا - ط أطلس الخضراء = مقابل	أبو بكر عبد الله بن محمد ابن أبي الدنيا	ShamAY	38091	0.61357
		علل الدارقطني - ت: محفوظ الرحمن - ط طيبة	أبو الحسن علي بن عُمَر بن أحمد بن مهدي الدارقطني.	ShamAY	34177	0.61356
		من حديث ابن جوصاء عن شيوخه - مخطوط	أبو الحسن أحمد بن عمير بن يوسف بن جوصاء الدمشقي	ShamAY	32868	0.61351
		أخبار وحكايات من حديث أبي علي محمد بن القاسم بن معروف - مخطوط	محمد بن القاسم بن معروف، أبو علي التميمي الدمشقي الشهير بابن حبيب (المتوفى: 347ه)	Sham19Y	10279	0.61341
		المعجم الأوسط	سليمان بن أحمد بن أيوب بن مطير اللخمي الشامي، أبو القاسم الطبراني (المتوفى: 360هـ)	ShamAY	28171	0.61331
		 توضيح الأسناد المشكلة في الكتب الأربعة 	 السيد محمد جواد الشبيري الزنجاني 	ABLibrary	9772	0.61313
		فضائل القرآن للفريابي	أبو بكر جعفر بن محمد بن الحسن بن المُسْتَفاض الفِرْيابِي (المتوفى: 301هـ)	ShamAY	9320	0.61309
		نقد الرجال [ج ٢]	السيد مصطفى بن الحسين الحسيني التفرشي	Rafed	137	0.61309
		التوكل على الله عز وجل لابن أبي الدنيا - ط أطلس الخضراء = مقابل	أبو بكر عبد الله بن محمد ابن أبي الدنيا	ShamAY	38149	0.61299
		المتفق والمفترق فيمن ذكر بكنيته من الرواة في الكتب الستة	يوسف بن جودة يس يوسف الداودي	ShamAY	38518	0.61296
		من سؤالات أبي بكر أحمد بن محمد بن هانئ الأثرم أبا عبد الله أحمد بن محمد بن حنبل	أبو عبد الله أحمد بن محمد بن حنبل بن هلال بن أسد الشيباني (المتوفى: 241هـ)	ShamAY	25873	0.61286
		الصحيح من سيرة النبي الأعظم صلّى الله عليه وآله [ج ٣٤]	السيد جعفر مرتضى العاملي	Rafed	2649	0.61285
		فتوح مصر وأخبارها - الفكر	أبو القاسم عبد الرحمن بن عبد الله عبد الحكم بن أعين القرشي المصري	ShamAY	33822	0.61281
		خلاصة تذهيب تهذيب الكمال في أسماء الرجال (وعليه إتحاف الخاصة بتصحيح الخلاصة للعلامة الحافظ البارع علي بن صلاح الدين الكوكباني الصنعاني)	أحمد بن عبد الله بن أبي الخير بن عبد العليم الخزرجي الأنصاري الساعدي اليمني، صفي الدين (المتوفى: بعد 923ه)	Sham19Y	5858	0.61277
		أخبار المصحفين	أبو أحمد الحسن بن عبد الله بن سعيد بن إسماعيل العسكري (المتوفى: 382هـ)	ShamAY	6722	0.61275
		 الضوء اللامع لأهل القرن التاسع 	 شمس الدين السخاوي 	ABLibrary	957	0.61269
		إعلام السائلين عن كتب سيد المرسلين لابن طولون	شمس الدين محمد بن علي بن خمارويه بن طولون الدمشقي الصالحي الحنفي (المتوفى: 953ه)	Sham19Y	9701	0.61263
		جمهرة أنساب أمهات النبي صلى الله عليه وآله وسلم	حيدر ناصر	ShamAY	37023	0.61261
		العلل الواردة في الأحاديث النبوية.	أبو الحسن علي بن عُمَر الدارقطني.	ShamAY	34171	0.6125
		الخامس والثلاثون من المشيخة البغدادية لأبي طاهر السلفي	صدر الدين، أبو طاهر السلفي أحمد بن محمد بن أحمد بن محمد بن إبراهيم سلفه الأصبهاني (المتوفى: 576ه)	ShamelaY19	30114	0.61249
		فهارس الشيعه: فهرست ابن بطه القمي	مهدي خداميان آراني	Ghbook	15582	0.61237
		 أخبار مكة في قديم الدهر وحديثه 	 محمد بن اسحاق ابن العباس الفاكهي المكي 	ABLibrary	8921	0.61232
		جزء عبد الله بن عمر بن أبي بكر المقدسي - مخطوط		ShamAY	32774	0.61228
		مجلسان من أمالي ابن صاعد	أبو محمد يحيى بن محمد بن صاعد بن كاتب الهاشمي بالولاء البغدادي (المتوفى: 318هـ)	ShamAY	29852	0.61217
		صحيح ابن خزيمة ط 3	أبو بكر محمد بن إسحاق بن خزيمة بن المغيرة بن صالح بن بكر السلمي النيسابوري (المتوفى: 311هـ)	ShamAY	31687	0.61206
		أخبار ابن أبي ذئب لابن زبر الربعي	أبو سليمان محمد بن عبد الله بن أحمد بن ربيعة بن سليمان بن خالد بن عبد الرحمن بن زبر الربعي (المتوفى: 379ه)	ShamelaY19	26343	0.61202
		ذم الدنيا لابن أبي الدنيا - ط أطلس الخضراء = مقابل	أبو بكر عبد الله بن محمد ابن أبي الدنيا	ShamAY	38174	0.61183
		سؤالات الحافظ السِلفِي لخميس الحَوزي عن جماعة من أهل واسط	خميس بن علي بن أحمد، أبو الكرم الواسطي الحوزي (المتوفى: 510هـ)	ShamAY	38026	0.61181
		المعجم الكبير للطبراني المجلدان الثالث عشر والرابع عشر	سليمان بن أحمد بن أيوب بن مطير اللخمي الشامي، أبو القاسم الطبراني (المتوفى: 360ه)	Sham19Y	1353	0.61179
		مجلس من أمالي الأصبهاني	أبو نعيم أحمد بن عبد الله بن أحمد بن إسحاق بن موسى بن مهران الأصبهاني (المتوفى: 430هـ)	ShamAY	13080	0.61172
		التهجد وقيام الليل (ط الرشد)	أبو بكر عبدالله بن محمد بن عبيد بن سفيان بن قيس القرشي	ShamAY	34114	0.61168
		الطهور للقاسم بن سلام	أبو عبيد القاسم بن سلام بن عبد الله الهروي البغدادي (المتوفى: 224ه)	Sham19Y	262	0.61164
		الإنابة إلى معرفة المختلف فيهم من الصحابة	علاء الدين بن قليط مغلطاي (المتوفى: 762 ه)	ShamelaY19	20761	0.61151
		الثمر الداني بتتبع ما أعل في السنن الكبرى للبيهقي والمحاكمة بينه وبين ابن التركماني	يحي الحجوري	ShamAY	35215	0.61149
		الإعلان بالتوبيخ لمن ذم التاريخ	السخاوي، شمس الدين	ShamAY	37134	0.6114
		المعجم المفهرس أو تجريد أسانيد الكتب المشهورة والأجزاء المنثورة	أبو الفضل أحمد بن علي بن محمد بن أحمد بن حجر العسقلاني (المتوفى: 852هـ)	ShamAY	10714	0.61131
		أحاديث معلة ظاهرها الصحة	أبي عبدالرحمن مقبل بن هادي الوادعي	ShamAY	12756	0.61092
		حديث السلفي عن حاكم الكوفة (مطبوع ضمن كتاب جمهرة الأجزاء الحديثية)	صدر الدين، أبو طاهر السِّلَفي أحمد بن محمد بن أحمد بن محمد بن إبراهيم سِلَفَه الأصبهاني (المتوفى: 576هـ)	ShamAY	9448	0.61087
		جزء هلال بن محمد الحفار، المسمى بحديث أبي عبد الله المتوثي القطان عن شيوخه	هلال بن محمد الحفار	ShamAY	33576	0.61073
		الفرق بين القضاة العادلة والجائرة والشهود الصادقة والكاذبة لأبي سعيد النقاش مخطوط	أبو سعيد محمد بن علي بن عمرو النقاش	ShamAY	32939	0.61072
		خلاصة تذهيب تهذيب الكمال في أسماء الرجال (وعليه إتحاف الخاصة بتصحيح الخلاصة للعلامة الحافظ البارع علي بن صلاح الدين الكوكباني الصنعاني)	أحمد بن عبد الله بن أبي الخير بن عبد العليم الخزرجي الأنصاري الساعدي اليمني، صفي الدين (المتوفى: بعد 923هـ)	ShamAY	5858	0.61061
		مجلس من أمالي أبي الفتح المقدسي_1	نصر بن إبراهيم بن نصر بن إبراهيم ابن داود النابلسي المقدسي، أبو الفتح الشافعي (المتوفى: 490هـ)	ShamAY	29895	0.61053
		إعلام السائلين عن كتب سيد المرسلين لابن طولون	شمس الدين محمد بن علي بن خمارويه بن طولون الدمشقي الصالحي الحنفي (المتوفى: 953هـ)	ShamAY	9701	0.61053
		الثبت المصان المشرف بذكر سلاله سيدولد عدنان	سيدمهدي رجايي	Ghbook	15610	0.61044
		تخريج الأحاديث الضعاف من سنن الدارقطني	عبد الله بن يحيى بن أبي بكر الغساني	ShamAY	33063	0.61039
		جزءان من أمالي أبي مطيع محمد بن عبد الواحد المصري - مخطوط	أبو مطيع المصري	ShamAY	32775	0.61035
		طبقات المحدثين بأصبهان والواردين عليها [ج ٢]	أبي محمّد عبدالله بن محمّد بن جعفر بن حيّان [ أبي الشيخ الأنصاري ]	Rafed	2431	0.61034
		المطالب العالية بزوائد المسانيد الثمانية	أبو الفضل أحمد بن علي بن محمد بن أحمد بن حجر العسقلاني (المتوفى: 852هـ)	ShamAY	22804	0.61027
		صحيح ابن خزيمة ط 3	أبو بكر محمد بن إسحاق بن خزيمة بن المغيرة بن صالح بن بكر السلمي النيسابوري (المتوفى: 311ه)	Sham19Y	121382	0.61022
		المحتضرين لابن أبي الدنيا - ط أطلس الخضراء = مقابل	أبو بكر عبد الله بن محمد ابن أبي الدنيا	ShamAY	38114	0.61014
		الجمعة للنسائي	أبو عبد الرحمن أحمد بن شعيب بن علي الخراساني، النسائي (المتوفى: 303هـ)	ShamAY	21577	0.61012
		العزلة للخطابي	أبو سليمان حمد بن محمد بن إبراهيم بن الخطاب البستي المعروف بالخطابي (المتوفى: 388هـ)	ShamAY	13042	0.61002
		مقتل أمير المؤمنين علي بن أبي طالب عليه السلام	أبو بكر عبد الله بن محمد بن عبيد بن سفيان بن قيس البغدادي الأموي القرشي المعروف بابن أبي الدنيا (المتوفى: 281هـ)	ShamAY	12751	0.61
		قصر الأمل لابن أبي الدنيا	أبو بكر عبد الله بن محمد بن عبيد بن سفيان بن قيس البغدادي الأموي القرشي المعروف بابن أبي الدنيا (المتوفى: 281هـ)	ShamAY	6899	0.60986
		أمالي المحاملي رواية ابن الصلت	أبو عبد الله البغدادي الحسين بن إسماعيل بن محمد بن إسماعيل بن سعيد بن أبان الضبي المحاملي (المتوفى: 330ه)	Sham19Y	26424	0.60981
		التاسع من المشيخة البغدادية لأبي طاهر السلفي	صدر الدين، أبو طاهر السلفي أحمد بن محمد بن أحمد بن محمد بن إبراهيم سلفه الأصبهاني (المتوفى: 576ه)	ShamelaY19	30082	0.6098
		مائة منقبة	ابن شاذان القمي‏	Masaha	2852	0.60979
		المُعْجَمُ الكَبِير للطبراني المُجَلَّدان الثَّالِثَ عَشَرَ والرابع عشر	سليمان بن أحمد بن أيوب بن مطير اللخمي الشامي، أبو القاسم الطبراني (المتوفى: 360هـ)	ShamAY	1353	0.60977
		جزء ابن ثرثال (ضمن مجموع مطبوع باسم الفوائد لابن منده!)	أَبُو الحَسَنِ أَحْمَدُ بنُ عَبْدِ العَزِيْزِ بنِ أَحْمَدَ بنِ حَامِدِ بنِ مَحْمُوْدِ بنِ ثَرْثَالٍ التَّيْمِيُّ (المتوفى: 408هـ)	ShamAY	12852	0.60967
		المطالب العالية بزوائد المسانيد الثمانية	أبو الفضل أحمد بن علي بن محمد بن أحمد بن حجر العسقلاني (المتوفى: 852ه)	Sham19Y	22804	0.60956
		المطالب العالية بزوائد المسانيد الثمانية	أبو الفضل أحمد بن علي بن محمد بن أحمد بن حجر العسقلاني (المتوفى: 852ه)	ShamelaY19	22804	0.60954
		تاريخ المدينة - ط الفكر	عمر بن شبة النميري	ShamAY	33815	0.60946
		أدب الخواص في المختار من بلاغات قبائل العرب وأخبارها وأنسابها	الحسين بن علي بن الحسين، أبو القاسم الوزير المغربي (المتوفى: 418هـ)	ShamAY	12392	0.60942
		إحقاق الحقّ وإزهاق الباطل [ج ٤]	السيّد نور الله الحسيني المرعشي التستري	Rafed	2711	0.60942
		التعازي لأبي الحسن المدائني	علي بْن مُحَمَّد بْن عَبْد اللَّه بْن أَبِي سيف أَبُو الحسن المعروف بالمدائني (المتوفى: 224هـ)	ShamAY	26863	0.60941
		المنتقى من كتاب مكارم الأخلاق ومعاليها ومحمود طرائقها	أبو بكر محمد بن جعفر بن محمد بن سهل بن شاكر الخرائطي السامري (المتوفى: 327هـ)	ShamAY	11930	0.6094
		الرسالة المستطرفة لبيان مشهور كتب السنة المشرفة	أبو عبد الله محمد بن أبي الفيض جعفر بن إدريس الحسني الإدريسي الشهير بـ الكتاني (المتوفى: 1345هـ)	ShamAY	7636	0.60931
		المختار من أحاديث الصادق الصدوق في فضائل الصديق والفاروق لأبي الخير القزويني - مخطوط	أبو الخير أحمد بن إسماعيل الطالقاني القزويني	ShamAY	32945	0.60929
		غوامض الأسماء المبهمة الواقعة في متون الأحاديث المسندة	أبو القاسم خلف بن عبد الملك بن مسعود بن بشكوال الخزرجي الأنصاري الأندلسي (المتوفى: 578هـ)	ShamAY	5803	0.60901
		ما هي صفات الفرقه الناجيه ؟	خليفه عبيد كلباني عماني	Ghbook	7698	0.60879
		المعجم الأوسط	سليمان بن أحمد بن أيوب بن مطير اللخمي الشامي، أبو القاسم الطبراني (المتوفى: 360ه)	ShamelaY19	28171	0.6086
		الحث على التجارة والصناعة والعمل والإنكار على من يدعي التوكل في ترك العمل والحجة عليهم في ذلك	أبو بكر أحمد بن محمد بن هارون بن يزيد الخَلَّال البغدادي الحنبلي (المتوفى: 311هـ)	ShamAY	8213	0.60858
		وصايا العلماء عند حضور الموت لابن زبر الربعي	أبو سليمان محمد بن عبد الله بن أحمد بن ربيعة بن سليمان بن خالد بن عبد الرحمن بن زبر الربعي (المتوفى: 379ه)	Sham19Y	13186	0.60858
		ذم الهوى	جمال الدين أبو الفرج عبد الرحمن بن علي بن محمد الجوزي (المتوفى: 597ه)	Sham19Y	6870	0.60855
		أمهات النبي صلى الله عليه وسلم	أبو جعفر محمد بن حبيب بن أمية البغدادي (المتوفى: 245ه)	Sham19Y	26929	0.60837
		الشمائل المحمدية للترمذي ط المكتبة التجارية	محمد بن عيسى بن سَوْرة بن موسى بن الضحاك، الترمذي، أبو عيسى (المتوفى: 279هـ)	ShamAY	13037	0.60824
		الجزء فيه مسند عابس الغفاري وجماعة من الصحابة رضي الله عنهم	أَحْمَدُ بنُ حَازِمِ بنِ مُحَمَّدِ بنِ يُوْنُسَ بنِ قَيْسِ بنِ أَبِي غَرَزَةَ، أَبُو عَمْرٍو الغِفَارِيُّ الكُوْفِيُّ (المتوفى: 276هـ)	ShamAY	1321	0.60821
		الأهوال لابن أبي الدنيا - ط أطلس الخضراء = مقابل	أبو بكر عبد الله بن محمد ابن أبي الدنيا	ShamAY	38071	0.60819
		ذم المسكر لابن أبي الدنيا - ط أطلس الخضراء = مقابل	أبو بكر عبد الله بن محمد ابن أبي الدنيا	ShamAY	38143	0.60812
		رجال الطوسي	الشيخ الطوسي	Masaha	579	0.60807
		العمر والشيب لابن أبي الدنيا - ط أطلس الخضراء = مقابل	أبو بكر عبد الله بن محمد ابن أبي الدنيا	ShamAY	38075	0.60802
		الدرة الثمينة في أخبار المدينة	محمد بن محمود ابن النجار	Masaha	4408	0.608
		الفوائد البهية في تراجم الحنفية	أبو الحسنات محمد عبد الحي اللكنوي الهندي	ShamelaY19	132617	0.60797
		الطهور للقاسم بن سلام	أبو عُبيد القاسم بن سلاّم بن عبد الله الهروي البغدادي (المتوفى: 224هـ)	ShamAY	262	0.60792
		التاسع والعشرون من المشيخة البغدادية لأبي طاهر السلفي	صدر الدين، أبو طاهر السلفي أحمد بن محمد بن أحمد بن محمد بن إبراهيم سلفه الأصبهاني (المتوفى: 576ه)	ShamelaY19	30131	0.60792
		الإصابة في تمييز الصحابة [ج ٧]	أحمد بن علي بن حجر العسقلاني	Rafed	3427	0.6079
		فوائد محمد بن مخلد	أبو عبد الله محمد بن مخلد بن حفص العطار الدوري البغدادي (المتوفى: 331هـ)	ShamAY	1305	0.60767
		الأول من الخلعيات	علي بن الحسن بن الحسين بن محمد، أبو الحسن الخِلَعي الشافعيّ (المتوفى: 492هـ)	ShamAY	30592	0.6076
		المنة الكبرى شرح وتخريج السنن الصغرى	محمد ضياء الرحمن الأعظمي	ShamAY	33916	0.60757
		الفوائد المعللة: الجزء الأول والثاني من حديثه	عبد الرحمن بن عمرو بن عبد الله بن صفوان النصري المشهور بأبي زرعة الدمشقي الملقب بشيخ الشباب (المتوفى: 281هـ)	ShamAY	1292	0.6075
		نفحات الأزهار في خلاصة عبقات الأنوار [ج ١٥]	السيّد علي الحسيني الميلاني	Rafed	465	0.60748
		ذم الهوى	جمال الدين أبو الفرج عبد الرحمن بن علي بن محمد الجوزي (المتوفى: 597هـ)	ShamAY	6870	0.6074
		النكت على صحيح البخاري ويليه «التجريد على التنقيح»	أبو الفضل ابن حجر العسقلاني	ShamelaY19	132963	0.6074
		أمالي المحاملي رواية ابن الصلت	أبو عبد الله البغدادي الحسين بن إسماعيل بن محمد بن إسماعيل بن سعيد بن أبان الضبي المحاملي (المتوفى: 330ه)	ShamelaY19	26424	0.60727
		غاية المرام وحجة الخصام - الجزء2	السيد هاشم البحراني	Masaha	359	0.60727
		الفوائد والأخبار والحكايات عن الشافعي وحاتم الأصم ومعروف الكرخي وغيرهم	الْحَسَن بن الْحُسَيْن بن حمكان أَبُو عَلِيّ الهمذاني (المتوفى: 405هـ)	ShamAY	26505	0.60721
		المفاريد عن رسول الله صلى الله عليه وسلم	أبو يعلى أحمد بن علي بن المثُنى بن يحيى بن عيسى بن هلال التميمي، الموصلي (المتوفى: 307هـ)	ShamAY	13069	0.60712
		المتمنين لابن أبي الدنيا	أبو بكر عبد الله بن محمد بن عبيد بن سفيان بن قيس البغدادي الأموي القرشي المعروف بابن أبي الدنيا (المتوفى: 281هـ)	ShamAY	13057	0.60711
		فضل قيام الليل والتهجد للآجري	أبو بكر محمد بن الحسين بن عبد الله الآجُرِّيُّ البغدادي (المتوفى: 360هـ)	ShamAY	1301	0.607
		السنة لابن أبي عاصم - ط الصميعي	أبو بكر أحمد بن عمرو المعروف بابن أبي عاصم	ShamAY	33984	0.60697
		من حديث أبي منصور محمد بن محمد بن عثمان السواق - مخطوط (ن)	محمد بن محمد بن عثمان بن عمران بن سهل بن نصر بن أحمد بن حامد أبو منصور البندار المعروف بابن السواق (المتوفى: 440هـ)	ShamAY	21690	0.60683
		ثلاثة مجالس من أمالي أبي عبد الله الروذباري	أبو عبد الله أحمد بن عطاء الروذباري (المتوفى: 396ه)	ShamelaY19	29871	0.60663
		حديث ابن أبي المكارم	ضياء الدين أبو عبد الله محمد بن عبد الواحد المقدسي (المتوفى: 643هـ)	ShamAY	29653	0.6066
		 العقد الثمين في تاريخ البلد الأمين 	 محمد بن أحمد الفاسي 	ABLibrary	9142	0.60655
		غاية المرام وحجّة الخصام [ج ٦]	السيّد هاشم البحراني الموسوي التوبلي	Rafed	3611	0.60654
		السنة لابن أبي عاصم - ط المكتب الإسلامي	عمرو بن أبي عاصم الضحاك الشيباني [ت: 287]	ShamAY	33852	0.60643
		جزء فيه أحاديث منتقاة من جزء أبي مسعود أحمد بن الفرات، انتقاء العلائي	أحمد بن الفرات بن خالد الضبي الرازي، أبو مسعود (المتوفى: 258ه)	ShamelaY19	26504	0.6064
		رسائل المقريزي	أحمد بن علي بن عبد القادر، أبو العباس الحسيني العبيدي، تقي الدين المقريزي (المتوفى: 845ه)	Sham19Y	10710	0.60632
		مسند الإمام الشهيد أبي عبد الله الحسين بن علي(ع) - الجزء1	عزيز الله عطاردي‏	Masaha	2437	0.60627
		السنن (المعروف بالسنن الكبرى) للنسائي - ط التأصيل	أبو عبد الرحمن أحمد بن شعيب النسائي	ShamAY	33997	0.60615
		نزهة السامعين في رواية الصحابة عن التابعين	أبو الفضل أحمد بن علي بن محمد بن أحمد بن حجر العسقلاني (المتوفى: 852ه)	Sham19Y	6009	0.6061
		غاية المرام وحجّة الخصام [ج ٢]	السيّد هاشم البحراني الموسوي التوبلي	Rafed	3607	0.60601
		الأربعون الودعانية لابن ودعان - مخطوط (ن)	محمد بن علي بن عبيد الله بن أحمد بن صالح بن سليمان بن ودعان الموصلي، أبو نصر (المتوفى: 494هـ)	ShamAY	12882	0.60593
		حسن الظن بالله لابن أبي الدنيا	أبو بكر عبد الله بن محمد بن عبيد بن سفيان بن قيس البغدادي الأموي القرشي المعروف بابن أبي الدنيا (المتوفى: 281هـ)	ShamAY	13113	0.60593
		 الحج في السنة 	 معاونية شؤون التعليم والبحوث الإسلامية في الحج 	ABLibrary	9764	0.60592
		الفانيد في حلاوة الأسانيد	عبد الرحمن بن أبي بكر، جلال الدين السيوطي (المتوفى: 911هـ)	ShamAY	9388	0.6059
		 الموسوعة الكبرى عن فاطمة الزهراء ( س ) 	 اسماعيل الأنصاري الزنجاني الخوئيني 	ABLibrary	7821	0.60585
		أحاديث الموطأ وذكر اتفاق الرواة عن مالك واختلافهم فيه وزيادتهم ونقصانهم	أبو الحسن علي بن عمر بن أحمد بن مهدي بن مسعود بن النعمان بن دينار البغدادي الدارقطني (المتوفى: 385ه)	Sham19Y	1518	0.60582
		جزء فيه ثلاثة أحاديث مسلسلة	صدر الدين، أبو طاهر السلفي أحمد بن محمد بن أحمد بن محمد بن إبراهيم سلفه الأصبهاني (المتوفى: 576ه)	ShamelaY19	30047	0.60552
		الأول والثاني من حديث أبي بكر محمد بن العباس بن نجيح البزاز - مخطوط	أبو بكر محمد بن العباس بن نجيح البزاز	ShamAY	32840	0.60539
		أخبار المصحفين للعسكري	أبو أحمد الحسن بن عبد الله العسكري (ت:382هـ)	ShamAY	34669	0.60538
		الخامس عشر من المشيخة البغدادية لأبي طاهر السلفي	صدر الدين، أبو طاهر السِّلَفي أحمد بن محمد بن أحمد بن محمد بن إبراهيم سِلَفَه الأصبهاني (المتوفى: 576هـ)	ShamAY	30113	0.60514
		تاريخ الإسلام ووفيات المشاهير والأعلام [ج ٣٤]	شمس الدين محمّد بن أحمد بن عثمان الذّهبي	Rafed	3579	0.60511
		ثلاثة مجالس من أمالي أبي عبد الله الروذباري	أَبُو عَبْدِ اللهِ أَحْمَدُ بنُ عَطَاءٍ الرُّوْذْبَارِيُّ (المتوفى: 396هـ)	ShamAY	29871	0.60496
		أمالي أبي الفتح المقدسي - المجلس الحادي والعشرون بعد المائة	نصر بن إبراهيم بن نصر بن إبراهيم ابن داود النابلسي المقدسي، أبو الفتح الشافعي (المتوفى: 490ه)	ShamelaY19	30574	0.60496
		 المصابيح 	 الإمام أبو العباس الحسني 	ABLibrary	8601	0.60486
		مسند الإمام الشهيد أبي عبدالله الحسين بن علي عليهما السلام [ج ١]	الشيخ عزيز الله العطاردي	Rafed	3222	0.60483
		مجابو الدعوة لابن أبي الدنيا - ط أطلس الخضراء = مقابل	أبو بكر عبد الله بن محمد ابن أبي الدنيا	ShamAY	38132	0.60476
		فتوح مصر والمغرب	عبد الرحمن بن عبد الله بن عبد الحكم، أبو القاسم المصري (المتوفى: 257ه)	Sham19Y	11404	0.60464
		فتوح مصر والمغرب	عبد الرحمن بن عبد الله بن عبد الحكم، أبو القاسم المصري (المتوفى: 257هـ)	ShamAY	11404	0.60455
		وصايا العلماء عند حضور الموت لابن زبر الربعي	أبو سليمان محمد بن عبد الله بن أحمد بن ربيعة بن سليمان بن خالد بن عبد الرحمن بن زبر الربعي (المتوفى: 379هـ)	ShamAY	13186	0.60444
		 مسند الإمام الصادق ( ع ) 	 الشيخ عزيز الله عطاردي 	ABLibrary	7715	0.60434
		الاختلاف بين رواة البخاري	يوسف بن حسن بن أحمد بن حسن ابن عبد الهادي الصالحي، جمال الدين، ابن ابن المبرد الحنبلي (المتوفى: 909ه)	Sham19Y	30358	0.60428
		رياض العلماء و حياض الفضلاء 	عبدالله الافندي الاصفهاني	Ghbook	16246	0.60421
		الاختلاف بين رواة البخاري	يوسف بن حسن بن أحمد بن حسن ابن عبد الهادي الصالحي، جمال الدين، ابن ابن المِبْرَد الحنبلي (المتوفى: 909هـ)	ShamAY	30358	0.60416
		إثبات الهداة بالنصوص و المعجزات‏ - الجزء1	الحر العاملي	Masaha	1825	0.60409
		رسائل المقريزي	أحمد بن علي بن عبد القادر، أبو العباس الحسيني العبيدي، تقي الدين المقريزي (المتوفى: 845هـ)	ShamAY	10710	0.60407
		المنتقى من سماعات محمد بن عبد الرحيم المقدسي	محمد بن عبد الرحيم بن عبد الواحد بن أحمد بن عبد الرحمن المقدسي شمس الدين المعروف بابن الكمال الحنبلي (المتوفى: 688هـ)	ShamAY	30696	0.60407
		المستفاد من مبهمات المتن والإسناد	أبو زرعة أحمد بن عبد الرحيم العراقي (826 هـ)	ShamAY	34015	0.60401
		خصايص اميرالمؤمنين عليه السلام بالاسانيد الصحيحه في كتب السنه	آيت الله علي حسيني ميلاني	Ghbook	16296	0.60395
		الجزء المتمم لطبقات ابن سعد [الطبقة الخامسة في من قبض رسول الله صلى الله عليه وسلم. وهم أحداث الأسنان]	أبو عبد الله محمد بن سعد بن منيع الهاشمي بالولاء، البصري، البغدادي المعروف بابن سعد (المتوفى: 230هـ)	ShamAY	1689	0.60393
		الزيادات على الموضوعات، ويسمى «ذيل الآلئ المصنوعة»	جلال الدين عبد الرحمن بن أبي بكر السيوطي (المتوفى: 911 هـ)	ShamAY	32699	0.60388
		الإرشاد إلى مهمات علم الإسناد	أحمد بن عبد الرحيم المعروف بشاه ولي الله المحدث الدهلوي	ShamAY	37252	0.60382
		المنتظم في تاريخ الملوك والأمم	جمال الدين أبو الفرج عبد الرحمن بن علي بن محمد الجوزي (المتوفى: 597هـ)	ShamAY	12406	0.60372
		الثاني من الوخشيات	أبو علي الحسن بن علي بن محمد بن أحمد بن جعفر البلخي، الوخشي (المتوفى: 471ه)	ShamelaY19	29984	0.60362
		تاريخ الإسلام ووفيات المشاهير والأعلام [ج ١٧]	شمس الدين محمّد بن أحمد بن عثمان الذّهبي	Rafed	3403	0.60359
		مسند الإمام أحمد بن حنبل	أبو عبد الله أحمد بن محمد بن حنبل بن هلال بن أسد الشيباني (المتوفى: 241ه)	ShamelaY19	25794	0.6034
		المغازي‏ - الجزء1	محمد بن عمر الواقدي‏	Masaha	3023	0.60332
		الثاني من الوخشيات	أَبُو عَلِيٍّ الحَسَنُ بنُ عَلِيِّ بنِ مُحَمَّدِ بنِ أَحْمَدَ بنِ جَعْفَرٍ البَلْخِيُّ، الوَخشِيّ (المتوفى: 471هـ)	ShamAY	29984	0.60325
		السَّلسَبِيلُ النَّقِي في تَرَاجِمِ شيُوخ البَيِهَقِيّ	أبو الطيب نايف بن صلاح بن علي المنصوري	ShamAY	31745	0.6031
		أخلاق أهل القرآن	أبو بكر محمد بن الحسين بن عبد الله الآجري البغدادي (المتوفى: 360ه)	Sham19Y	10531	0.6031
		مشيخة ابن البخاري - مخطوط	أبو الحسن علي بن أحمد بن عبد الواحد المقدسي المعروف بابن البخاري	ShamAY	32864	0.603
		نشر الصحيفة في ذكر الصحيح من أقوال أئمة الجرح والتعديل في أبي حنيفة	أَبِو عَبد الرَّحمَن مُقْبلُ بنُ هَادِي بنِ مُقْبِلِ بنِ قَائِدَةَ (اسم رجل) الهَمْدَاني الوادعِيُّ (المتوفى: 1422هـ)	ShamAY	2020	0.60291
		الحجة بضعف حديث من صلى ركعتين بعد الصبح فله أجر عمرة وحجة	أحمد محمد شحاته الألفى السكندرى	ShamAY	5917	0.60283
		تذكرة الحفاظ = طبقات الحفاظ للذهبي	شمس الدين أبو عبد الله محمد بن أحمد بن عثمان بن قَايْماز الذهبي (المتوفى: 748هـ)	ShamAY	1583	0.60277
		مناقب الشافعي للأبري	محمد بن الحسين بن إبراهيم بن عاصم، أبو الحسن الآبري السجستاني (المتوفى: 363ه)	ShamelaY19	26768	0.60275
		الديات لابن أبي عاصم - الصميعي	أبو بكر أحمد بن عمرو بن أبي عاصم الضحاك بن مخلد الشيباني	ShamAY	34284	0.60269
		منتقى من كتاب الوسوسة لابن أبي داود - مخطوط	أبو بكر عبد الله بن أبي داود سليمان بن الأشعث السجستاني	ShamAY	32914	0.60262
		كتاب وفيات الونشريسى	أحمد بن يحيى بن محمد الونشريسي التلمساني، أبو العباس المالكي (المتوفى: 914هـ)	ShamAY	34655	0.60256
		انتخاب كتاب من وافقت كنيته اسم أبيه مما لا يؤمن وقوع الخطأ فيه للخطيب البغدادي (المتوفى: 463ه	علاء الدين مغلطاي	ShamelaY19	26906	0.60255
		ثواب الأعمال و عقاب الأعمال	الشيخ الصدوق	Masaha	700	0.60248
		جزء فيه ما انتخبه أبو القاسم سليمان بن أحمد الطبراني، لابنه أبي ذر على أبي محمد عبد الله بن جعفر ابن فارس - مخطوط	أبو محمد عبد الله بن جعفر ابن فارس	ShamAY	38123	0.60233
		الفوائد المنتخبة من أصول مسموعات المخلدي انتخاب البحيري - مخطوط	أبو محمد الحسن بن أحمد بن محمد بن علي بن مخلد بن شيبان العدل المخلدي	ShamAY	32921	0.60229
		جزء فيه مجلس من إملاء أبي الفرج محمد بن أحمد المعروف بابن الغوري	محمد بن أحمد أبو الفرج ابن الغوري (ت: 239)	ShamAY	33638	0.60225
		فتوح مصر والمغرب‏	عبد الرحمن بن عبد الله ابن عبد الحكم	Masaha	4429	0.60225
		 سنن الدارمي 	 عبد الله بن الرحمن الدارمي 	ABLibrary	843	0.60214
		الاختلاف بين رواة البخاري	يوسف بن حسن بن أحمد بن حسن ابن عبد الهادي الصالحي، جمال الدين، ابن ابن المبرد الحنبلي (المتوفى: 909ه)	ShamelaY19	30358	0.60208
		الخامس من مشيخة ابن حيويه	محمد بن العباس بن محمد بن زكرياء، أبو عمر ابن حيويه الخزاز (المتوفى: 382هـ)	ShamAY	29957	0.60197
		السلسبيل النقي في تراجم شيوخ البيهقي	أبو الطيب نايف بن صلاح بن علي المنصوري	Sham19Y	123667	0.60195
		الجوهرة في نسب الإمام علي وآله	محمّد بن أبي بكر الأنصاري التلمساني [ البرّي ]	Rafed	1730	0.60178
		تسمية من قتل مع الحسين(ع)	فتال النيشابوري‏	Masaha	1956	0.60166
		مناقب الإمام أبي حنيفة وصاحبيه	شمس الدين أبو عبد الله محمد بن أحمد بن عثمان بن قَايْماز الذهبي (المتوفى: 748هـ)	ShamAY	10461	0.60164
		خزانة التّواريخ النجديّة [ج ١]	عبد الله بن عبد الرحمن بن صالح آل بسام	Rafed	2163	0.60162
		العبر في خبر من غبر - ت: المنجد	الواحدي :: الذهبي، شمس الدين	ShamAY	33810	0.60145
		الإنصاف فيما بين علماء المسلمين في قراءة بسم الله الرحمن الرحيم في فاتحة الكتاب.	أبو عمر يوسف بن عبد الله بن محمد بن عبد البر بن عاصم النمري القرطبي (المتوفى: 463هـ)	ShamAY	13000	0.60145
		انتخاب كتاب من وافقت كنيته اسم أبيه مما لا يؤمن وقوع الخطأ فيه للخطيب البغدادي (المتوفى: 463هـ	علاء الدين مغلطاي	ShamAY	26906	0.60139
		صفة النار لابن أبي الدنيا	أبو بكر عبد الله بن محمد بن عبيد بن سفيان بن قيس البغدادي الأموي القرشي المعروف بابن أبي الدنيا (المتوفى: 281ه)	Sham19Y	13128	0.6013
		الجهاد لابن أبي عاصم	أبو بكر بن أبي عاصم وهو أحمد بن عمرو بن الضحاك بن مخلد الشيباني (المتوفى: 287هـ)	ShamAY	13013	0.60128
		الجزء فيه أحاديث منتخبة من أجزاء الشيخ أبي منصور أحمد بن نصر الخوجاني المذكر المتوفى: 532 هـ	صدر الدين، أبو طاهر السِّلَفي أحمد بن محمد بن أحمد بن محمد بن إبراهيم سِلَفَه الأصبهاني (المتوفى: 576هـ)	ShamAY	1093	0.60124
		تهذيب الأسماء واللغات	أبو زكريا محيي الدين يحيى بن شرف النووي (المتوفى: 676هـ)	ShamAY	9702	0.60117
		تثبيت الإمامة وترتيب الخلافة لأبي نعيم الأصبهاني	أبو نعيم أحمد بن عبد الله بن أحمد بن إسحاق بن موسى بن مهران الأصبهاني (المتوفى: 430ه)	Sham19Y	8221	0.60113
		من حديث أبي طاهر ابن أبي الصقر الأنباري - مخطوط	أبو طاهر محمد بن أحمد بن محمد بن أبي الصقر الأنباري	ShamAY	32933	0.60109
		كتاب الأربعين في فضائل ذكر رب العالمين	مسافر بن محمد بن حاجي الدمشقي (المتوفى: 420هـ)	ShamAY	30587	0.60104
		الجزء الأول من فوائد أبي القاسم ابن أبي العقب الهمداني - مخطوط		ShamAY	32749	0.60093
		مجلس من أمالي أبي نعيم الأصبهاني	أبو نعيم أحمد بن عبد الله بن أحمد بن إسحاق بن موسى بن مهران الأصبهاني (المتوفى: 430هـ)	ShamAY	5709	0.60086
		العلل ومعرفة الرجال للإمام أحمد رواية المروذي وصالح والميموني - ط الفاروق	أحمد بن حنبل	ShamAY	34149	0.60081
		الثالث عشر من فوائد ابن المقرئ	أبو بكر محمد بن إبراهيم بن علي بن عاصم بن زاذان الأصبهاني الخازن، المشهور بابن المقرئ (المتوفى: 381هـ)	ShamAY	29942	0.60061
		فضل يوم عرفة لأبي بكر الوراق	أبو بكر محمد بن إسماعيل بن العباس البغدادي المستملي الوراق (المتوفى: 378ه)	Sham19Y	27097	0.60037
		خزانة التواريخ النجدية  - الجزء1	عبد الله بن عبد الرحمان آل بسام	Masaha	4688	0.60037
		الصحيح المسند من آثار الصحابة في الزهد والرقائق والأخلاق والأدب	عبد الله بن فهد الخليفي	ShamAY	1124	0.60029
		أحاديث أبي الحسين الكلابي	أَبُو الحُسَيْنِ عَبْدُ الوَهَّابِ بنُ الحَسَنِ بنِ الوَلِيْدِ بنِ مُوْسَى الكِلاَبِيُّ الدِّمَشْقِيُّ (المتوفى: 396هـ)	ShamAY	30022	0.60019
		الصحيح المسند من آثار الصحابة في الزهد والرقائق والأخلاق والأدب	عبد الله بن فهد الخليفي	ShamelaY19	37620	0.60009
		رسالة في الاحاديث الواردة في الخلفاء على ترتيب الخلافة	السيّد علي الحسيني الميلاني	Rafed	223	0.60004
		سؤالات السلفي أبا الكرم خميس بن علي الحوزي - ط الفاروق	أبو طاهر أحمد بن محمد السلفي	ShamAY	34164	0.59996
		كتاب الأربعين في فضائل ذكر رب العالمين	مسافر بن محمد بن حاجي الدمشقي (المتوفى: 420ه)	ShamelaY19	30587	0.59996
		المقصد العلي في زوائد أبي يعلى الموصلي	أبو الحسن نور الدين علي بن أبي بكر بن سليمان الهيثمي (المتوفى: 807هـ)	ShamAY	21570	0.59987
		توضيح الاسناد المشكلة في الكتب الاربعة	آيت الله سيد محمد جواد شبيري زنجاني	Ghbook	9005	0.59972
		مسند ابن أبي أوفى ليحيى بن محمد بن صاعد	أبو محمد يحيى بن محمد بن صاعد بن كاتب الهاشمي البغدادي (المتوفى: 318ه)	Sham19Y	13154	0.59966
		مغازي الواقدي	محمد بن عمر بن واقد السهمي الأسلمي بالولاء، المدني، أبو عبد الله، الواقدي (المتوفى: 207ه)	ShamelaY19	23680	0.59965
		الدعاء للطبراني	سليمان بن أحمد بن أيوب بن مطير اللخمي الشامي، أبو القاسم الطبراني (المتوفى: 360هـ)	ShamAY	13016	0.59959
		أمهات النبي صلى الله عليه وسلم	أبو جعفر محمد بن حبيب بن أمية البغدادي (المتوفى: 245ه)	ShamelaY19	26929	0.59959
		تذكرة الحفاظ - ط العلمية ت عميرات = التراجم	الواحدي :: الذهبي، شمس الدين	ShamAY	38192	0.59958
		الجزء الخامس من مشيخة أبي غالب ابن البناء المقرئ - مخطوط	أبو غالب أحمد بن الحسن بن أحمد البناء المقرئ	ShamAY	32852	0.59955
		إحقاق الحقّ وإزهاق الباطل [ج ٢٦]	آية الله السيّد شهاب الدين الحسيني المرعشي النجفي	Rafed	2794	0.59954
		حكايات شعبة بن الحجاج	أبو القاسم عبد الله بن محمد بن عبد العزيز بن المرزبان بن سابور بن شاهنشاه البغوي (المتوفى: 317ه)	ShamelaY19	29715	0.5995
		من الذي قال بالنص علي الامامه	خليفه عبيد كلباني عماني	Ghbook	7714	0.5995
		الأمراض أو الطب النبوي للضياء المقدسي	ضياء الدين أبو عبد الله محمد بن عبد الواحد المقدسي (المتوفى: 643هـ)	ShamAY	1424	0.59949
		الخامس عشر من المشيخة البغدادية لأبي طاهر السلفي	صدر الدين، أبو طاهر السلفي أحمد بن محمد بن أحمد بن محمد بن إبراهيم سلفه الأصبهاني (المتوفى: 576ه)	ShamelaY19	30113	0.59945
		ذكر العقبتين وعمره صلى الله عليه وسلم للضياء المقدسي - مخطوط	الواحدي	ShamAY	32778	0.59935
		المنتخب من علل الخلال (ومعه تتمة)	أبو محمد موفق الدين عبد الله بن أحمد بن محمد بن قدامة الجماعيلي المقدسي ثم الدمشقي الحنبلي، الشهير بابن قدامة المقدسي (المتوفى: 620ه)	ShamelaY19	26075	0.59934
		جزء من حديث أبي حفص عمر بن أحمد ابن شاهين عن شيوخه	أبو حفص عمر بن أحمد بن عثمان بن أحمد بن محمد بن أيوب بن أزداذ البغدادي المعروف بـ ابن شاهين (المتوفى: 385هـ)	ShamAY	8226	0.59932
		هدية الأحياء للأموات وما يصل إليهم من النفع والثواب على ممر الأوقات	أَبُو الحَسَنِ عَلِيُّ بنُ أَحْمَدَ بنِ يُوْسُفَ بن جَعْفَرِ الهَكَّارِي (المتوفى: 486هـ)	ShamAY	26926	0.59922
		خاتمة مستدرك الوسائل [ج ٥]	الشيخ حسين النوري الطبرسي [ المحدّث النوري ]	Rafed	1468	0.59918
		المتفق والمفترق فيمن ذكر بكنيته من الرواة في الكتب الستة	يوسف بن جودة يس يوسف الداودي	ShamelaY19	18641	0.59907
		 مسند الإمام الحسين ( ع ) 	 الشيخ عزيز الله عطاردي 	ABLibrary	7703	0.59903
		مناقب الشافعي للأبري	محمد بن الحسين بن إبراهيم بن عاصم، أبو الحسن الآبري السجستاني (المتوفى: 363هـ)	ShamAY	26768	0.59898
		الأصول الستة عشر	جمع من العلماء	Masaha	4677	0.59896
		الأوائل للطبراني	سليمان بن أحمد بن أيوب بن مطير اللخمي الشامي، أبو القاسم الطبراني (المتوفى: 360هـ)	ShamAY	13002	0.59893
		أخلاق أهل القرآن	أبو بكر محمد بن الحسين بن عبد الله الآجُرِّيُّ البغدادي (المتوفى: 360هـ)	ShamAY	10531	0.59882
		ثواب الاعمال و عقاب الاعمال	محمد بن علي بن بابويه شيخ صدوق	Ghbook	2493	0.59873
		الثالث من مشيخة ابن حيويه	محمد بن العباس بن محمد بن زكرياء، أبو عمر ابن حيويه الخزاز (المتوفى: 382ه)	ShamelaY19	29954	0.5987
		الثالث عشر من فوائد ابن المقرئ	أبو بكر محمد بن إبراهيم بن علي بن عاصم بن زاذان الأصبهاني الخازن، المشهور بابن المقرئ (المتوفى: 381ه)	Sham19Y	29942	0.59865
		إسلام زيد بن حارثة وغيره من أحاديث الشيوخ	أبو القاسم تمام بن محمد بن عبد الله بن جعفر بن عبد الله بن الجنيد البجلي الرازي ثم الدمشقي (المتوفى: 414هـ)	ShamAY	9368	0.59861
		كتاب الأربعين في فضائل ذكر رب العالمين	مسافر بن محمد بن حاجي الدمشقي (المتوفى: 420ه)	Sham19Y	30587	0.59859
		المقصد العلي في زوائد أبي يعلى الموصلي	أبو الحسن نور الدين علي بن أبي بكر بن سليمان الهيثمي (المتوفى: 807ه)	Sham19Y	21570	0.59858
		حديث ذي النون المصري	ذُوْ النُّوْنِ المِصْرِيُّ ثَوْبَانُ بنُ إِبْرَاهِيْمَ وَقِيْلَ: فَيْضُ بنُ أَحْمَدَ وَقِيْلَ: فَيْضُ بنُ إِبْرَاهِيْمَ النُّوْبِيُّ، الإِخْمِيْمِيُّ (المتوفى: 248هـ)	ShamAY	30738	0.59854
		عوالي مالك رواية هشام بن عمار	هشام بن عمار بن نصير بن ميسرة بن أبان السُّلمي، ويقال: الظفري، أبو الوليد الدمشقي المقرئ (المتوفى: 245هـ)	ShamAY	1363	0.59843
		ذكر من اختلف العلماء ونقاد الحديث فيه لابن شاهين - ط الفاروق	أبو حفص عمر بن أحمد بن عثمان البغدادي، المعروف بابن شاهين	ShamAY	34153	0.59841
		جزء من حديث أبي علي الصواف	محمد بن أحمد بن الحسن بن إسحاق ابن الصواف، أبو علي البغدادي (المتوفى: 359هـ)	ShamAY	29898	0.59833
		حياة الأنبياء صلوات الله عليهم بعد وفاتهم	أحمد بن الحسين بن علي بن موسى الخُسْرَوْجِردي الخراساني، أبو بكر البيهقي (المتوفى: 458هـ)	ShamAY	13114	0.59831
		محمد بن أبي بكر الصديق حياته وأحواله زمن الفتنة	نضال دويكات	ShamAY	35889	0.59823
		جزء في الحديث، وفيه من حديث الطبراني، وغيره، وضمنه نقولا من تهذيب الكمال حول مكانة قراء القرآن يوم القيامة - مخطوط	(؟)	ShamAY	32882	0.59818
		غرائب حديث الإمام مالك بن أنس رضي الله عنه	محمد بن المظفر بن موسى بن عيسى، أبو الحسين البزاز البغدادي (المتوفى: 379هـ)	ShamAY	1274	0.59814
		الحافظ محمد بن أحمد بن أبي الفوارس وأقواله في الرجال	د. غالب بن محمد أبو القاسم الحامضي	ShamAY	35871	0.59813
		 العوالم ، الإمام علي بن أبي طالب ( ع ) 	 الشيخ عبد الله البحراني 	ABLibrary	7610	0.598
		مجموع تخريج شمس الدين المقدسي	الشمس، أبو العباس أحمد بن عبد الواحد بن أحمد المقدسي، الحنبلي، الملقب بالبخاري (المتوفى: 623ه)	ShamelaY19	29768	0.59798
		الثالث عشر من فوائد ابن المقرئ	أبو بكر محمد بن إبراهيم بن علي بن عاصم بن زاذان الأصبهاني الخازن، المشهور بابن المقرئ (المتوفى: 381ه)	ShamelaY19	29942	0.59791
		مجموع تخريج شمس الدين المقدسي	الشَّمْسُ، أَبُو العَبَّاسِ أَحْمَدُ بنُ عَبْدِ الوَاحِدِ بنِ أَحْمَدَ المَقْدِسِيُّ، الحَنْبَلِيُّ، المُلَقَّبُ بِالبُخَارِيِّ (المتوفى: 623هـ)	ShamAY	29768	0.59787
		أمهات النبي صلى الله عليه وسلم	أبو جعفر محمد بن حبيب بن أمية البغدادي (المتوفى: 245هـ)	ShamAY	26929	0.59782
		صحيح ابن خزيمة ط 3	أبو بكر محمد بن إسحاق بن خزيمة بن المغيرة بن صالح بن بكر السلمي النيسابوري (المتوفى: 311ه)	ShamelaY19	121382	0.59772
		أربعون حديثا من الجزء الرابع من كتاب الطب	أبو نعيم أحمد بن عبد الله بن أحمد بن إسحاق بن موسى بن مهران الأصبهاني (المتوفى: 430ه)	ShamelaY19	29766	0.59752
		الموافقات العوالي للضياء المقدسي_2	ضياء الدين أبو عبد الله محمد بن عبد الواحد المقدسي (المتوفى: 643هـ)	ShamAY	29738	0.59748
		الحلل السندسية في الأخبار وآلاثار الأندلسية  - الجزء2	شكيب أرسلان	Masaha	4553	0.59745
		الأمر بالمعروف والنهي عن المنكر لابن أبي الدنيا - ط أطلس الخضراء = مقابل	أبو بكر عبد الله بن محمد ابن أبي الدنيا	ShamAY	38103	0.59742
		التراجم الساقطة من الكامل في معرفة ضعفاء المحدثين وعلل الحديث	ابن عدي	Sham19Y	5827	0.5972
		تهذيب الأسماء واللغات - ط العلمية = التراجم	أبو زكريا محيي الدين يحيى بن شرف النووي (المتوفى: 676هـ)	ShamAY	38020	0.59719
		مسند السراج	أبو العباس محمد بن إسحاق بن إبراهيم بن مهران الخراساني النيسابوري المعروف بالسَّرَّاج (المتوفى: 313هـ)	ShamAY	1383	0.59714
		 مصباح الظلام 	 محمد بن موسى المزالي المراكشي 	ABLibrary	8777	0.59697
		من حديث محمد بن عثمان بن كرامة وحديث طاهر بن خالد بن نزار الأيلي، رواية محمد بن مخلد العطار عنهما	أبو عبد الله محمد بن مخلد بن حفص العطار الدوري البغدادي (المتوفى: 331ه)	Sham19Y	26359	0.59695
		مستخرج أبي نعيم الأصبهاني على الجامع الصحيح للبخاري - مخطوط	أبو نعيم أحمد بن عبد الله الأصفهاني	ShamAY	38083	0.59691
		 فرق الشيعة 	 حسن بن موسى النوبختي 	ABLibrary	8523	0.59689
		فضل يوم عرفة لأبي بكر الوراق	أبو بكر محمد بن إسماعيل بن العباس البغدادي المستملي الوراق (المتوفى: 378ه)	ShamelaY19	27097	0.59683
		تاريخ أسماء الضعفاء والكذابين	أبو حفص عمر بن أحمد بن عثمان بن أحمد بن محمد بن أيوب بن أزداذ البغدادي المعروف بـ ابن شاهين (المتوفى: 385هـ)	ShamAY	11083	0.59679
		فتوح مصر والمغرب	ابن عبد الحكم	Rafed	2445	0.59669
		ملحق البدر الطالع بمحاسن من بعد القرن السابع ((الملحق التابع للبدر الطالع))	محمد بن محمد بن يحيى زبارة الحسني اليمني الصنعاني (المتوفى: 1381هـ)	ShamAY	6672	0.59668
		علل الحديث لابن أبي حاتم	أبو محمد عبد الرحمن بن محمد بن إدريس بن المنذر التميمي، الحنظلي، الرازي ابن أبي حاتم (المتوفى: 327هـ)	ShamAY	1350	0.59664
		أخلاق حملة القرآن للآجري - ت: الألفي	الآجري	ShamAY	34101	0.59663
		أخبار مكة في قديم الدهر وحديثه	أبو عبد الله محمد بن إسحاق بن العباس المكي الفاكهي (المتوفى: 272هـ)	ShamAY	22579	0.59663
		إمتاع الأسماع بما للنبي من الأحوال والأموال والحفدة والمتاع	أحمد بن علي بن عبد القادر، أبو العباس الحسيني العبيدي، تقي الدين المقريزي (المتوفى: 845هـ)	ShamAY	1524	0.59647
		الإمامة والتبصرة من الحيرة	أبو الحسن علي بن الحسين بن بابويه القمي	Rafed	693	0.59647
		صفة النار لابن أبي الدنيا	أبو بكر عبد الله بن محمد بن عبيد بن سفيان بن قيس البغدادي الأموي القرشي المعروف بابن أبي الدنيا (المتوفى: 281هـ)	ShamAY	13128	0.59638
		أخبار وحكايات من حديث أبي علي محمد بن القاسم بن معروف - مخطوط	محمد بن القاسم بن معروف، أبو علي التميمي الدمشقي الشهير بابن حبيب (المتوفى: 347هـ)	ShamAY	10279	0.59636
		المنتخب من علل الخلال (ومعه تتمة)	أبو محمد موفق الدين عبد الله بن أحمد بن محمد بن قدامة الجماعيلي المقدسي ثم الدمشقي الحنبلي، الشهير بابن قدامة المقدسي (المتوفى: 620هـ)	ShamAY	1310	0.59635
		أحاديث مسندة في أبواب القضاء لأبي نعيم الأصفهاني - مخطوط (ن)	أبو نعيم أحمد بن عبد الله بن أحمد بن إسحاق بن موسى بن مهران الأصبهاني (المتوفى: 430هـ)	ShamAY	9853	0.59629
		الفرج بعد الشدة لابن أبي الدنيا - ط أطلس الخضراء = مقابل	أبو بكر عبد الله بن محمد ابن أبي الدنيا	ShamAY	38052	0.59624
		المقصد العلي في زوائد أبي يعلى الموصلي	أبو الحسن نور الدين علي بن أبي بكر بن سليمان الهيثمي (المتوفى: 807ه)	ShamelaY19	21570	0.59619
		الشمائل المحمدية للترمذي - ط الصديق	أبو عيسى محمد بن عيسى بن سورة الترمذي	ShamAY	38142	0.59615
		الوقوف والترجل من الجامع لمسائل الإمام أحمد بن حنبل	أبو بكر أحمد بن محمد بن هارون بن يزيد الخلال البغدادي الحنبلي (المتوفى: 311ه)	ShamelaY19	26883	0.59606
		فضائل الخلفاء الأربعة وغيرهم لأبي نعيم الأصبهاني	أبو نعيم أحمد بن عبد الله بن أحمد بن إسحاق بن موسى بن مهران الأصبهاني (المتوفى: 430هـ)	ShamAY	8237	0.59604
		أحاديث الموطأ وذكر اتفاق الرواة عن مالك واختلافهم فيه وزيادتهم ونقصانهم	أبو الحسن علي بن عمر بن أحمد بن مهدي بن مسعود بن النعمان بن دينار البغدادي الدارقطني (المتوفى: 385هـ)	ShamAY	1518	0.59597
		الحجة على تارك المحجة (وهو شرح عقيدة الإمام الحافظ محمد بن طاهر المقدسي)	الحافظ محمد بن طاهر المقدسي بن القسيراني (507 هـ)	ShamAY	33885	0.59596
		الإيماء إلى زوائد الأمالي والأجزاء - زوائد الأمالي والفوائد والمعاجم والمشيخات على الكتب الستة والموطأ ومسند الإمام أحمد	نبيل سعد الدين سَليم جَرَّار	ShamAY	95	0.59589
		مسند ابن زيدان	أبو محمد عبد الله بن زيدان بن بريد بن رزين بن ربيع بن قطن البجلي، الكوفي (المتوفى: 313ه)	ShamelaY19	21488	0.59587
		الجامع الكبير - سنن الترمذي	محمد بن عيسى بن سَوْرة بن موسى بن الضحاك، الترمذي، أبو عيسى (المتوفى: 279هـ)	ShamAY	1201	0.59582
		القدر وما ورد في ذلك من الآثار	عبد الله بن وهب بن مسلم القرشي	ShamAY	33860	0.59581
		التفسير من سنن سعيد بن منصور - محققا	أبو عثمان سعيد بن منصور بن شعبة الخراساني الجوزجاني (المتوفى: 227هـ)	ShamAY	1254	0.59578
		أربعون حديثا من الجزء الرابع من كتاب الطب	أبو نعيم أحمد بن عبد الله بن أحمد بن إسحاق بن موسى بن مهران الأصبهاني (المتوفى: 430ه)	Sham19Y	29766	0.59576
		الرد على الجهمية لابن منده	أبو عبد الله محمد بن إسحاق بن محمد بن يحيى بن مَنْدَه العبدي (المتوفى: 395هـ)	ShamAY	13022	0.5957
		الإخلاص والنية لابن أبي الدنيا	أبو بكر عبد الله بن محمد بن عبيد بن سفيان بن قيس البغدادي الأموي القرشي المعروف بابن أبي الدنيا (المتوفى: 281هـ)	ShamAY	6225	0.5957
		القدر وما ورد فيه من الآثار لابن وهب	أبو محمد عبد الله بن وهب بن مسلم المصري القرشي (المتوفى: 197هـ)	ShamAY	5604	0.59567
		دراسة نقدية في المرويات الواردة في شخصية عمر بن الخطاب وسياسته الإدارية رضي الله عنه	عبد السلام بن محسن آل عيسى	ShamAY	12012	0.59564
		الرسالة للشافعي	الشافعي أبو عبد الله محمد بن إدريس بن العباس بن عثمان بن شافع بن عبد المطلب بن عبد مناف المطلبي القرشي المكي (المتوفى: 204هـ)	ShamAY	8180	0.59555
		معجم رجال الحديث و تفصيل طبقات الرواه	آيت الله العظمي سيد ابوالقاسم خوئي	Ghbook	9009	0.59531
		كرامات الأولياء للالكائي - من كتاب شرح أصول اعتقاد أهل السنة والجماعة للالكائي	أبو القاسم هبة الله بن الحسن بن منصور الطبري الرازي اللالكائي (المتوفى: 418هـ)	ShamAY	13150	0.59508
		تاريخ الإسلام ووفيات المشاهير والأعلام [ج ٢٠]	شمس الدين محمّد بن أحمد بن عثمان الذّهبي	Rafed	3458	0.59502
		الغرباء للآجري	أبو بكر محمد بن الحسين بن عبد الله الآجُرِّيُّ البغدادي (المتوفى: 360هـ)	ShamAY	13045	0.59484
		مقتل الامام اميرالمومنين علي بن ابي طالب ( عليه السلام )	ابوبكر عبدالله بن محمد بن عبيد ( ابن ابي دنيا )	Ghbook	9619	0.59459
		تحفة اللبيب بمن تكلم فيهم الحافظ ابن حجر من الرواة في غير «التقريب»	أبو عمرو نور الدين بن علي بن عبد الله السدعي الوصابي	ShamelaY19	132970	0.59455
		المختلطين للعلائي	صلاح الدين أبو سعيد خليل بن كيكلدي بن عبد الله الدمشقي العلائي (المتوفى: 761هـ)	ShamAY	25846	0.59448
		 إثبات الهداة بالنصوص والمعجزات 	 الحر العاملي 	ABLibrary	7391	0.59442
		 توضيح الأسناد المشكلة في الكتب الأربعة 	 السيد محمد جواد الشبيري الزنجاني 	ABLibrary	9773	0.5944
		مجلس من إملاء ابن الغوري - مخطوط		ShamAY	32796	0.59432
		الكامل في القراءات العشر والأربعين الزائدة عليها	يوسف بن علي بن جبارة بن محمد بن عقيل بن سواده أبو القاسم الهذلي اليشكري المغربي (المتوفى: 465ه)	ShamelaY19	36957	0.59413
		من حديث أبي الحسن مشرق بن عبد الله الحنيفي - مخطوط	أبو الحسن مشرق بن عبد الله الفقيه الحنيفي الزاهد	ShamAY	32869	0.59411
		العقوبات لابن أبي الدنيا	أبو بكر عبد الله بن محمد بن عبيد بن سفيان بن قيس البغدادي الأموي القرشي المعروف بابن أبي الدنيا (المتوفى: 281هـ)	ShamAY	8266	0.59401
		نزهة السامعين في رواية الصحابة عن التابعين	أبو الفضل أحمد بن علي بن محمد بن أحمد بن حجر العسقلاني (المتوفى: 852هـ)	ShamAY	6009	0.59389
		الرد الوافر	محمد بن عبد الله (أبي بكر) بن محمد ابن أحمد بن مجاهد القيسي الدمشقي الشافعي، شمس الدين، الشهير بابن ناصر الدين (المتوفى: 842هـ)	ShamAY	6660	0.59376
		مسند الإمام الشهيد أبي عبدالله الحسين بن علي عليهما السلام [ج ٢]	الشيخ عزيز الله العطاردي	Rafed	3223	0.59367
		بحارالانوار الجامعه لدرر اخبار الائمه الاطهار عليهم السلام 	محمدباقر بن محمدتقي علامه مجلسي	Ghbook	939	0.59358
		أخبار مكة في قديم الدهر وحديثه	أبو عبد الله محمد بن إسحاق بن العباس المكي الفاكهي (المتوفى: 272ه)	Sham19Y	22579	0.59349
		حياة الأنبياء صلوات الله عليهم بعد وفاتهم	أحمد بن الحسين بن علي بن موسى الخسروجردي الخراساني، أبو بكر البيهقي (المتوفى: 458ه)	Sham19Y	13114	0.59348
		تقريب التهذيب ـ العاصمة	أحمد بن علي بن حجر العسقلاني	ShamAY	34607	0.59346
		جزء فيه ثلاثة أحاديث مسلسلة	صدر الدين، أبو طاهر السِّلَفي أحمد بن محمد بن أحمد بن محمد بن إبراهيم سِلَفَه الأصبهاني (المتوفى: 576هـ)	ShamAY	30047	0.59344
		تثبيت الإمامة وترتيب الخلافة لأبي نعيم الأصبهاني	أبو نعيم أحمد بن عبد الله بن أحمد بن إسحاق بن موسى بن مهران الأصبهاني (المتوفى: 430هـ)	ShamAY	8221	0.59315
		الأربعون حديثا لعبد الله بن المبارك	الواحدي :: ابن المبارك	ShamAY	33652	0.59308
		سؤالات أبي إسحاق إبراهيم بن الجنيد للإمام يحيى بن معين	أبو إسحاق إبراهيم بن عبد الله بن الجنيد	ShamAY	34156	0.59305
		سنن أبي بكر الأثرم	أبو بكر أحمد بن محمد بن هانئ الإسكافي الأثرم الطائي وقيل: الكلبي (المتوفى: 273ه)	ShamelaY19	26550	0.59304
		ملحق لمن يبدأ بحرف النون من الصحابة جُمِعَ من مخطوطتي زوائد المعجم الكبير للطبراني والمنتقى من المعجم الكبير للطبراني	أبو القاسم سليمان بن أحمد الطبراني	ShamAY	33986	0.593
		تحقيق كتاب البدور السافرة في أمور الآخرة	السيوطي	ShamAY	34815	0.59295
		جزء ابن الضريس	محمد بن الضريس	ShamAY	35234	0.59283
		نسخة طالوت وهي في أحاديث طالوت بن عباد البصري الصيرفي المتوفى: 238ه	أبو القاسم عبد الله بن محمد بن عبد العزيز بن المرزبان بن سابور بن شاهنشاه البغوي (المتوفى: 317ه)	ShamelaY19	26341	0.59273
		مساوئ الأخلاق للخرائطي	أبو بكر محمد بن جعفر بن محمد بن سهل بن شاكر الخرائطي السامري (المتوفى: 327هـ)	ShamAY	8243	0.59268
		تقريب التهذيب - ت عوامة = التراجم	أبو الفضل أحمد بن علي بن محمد بن أحمد بن حجر العسقلاني (المتوفى: 852هـ)	ShamAY	38032	0.59264
		جزء ابن عمشليق	أحمد بن علي بن محمد الجعفري أبو الطيب (المتوفى: ق 4هـ)	ShamAY	5660	0.59247
		نقد الرجال - الجزء1	السيد مصطفى التفرشي	Masaha	1717	0.59241
		من كلام أبي زكريا يحيى بن معين في الرجال - ط الفاروق	أبو خالد يزيد بن الهيثم بن طهمان الدقاق	ShamAY	34170	0.59233
		جامع البيان في القراءات السبع	عثمان بن سعيد بن عثمان بن عمر أبو عمرو الداني (المتوفى: 444هـ)	ShamAY	1048	0.59221
		الكامل في القراءات العشر والأربعين الزائدة عليها	يوسف بن علي بن جبارة بن محمد بن عقيل بن سواده أبو القاسم الهُذَلي اليشكري المغربي (المتوفى: 465هـ)	ShamAY	97	0.59212
		الجزء العاشر من أسنى المقاصد وأعذب الموارد من مشيخة أبي الحسن علي بن أحمد بن عبد الواحد - مخطوط	أبو الحسن علي بن أحمد بن عبد الواحد المقدسي المعروف بابن البخاري	ShamAY	32854	0.59212
		اليقين لابن أبي الدنيا - ط أطلس الخضراء = مقابل	أبو بكر عبد الله بن محمد ابن أبي الدنيا	ShamAY	38105	0.59211
		أمالي المحاملي رواية ابن الصلت	أبو عبد الله البغدادي الحسين بن إسماعيل بن محمد بن إسماعيل بن سعيد بن أبان الضبي المحاملي (المتوفى: 330هـ)	ShamAY	77	0.59197
		مجلس من أمالي أبي طاهر النهاوندي - مخطوط		ShamAY	32794	0.59185
		صفة النار لابن أبي الدنيا - ط أطلس الخضراء = مقابل	أبو بكر عبد الله بن محمد ابن أبي الدنيا	ShamAY	38137	0.59183
		الفوائد الثمينه من كتاب اخبار المدينه	محمد رضا حسيني جلالي	Ghbook	10645	0.5918
		اصول الكافي	محمد بن يعقوب شيخ كليني	Ghbook	2153	0.59168
		السابع من حديث أبي الحسن السقا	محمد بن جعفر بن هشام أبو الحسن ابن السقا الحلبي (350 هـ)	ShamAY	33635	0.59165
		مثير العزم الساكن إلى أشرف الأماكن ط الراية	جمال الدين أبو الفرج عبد الرحمن بن علي بن محمد الجوزي (المتوفى: 597هـ)	ShamAY	26674	0.59151
		المسند المستخرج على صحيح مسلم لأبي نعيم	أبو نعيم أحمد بن عبد الله بن أحمد بن إسحاق بن موسى بن مهران الأصبهاني (المتوفى: 430ه)	Sham19Y	5562	0.59151
		جامع البيان في القراءات السبع	عثمان بن سعيد بن عثمان بن عمر أبو عمرو الداني (المتوفى: 444ه)	Sham19Y	37649	0.5915
		من حديث أبي الطاهر محمد بن أحمد بن عبد الله الذهلي	أبو الحسن علي بن عمر بن أحمد بن مهدي بن مسعود بن النعمان بن دينار البغدادي الدارقطني (المتوفى: 385هـ)	ShamAY	13097	0.59143
		جزء فيه مسائل أبي جعفر محمد بن عثمان بن أبي شيبة عن شيوخه في مسائل في الجرح والتعديل	أبو جعفر محمد بن عثمان بن أبي شيبة العبسي مولاهم الكوفي (المتوفى: 297ه)	ShamelaY19	26230	0.59134
		السنن الأبين والمورد الأمعن في المحاكمة بين الإمامين في السند المعنعن	محمد بن عمر بن محمد، أبو عبد الله، محب الدين ابن رشيد الفهري السبتي (المتوفى: 721ه)	Sham19Y	6011	0.59129
		تسمية ما انتهى إلينا من الرواة لأبي نعيم الأصبهاني	أبو نعيم أحمد بن عبد الله بن أحمد بن إسحاق بن موسى بن مهران الأصبهاني (المتوفى: 430هـ)	ShamAY	9312	0.59107
		معجم أصحاب شيخ الإسلام ابن تيمية	وليدُ بنُ حُسْنِي بنِ بَدَوِي بنِ مُحَمَّدٍ الأُمَوِيِّ	ShamAY	21524	0.59105
		شرحُ مُسْنَد الشَّافِعيِّ	عبد الكريم بن محمد بن عبد الكريم، أبو القاسم الرافعي القزويني (المتوفى: 623هـ)	ShamAY	31730	0.59093
		حديث الستة من التابعين وذكر طرقه واختلاف وجوهه	أبو بكر أحمد بن علي بن ثابت بن أحمد بن مهدي الخطيب البغدادي (المتوفى: 463هـ)	ShamAY	5673	0.59087
		رسالة ابن عبد الهادي في فضائل الصحابة - مخطوط	أبو عبد الله محمد بن أحمد بن عبد الهادي المقدسي	ShamAY	32857	0.59084
		الموافقات العوالي للضياء المقدسي_2	ضياء الدين أبو عبد الله محمد بن عبد الواحد المقدسي (المتوفى: 643ه)	ShamelaY19	29738	0.5908
		الجامع لابن وهب ت رفعت فوزي عبد المطلب	أبو محمد عبد الله بن وهب بن مسلم المصري القرشي (المتوفى: 197هـ)	ShamAY	26865	0.59064
		من اسمه عطاء من رواة الحديث	سليمان بن أحمد بن أيوب بن مطير اللخمي الشامي، أبو القاسم الطبراني (المتوفى: 360ه)	Sham19Y	12864	0.59055
		شرح الترمذي «النفح الشذي شرح جامع الترمذي»	محمد بن محمد بن محمد بن أحمد، ابن سيد الناس، اليعمري الربعي، أبو الفتح، فتح الدين (المتوفى: 734 هـ)	ShamAY	32425	0.59053
		الفوائد الشهير بالغيلانيات لأبي بكر الشافعي	أبو بكر محمد بن عبد الله بن إبراهيم بن عبدوَيْه البغدادي الشافعي البزَّاز (المتوفى: 354هـ)	ShamAY	31639	0.59043
		أخبار مكة في قديم الدهر وحديثه	أبو عبد الله محمد بن إسحاق بن العباس المكي الفاكهي (المتوفى: 272ه)	ShamelaY19	22579	0.59043
		الأول من الخلعيات	علي بن الحسن بن الحسين بن محمد، أبو الحسن الخلعي الشافعي (المتوفى: 492ه)	ShamelaY19	30592	0.5903
		إعلام النبلاء بتاريخ حلب الشهباء [ج ٥]	محمد راغب بن محمود بن هاشم الطبّاخ الحلبي	Rafed	2380	0.59029
		أربعون حديثا من الجزء الرابع من كتاب الطب	أبو نعيم أحمد بن عبد الله بن أحمد بن إسحاق بن موسى بن مهران الأصبهاني (المتوفى: 430هـ)	ShamAY	29766	0.59025
		الوفيات لابن رافع	تقي الدين محمد بن هجرس بن رافع السلامي (المتوفى: 774هـ)	ShamAY	6724	0.59017
		جزء فيه من روى عن النبي صلى الله عليه وسلم من الصحابة في الكبائر	أبو بكر أحمد بن هارون بن روح البرديجي (المتوفى: 301هـ)	ShamAY	26595	0.59014
		الجامع لابن وهب ت رفعت فوزي عبد المطلب	أبو محمد عبد الله بن وهب بن مسلم المصري القرشي (المتوفى: 197ه)	ShamelaY19	26865	0.59
		 الأدب المفرد 	 البخاري 	ABLibrary	98	0.58982
		من عقائد السلف (الرد على الجهمية)	أبو عبد الله محمد بن إسحاق بن محمد بن يحيى بن منده العبدي (المتوفى: 395ه)	Sham19Y	3976	0.58976
		المخلصيات وأجزاء أخرى لأبي طاهر المخلص	محمد بن عبد الرحمن بن العباس بن عبد الرحمن بن زكريا البغدادي المخَلِّص (المتوفى: 393هـ)	ShamAY	9107	0.58963
		الإصابة في تمييز الصحابة [ج ٨]	أحمد بن علي بن حجر العسقلاني	Rafed	3428	0.58963
		مجلس من أمالي أبي مسلم الكاتب - مخطوط		ShamAY	32795	0.58959
		معالم العلماء في فهرست كتب الشيعة و أسماء المصنفين قديما و حديثا‌	ابن شهر آشوب المازندراني	Masaha	3552	0.58954
		فضائل مكة لأبي سعيد الجندي	أبو سعيد المفضل بن محمد الجندي (المتوفى: 308 ه)	ShamelaY19	143167	0.58951
		فائت التسهيل [ما فات «تسهيل السابلة لمريد معرفة الحنابلة» من التراجم]	بكر بن عبد الله أبو زيد	ShamelaY19	132530	0.58947
		جزء فيه عشرة أحاديث منتقاة من عشرة الحداد لابن حجر	ابن حجر العسقلاني (852 هـ)	ShamAY	33575	0.58941
		شرح الترمذي «النفح الشذي شرح جامع الترمذي»	محمد بن محمد بن محمد بن أحمد، ابن سيد الناس، اليعمري الربعي، أبو الفتح، فتح الدين (المتوفى: 734 ه)	Sham19Y	16599	0.58938
		سنن الدارمي - ت زمرلي والعلمي	عبد الله بن عبد الرحمن أبو محمد الدارمي	ShamAY	33928	0.58929
		المنتقى من السنن المسندة - ت الحويني - ط العلمية	أبو محمد عبد الله بن علي بن الجارود	ShamAY	33947	0.58929
		من حديث أبي الدحداح وأحمد التميمي وشعيب بن أبي حمزة - مخطوط	الضياء المقدسي	ShamAY	32803	0.58925
		المستغيثين بالله تعالى عند المهمّات والحاجات	أبو القاسم خلف بن عبد الملك بن مسعود بن بشكوال الخزرجي الأنصاري الأندلسي (المتوفى: 578هـ)	ShamAY	12845	0.58921
		كتاب الأربعين وهو ثالث الأربعينيات في الحديث الشريف	أبو العباس الحسن بن سفيان بن عامر بن عبد العزيز بن النعمان بن عطاء الشيباني الخراساني النسوي (المتوفى: 303هـ)	ShamAY	8205	0.58918
		بيان خطأ البخاري في تاريخه - ت اليماني = التراجم	عبد الرحمن بن محمد بن إدريس بن المنذر التميمي، الحنظلي، الرازي ابن أبي حاتم (المتوفى: 327هـ)	ShamAY	38029	0.58914
		سؤالات ابن الجنيد لأبي زكريا يحيى بن معين	أبو زكريا يحيى بن معين بن عون بن زياد بن بسطام بن عبد الرحمن المري بالولاء، البغدادي (المتوفى: 233هـ)	ShamAY	12698	0.58913
		الجزء العشرون من المشيخة البغدادية	صدر الدين، أبو طاهر السِّلَفي أحمد بن محمد بن أحمد بن محمد بن إبراهيم سِلَفَه الأصبهاني (المتوفى: 576هـ)	ShamAY	30631	0.5891
		العلل ومعرفة الرجال لأحمد رواية المروذي وغيره ت وصي الله عباس	أبو عبد الله أحمد بن محمد بن حنبل بن هلال بن أسد الشيباني (المتوفى: 241هـ)	ShamAY	10272	0.58909
		الرضا عن الله بقضائه لابن أبي الدنيا - ط أطلس الخضراء = مقابل	أبو بكر عبد الله بن محمد ابن أبي الدنيا	ShamAY	38081	0.58898
		مثير العزم الساكن إلى أشرف الأماكن ط الراية	جمال الدين أبو الفرج عبد الرحمن بن علي بن محمد الجوزي (المتوفى: 597ه)	ShamelaY19	26674	0.58883
		السنن الواردة في الفتن وغوائلها والساعة وأشراطها	أبو عمرو عثمان بن سعيد المقرئ الداني	ShamAY	33853	0.58882
		حديث أبي جعفر الطحاوي	أبو جعفر أحمد بن محمد بن سلامة بن عبد الملك بن سلمة الأزدي الحجري المصري المعروف بالطحاوي (المتوفى: 321ه)	Sham19Y	30526	0.58856
		الجزء الثاني من الفوائد لابن قدامة المقدسي - مخطوط	موفق الدين أبو محمد عبد الله بن أحمد بن محمد بن قدامة المقدسي	ShamAY	32887	0.58855
		الفهرست - منتجب الدين	منتجب الدين علي بن بابويه رازي	Ghbook	2455	0.58854
		الوقوف والترجل من الجامع لمسائل الإمام أحمد بن حنبل	أبو بكر أحمد بن محمد بن هارون بن يزيد الخَلَّال البغدادي الحنبلي (المتوفى: 311هـ)	ShamAY	26883	0.58847
		الجزء الأول من حديث الحربي عن الصوفي عن ابن معين - مخطوط	أبو الحسن علي بن عمر السكري الحربي	ShamAY	32748	0.58839
		من حديث أبي نصر أحمد بن الحسن بن محمد بن الشاه - مخطوط		ShamAY	32814	0.58839
		 مسند الإمام الصادق ( ع ) 	 الشيخ عزيز الله عطاردي 	ABLibrary	7716	0.58839
		جزء من أحاديث القزاز عن شيوخه (مطبوع ضمن مجموع باسم الفوائد لابن منده!)	محمد بن سنان بن يزيد، أبو الحسن القزاز البصري (المتوفى: 271هـ)	ShamAY	9399	0.58831
		كتاب فيه أربعون حديثا من مسند بريد بن عبد الله بن أبي بردة عن جده عن أبي موسى الأشعري رضي الله عنه	أبو الحسن علي بن عمر بن أحمد بن مهدي بن مسعود بن النعمان بن دينار البغدادي الدارقطني (المتوفى: 385ه)	Sham19Y	26441	0.58823
		أخبار ابن أبي ذئب لابن زبر الربعي	أبو سليمان محمد بن عبد الله بن أحمد بن ربيعة بن سليمان بن خالد بن عبد الرحمن بن زبر الربعي (المتوفى: 379هـ)	ShamAY	26343	0.5881
		الشكر لابن أبي الدنيا	أبو بكر عبد الله بن محمد بن عبيد بن سفيان بن قيس البغدادي الأموي القرشي المعروف بابن أبي الدنيا (المتوفى: 281هـ)	ShamAY	13036	0.58809
		ذم اللواط للهيثم بن خلف الدوري	أبو محمد الهيثم بن خلف الدوري	ShamAY	35245	0.58807
		مسند ابن أبي أوفى ليحيى بن محمد بن صاعد	أبو محمد يحيى بن محمد بن صاعد بن كاتب الهاشمي البغدادي (المتوفى: 318هـ)	ShamAY	13154	0.58802
		جزء أبي محمد عبد القادر بن محمد بن محمد بن نصر الله القرشي - مخطوط		ShamAY	32773	0.58796
		الأحاديث المائة الشريحية	عبد الرحمن بن أحمد بن محمد، أبو محمد ابن أبي شريح الأنصاري الهروي (المتوفى: 392ه)	ShamelaY19	29734	0.58789
		وسائل الشيعه الي تحصيل مسائل الشريعه	محمد بن حسن حر عاملي	Ghbook	801	0.58789
		سنن الترمذي ت شاكر	محمد بن عيسى بن سَوْرة بن موسى بن الضحاك، الترمذي، أبو عيسى (المتوفى: 279هـ)	ShamAY	1159	0.58786
		بحار الأنوار [ج ١]	الشيخ محمّد باقر بن محمّد تقي المجلسي	Rafed	493	0.58771
		السنن الأبين والمورد الأمعن في المحاكمة بين الإمامين في السند المعنعن	محمد بن عمر بن محمد، أبو عبد الله، محب الدين ابن رشيد الفهري السبتي (المتوفى: 721هـ)	ShamAY	6011	0.58767
		منتقى من الجزء الثاني من الفوائد والنوادر لابن أبي علي الأصفهاني - مخطوط	أبو الحسين محمد بن الحسن بن أحمد الأهوازي المعروف بابن أبي علي الأصفهاني	ShamAY	38127	0.58764
		حديث أبي الحسن السكري	علي بن عمر بن محمد بن الحسين ابن شاذان، أبو الحسن السكري الحربي الصيرفي الكيال (المتوفى: 386ه)	ShamelaY19	29732	0.58761
		فضائل الصحابة ومناقبهم وقول بعضهم في بعض صلوات الله عليهم	أبو الحسن علي بن عمر بن أحمد بن مهدي بن مسعود بن النعمان بن دينار البغدادي الدارقطني (المتوفى: 385ه)	Sham19Y	8238	0.58746
		المحتضرين لابن أبي الدنيا	أبو بكر عبد الله بن محمد بن عبيد بن سفيان بن قيس البغدادي الأموي القرشي المعروف بابن أبي الدنيا (المتوفى: 281ه)	Sham19Y	13058	0.58744
		مسند بلال - ط ابن حزم	ابن الصباح الزعفراني	ShamAY	33912	0.58742
		ذكر من اختلف العلماء ونقاد الحديث فيه	أبو حفص عمر بن أحمد بن عثمان بن أحمد بن محمد بن أيوب بن أزداذ البغدادي المعروف بـ ابن شاهين (المتوفى: 385هـ)	ShamAY	5800	0.58724
		الحسين والسنة	السيد عبد العزيز الطباطبائي	Masaha	160	0.58724
		المنتقى من السنن المسندة ـ مشكول ط العلمية	عبد الله بن علي بن الجارود، أبو محمد النيسابوري (ت: 307)	ShamAY	33925	0.58707
		حديث سفيان بن عيينة رواية الخلعي	علي بن الحسن بن الحسين بن محمد، أبو الحسن الخلعي الشافعي (المتوفى: 492ه)	ShamelaY19	29776	0.58703
		جزء من حديث النعالي	محمد بن طلحة بن محمد بن عثمان أبو الحسن النعالي الرافضي (المتوفى: 413هـ)	ShamAY	29746	0.58693
		الديباج للختلي	إسحاق بن إبراهيم بن سنين أبو القاسم الختلي (المتوفى: 283ه)	ShamelaY19	26489	0.58692
		المجمع المؤسس للمعجم المفهرس	ابن حجر العسقلاني	ShamelaY19	20861	0.58681
		من حديث أبي محمد ابن الأكفاني - مخطوط (ن)	هبة الله بن أحمد بن محمد بن هبة الله، أبو محمد، الأمين، الأنصاري الدمشقي، ابن الأكفاني (المتوفى: 524ه)	ShamelaY19	21673	0.58672
		 الموسوعة الكبرى عن فاطمة الزهراء ( س ) 	 اسماعيل الأنصاري الزنجاني الخوئيني 	ABLibrary	7840	0.58663
		الاغتباط بمن رمي من الرواة بالاختلاط	برهان الدين الحلبي أبو الوفا إبراهيم بن محمد بن خليل الطرابلسي الشافعي سبط ابن العجمي (المتوفى: 841هـ)	ShamAY	130	0.58659
		الجرح والتعديل لابن أبي حاتم - رقم الرواة	أبو محمد عبد الرحمن بن أبي حاتم محمد بن إدريس الرازي	ShamAY	34649	0.58655
		طبقات الأسماء المفردة من الصحابة والتابعين وأصحاب الحديث	أبو بكر أحمد بن هارون بن روح البرديجي (المتوفى: 301هـ)	ShamAY	1590	0.5864
		من حديث بكر بن أحمد الشيرازي - مخطوط	أبو يحيى بكر بن أحمد بن علي بن مخلد بن مهران الشيرازي	ShamAY	32873	0.58633
		السنة لأبي بكر بن الخلال	أبو بكر أحمد بن محمد بن هارون بن يزيد الخَلَّال البغدادي الحنبلي (المتوفى: 311هـ)	ShamAY	1077	0.58627
		الهم والحزن لابن أبي الدنيا	أبو بكر عبد الله بن محمد بن عبيد بن سفيان بن قيس البغدادي الأموي القرشي المعروف بابن أبي الدنيا (المتوفى: 281هـ)	ShamAY	13076	0.58615
		من حديث محمد بن عثمان بن كرامة وحديث طاهر بن خالد بن نزار الأيلي، رواية محمد بن مخلد العطار عنهما	أبو عبد الله محمد بن مخلد بن حفص العطار الدوري البغدادي (المتوفى: 331ه)	ShamelaY19	26359	0.58606
		الديات لابن أبي عاصم	أبو بكر بن أبي عاصم وهو أحمد بن عمرو بن الضحاك بن مخلد الشيباني (المتوفى: 287هـ)	ShamAY	13018	0.586
		الهم والحزن لابن أبي الدنيا - ط أطلس الخضراء = مقابل	أبو بكر عبد الله بن محمد ابن أبي الدنيا	ShamAY	38155	0.586
		جزء من حديث الذهلي للدارقطني	أبو الحسن علي بن عمر بن أحمد بن مهدي بن مسعود بن النعمان بن دينار البغدادي الدارقطني (المتوفى: 385هـ)	ShamAY	30375	0.5858
		أمالي أبي بكر النجاد	أبو بكر النجاد، أحمد بن سلمان بن الحسن بن إسرائيل بن يونس البغدادي (المتوفى: 348ه)	ShamelaY19	29721	0.58578
		نسبة ومنسوب	مرزوق بن هياس آل مرزوق الزهراني	ShamelaY19	132412	0.58576
		فوائد الفوائد لابن خزيمة	أبو بكر محمد بن إسحاق بن خزيمة بن المغيرة بن صالح بن بكر السلمي النيسابوري (المتوفى: 311ه)	ShamelaY19	26680	0.58564
		الكشف والبيان [ج ٩]	أبو إسحاق أحمد [ الثّعلبي ]	Rafed	1672	0.58561
		كتاب فيه أربعون حديثا من مسند بريد بن عبد الله بن أبي بردة عن جده عن أبي موسى الأشعري رضي الله عنه	أبو الحسن علي بن عمر بن أحمد بن مهدي بن مسعود بن النعمان بن دينار البغدادي الدارقطني (المتوفى: 385ه)	ShamelaY19	26441	0.58546
		دلائل النبوة - الجزء1	الحافظ أبي نعيم الأصبهاني	Masaha	2186	0.5854
		البر والصلة (عن ابن المبارك وغيره)	أبو عبد الله الحسين بن الحسن بن حرب السلمي المروزي (المتوفى: 246هـ)	ShamAY	13007	0.58528
		الجزء العشرون من المشيخة البغدادية	صدر الدين، أبو طاهر السلفي أحمد بن محمد بن أحمد بن محمد بن إبراهيم سلفه الأصبهاني (المتوفى: 576ه)	ShamelaY19	30631	0.58528
		الديباج للختلي	إسحاق بن إبراهيم بن سنين أبو القاسم الخَتْلي (المتوفى: 283هـ)	ShamAY	1326	0.58523
		المنامات لابن أبي الدنيا - ط أطلس الخضراء = مقابل	أبو بكر عبد الله بن محمد ابن أبي الدنيا	ShamAY	38050	0.5852
		منتقى من حديث الجصاص والحنائي لأحمد بن عبد الدائم- مخطوط (ن)	أحمد بن عبد الدائم بن نعمة المقدسي، أبو العباس، زين الدين الحنبلي (المتوفى: 668ه)	Sham19Y	21703	0.5852
		خاتمة مستدرك الوسائل [ج ٧]	الشيخ حسين النوري الطبرسي [ المحدّث النوري ]	Rafed	1470	0.5852
		الرد على ابن القطان في كتابه بيان الوهم والإيهام	شمس الدين أبو عبد الله محمد بن أحمد بن عثمان بن قَايْماز الذهبي (المتوفى : 748هـ)	ShamAY	9075	0.58507
		عروس الأجزاء	أبو الفرج مسعود بن الحسن الثقفي الأصبهاني (المتوفى: 562ه)	ShamelaY19	26746	0.58503
		تاريخ أمراء المدينة المنوّرة	عارف أحمد عبد الغني	Rafed	2237	0.58496
		مسائل أبي جعفر محمد بن عثمان بن أبي شيبة عن شيوخه - ط الفاروق	أبو جعفر محمد بن عثمان بن أبي شيبة الكوفي	ShamAY	34167	0.58494
		طب الأئمة(ع‏)	عبد الله و حسين ابنا بسطام‏	Masaha	2299	0.58493
		العقد الثّمين في تاريخ البلد الأمين [ج ٤]	تقي الدين محمّد بن أحمد الحسني الفاسي المكّي	Rafed	2225	0.58485
		الجرح والتعديل (ط الهند)	أبو محمد عبد الرحمن بن محمد بن إدريس بن المنذر التميمي، الحنظلي، الرازي ابن أبي حاتم	ShamAY	34666	0.58482
		من حديث محمد بن عثمان بن كرامة وحديث طاهر بن خالد بن نزار الأيلي، رواية محمد بن مخلد العطار عنهما	أبو عبد الله محمد بن مخلد بن حفص العطار الدوري البغدادي (المتوفى: 331هـ)	ShamAY	1314	0.58471
		جزء فيه أحاديث يحيي بن معين برواية أبي منصور يحيي بن أحمد الشيباني	أبو زكريا يحيى بن معين بن عون بن زياد بن بسطام بن عبد الرحمن (المتوفى: 233هـ)	ShamAY	33649	0.58469
		معجم الشعراء العرب	تم جمعه من موقع الموسوعة الشعرية	ShamAY	2114	0.58455
		خاتمة مستدرك الوسائل [ج ٤]	الشيخ حسين النوري الطبرسي [ المحدّث النوري ]	Rafed	1467	0.58446
		معجم حفاظ القرآن عبر التاريخ	محمد محمد محمد سالم محيسن (المتوفى: 1422هـ)	ShamAY	1227	0.58443
		أنِيسُ السَّاري في تخريج وَتحقيق الأحاديث التي ذكرها الحَافظ ابن حَجر العسقلاني في فَتح البَاري	أبو حذيفة، نبيل بن منصور بن يعقوب بن سلطان البصارة الكويتي	ShamAY	32191	0.5844
		المدخل إلى دراسة المذاهب الفقهية	على جمعة محمد عبد الوهاب	Sham19Y	2771	0.58436
		الجامع لعلوم الإمام أحمد - علوم الحديث	إبراهيم النحاس	Sham19Y	20859	0.58433
		أحاديث ومرويات في الميزان 2 - حديث الفينة	محمد عمرو بن عبد اللطيف بن محمد بن عبد القادر بن رضوان بن سليمان بن مفتاح بن شاهين الشنقيطي (المتوفى: 1429هـ)	ShamAY	12713	0.58431
		أَرْكَانُ الإِسْلامِ وَدَعَائِمُهُ عِنْدَ الرَّافِضَةِ الإِمَامِيَّةِ	أحمد شحاتة السكندري	ShamAY	35664	0.58427
		 أخبار مكة في قديم الدهر وحديثه 	 محمد بن اسحاق ابن العباس الفاكهي المكي 	ABLibrary	8925	0.58426
		القراءة عند القبور لأبي بكر بن الخلال	أبو بكر أحمد بن محمد بن هارون بن يزيد الخَلَّال البغدادي الحنبلي (المتوفى: 311هـ)	ShamAY	8271	0.58422
		من حديث أبي محمد ابن الأكفاني - مخطوط (ن)	هبة الله بن أحمد بن محمد بن هبة الله، أبو محمد، الأمين، الأنصاري الدمشقيّ، ابن الأكفاني (المتوفى: 524هـ)	ShamAY	21673	0.58421
		 تاريخ أُمراء المدينة المنورة 	 عارف أحمد عبد الغني 	ABLibrary	8984	0.58419
		مسند أبي يعلى الموصلي	أبو يعلى أحمد بن علي بن المثُنى بن يحيى بن عيسى بن هلال التميمي، الموصلي (المتوفى: 307هـ)	ShamAY	31634	0.58413
		جزء من حديث النعالي	محمد بن طلحة بن محمد بن عثمان أبو الحسن النعالي الرافضي (المتوفى: 413ه)	ShamelaY19	29746	0.58412
		أمالي أبي الفتح المقدسي - المجلس الحادي والعشرون بعد المائة	نصر بن إبراهيم بن نصر بن إبراهيم ابن داود النابلسي المقدسي، أبو الفتح الشافعي (المتوفى: 490هـ)	ShamAY	30574	0.58409
		العلل الكبير للترمذي = ترتيب علل الترمذي الكبير	محمد بن عيسى بن سَوْرة بن موسى بن الضحاك، الترمذي، أبو عيسى (المتوفى: 279هـ)	ShamAY	13131	0.58405
		علة الحديث المسلسل في يوم العيدين لأبي محمد الجرجاني	أبو محمد عبد الله بن يوسف الجرجاني (المتوفى: 489ه)	ShamelaY19	27094	0.584
		مسند الإمام السجاد أبي محمد علي بن الحسين(ع) - الجزء1	عزيز الله عطاردي‏	Masaha	2440	0.58398
		فوائد أبي بكر عبد الله بن محمد بن زياد النيسابوري - مخطوط	أبو بكر عبد الله بن محمد بن زياد النيسابوري	ShamAY	32904	0.58395
		دلائل النبوة لأبي نعيم الأصبهاني	أبو نعيم أحمد بن عبد الله بن أحمد بن إسحاق بن موسى بن مهران الأصبهاني (المتوفى: 430هـ)	ShamAY	10637	0.58394
		المحتضرين لابن أبي الدنيا	أبو بكر عبد الله بن محمد بن عبيد بن سفيان بن قيس البغدادي الأموي القرشي المعروف بابن أبي الدنيا (المتوفى: 281هـ)	ShamAY	13058	0.58393
		إمتاع الأسماع بما للنبي من الأحوال و الأموال و الحفدة و المتاع‏ - الجزء1	تقي الدين المقريزي‏	Masaha	1864	0.58388
		شعب المقال في درجات الرجال	ابوالقاسم بن محمد بن احمد ابوالقاسم نراقي	Ghbook	9011	0.58385
		العزلة والإنفراد لابن أبي الدنيا - ت: مشهور	أبو بكر عبد الله بن محمد بن عبيد البغدادي (ابن أبي الدنيا)	ShamAY	34115	0.58379
		خصائص الوحى المبين	شمس الدين يحيى بن الحسن الأسدي الربعي الحلّي [ الحافظ ابن البطريق ]	Rafed	1837	0.58378
		التراجم الساقطة من الكامل في معرفة ضعفاء المحدثين وعلل الحديث	ابن عدي	ShamAY	1501	0.58365
		مسند الدارمي ت الزهراني	أبو محمد عبد الله بن عبد الرحمن الدارمي	Sham19Y	36114	0.58365
		منتقى من حديث الجصاص والحنائي لأحمد بن عبد الدائم- مخطوط (ن)	أحمد بن عبد الدائم بن نِعْمَة المقدسيّ، أبو العباس، زين الدين الحنبلي (المتوفى: 668هـ)	ShamAY	21703	0.58364
		قرى الضيف لابن أبي الدنيا - ط أطلس الخضراء = مقابل	أبو بكر عبد الله بن محمد ابن أبي الدنيا	ShamAY	38079	0.58362
		جلاء الأفهام في فضل الصلاة على محمد خير الأنام	محمد بن أبي بكر بن أيوب بن سعد شمس الدين ابن قيم الجوزية (المتوفى: 751هـ)	ShamAY	6829	0.58361
		مسموعات أبي محمد رزق الله التميمي	رزق الله بن عبد الوهاب بن عبد العزيز، أبو محمد التَّمِيمي الحنبلي (المتوفى: 488هـ)	ShamAY	29773	0.58361
		الموشح في مآخذ العلماء على الشعراء	أبو عبيد الله بن محمد بن عمران بن موسى المرزباني (المتوفى: 384ه)	Sham19Y	9427	0.58357
		قلادة النحر في وفيات أعيان الدهر	أبو محمد الطيب بن عبد الله بن أحمد بن علي بامخرمة، الهجراني الحضرمي الشافعي (870 - 947 ه)	ShamelaY19	29560	0.58352
		الرّوض الباسم في تراجم شيوخ الحاكم	أبو الطيب نايف بن صلاح بن علي المنصوري	ShamAY	32174	0.58348
		وسائل الشيعة - الجزء1	الحر العاملي	Masaha	1995	0.58342
		جزء الحلوى للبندنيجي	أبو منصور محمد بن عبد الله بن المبارك البندنيجي المعروف بابن عفيجة	ShamAY	33677	0.58335
		المسند المستخرج على صحيح مسلم لأبي نعيم	أبو نعيم أحمد بن عبد الله بن أحمد بن إسحاق بن موسى بن مهران الأصبهاني (المتوفى: 430هـ)	ShamAY	5562	0.58335
		مسند أبي يعلى الموصلي	أبو يعلى أحمد بن علي بن المثنى بن يحيى بن عيسى بن هلال التميمي، الموصلي (المتوفى: 307ه)	Sham19Y	12520	0.58312
		فتوح مصر و المغرب	علي محمد عمر	Ghbook	9465	0.583
		حديث شعبة لمحمد بن العباس بن نجيح البغدادي - مخطوط (ن)	محمد بن العباس بن نجيح، أبو بكر البزاز (المتوفى: 345ه)	ShamelaY19	21638	0.58293
		أحاديث منتخبة من مغازي موسى بن عقبة	موسى بن عقبة بن أبي عياش الأسدي بالولاء، أبو محمد، مولى آل الزبير (المتوفى: 141هـ)	ShamAY	1342	0.58288
		الموشح في مآخذ العلماء على الشعراء	أبو عبيد الله بن محمد بن عمران بن موسى المرزباني (المتوفى: 384هـ)	ShamAY	9427	0.58285
		التعليقة على إختيار معرفة الرّجال [ج ٢]	السيّد محمّد باقر الحسيني الاسترآبادي	Rafed	534	0.5828
		المدخل إلى دراسة المذاهب الفقهية	على جمعة محمد عبد الوهاب	ShamAY	2771	0.58278
		 خزانة التواريخ النجدية 	 عبد الله بن عبد الرحمن آل بسام 	ABLibrary	9043	0.58275
		جزء فيه من روى عن النبي صلى الله عليه وسلم من الصحابة في الكبائر	أبو بكر أحمد بن هارون بن روح البرديجي (المتوفى: 301ه)	ShamelaY19	26595	0.58274
		الأموال للقاسم بن سلام - ت: سيد رجب	أبو عُبيد القاسم بن سلاّم بن عبد الله الهروي البغدادي (المتوفى: 224هـ)	ShamAY	34007	0.58269
		 الديباج على مسلم 	 جلال الدين السيوطي 	ABLibrary	887	0.5825
		طبقات الشافعية للحسيني	أبو بكر بن هداية الله الحسيني (1014هـ)	ShamAY	34643	0.58235
		أمراء الكوفة وحكامها	محمّد علي آل خليفة	Rafed	2216	0.58234
		تهذيب الأحكام [ج ٦]	أبي جعفر محمّد بن الحسن بن علي بن الحسن الطّوسي [ شيخ الطائفة ]	Rafed	737	0.58233
		أنيس الساري في تخريج وتحقيق الأحاديث التي ذكرها الحافظ ابن حجر العسقلاني في فتح الباري	أبو حذيفة، نبيل بن منصور بن يعقوب بن سلطان البصارة الكويتي	Sham19Y	14317	0.5823
		من فوائد أبي علي الحسن بن علي الصفار - مخطوط		ShamAY	32823	0.58225
		بغية الباحث عن زوائد مسند الحارث - ط الجامعة الإسلامية	نور الدين الهيثمي	ShamAY	33985	0.58209
		ترجمة مسلمة بن مخلد وبيان صحبته للنبي صلى الله عليه وسلم	يوسف بن عبد الرحمن بن يوسف، أبو الحجاج، جمال الدين ابن الزكي أبي محمد القضاعي الكلبي المزي (المتوفى: 742هـ)	ShamAY	26893	0.58209
		بحار الأنوار [المدخل]	الشيخ محمّد باقر بن محمّد تقي المجلسي	Rafed	514	0.58198
		جزء فيه فضائل سيدة النساء بعد مريم فاطمة بنت رسول الله	أبو حفص عمر بن أحمد بن عثمان بن أيوب بن شاهين	ShamAY	33622	0.5819
		الفوائد والزهد والرقائق والمراثي	أبو محمد جعفر بن محمد بن نصير بن قاسم البغدادي المعروف بـ الخلدي (المتوفى: 348هـ)	ShamAY	9310	0.58186
		المحبة لله لأبي إسحاق الختلي	أبو إسحاق إبراهيم بن عبد الله بن الجنيد، الختلي، ثم السرمرائي (المتوفى: نحو 270ه)	Sham19Y	26872	0.58186
		أحاديث وحكايات وأشعار لأبي الفضل ابن الإخوة - مخطوط	أبو الفضل عبد الرحيم بن أحمد بن محمد ابن الأخوة	ShamAY	38109	0.5818
		مختصر زوائد مسند البزار على الكتب الستة ومسند أحمد	شهاب الدين أبي الفضل بن حجر العسقلاني	ShamAY	33053	0.58168
		أمالي أبي الفتح المقدسي - المجلس الحادي والعشرون بعد المائة	نصر بن إبراهيم بن نصر بن إبراهيم ابن داود النابلسي المقدسي، أبو الفتح الشافعي (المتوفى: 490ه)	ShamelaY19	29774	0.58163
		مسند بلال بن رباح المؤذن	أبو علي الحسن بن محمد بن الصباح البزار الزعفراني البغدادي (المتوفى: 260هـ)	ShamAY	13165	0.58156
		فضائل القرآن للقاسم بن سلام	أبو عُبيد القاسم بن سلاّم بن عبد الله الهروي البغدادي (المتوفى: 224هـ)	ShamAY	12524	0.58153
		تهذيب الآثار وتفصيل الثابت عن رسول الله من الأخبار	محمد بن جرير بن يزيد بن كثير بن غالب الآملي، أبو جعفر الطبري (المتوفى: 310هـ)	ShamAY	13092	0.5814
		الأدب المفرد - ط الخانجي	محمد بن إسماعيل أبو عبد الله البخاري الجعفي	ShamAY	33935	0.58128
		التوبة لابن أبي الدنيا	أبو بكر عبد الله بن محمد بن عبيد بن سفيان بن قيس البغدادي الأموي القرشي المعروف بابن أبي الدنيا (المتوفى: 281هـ)	ShamAY	8253	0.58126
		مسند أبي عوانة - ط المعرفة	أبو عوانة يعقوب بن إسحاق الإسفرائيني	ShamAY	33939	0.58125
		الثاني من أمالي ابن السماك	عثمان بن أحمد بن عبيد الله بن يزيد، أبو عمرو الدقاق، ابن السماك (المتوفى: 344ه)	ShamelaY19	29863	0.58113
		المتوارين الذين اختفوا خوفا من الحجاج بن يوسف الثقفي	أبو محمد عبد الغني بن سعيد بن علي بن بشر بن مروان الأزدي المصري (المتوفى: 409هـ)	ShamAY	1139	0.58112
		مشيخة يعقوب بن سفيان الفسوي	يعقوب بن سفيان بن جوان الفارسي الفسوي، أبو يوسف (المتوفى: 277ه)	Sham19Y	21670	0.58109
		أخبار مكة وما جاء فيها من الأثار	أبو الوليد محمد بن عبد الله بن أحمد بن محمد بن الوليد بن عقبة بن الأزرق الغساني المكي المعروف بالأزرقي (المتوفى: 250هـ)	ShamAY	9621	0.58099
		تهذيب الآثار وتفصيل الثابت عن رسول الله من الأخبار	محمد بن جرير بن يزيد بن كثير بن غالب الآملي، أبو جعفر الطبري (المتوفى: 310هـ)	ShamAY	13091	0.58088
		تفسير فرات الكوفي	ابو القاسم فرات بن ابراهيم بن فرات الكوفي	Rafed	360	0.58088
		الجامع لعلوم الإمام أحمد - علوم الحديث	إبراهيم النحاس	ShamelaY19	20859	0.58077
		إبطال الحيل لابن بطة	أبو عبد الله عبيد الله بن محمد بن محمد بن حمدان العُكْبَري المعروف بابن بَطَّة العكبري (المتوفى: 387هـ)	ShamAY	8257	0.58074
		 العسل المصفى من تهذيب زين الفتى في شرح سورة هل أتى 	 أحمد بن محمد بن علي العاصمي 	ABLibrary	7608	0.58065
		المختصر الكبير في سيرة النبي محمد(ص)	عبد العزيز ابن جماعة الكناني	Masaha	2867	0.58062
		منتخب الطبراني لابنه	الطبراني	ShamAY	35230	0.58047
		من حديث بشرويه - مخطوط	أبو نعيم بشرويه بن محمد المعقلي الاسفراييني	ShamAY	32901	0.58045
		فضائل القرآن	أبي عبد الله محمّد بن أيّوب بن الضريس البجلي	Rafed	1115	0.58034
		من فضائل سورة الإخلاص وما لقارئها	أبو محمد الحسن بن محمد بن الحسن بن علي البغدادي الخَلَّال (المتوفى: 439هـ)	ShamAY	13138	0.58027
		مرويات غزوة الحديبية جمع وتخريج ودراسة	حافظ بن محمد عبد الله الحكمي	ShamAY	11394	0.58016
		السحب الوابلة على ضرائح الحنابلة	محمد بن عبد الله بن حميد النجدي ثم المكي (المتوفى: 1295 ه)	ShamelaY19	144222	0.58014
		الأموال للقاسم بن سلام	أبو عُبيد القاسم بن سلاّم بن عبد الله الهروي البغدادي (المتوفى: 224هـ)	ShamAY	12999	0.58009
		الجامع لأدلة الغزوات	نجد آل محمد	ShamAY	36172	0.58007
		 مسند الإمام الحسين ( ع ) 	 الشيخ عزيز الله عطاردي 	ABLibrary	7704	0.58004
		مشيخة يعقوب بن سفيان الفسوي	يعقوب بن سفيان بن جوان الفارسي الفسوي، أبو يوسف (المتوفى: 277هـ)	ShamAY	21670	0.58003
		حديث أبي بكر بن الأنباري	محمد بن جعفر بن محمد بن الهيثم، أبو بكر الأنباري، البندار (المتوفى: 360ه)	ShamelaY19	29781	0.58001
		ذيل القول المسدد في الذب عن المسند للإمام أحمد	قاضي الملك محمد صبغة الله بن محمد غوث بن محمد ناصر الدين المدارسي الهندي الشافعي (المتوفى: 1280هـ)	ShamAY	8637	0.57976
		كتاب في علم الحديث للداني	عثمان بن سعيد بن عثمان بن عمر أبو عمرو الداني (المتوفى: 444ه)	Sham19Y	30386	0.57974
		الثالث من مشيخة ابن حيويه	محمد بن العباس بن محمد بن زكرياء، أبو عمر ابن حيويه الخزاز (المتوفى: 382ه)	Sham19Y	29954	0.57973
		إحقاق الحقّ وإزهاق الباطل [ج ٢١]	آية الله السيّد شهاب الدين الحسيني المرعشي النجفي	Rafed	2762	0.57969
		 تاريخ ابن يونس الصدفي 	 عبد الرحمن ابن احمد الصدفي المصري 	ABLibrary	8974	0.57952
		تفسير فرات الكوفي‏	فرات بن إبراهيم‏ الكوفي	Masaha	4578	0.57951
		فهرس الفهارس والأثبات ومعجم المعاجم والمشيخات والمسلسلات	محمد عَبْد الحَيّ بن عبد الكبير ابن محمد الحسني الإدريسي، المعروف بعبد الحي الكتاني (المتوفى: 1382هـ)	ShamAY	1037	0.57938
		بغية الباحث عن زوائد مسند الحارث - ط الطلائع	الحافظ الجليل نور الدين على بن أبى بكر الهيثمى المتوفى سنة 807 ه	ShamAY	33926	0.57936
		فهارس الشيعه: فهرست ابن قولويه القمي	مهدي خداميان آراني	Ghbook	15584	0.57931
		إبراهيم بن محمد بن سفيان رواياته وزياداته وتعليقاته على صحيح مسلم	عبد الله بن محمد حسن دمفو	ShamAY	12158	0.5793
		معاني الأخبار	أبي جعفر محمّد بن علي بن الحسين بن بابويه القمّي [ الشيخ الصدوق ]	Rafed	1254	0.57929
		طبقات القراء السبعة وذكر مناقبهم وقراءاتهم	عبد الوهاب بن يوسف بن إبراهيم، ابن السلار الشافعي (المتوفى: 782ه)	ShamelaY19	30067	0.57915
		منتهى المقال في أحوال الرّجال [ج ٢]	الشيخ محمّد بن إسماعيل المازندراني	Rafed	531	0.57912
		القول المسدد في الذب عن المسند للإمام أحمد	أبو الفضل أحمد بن علي بن محمد بن أحمد بن حجر العسقلاني (المتوفى: 852ه)	Sham19Y	6035	0.57911
		الأولياء لابن أبي الدنيا - ط أطلس الخضراء = مقابل	أبو بكر عبد الله بن محمد ابن أبي الدنيا	ShamAY	38128	0.57888
		منتقى من حديث الجصاص والحنائي لأحمد بن عبد الدائم- مخطوط (ن)	أحمد بن عبد الدائم بن نعمة المقدسي، أبو العباس، زين الدين الحنبلي (المتوفى: 668ه)	ShamelaY19	21703	0.57887
		لماذا سمي الشيعه بالاثني عشريه ؟	خليفه عبيد كلباني عماني	Ghbook	7694	0.57882
		المعارف	أبو محمد عبد الله بن مسلم بن قتيبة الدينوري (المتوفى: 276هـ)	ShamAY	12129	0.57867
		موضوعات المستدرك للذهبي	شمس الدين أبو عبد الله محمد بن أحمد بن عثمان بن قايماز الذهبي (المتوفى: 748ه)	ShamelaY19	30341	0.57862
		جلاء الأفهام (دار ابن كثير)	الواحدي :: ابن القيم	ShamAY	34424	0.57857
		الجامع لعلوم الإمام أحمد - المقدمات	خالد الرباط، سيد عزت عيد [بمشاركة الباحثين بدار الفلاح]	ShamelaY19	20875	0.57855
		استدراكات البعث والنّشور	أبي بكر أحمد بن الحسين البيهقي	Rafed	701	0.57853
		المعارف	أبو محمد عبد الله بن مسلم بن قتيبة الدينوري (المتوفى: 276ه)	Sham19Y	12129	0.57846
		منتخب من حديث يونس بن عبيد لأبي نعيم الأصبهاني	أبو نعيم أحمد بن عبد الله بن أحمد بن إسحاق بن موسى بن مهران الأصبهاني (المتوفى: 430ه)	Sham19Y	30552	0.57838
		الصبر والثواب عليه لابن أبي الدنيا	أبو بكر عبد الله بن محمد بن عبيد بن سفيان بن قيس البغدادي الأموي القرشي المعروف بابن أبي الدنيا (المتوفى: 281هـ)	ShamAY	8259	0.57832
		المنتقى من حديث النجاد عن شيوخه - مخطوط	أبو بكر أحمد بن سليمان بن الحسن النجاد	ShamAY	32891	0.5783
		مشيخة يعقوب بن سفيان الفسوي	يعقوب بن سفيان بن جوان الفارسي الفسوي، أبو يوسف (المتوفى: 277ه)	ShamelaY19	21670	0.57826
		موضوعات المستدرك للذهبي	شمس الدين أبو عبد الله محمد بن أحمد بن عثمان بن قايماز الذهبي (المتوفى: 748ه)	Sham19Y	30341	0.57824
		من اسمه عطاء من رواة الحديث	سليمان بن أحمد بن أيوب بن مطير اللخمي الشامي، أبو القاسم الطبراني (المتوفى: 360هـ)	ShamAY	12864	0.57815
		المجالس العشرة الأمالي للحسن الخلال	أبو محمد الحسن بن محمد بن الحسن بن علي البغدادي الخَلَّال (المتوفى: 439هـ)	ShamAY	9311	0.5781
		منتخب من حديث يونس بن عبيد لأبي نعيم الأصبهاني	أبو نعيم أحمد بن عبد الله بن أحمد بن إسحاق بن موسى بن مهران الأصبهاني (المتوفى: 430هـ)	ShamAY	30552	0.57809
		الأموال لابن زنجويه	أبو أحمد حميد بن مخلد بن قتيبة بن عبد الله الخرساني المعروف بابن زنجويه (المتوفى: 251هـ)	ShamAY	338	0.57807
		الفتن لنعيم بن حماد - ط الفكر	نعيم بن حماد المروزي	ShamAY	33953	0.57803
		كتاب في علم الحديث للداني	عثمان بن سعيد بن عثمان بن عمر أبو عمرو الداني (المتوفى: 444هـ)	ShamAY	30386	0.57792
		طرق حديث إن لله تسعة وتسعين اسما للعراقي - مخطوط	زين الدين أبو الفضل عبد الرحيم بن الحسين العراقي	ShamAY	38148	0.57791
		أمالي أبي بكر النجاد	أبو بكر النجاد، أحمد بن سلمان بن الحسن بن إسرائيل بن يونس البغدادي (المتوفى: 348ه)	Sham19Y	29721	0.57779
		جزء من حديث أبي بكر النجاد	أبو بكر النجاد، أحمد بن سلمان بن الحسن بن إسرائيل بن يونس البغدادي (المتوفى: 348ه)	ShamelaY19	29866	0.57775
		الأمثال للرامهرمزي	القاضي أبي محمد الحسن الرامهرمزي	ShamAY	33533	0.57773
		السيرة النبوية لابن هشام	عبد الملك بن هشام بن أيوب الحميري المعافري، أبو محمد، جمال الدين (المتوفى: 213ه)	Sham19Y	23833	0.57773
		أحاديث عن النبي صلى الله عليه وسلم لأبي الفرج الحراني - مخطوط	أبو الفرج عبد المنعم بن عبد الوهاب بن سعد بن كليب الحراني	ShamAY	32898	0.57771
		 العسل المصفى من تهذيب زين الفتى في شرح سورة هل أتى 	 أحمد بن محمد بن علي العاصمي 	ABLibrary	7609	0.57768
		الصفات للدارقطني ت الغنيمان	أبو الحسن علي بن عمر بن أحمد بن مهدي بن مسعود بن النعمان بن دينار البغدادي الدارقطني (المتوفى: 385هـ)	ShamAY	13038	0.57754
		من حديث أبي بكر عمر بن روح بن علي النهرواني - مخطوط		ShamAY	32806	0.57751
		زبد العلوم وصاحب المنطوق والمفهوم	يوسف بن عبد الهادي المقدسي الحنبلي (841 - 909 ه)	ShamelaY19	133413	0.57745
		أمالي أبي الفتح المقدسي - المجلس الحادي والعشرون بعد المائة	نصر بن إبراهيم بن نصر بن إبراهيم ابن داود النابلسي المقدسي، أبو الفتح الشافعي (المتوفى: 490ه)	Sham19Y	29774	0.57738
		كتاب في علم الحديث للداني	عثمان بن سعيد بن عثمان بن عمر أبو عمرو الداني (المتوفى: 444ه)	ShamelaY19	30386	0.57737
		حديث شعبة لمحمد بن العباس بن نجيح البغدادي - مخطوط (ن)	محمّد بن العبّاس بن نجيح، أَبُو بَكْر البزاز (المتوفى: 345هـ)	ShamAY	21638	0.57714
		المجمع المؤسس للمعجم المفهرس	ابن حجر العسقلاني	ShamAY	38841	0.57707
		الفوائد لأبي الشيخ الأصبهاني	أبو محمد عبد الله بن محمد بن جعفر بن حيان الأنصاري المعروف بأبِي الشيخ الأصبهاني (المتوفى: 369هـ)	ShamAY	8268	0.57696
		فضائل القرآن للنسائي	أبو عبد الرحمن أحمد بن شعيب بن علي الخراساني، النسائي (المتوفى: 303هـ)	ShamAY	5507	0.57696
		السيرة النبوية لابن هشام	عبد الملك بن هشام بن أيوب الحميري المعافري، أبو محمد، جمال الدين (المتوفى: 213هـ)	ShamAY	23833	0.57694
		السقيفة و فدك	باسم مجيد الساعدي	Ghbook	12337	0.57688
		فيما ورد عن شفيع الخلق يوم القيامة أنه احتجم وأمر بالحجامة	البوصيري (840 هـ)	ShamAY	34314	0.57683
		كتاب فيه أربعون حديثا من مسند بريد بن عبد الله بن أبي بردة عن جده عن أبي موسى الأشعري رضي الله عنه	أبو الحسن علي بن عمر بن أحمد بن مهدي بن مسعود بن النعمان بن دينار البغدادي الدارقطني (المتوفى: 385هـ)	ShamAY	26441	0.5768
		مغازي الواقدي	محمد بن عمر بن واقد السهمي الأسلمي بالولاء، المدني، أبو عبد الله، الواقدي (المتوفى: 207هـ)	ShamAY	23680	0.57679
		المحبة لله لأبي إسحاق الختلي	أبو إسحاق إبراهيم بن عبد الله بن الجنيد، الختلي، ثم السرمرائي (المتوفى: نحو 270ه)	ShamelaY19	26872	0.57678
		بصائر الدرجات	محمد بن حسن صفار	Ghbook	2477	0.57674
		السنة لعبد الله بن أحمد - ت: عادل آل حمدان	أبو عبد الرحمن عبد الله بن أحمد بن محمد بن حنبل الشيبانيّ البغدادي (المتوفى: 290 هـ)	ShamAY	33843	0.57671
		التوشيح شرح الجامع الصحيح	عبد الرحمن بن أبي بكر، جلال الدين السيوطي (المتوفى: 911 ه)	Sham19Y	18176	0.57669
		موضوعات المستدرك للذهبي	شمس الدين أبو عبد الله محمد بن أحمد بن عثمان بن قَايْماز الذهبي (المتوفى: 748هـ)	ShamAY	30341	0.57668
		بحث في الصلاة من خلال كتب الحديث التسعة	مختار الجزائري	Masaha	216	0.57666
		حكايات شعبة بن الحجاج	أبو القاسم عبد الله بن محمد بن عبد العزيز بن المَرْزُبان بن سابور بن شاهنشاه البغوي (المتوفى: 317هـ)	ShamAY	29715	0.57665
		الفوائد المنتقاة من أمالي النجاد رواية ابن دوست - مخطوط	أبو بكر أحمد بن سلمان بن الحسن النجاد	ShamAY	32890	0.57665
		الأحاديث الضعيفة التي عليها العمل عند كثير من أهل العلم نماذج تطبيقية في أبواب العبادات	محمد رشيد عاشور	ShamAY	34118	0.57665
		جزء فيه حديث أبي سعيد الأشج	أبو سعيد الأشج عبد الله بن سعيد بن حصين الكندي، الكوفي (المتوفى: 257ه)	ShamelaY19	26353	0.57644
		أحاديث تعظيم الربا على الزنا «دراسة نقدية»	أبو عمر علي بن عبد الله بن شديد الصياح المطيري	ShamAY	32010	0.57637
		المصاحف لابن أبي داود	أبو بكر بن أبي داود، عبد الله بن سليمان بن الأشعث الأزدي السجستاني (المتوفى: 316هـ)	ShamAY	13067	0.57635
		السيرة النبوية - الجزء1	ابن هشام	Masaha	3361	0.57632
		الجزء الثاني من حديث أبي محمد حاجب بن أحمد الطوسي- مخطوط (ن)	أَبُو مُحَمَّدٍ حَاجِبُ بنُ أَحْمَدَ بنِ يَرْحُمَ بنِ سُفْيَانَ الطُّوْسِيُّ (المتوفى: 336هـ)	ShamAY	10498	0.57626
		التوشيح شرح الجامع الصحيح	عبد الرحمن بن أبي بكر، جلال الدين السيوطي (المتوفى: 911 هـ)	ShamAY	32568	0.57621
		استدراكات البعث والنشور	البيهقي، أبو بكر	ShamAY	33977	0.57618
		 سنن أبي داود 	 سليمان بن الأشعث السجستاني 	ABLibrary	85	0.57611
		الجزء الثاني من الفوائد المنتقاة العوالي لأبي علي ابن شاذان - مخطوط	أبو علي الحسن بن أحمد ابن شاذان	ShamAY	32752	0.5761
		إيضاح المقالة فيما ورد بالإمالة لابن عبد الهادي	يوسف بن عبد الهادي (909 هـ)	ShamAY	34299	0.57606
		جزء فيه مجلسان من إملاء النسائي	أبو عبد الرحمن أحمد بن شعيب بن علي الخراساني، النسائي (المتوفى: 303ه)	Sham19Y	8225	0.576
		نفحات الأزهار في خلاصة عبقات الأنوار [ج ١٩]	السيّد علي الحسيني الميلاني	Rafed	474	0.57596
		 استدراكات البعث والنشور 	 أحمد بن الحسين البيهقي 	ABLibrary	8331	0.57593
		جمع الجيوش والدساكر على ابن عساكر	يوسف بن حسن بن أحمد بن حسن ابن عبد الهادي الصالحي، جمال الدين، ابن ابن المِبْرَد الحنبلي (المتوفى: 909هـ)	ShamAY	30312	0.5759
		من عقائد السلف (الرد على الجهمية)	أبو عبد الله محمد بن إسحاق بن محمد بن يحيى بن مَنْدَه العبدي (المتوفى: 395هـ)	ShamAY	3976	0.5759
		أخبار وحكايات لمحمد بن عبد الواحد الدارمي - مخطوط	محمد بن عبد الواحد بن محمد بن عمر بن الميمون الدارمي الفقيه	ShamAY	32937	0.57583
		من فوائد النصيبي ومن حديثه عن الكديمي - مخطوط	أبو بكر أحمد بن يوسف بن خلاد العطار النصيبي	ShamAY	32824	0.57568
		المقتنى في سرد الكنى	شمس الدين أبو عبد الله محمد بن أحمد بن عثمان بن قايماز الذهبي (المتوفى: 748ه)	Sham19Y	7271	0.57557
		تراثنا ـ العددان [ 63 و 64 ]	مؤسسة آل البيت عليهم السلام لإحياء التراث ـ قم	Rafed	3278	0.57552
		الأحاديث المائة الشريحية	عبد الرحمن بن أحمد بن محمد، أبو محمد ابن أبي شريح الأنصاري الهروي (المتوفى: 392هـ)	ShamAY	29734	0.57551
		الأحاديث التي خولف فيها مالك بن أنس رضي الله عنه	أبو الحسن علي بن عمر بن أحمد بن مهدي بن مسعود بن النعمان بن دينار البغدادي الدارقطني (المتوفى: 385هـ)	ShamAY	5651	0.5754
		رساله في الاحاديث الوارده في الخلفاء علي ترتيب الخلافه	آيت الله علي حسيني ميلاني	Ghbook	7653	0.57534
		السقيفة وفدك	أبي بكر أحمد بن عبد العزيز الجوهري البصري البغدادي	Rafed	1350	0.5753
		خاتمة مستدرك الوسائل [ج ٣]	الشيخ حسين النوري الطبرسي [ المحدّث النوري ]	Rafed	1465	0.57516
		التدوين في اخبار قزوين	عبدالكريم بن محمد رافعي قزويني	Ghbook	9229	0.5751
		نسب عدنان وقحطان	محمد بن يزيد المبرد، أبو العباس (المتوفى: 285هـ)	ShamAY	28170	0.57508
		مختصر الكامل في الضعفاء	أحمد بن علي بن عبد القادر، أبو العباس الحسيني العبيدي، تقي الدين المقريزي (المتوفى: 845ه)	Sham19Y	5848	0.57505
		مسند الإمام أحمد بن حنبل	أبو عبد الله أحمد بن محمد بن حنبل بن هلال بن أسد الشيباني (المتوفى: 241هـ)	ShamAY	25794	0.57495
		موطأ عبد الله بن وهب (قطعة من الكتاب)	أبو محمد عبد الله بن وهب بن مسلم المصري القرشي (المتوفى: 197هـ)	ShamAY	12534	0.5749
		الوافي بالوفيات	صلاح الدين خليل بن أيبك بن عبد الله الصفدي (المتوفى: 764هـ)	ShamAY	32241	0.5749
		مسند أبي بكر الصديق لأحمد بن علي المروزي	أبو بكر أحمد بن علي بن سعيد بن إبراهيم الأموي المروزي (المتوفى: 292هـ)	ShamAY	13156	0.57489
		تمهيد الفرش في الخصال الموجبة لظل العرش	عبد الرحمن بن أبي بكر، جلال الدين السيوطي (المتوفى: 911هـ)	ShamAY	222	0.57485
		خاتمة مستدرك الوسائل [ج ٩]	الشيخ حسين النوري الطبرسي [ المحدّث النوري ]	Rafed	1472	0.57484
		تاريخ أمراء المدينة المنورة 1هـ - 1417هـ	عارف أحمد عبد الغني	ShamAY	38410	0.57474
		تهذيب الأسماء واللغات للإمام النووي	النووي	ShamAY	34626	0.57469
		 أعيان الشيعة 	 السيد محسن الأمين 	ABLibrary	76	0.57464
		سيرتنا وسنتنا	الشيخ عبد الحسين الأميني النجفي	Masaha	305	0.57461
		ترجمه ريحانه رسول الله ( صلي الله عليه و آله ) الامام الحسين ( عليه السلام ) من ...	ابوالقاسم علي بن الحسن بن هبه الله الشافعي ( ابن عساكر )	Ghbook	5948	0.57458
		ديوان الإسلام	شمس الدين أبو المعالي محمد بن عبد الرحمن بن الغزي (المتوفى: 1167هـ)	ShamAY	1488	0.57453
		مسند الإمام أبي حنيفة رواية أبي نعيم	أبو نعيم أحمد بن عبد الله بن أحمد بن إسحاق بن موسى بن مهران الأصبهاني (المتوفى: 430هـ)	ShamAY	6721	0.57442
		خاتمة مستدرك الوسائل [ج ٨]	الشيخ حسين النوري الطبرسي [ المحدّث النوري ]	Rafed	1471	0.57442
		الثاني من أمالي ابن السماك	عثمان بن أحمد بن عبيد الله بن يزيد، أبو عمرو الدقاق، ابن السَّمَّاك (المتوفى: 344هـ)	ShamAY	29863	0.57437
		الثاني من أجزاء أبي علي بن شاذان	الحسن بن خلف بن شاذان بن زياد الواسطى، أبو على البزاز (المتوفى: 246هـ)	ShamAY	29847	0.57436
		كتاب في علم الحديث للداني	أبو عمرو، عثمان بن سعيد الداني، المتوفى ستة (440 هـ)	ShamAY	34012	0.57431
		مسند الإمام أحمد بن حنبل	أبو عبد الله أحمد بن محمد بن حنبل بن هلال بن أسد الشيباني (المتوفى: 241ه)	Sham19Y	25794	0.57426
		 حج الأنبياء والأئمة ( ع ) 	 معاونية شؤون التعليم والبحوث الإسلامية في الحج 	ABLibrary	9769	0.57422
		الجامع في الخاتم للبيهقي	أحمد بن الحسين بن علي بن موسى الخُسْرَوْجِردي الخراساني، أبو بكر البيهقي (المتوفى: 458هـ)	ShamAY	9300	0.57413
		الشيخ النجاشي	الدكتور حسن عيسى الحكيم	Rafed	2991	0.57413
		الجامع لعلوم الإمام أحمد - علوم الحديث	إبراهيم النحاس	ShamAY	38858	0.57408
		موارد الظمآن إلى زوائد ابن حبان ت حسين أسد	أبو الحسن نور الدين علي بن أبي بكر بن سليمان الهيثمي (المتوفى: 807هـ)	ShamAY	31618	0.57402
		أمثال الحديث المروية عن النبي صلى الله عليه وسلم	أبو محمد الحسن بن عبد الرحمن بن خلاد الرامهرمزي الفارسي (المتوفى: 360هـ)	ShamAY	13083	0.57401
		طيّب الكلِم في صلة الرحِم	أبو يوسف محمد زايد	ShamAY	35200	0.57393
		 مسند الإمام الصادق ( ع ) 	 الشيخ عزيز الله عطاردي 	ABLibrary	7717	0.57378
		نسب عدنان وقحطان	محمد بن يزيد المبرد، أبو العباس (المتوفى: 285ه)	ShamelaY19	28170	0.57366
		الرخصة في تقبيل اليد لابن المقرئ	أبو بكر محمد بن إبراهيم بن علي بن عاصم بن زاذان الأصبهاني الخازن، المشهور بابن المقرئ (المتوفى: 381هـ)	ShamAY	13021	0.57348
		الهواتف = هواتف الجنان لابن أبي الدنيا	أبو بكر عبد الله بن محمد بن عبيد بن سفيان بن قيس البغدادي الأموي القرشي المعروف بابن أبي الدنيا (المتوفى: 281ه)	ShamelaY19	28237	0.57348
		المقتنى في سرد الكنى	شمس الدين أبو عبد الله محمد بن أحمد بن عثمان بن قَايْماز الذهبي (المتوفى: 748هـ)	ShamAY	7271	0.57346
		الجزء فيه من حديث أبي الطيب الحوراني الدمشقي	أَبُو الطَّيِّبِ مُحَمَّدُ بنُ حُمَيْدِ بنِ مُحَمَّدِ بنِ سُلَيْمَانَ بنِ مُعَاوِيَةَ الكِلاَبِيُّ، الحَوْرَانِيُّ، ثُمَّ السَّامَرِّيُّ (المتوفى: 341هـ)	ShamAY	26559	0.57344
		الكافي (الاصول ، فروع ، الروضة)	محمد بن يعقوب شيخ كليني	Ghbook	15504	0.57344
		القول المسدد في الذب عن المسند للإمام أحمد	أبو الفضل أحمد بن علي بن محمد بن أحمد بن حجر العسقلاني (المتوفى: 852هـ)	ShamAY	6035	0.57343
		مختصر الكامل في الضعفاء	أحمد بن علي بن عبد القادر، أبو العباس الحسيني العبيدي، تقي الدين المقريزي (المتوفى: 845هـ)	ShamAY	5848	0.5734
		من كلام أبي زكريا يحيى بن معين في الرجال (رواية طهمان)	أبو زكريا يحيى بن معين بن عون بن زياد بن بسطام بن عبد الرحمن المري بالولاء، البغدادي (المتوفى: 233هـ)	ShamAY	5954	0.57334
		مناقب علي بن أبي طالب(ع) لابن مردويه‏	ابن مردويه الأصفهاني‏	Masaha	3294	0.57328
		طبقات القراء السبعة وذكر مناقبهم وقراءاتهم	عبد الوهاب بن يوسف بن إبراهيم، ابن السَّلَّار الشافعي (المتوفى: 782هـ)	ShamAY	1468	0.57327
		إحقاق الحقّ وإزهاق الباطل [ج ٢٠]	السيّد نور الله الحسيني المرعشي التستري	Rafed	2761	0.57327
		الضعفاء والمتروكون لابن الجوزي	جمال الدين أبو الفرج عبد الرحمن بن علي بن محمد الجوزي (المتوفى: 597هـ)	ShamAY	5830	0.57325
		فرض طلب العلم للآجري	الواحدي :: الآجري	ShamAY	33657	0.57313
		تفسير ابن كثير ت سلامة	أبو الفداء إسماعيل بن عمر بن كثير القرشي البصري ثم الدمشقي (المتوفى: 774هـ)	ShamAY	8473	0.57311
		الجامع للأعلام والمؤلفات	الدكتور صلاح محمد أبو الحاج	ShamAY	37633	0.57303
		جزء حنبل (التاسع من فؤائد ابن السماك)	أبو علي حنبل بن إسحاق بن حنبل بن هلال بن أسد الشيباني (المتوفى: 273ه)	Sham19Y	13104	0.57287
		تخريج حديث (أنا مدينة العلم، وعلي بابها)	أبو عبد العزيز خليفة الكواري	ShamAY	33065	0.5728
		 العقد الثمين في تاريخ البلد الأمين 	 محمد بن أحمد الفاسي 	ABLibrary	9144	0.57266
		موسوعة حديث الثقلين [ج ٣]	مركز الأبحاث العقائديّة	Rafed	1420	0.57258
		مدرسة الحديث في مصر	محمد رشاد خليفة	Sham19Y	9974	0.57257
		 فتوح مصر والمغرب 	 ابن عبد الحكم 	ABLibrary	9150	0.57255
		 حلية الأبرار في أحوال محمد وآله الأطهار ( ع ) 	 السيد هاشم البحراني 	ABLibrary	7486	0.5725
		الجزء فيه من حديث أبي الطيب الحوراني الدمشقي	أبو الطيب محمد بن حميد بن محمد بن سليمان بن معاوية الكلابي، الحوراني، ثم السامري (المتوفى: 341ه)	ShamelaY19	26559	0.57249
		بيان خطا البخاري في تاريخه	عبد الرحمن بن محمد بن إدريس بن المنذر التميمي، الحنظلي، الرازي ابن أبي حاتم (المتوفى: 327هـ)	ShamAY	1076	0.57242
		جمع الجيوش والدساكر على ابن عساكر	يوسف بن حسن بن أحمد بن حسن ابن عبد الهادي الصالحي، جمال الدين، ابن ابن المبرد الحنبلي (المتوفى: 909ه)	ShamelaY19	30312	0.57242
		المحبة لله لأبي إسحاق الختلي	أَبُو إِسْحَاقَ إِبْرَاهِيْمُ بنُ عَبْدِ اللهِ بنِ الجُنَيْدِ، الخُتَّلِيُّ، ثُمَّ السُّرَّمَرَّائِي (المتوفى: نحو 270هـ)	ShamAY	1373	0.57232
		سؤالات مسعود بن علي السجزي (مع أسئلة البغداديين عن أحوال الرواة للإمام الحافظ أبي عبد الله محمد بن عبد الله الحاكم النيسابوري)	أبو عبد الله الحاكم محمد بن عبد الله بن محمد بن حمدويه بن نُعيم بن الحكم الضبي الطهماني النيسابوري المعروف بابن البيع (المتوفى: 405هـ)	ShamAY	535	0.57227
		مجلسان من أمالي الخلال	أبو محمد الحسن بن محمد بن الحسن بن علي البغدادي الخلال (المتوفى: 439ه)	ShamelaY19	30446	0.5722
		المطر والرعد والبرق لابن أبي الدنيا	أبو بكر عبد الله بن محمد بن عبيد بن سفيان بن قيس البغدادي الأموي القرشي المعروف بابن أبي الدنيا (المتوفى: 281هـ)	ShamAY	8273	0.57217
		منتخب من حديث يونس بن عبيد لأبي نعيم الأصبهاني	أبو نعيم أحمد بن عبد الله بن أحمد بن إسحاق بن موسى بن مهران الأصبهاني (المتوفى: 430ه)	ShamelaY19	30552	0.57217
		حج الانبياء و الائمه عليهم السلام	معاونية شوون التعليم و البحوث الاسلامية في الحج	Ghbook	3403	0.57217
		الثالث من مشيخة ابن حيويه	محمد بن العباس بن محمد بن زكرياء، أبو عمر ابن حيويه الخزاز (المتوفى: 382هـ)	ShamAY	29954	0.57203
		التنقيح في حديث التسبيح لابن ناصر الدين	ابن ناصر الدين (842 هـ)	ShamAY	33559	0.57201
		جزء فيه من حديث أبي الحسين عبد الوهاب بن الحسن الكلابي عن شيوخه	أَبُو الحُسَيْنِ عَبْدُ الوَهَّابِ بنُ الحَسَنِ بنِ الوَلِيْدِ بنِ مُوْسَى الكِلاَبِيُّ الدِّمَشْقِيُّ (المتوفى: 396هـ)	ShamAY	26877	0.57195
		الجامع لعلوم الإمام أحمد - علل الحديث	إبراهيم النحاس	Sham19Y	20868	0.57195
		فضائل رمضان لابن أبي الدنيا - ط أطلس الخضراء = مقابل	أبو بكر عبد الله بن محمد ابن أبي الدنيا	ShamAY	38089	0.57184
		الهواتف = هواتف الجنان لابن أبي الدنيا	أبو بكر عبد الله بن محمد بن عبيد بن سفيان بن قيس البغدادي الأموي القرشي المعروف بابن أبي الدنيا (المتوفى: 281هـ)	ShamAY	28237	0.57183
		طبقات الفقهاء الشافعية	عثمان بن عبد الرحمن، أبو عمرو، تقي الدين المعروف بابن الصلاح (المتوفى: 643ه)	Sham19Y	6741	0.5718
		شعب الإيمان للبيهقي - العلمية	أبو بكر أحمد بن الحسين البيهقي	ShamAY	33962	0.57178
		علل أحاديث صحيح مسلم بن الحجاج القشيري	أبو الفضل محمد بن أبي الحسين ابن عمار الشهيد	ShamAY	34174	0.57174
		السنة لعبد الله بن أحمد	أبو عبد الرحمن عبد الله بن أحمد بن محمد بن حنبل الشيبانيّ البغدادي (المتوفى: 290هـ)	ShamAY	323	0.57174
		الأدب المفرد مخرجا	محمد بن إسماعيل بن إبراهيم بن المغيرة البخاري، أبو عبد الله (المتوفى: 256هـ)	ShamAY	12991	0.5717
		مجلس من أمالي أبي الحسن القزويني رواية أبي العز - مخطوط	أبو الحسن القزويني	ShamAY	32792	0.57169
		كتاب المعقبين من ولد الإمام أمير المؤمنين أبي الحسن عليّ بن أبي طالب عليه السلام	يحيى العبيدلي العقيقي	ShamAY	37020	0.57164
		السقيفة وفدك‏	أحمد بن عبد العزيز الجوهري	Masaha	4550	0.57159
		تراثنا ـ العدد [ 10 ]	مؤسسة آل البيت عليهم السلام لإحياء التراث ـ قم	Rafed	2720	0.57153
		الأدب المفرد مخرجا	محمد بن إسماعيل بن إبراهيم بن المغيرة البخاري، أبو عبد الله (المتوفى: 256ه)	Sham19Y	12991	0.57143
		أحاديث لعلي بن عمر الحربي في آخر السادس من كتاب المناسك الكبير عن أحمد بن حنبل - مخطوط	أبو الحسن علي بن عمر السكري الحربي	ShamAY	32958	0.57104
		المجالسة وجواهر العلم - ط ابن حزم	أبو بكر أحمد بن مروان بن محمد الدينوري القاضي المالكي	ShamAY	33954	0.57104
		الكرم والجود وسخاء النفوس	أبو جعفر محمد بن الحسين البرجلاني (المتوفى: 238ه)	Sham19Y	7755	0.57093
		مدرسة الحديث في مصر	محمد رشاد خليفة	ShamAY	9974	0.57092
		البيتوتة لمحمد بن إسحاق الخراساني	محمد بن إسحاق بن إبراهيم بن مهران الخراساني، أبو العباس السراج، الثقفي مولاهم (المتوفى: 313ه)	Sham19Y	8252	0.57084
		نزهة الألباء في طبقات الأدباء	عبد الرحمن بن محمد بن عبيد الله الأنصاري، أبو البركات، كمال الدين الأنباري (المتوفى: 577هـ)	ShamAY	3583	0.5707
		صفة الجنة لابن أبي الدنيا ت سليم	أبو بكر عبد الله بن محمد بن عبيد بن سفيان بن قيس البغدادي الأموي القرشي المعروف بابن أبي الدنيا (المتوفى: 281هـ)	ShamAY	8234	0.5706
		الثاني من أجزاء أبي علي بن شاذان	الحسن بن خلف بن شاذان بن زياد الواسطى، أبو على البزاز (المتوفى: 246ه)	ShamelaY19	29847	0.5706
		 الضوء اللامع لأهل القرن التاسع 	 شمس الدين السخاوي 	ABLibrary	948	0.57058
		الجامع لعلوم الإمام أحمد - المقدمات	خالد الرباط، سيد عزت عيد [بمشاركة الباحثين بدار الفلاح]	ShamAY	38864	0.57049
		 سنن أبي داود 	 سليمان بن الأشعث السجستاني 	ABLibrary	86	0.57039
		حديث أبي بكر بن خلاد النصيبي	أبو بكر أحمد بن يوسف بن خلاد بن منصور النصيبي ثم البغدادي العطار (المتوفى: 359ه)	ShamelaY19	29897	0.57035
		مسند الشافعي - ترتيب السندي	الشافعي أبو عبد الله محمد بن إدريس بن العباس بن عثمان بن شافع بن عبد المطلب بن عبد مناف المطلبي القرشي المكي (المتوفى: 204ه)	ShamelaY19	21495	0.57028
		الناسخ والمنسوخ في القرآن العزيز وما فيه من الفرائض والسنن	أبو عُبيد القاسم بن سلاّم بن عبد الله الهروي البغدادي (المتوفى: 224هـ)	ShamAY	1178	0.57026
		 أعيان الشيعة 	 السيد محسن الأمين 	ABLibrary	77	0.57024
		كلام الليالي والأيام لابن أبي الدنيا - ط أطلس الخضراء = مقابل	أبو بكر عبد الله بن محمد ابن أبي الدنيا	ShamAY	38088	0.57023
		نسخة عبد الله بن عون الخراز عن شيوخه	عبد الله بن عون الخراز	ShamAY	33610	0.57012
		فضائل أبي حنيفة وأخباره لابن أبي العوام	أبو القاسم عبد الله بن محمد بن أحمد بن يحيى بن الحارث السعدي المعروف بابن أبي العوام (335 هـ)	ShamAY	33942	0.57011
		مسند الإمام الصادق أبي عبد الله جعفر بن محمد(ع) - الجزء1	عزيز الله عطاردي‏	Masaha	2448	0.57009
		البشائر المأمولة فى آداب العمرة المقبولة	أحمد شحاتة السكندري	ShamAY	36721	0.57005
		نفحات الأزهار في خلاصة عبقات الأنوار [ج ٧]	السيّد علي الحسيني الميلاني	Rafed	436	0.57003
		الهواتف لابن أبي الدنيا - ط أطلس الخضراء = مقابل	أبو بكر عبد الله بن محمد ابن أبي الدنيا	ShamAY	38066	0.57
		الترشيح لبيان صلاة التسبيح لابن طولون	ابن طولون (953 هـ)	ShamAY	33558	0.56996
		الفتن لنعيم بن حماد	أبو عبد الله نعيم بن حماد بن معاوية بن الحارث الخزاعي المروزي (المتوفى: 228هـ)	ShamAY	13047	0.56982
		العتيق مصنف جامع لفتاوى أصحاب النبي صلى الله عليه وسلم	محمد بن مبارك حكيمي	ShamAY	33183	0.56981
		التهذيب في اختصار المدونة	خلف بن أبي القاسم محمد، الأزدي القيرواني، أبو سعيد ابن البراذعي المالكي (المتوفى: 372هـ)	ShamAY	8487	0.56974
		جزء الجركاني	أبو رجاء محمد بن أحمد بن محمد بن عبد الله الجركاني (المتوفى: 514هـ)	ShamAY	9394	0.5697
		شرح صحيح ابن خزيمة - الراجحي	عبد العزيز بن عبد الله بن عبد الرحمن الراجحي	ShamelaY19	37017	0.56964
		الجزء الثاني من حديث أبي بكر محمد بن عبد الله الدقاق - مخطوط	محمد بن عبد الله الدقاق	ShamAY	32754	0.56962
		تعظيم قدر الصلاة لمحمد بن نصر المروزي	أبو عبد الله محمد بن نصر بن الحجاج المَرْوَزِي (المتوفى: 294هـ)	ShamAY	13087	0.56959
		سنن الدارقطني - ط المعرفة	علي بن عمر أبو الحسن الدارقطني البغدادي	ShamAY	33927	0.56952
		إتحاف الخيرة المهرة بزوائد المسانيد العشرة	أبو العباس شهاب الدين أحمد بن أبي بكر بن إسماعيل بن سليم بن قايماز بن عثمان البوصيري الكناني الشافعي (المتوفى: 840هـ)	ShamAY	21765	0.56951
		 الضوء اللامع لأهل القرن التاسع 	 شمس الدين السخاوي 	ABLibrary	955	0.56944
		الفتن لنعيم بن حماد	أبو عبد الله نعيم بن حماد بن معاوية بن الحارث الخزاعي المروزي (المتوفى: 228ه)	Sham19Y	13047	0.56942
		طبقات الفقهاء الشافعية	عثمان بن عبد الرحمن، أبو عمرو، تقي الدين المعروف بابن الصلاح (المتوفى: 643هـ)	ShamAY	6741	0.56936
		ضعيف سنن الترمذي	محمد ناصر الدين الألباني (المتوفى: 1420هـ)	ShamAY	1216	0.56933
		أداء ما وجب من بيان وضع الوضاعين في رجب	أبو الخطاب عمر بن حسن الأندلسي الشهير بابن دحية الكلبي (المتوفى : 633هـ)	ShamAY	23163	0.56931
		حوادث الكونية والكرامات الواقعة بعد مقتل الامام الحسين عليه السلام	د.حكمت الرحمة	Ghbook	15849	0.56924
		 خلاصة عبقات الأنوار 	 السيد حامد النقوي 	ABLibrary	91	0.56922
		حكايات عن أبي الشيخ الأصبهاني	أبو محمد عبد الله بن محمد بن جعفر بن حيان الأنصاري المعروف بأبِي الشيخ الأصبهاني (المتوفى: 369هـ)	ShamAY	29724	0.56921
		أمالي أبي الفتح المقدسي - المجلس الحادي والعشرون بعد المائة	نصر بن إبراهيم بن نصر بن إبراهيم ابن داود النابلسي المقدسي، أبو الفتح الشافعي (المتوفى: 490هـ)	ShamAY	29774	0.56914
		التصديق بالنظر إلى الله تعالى في الآخرة	محمد بن الحسين بن عبد الله الآجري أبو بكر	ShamAY	33848	0.56897
		تخريج أحاديث إحياء علوم الدين	الزبيدي، مرتضى	ShamAY	1276	0.56888
		مَجْمَعُ الزَّوَائِدِ وَمَنْبَعُ الفَوَائِدِ	أبو الحسن نور الدين علي بن أبي بكر بن سليمان الهيثمي (المتوفى: 807هـ)	ShamAY	1970	0.56887
		المختصر من تاريخ هجرة رسول الله صلى الله عليه وسلم والمهاجرين والأنصار وطبقات التابعين بإحسان ومن بعدهم ووفاتهم وبعض نسبهم وكناهم ومن يرغب عن حديثه، المشهور بـ "التاريخ الأوسط"	أبو عبد الله محمد بن إسماعيل البخاري	ShamAY	34629	0.56882
		أخبار وحكايات لأبي الحسن الغساني	محمد بن الفيض بن محمد بن الفياض أبو الحسن ويقال أبو الفيض الغساني (المتوفى: 315هـ)	ShamAY	5650	0.56879
		شرح صحيح ابن خزيمة - الراجحي	عبد العزيز بن عبد الله بن عبد الرحمن الراجحي	ShamAY	108	0.56879
		خلق أفعال العباد للبخاري	محمد بن إسماعيل بن إبراهيم بن المغيرة البخاري، أبو عبد الله (المتوفى: 256هـ)	ShamAY	9697	0.56862
		الازدهار في ما عقده الشعراء من الأحاديث و الآثار	عبد الرحمن بن أبي بكر، جلال الدين السيوطي (المتوفى: 911هـ)	ShamAY	733	0.56855
		الجوهره في نسب الامام علي و آله	محمد بن ابي بكر انصاري تلمساني	Ghbook	9188	0.56855
		قم عاصمه الحضاره الشيعيه	محمد جواد طبسي	Ghbook	13047	0.56849
		المجالسة وجواهر العلم	الدينوري، أبو بكر	Sham19Y	9948	0.5684
		بذل الإحسان بتقريب سنن النسائي أبي عبد الرحمن	أبو إسحاق الحويني الأثري حجازي محمد شريف	ShamAY	31759	0.56837
		حديث أبي الحسن السكري	علي بن عمر بن محمد بن الحسين ابن شاذان، أبو الحسن السكري الحربي الصيرفي الكيال (المتوفى: 386هـ)	ShamAY	29732	0.5683
		ضعيف سنن الترمذي	محمد ناصر الدين الألباني (المتوفى: 1420ه)	Sham19Y	1216	0.56811
		فضل عشر ذي الحجة للطبراني	سليمان بن أحمد بن أيوب بن مطير اللخمي الشامي، أبو القاسم الطبراني (المتوفى: 360هـ)	ShamAY	1300	0.56808
		فوائد أبي بكر النصيبي	أبو بكر أحمد بن يوسف بن خلاد بن منصور النصيبي ثم البغدادي العطار (المتوفى: 359ه)	ShamelaY19	29779	0.56805
		خلق أفعال العباد والرد على الجهمية وأصحاب التعطيل - ت الفهيد	محمد بن إسماعيل البخاري	ShamAY	33864	0.56802
		جزء من تخريج أحمد بن عبد الواحد البخاري	الشمس، أبو العباس أحمد بن عبد الواحد بن أحمد المقدسي، الحنبلي، الملقب بالبخاري (المتوفى: 623ه)	ShamelaY19	30055	0.56791
		الإمامة والرد على الرافضة	أبو نعيم أحمد بن عبد الله بن أحمد بن إسحاق بن موسى بن مهران الأصبهاني (المتوفى: 430هـ)	ShamAY	6449	0.56788
		جزء فيه مسائل أبي جعفر محمد بن عثمان بن أبي شيبة عن شيوخه في مسائل في الجرح والتعديل	أبو جعفر محمد بن عثمان بن أبي شيبة العبسي مولاهم الكوفي (المتوفى: 297هـ)	ShamAY	26230	0.56773
		الوافي بالوفيات - النسخة المحررة ط إحياء التراث = التراجم	صلاح الدين خليل بن أيبك بن عبد الله الصفدي (المتوفى: 764هـ)	ShamAY	38166	0.56766
		الجامع لعلوم الإمام أحمد - علل الحديث	إبراهيم النحاس	ShamAY	38860	0.5676
		الجزء الثالث من فوائد أبي علي الصواف - 80 % مخطوط	محمد بن أحمد بن الحسن بن إسحاق ابن الصواف، أبو علي البغدادي (المتوفى: 359هـ)	ShamAY	10492	0.56757
		جزء من أحاديث أبي عمر السلمي عن شيوخه شيوخه (ضمن مجموع مطبوع باسم الفوائد لابن منده!)	أبو عمر عبد الله بن محمد بن أحمد بن عبد الوهاب السلمي (المتوفى: 330هـ)	ShamAY	9396	0.56749
		شرح مشكل الآثار	أبو جعفر أحمد بن محمد بن سلامة بن عبد الملك بن سلمة الأزدي الحجري المصري المعروف بالطحاوي (المتوفى: 321هـ)	ShamAY	22547	0.56743
		سؤالات مسعود بن علي السجزي لأبي عبد الله الحاكم النيسابوري	أبو سعيد مسعود بن علي السجزي النيسابوري	ShamAY	34163	0.56721
		جمع القرآن - دراسة تحليلية لمروياته	أكرم عبد خليفة حمد الدليمي	ShamelaY19	37676	0.56718
		جزء من حديث الأوزاعي لابن حذلم	الإمام الحافظ أبو الحسن أحمد بن سليمان بن أيوب بن عبد الله بن حذلم (المتوفى: 347 هـ)	ShamAY	12515	0.56714
		رسالة طرق حديث من كنت مولاه فعلي مولاه	شمس الدين أبو عبد الله محمد بن أحمد بن عثمان بن قَايْماز الذهبي (المتوفى: 748هـ)	ShamAY	2582	0.56707
		تقريب النفع و تيسير الجمع بين القراءات	نبيل بن هاشم بن عبد الله غمري آل باعلوي	Ghbook	4823	0.56707
		التّوحيد	أبي جعفر محمّد بن علي بن الحسين بن بابويه القمّي [ الشيخ الصدوق ]	Rafed	411	0.56702
		من أعلام السلف	أحمد فريد	ShamAY	631	0.56692
		كشف الأستار عن زوائد البزار	نور الدين علي بن أبي بكر بن سليمان الهيثمي (المتوفى: 807هـ)	ShamAY	12862	0.56686
		الدّرّة الثّمينة في أخبار المدينة	أبي عبد الله محمّد بن محمود بن النجّار البغدادي	Rafed	2207	0.56675
		الزهد والرقائق لابن المبارك (يليه «مَا رَوَاهُ نُعَيْمُ بْنُ حَمَّادٍ فِي نُسْخَتِهِ زَائِدًا عَلَى مَا رَوَاهُ الْمَرْوَزِيُّ عَنِ ابْنِ الْمُبَارَكِ فِي كِتَابِ الزُّهْدِ» )	أبو عبد الرحمن عبد الله بن المبارك بن واضح الحنظلي، التركي ثم المرْوزي (المتوفى: 181هـ)	ShamAY	13028	0.5666
		الأحكام الشرعية الكبرى	عبد الحق بن عبد الرحمن بن عبد الله بن الحسين بن سعيد إبراهيم الأزدي، الأندلسي الأشبيلي، المعروف بابن الخراط (المتوفى : 581هـ)	ShamAY	4289	0.56646
		الضوء الساري في معرفة خبر تميم الداري للمقريزي - مخطوط (ن)	أحمد بن علي بن عبد القادر، أبو العباس الحسيني العبيدي، تقي الدين المقريزي (المتوفى: 845هـ)	ShamAY	10830	0.56643
		برنامج المجاري	أبو عبد الله محمد بن محمد بن علي بن عبد الواحد المجاري الأندلسي (المتوفى: 862هـ)	ShamAY	10735	0.5664
		شرح مشكل الآثار	أبو جعفر أحمد بن محمد بن سلامة بن عبد الملك بن سلمة الأزدي الحجري المصري المعروف بالطحاوي (المتوفى: 321ه)	ShamelaY19	22547	0.56637
		غاية المرام وحجّة الخصام [ج ٤]	السيّد هاشم البحراني الموسوي التوبلي	Rafed	3609	0.56635
		معرفة الرجال للإمام أبي زكريا يحيى بن معين رواية ابن محرز - ط الفاروق	أبو العباس أحمد بن محمد بن قاسم بن مُحْرِز	ShamAY	34169	0.56633
		فوائد أبي محمد الفاكهي	عبد الله بن محمد بن العباس الفاكهي، أبو محمد المكي (المتوفى: 353هـ)	ShamAY	9323	0.56622
		فضائل الصحابة ومناقبهم وقول بعضهم في بعض صلوات الله عليهم	أبو الحسن علي بن عمر بن أحمد بن مهدي بن مسعود بن النعمان بن دينار البغدادي الدارقطني (المتوفى: 385هـ)	ShamAY	8238	0.56621
		 حلية الأبرار 	 السيد هاشم البحراني 	ABLibrary	95	0.56616
		أداء ما وجب من بيان وضع الوضاعين في رجب	ابن دحية	ShamelaY19	23163	0.5661
		الإيثار بمعرفة رواة الآثار	أبو الفضل أحمد بن علي بن محمد بن أحمد بن حجر العسقلاني (المتوفى: 852ه)	Sham19Y	5861	0.56604
		 مسند الإمام السجاد ( ع ) 	 الشيخ عزيز الله عطاردي 	ABLibrary	7706	0.56603
		الأحاديث والآثار الواردة في التسليم في الصلاة	د. محمد عبد الله ولد كريم	ShamAY	36477	0.56593
		نسخة طالوت وهي في أحاديث طالوت بن عباد البصري الصيرفي المتوفى: 238هـ	أبو القاسم عبد الله بن محمد بن عبد العزيز بن المَرْزُبان بن سابور بن شاهنشاه البغوي (المتوفى: 317هـ)	ShamAY	26341	0.56588
		أحاديث محمد بن أبي نصر البلخي - مخطوط	محمد بن أبي نصر البلخي	ShamAY	32832	0.56564
		القبل والمعانقة والمصافحة لابن الأعرابي	أبو سعيد بن الأعرابي أحمد بن محمد بن زياد بن بشر بن درهم البصري الصوفي (المتوفى: 340ه)	Sham19Y	8269	0.56559
		أحكام النساء للإمام أحمد	أبو عبد الله أحمد بن محمد بن حنبل بن هلال بن أسد الشيباني (المتوفى: 241ه)	ShamelaY19	95563	0.56556
		أحاديث في فضل الإسكندرية وعسقلان	عثمان بن عبد الرحمن، أبو عمرو، تقي الدين المعروف بابن الصلاح (المتوفى: 643ه)	ShamelaY19	30242	0.56554
		جزء الألف دينار وهو الخامس من الفوائد المنتقاة والأفراد الغرائب الحسان	أبو بكر أحمد بن جعفر بن حمدان بن مالك بن شبيب البغدادي المعروف بالقطيعي (المتوفى: 368هـ)	ShamAY	13099	0.56548
		الأوائل لابن أبي عاصم	أبو بكر بن أبي عاصم وهو أحمد بن عمرو بن الضحاك بن مخلد الشيباني (المتوفى: 287هـ)	ShamAY	13001	0.56545
		الضعفاء والمتروكون لابن الجوزي = التراجم	جمال الدين أبو الفرج عبد الرحمن بن علي بن محمد الجوزي (المتوفى: 597هـ)	ShamAY	38031	0.56544
		علل الأحاديث في كتاب الصحيح المسلم بن الحجاج	أَبُو الفَضْلِ مُحَمَّدُ بنُ أَبِي الحُسَيْنِ أَحْمَدَ بنِ مُحَمَّدِ بنِ عَمَّارِ بنِ مُحَمَّدِ بنِ حَازِمِ بنِ المُعَلَّى بنِ الجَارُوْدِ الجَارُوْدِيُّ، الهَرَوِيُّ، الشَّهِيْدُ (المتوفى: 317هـ)	ShamAY	6049	0.56543
		من حديث أبي سعيد عيسى بن سالم الشاشي	أبو سعيد عيسى بن سالم الشاشي	ShamAY	33604	0.56541
		غاية المقصد فى زوائد المسند	أبو الحسن نور الدين علي بن أبي بكر بن سليمان الهيثمي (المتوفى: 807ه)	Sham19Y	9567	0.56541
		شذرات الذهب في أخبار من ذهب - ابن العماد	ابن العِماد الحنبلي	ShamAY	34625	0.5653
		تاريخ واسط	أسلم بن سهل بن أسلم بن حبيب الرزّاز الواسطي، أبو الحسن، بَحْشَل (المتوفى: 292هـ)	ShamAY	11766	0.56506
		الكرم والجود وسخاء النفوس	أبو جعفر محمد بن الحسين البُرْجُلاني (المتوفى: 238هـ)	ShamAY	7755	0.56504
		حديث سفيان بن عيينة رواية الخلعي	علي بن الحسن بن الحسين بن محمد، أبو الحسن الخِلَعي الشافعيّ (المتوفى: 492هـ)	ShamAY	29776	0.56495
		 الضوء اللامع لأهل القرن التاسع 	 شمس الدين السخاوي 	ABLibrary	954	0.5649
		نزهة الألباء في طبقات الأدباء - ط المنار ت السامرائي = التراجم	عبد الرحمن بن محمد بن عبيد الله الأنصاري، أبو البركات، كمال الدين الأنباري (المتوفى: 577 هـ)	ShamAY	38196	0.56489
		إتحاف الخيرة المهرة بزوائد المسانيد العشرة	أبو العباس شهاب الدين أحمد بن أبي بكر بن إسماعيل بن سليم بن قايماز بن عثمان البوصيري الكناني الشافعي (المتوفى: 840ه)	Sham19Y	21765	0.56489
		الناسخ والمنسوخ في القرآن العزيز وما فيه من الفرائض والسنن	أبو عبيد القاسم بن سلام بن عبد الله الهروي البغدادي (المتوفى: 224ه)	ShamelaY19	37834	0.56485
		تاريخ الإسلام ووفيات المشاهير والأعلام [ج ٥]	شمس الدين محمّد بن أحمد بن عثمان الذّهبي	Rafed	3334	0.56485
		الناسخ والمنسوخ في القرآن العزيز وما فيه من الفرائض والسنن	أبو عُبيد القاسم بن سلاّم بن عبد الله الهروي البغدادي (المتوفى: 224هـ)	ShamAY	1158	0.56474
		فضل الكوفة و مساجدها	محمد سعيد الطريحي	Masaha	3227	0.56465
		الأوائل لأبي عروبة الحراني	أبو عروبة الحسين بن محمد بن أبي معشر مودود السلمي الجزري الحراني (المتوفى: 318ه)	Sham19Y	5744	0.56464
		جمع القرآن - دراسة تحليلية لمروياته	أكرم عبد خليفة حمد الدليمي	Sham19Y	37676	0.56455
		قرى الضيف لابن أبي الدنيا	أبو بكر عبد الله بن محمد بن عبيد بن سفيان بن قيس البغدادي الأموي القرشي المعروف بابن أبي الدنيا (المتوفى: 281هـ)	ShamAY	11030	0.56453
		فضل الكوفة ومساجدها	محمد بن جعفر المشهدي الحائري	Masaha	4088	0.56453
		جزء من تخريج أحمد بن عبد الواحد البخاري	الشَّمْسُ، أَبُو العَبَّاسِ أَحْمَدُ بنُ عَبْدِ الوَاحِدِ بنِ أَحْمَدَ المَقْدِسِيُّ، الحَنْبَلِيُّ، المُلَقَّبُ بِالبُخَارِيِّ (المتوفى: 623هـ)	ShamAY	30055	0.56452
		تاريخ الإسلام ووفيات المشاهير والأعلام [ج ٤٦]	شمس الدين محمّد بن أحمد بن عثمان الذّهبي	Rafed	3640	0.56439
		طرق حديث النبي حيث كان في الحائط للضياء المقدسي - مخطوط (ن)	ضياء الدين أبو عبد الله محمد بن عبد الواحد المقدسي (المتوفى: 643هـ)	ShamAY	11771	0.56434
		حديث أبي عبد الله الأنصاري	أبو عبد الله محمد بن زيد الأنصاري (المتوفى: 377ه)	ShamelaY19	29714	0.56429
		كامل الزّيارات	ابي القاسم جعفر بن محمد بن بن جعفر بن موسى بن قولويه القمي	Rafed	288	0.56426
		صحيح ابن خزيمة	أبو بكر محمد بن إسحاق بن خزيمة بن المغيرة بن صالح بن بكر السلمي النيسابوري (المتوفى: 311هـ)	ShamAY	1446	0.56414
		مقتضب الأثر	أحمد بن عبيد الله بن عيّاش الجوهري	Rafed	1771	0.56411
		مستدرك الكافي	علي عبد الزهرة الفحام	Ghbook	15731	0.56392
		جمع القرآن - دراسة تحليلية لمروياته	أكرم عبد خليفة حمد الدليمي	ShamAY	1089	0.56385
		جزء فيه مجلسان من إملاء النسائي	أبو عبد الرحمن أحمد بن شعيب بن علي الخراساني، النسائي (المتوفى: 303هـ)	ShamAY	5705	0.56384
		عوالي مسلم: أربعون حديثا منتقاة من صحيح مسلم	أبو الفضل أحمد بن علي بن محمد بن أحمد بن حجر العسقلاني (المتوفى: 852ه)	ShamelaY19	26891	0.56374
		غاية المقصد فى زوائد المسند	أبو الحسن نور الدين علي بن أبي بكر بن سليمان الهيثمي (المتوفى: 807هـ)	ShamAY	9567	0.56368
		جزء حنبل (التاسع من فؤائد ابن السماك)	أبو علي حنبل بن إسحاق بن حنبل بن هلال بن أسد الشيباني (المتوفى: 273هـ)	ShamAY	13104	0.56358
		الورقة	أبو عبد الله محمد بن داود بن الجراح (المتوفى: 296هـ)	ShamAY	618	0.56357
		مسند الإمام الباقر أبي جعفر محمد بن علي(ع) - الجزء1	عزيز الله عطاردي‏	Masaha	2442	0.56344
		تاريخ البناكتي = روضة أولي الألباب في معرفه التواريخ والأنساب	أبو سليمان داود بن أبي الفضل محمد البناكتي (المتوفى: 730 هـ)	ShamAY	33833	0.5634
		جزء فيه أحاديث الحسن بن موسى الأشيب	أبو علي الحسن بن موسى الأشيب البغدادي، القاضي (المتوفى: 209ه)	ShamelaY19	25783	0.56335
		خاتمة مستدرك الوسائل [ج ١]	الشيخ حسين النوري الطبرسي [ المحدّث النوري ]	Rafed	1458	0.56326
		عروس الأجزاء	أَبُو الفَرَجِ مَسْعُوْدُ بنُ الحَسَنِ الثَّقَفِيُّ الأَصْبَهَانِيُّ (المتوفى: 562هـ)	ShamAY	1361	0.5631
		مسند الشافعي - ترتيب السندي	الشافعي أبو عبد الله محمد بن إدريس بن العباس بن عثمان بن شافع بن عبد المطلب بن عبد مناف المطلبي القرشي المكي (المتوفى: 204هـ)	ShamAY	21495	0.56309
		حديث أبي بكر بن خلاد النصيبي	أَبُو بَكْرٍ أَحْمَدُ بنُ يُوْسُفَ بنِ خَلاَّدِ بنِ مَنْصُوْرٍ النَّصِيْبِيُّ ثُمَّ البَغْدَادِيُّ العَطَّارُ (المتوفى: 359هـ)	ShamAY	29897	0.56308
		مسند أحمد - عالم الكتب	أبو عبد الله أحمد بن محمد بن حنبل بن هلال بن أسد الشيباني	ShamAY	33963	0.56306
		جزء فيه حكايات عن الشافعي وغيره للآجري	الواحدي :: الآجري	ShamAY	33643	0.56298
		فضائل رمضان لابن أبي الدنيا	أبو بكر عبد الله بن محمد بن عبيد بن سفيان بن قيس البغدادي الأموي القرشي المعروف بابن أبي الدنيا (المتوفى: 281ه)	Sham19Y	10799	0.56296
		أحاديث الشاموخي - ت: الألفي	الشاموخي	ShamAY	33612	0.56294
		ريح النسرين فيمن عاش من الصحابة مائة وعشرين	عبد الرحمن بن أبي بكر، جلال الدين السيوطي (المتوفى: 911هـ)	ShamAY	5802	0.56284
		تاريخ الإسلام ووفيات المشاهير والأعلام [ج ٢٩]	شمس الدين محمّد بن أحمد بن عثمان الذّهبي	Rafed	3559	0.5628
		 الضوء اللامع لأهل القرن التاسع 	 شمس الدين السخاوي 	ABLibrary	956	0.56262
		فوائد أبي بكر النصيبي	أبو بكر أحمد بن يوسف بن خلاد بن منصور النصيبي ثم البغدادي العطار (المتوفى: 359ه)	Sham19Y	29779	0.56255
		تخريج أحاديث إحياء علوم الدين	الزبيدي، مرتضى	ShamelaY19	38171	0.56245
		أمالي المحاملي - رواية ابن يحيى البيع	أبو عبد الله البغدادي الحسين بن إسماعيل بن محمد بن إسماعيل بن سعيد بن أبان الضبي المحاملي (المتوفى: 330هـ)	ShamAY	31636	0.56239
		جزء فيه قراءات النبي صلى الله عليه وسلم	أبو عمر حفص بن عمر بن عبد العزيز بن صهبان الأزدي الدُّورِي القارئ (المتوفى: 246هـ)	ShamAY	13106	0.56228
		الدرة الثمينة في أخبار المدينة - ط بحوث المدينة بالحواشي	ابن النجار، محب الدين	ShamAY	38443	0.56225
		التاريخ الأوسط - ط الرشد	أبو عبد الله محمد بن إسماعيل البخاري	ShamAY	34588	0.56225
		تاريخ الإسلام ووفيات المشاهير والأعلام	شمس الدين أبو عبد الله محمد بن أحمد بن عثمان بن قايماز الذهبي (المتوفى: 748ه)	Sham19Y	35100	0.56224
		الفرج بعد الشدة لابن أبي الدنيا	أبو بكر عبد الله بن محمد بن عبيد بن سفيان بن قيس البغدادي الأموي القرشي المعروف بابن أبي الدنيا (المتوفى: 281هـ)	ShamAY	9307	0.56216
		مجمع البحرين في زوائد المعجمين (الأوسط والصغير للطبراني) للهيثمي - ط الرشد	نور الدين الهيثمي	ShamAY	38036	0.56213
		الفجر الساطع على الصحيح الجامع	محمد الفضيل بن محمد الفاطمي الشبيهي	ShamAY	35955	0.56212
		حديث ذي النون المصري	ذو النون المصري ثوبان بن إبراهيم وقيل: فيض بن أحمد وقيل: فيض بن إبراهيم النوبي، الإخميمي (المتوفى: 248ه)	Sham19Y	30738	0.56197
		 الدرة الثمينة في أخبار المدينة 	 ابن النجار البغدادي 	ABLibrary	9067	0.56188
		مسند الإمام أحمد بن حنبل	أبو عبد الله أحمد بن محمد بن حنبل بن هلال بن أسد الشيباني (المتوفى: 241هـ)	ShamAY	13157	0.56176
		فضل الصلاة على النبي صلى الله عليه وسلم	القاضي أبو إسحاق إسماعيل بن إسحاق بن إسماعيل بن حماد بن زيد الأزدي البصري ثم البغدادي المالكي الجهضمي (المتوفى: 282هـ)	ShamAY	1462	0.56158
		صحيح وضعيف سنن الترمذي	محمد ناصر الدين الألباني (المتوفى: 1420هـ)	ShamAY	782	0.56155
		تهذيب الآثار - الجزء المفقود	محمد بن جرير بن يزيد بن كثير بن غالب الآملي، أبو جعفر الطبري (المتوفى: 310ه)	Sham19Y	5597	0.56152
		وسائل الشيعة [ج ٢٧]	محمد بن الحسن الحرّ العاملي [ العلامة الشيخ حرّ العاملي ]	Rafed	354	0.56145
		جزء فيه مجلسان من إملاء النسائي	أبو عبد الرحمن أحمد بن شعيب بن علي الخراساني، النسائي (المتوفى: 303هـ)	ShamAY	8225	0.56129
		نسخة عبد الله بن صالح كاتب الليث (مطبوع ضمن مجموع باسم الفوائد لابن منده!)	أَبُو صَالِحٍ، عَبْدُ اللهِ بنُ صَالِحِ بنِ مُحَمَّدِ بنِ مُسْلِمٍ الجُهَنِيُّ مَوْلاَهُمُ، المِصْرِيُّ، كَاتِبُ اللَّيْثِ بنِ سَعْدٍ (المتوفى: 223هـ)	ShamAY	9633	0.56122
		تحفه لب اللباب في ذكر نسب الساده الانجاب	سيدمهدي رجايي	Ghbook	15618	0.56116
		الأدب المفرد - ط الصديق	أبو عبد الله محمد بن إسماعيل البخاري	ShamAY	38159	0.56115
		جزء من نسخة إبراهيم بن سعد (مطبوع ضمن مجموع باسم الفوائد لابن منده!)	إبراهيم بن سعد بن إبراهيم بن عبد الرحمن بن عوف، أبو إسحاق الزهري (المتوفى: 184هـ)	ShamAY	9412	0.56115
		جزء محمد بن يحيى الذهلي	محمد بن يحيى بن عبد الله الذهلي، مولاهم، النيسابورى، أبو عبد الله (المتوفى: 258ه)	ShamelaY19	30368	0.56106
		مستدركات علم رجال الحديث	علي نمازي شاهرودي	Ghbook	7176	0.56102
		إتحاف المهرة لابن حجر	ابن حجر العسقلاني	ShamelaY19	26324	0.56096
		التاج المكلل من جواهر مآثر الطراز الآخر والأول	أبو الطيب محمد صديق خان بن حسن بن علي ابن لطف الله الحسيني البخاري القِنَّوجي (المتوفى: 1307هـ)	ShamAY	32275	0.56095
		المسند للشاشي	أبو سعيد الهيثم بن كليب بن سريج بن معقل الشاشي البِنْكَثي (المتوفى: 335هـ)	ShamAY	13066	0.56092
		معرفة التذكرة في الأحاديث الموضوعة	أبو الفضل محمد بن طاهر بن علي بن أحمد المقدسي الشيباني، المعروف بابن القيسراني (المتوفى: 507هـ)	ShamAY	6080	0.56076
		الفانيد في حلاوة الأسانيد - سلسلة لقاء العشر الأواخر بالمسجد الحرام (3)	عبد الرحمن بن أبي بكر، جلال الدين السيوطي (المتوفى: 911 هـ)	ShamAY	32389	0.56074
		إتحاف الخيرة المهرة بزوائد المسانيد العشرة	أبو العباس شهاب الدين أحمد بن أبي بكر بن إسماعيل بن سليم بن قايماز بن عثمان البوصيري الكناني الشافعي (المتوفى: 840ه)	ShamelaY19	21765	0.56074
		دلائل النبوة لإسماعيل لأصبهاني	إسماعيل بن محمد بن الفضل بن علي القرشي الطليحي التيمي الأصبهاني، أبو القاسم، الملقب بقوام السنة (المتوفى: 535هـ)	ShamAY	6569	0.56072
		نفحات الأزهار في خلاصة عبقات الأنوار [ج ١٤]	السيّد علي الحسيني الميلاني	Rafed	464	0.56067
		مثير الغرام الساكن إلى أشرف الأماكن ط دار الحديث	جمال الدين أبو الفرج عبد الرحمن بن علي بن محمد الجوزي (المتوفى: 597هـ)	ShamAY	10437	0.56059
		الإيثار بمعرفة رواة الآثار	أبو الفضل أحمد بن علي بن محمد بن أحمد بن حجر العسقلاني (المتوفى: 852هـ)	ShamAY	5861	0.56055
		المداوي لعلل الجامع الصغير وشرحي المناوي	أحمد بن محمد بن الصدِّيق بن أحمد، أبو الفيض الغُمَارِي الحسني الأزهري (المتوفى: 1380 هـ)	ShamAY	32538	0.56053
		تاريخ الإسلام وَوَفيات المشاهير وَالأعلام	شمس الدين أبو عبد الله محمد بن أحمد بن عثمان بن قَايْماز الذهبي (المتوفى: 748هـ)	ShamAY	223	0.56051
		اولاد النبي و هل للنبي بنت غير الزهراء	خليفه عبيد كلباني عماني	Ghbook	7609	0.56051
		أمالي الباغندي	الباغندي الكبير محمد بن سليمان بن الحارث الواسطي، أبو بكر الباغَندي، والد الحافظ محمد بن محمد الباغَندي (المتوفى: 283هـ)	ShamAY	1272	0.56048
		الإعلام في إيضاح ما خفي على الإمام، تعقبات حديثية على الشيخ محمد ناصر الدين الألباني مع نقولات في الرجال لسماحة العلامة عبد العزيز بن عبد الله بن باز	أبو عبد الله، فهد بن عبد الله بن إبراهيم السنيد	Sham19Y	13642	0.56045
		تهذيب الاحكام	محمد بن حسن شيخ طوسي ( شيخ الطائفه )	Ghbook	378	0.56039
		تهذيب الآثار - الجزء المفقود	محمد بن جرير بن يزيد بن كثير بن غالب الآملي، أبو جعفر الطبري (المتوفى: 310هـ)	ShamAY	5597	0.56035
		الأربعون في دلائل التوحيد	أبو إسماعيل عبد الله بن محمد الأنصاري الهروي (المتوفى: 481هـ)	ShamAY	6410	0.5603
		أمالي المحاملي - رواية ابن يحيى البيع	أبو عبد الله البغدادي الحسين بن إسماعيل بن محمد بن إسماعيل بن سعيد بن أبان الضبي المحاملي (المتوفى: 330ه)	Sham19Y	13081	0.56029
		المحمدون من الشعراء وأشعارهم	جمال الدين أبو الحسن علي بن يوسف القفطي (المتوفى: 646هـ)	ShamAY	1253	0.56023
		فوائد أبي بكر النصيبي	أَبُو بَكْرٍ أَحْمَدُ بنُ يُوْسُفَ بنِ خَلاَّدِ بنِ مَنْصُوْرٍ النَّصِيْبِيُّ ثُمَّ البَغْدَادِيُّ العَطَّارُ (المتوفى: 359هـ)	ShamAY	29779	0.56021
		القبور لابن أبي الدنيا - ط أطلس الخضراء = مقابل	أبو بكر عبد الله بن محمد ابن أبي الدنيا	ShamAY	38162	0.56016
		معرفة الرجال عن يحيى بن معين وفيه عن علي بن المديني وأبي بكر بن أبي شيبة ومحمد بن عبد الله بن نمير وغيرهم/ رواية أحمد بن محمد بن القاسم بن محرز	أبو زكريا يحيى بن معين بن عون بن زياد بن بسطام بن عبد الرحمن المري بالولاء، البغدادي (المتوفى: 233هـ)	ShamAY	101	0.56014
		جزء فيه حديث أبي سعيد الأشج	أَبُو سَعِيْدٍ الأَشَجُّ عَبْدُ اللهِ بنُ سَعِيْدِ بنِ حُصَيْنٍ الكِنْدِيُّ، الكُوْفِيُّ (المتوفى: 257هـ)	ShamAY	1313	0.56014
		المجالسة وجواهر العلم	أبو بكر أحمد بن مروان الدينوري المالكي (المتوفى : 333هـ)	ShamAY	9948	0.56011
		السادس من مشيخة ابن حيويه	محمد بن العباس بن محمد بن زكرياء، أبو عمر ابن حيويه الخزاز (المتوفى: 382ه)	ShamelaY19	29958	0.5601
		الجمعة وفضلها لأحمد بن علي المروزي	أبو بكر أحمد بن علي بن سعيد بن إبراهيم الأموي المروزي (المتوفى: 292هـ)	ShamAY	8212	0.56004
		النجوم الزاهرة فى ملوك مصر والقاهرة	يوسف بن تغري بردي بن عبد الله الظاهري الحنفي، أبو المحاسن، جمال الدين (المتوفى: 874ه)	Sham19Y	11988	0.55999
		إتحاف المهرة بالفوائد المبتكرة من أطراف العشرة	أبو الفضل أحمد بن علي بن محمد بن أحمد بن حجر العسقلاني (المتوفى : 852هـ)	ShamAY	26324	0.55991
		السنة للمروزي	أبو عبد الله محمد بن نصر بن الحجاج المَرْوَزِي (المتوفى: 294هـ)	ShamAY	13032	0.55976
		فوائد ابن أخي ميمي الدقاق	أبو الحسين محمد بن عبد الله بن الحسين بن عبد الله بن هارون البغدادي الدقاق المعروف بابن أخي ميمي (المتوفى: 390ه)	Sham19Y	9564	0.55974
		الأوائل لأبي عروبة الحراني	أبو عروبة الحسين بن محمد بن أبي معشر مودود السُّلَمي الجَزَري الحرَّاني (المتوفى: 318هـ)	ShamAY	5744	0.55971
		حديث خالد بن مرداس السراج	خالد بن مرداس أبو الهيثم السراج (المتوفى: 231ه)	ShamelaY19	29705	0.55969
		النجوم الزاهرة فى ملوك مصر والقاهرة	يوسف بن تغري بردي بن عبد الله الظاهري الحنفي، أبو المحاسن، جمال الدين (المتوفى: 874هـ)	ShamAY	11988	0.55968
		مختصر خلافيات البيهقي	أحمد بن فَرح (بسكون الراء) بن أحمد بن محمد بن فرح اللَّخمى الإشبيلى، نزيل دمشق، أبو العباس، شهاب الدين الشافعي (المتوفى: 699هـ)	ShamAY	6227	0.55967
		الأمر بالمعروف والنهي عن المنكر لابن أبي الدنيا	أبو بكر عبد الله بن محمد بن عبيد بن سفيان بن قيس البغدادي الأموي القرشي المعروف بابن أبي الدنيا (المتوفى: 281هـ)	ShamAY	8207	0.55964
		الأحاديث التى أوردها الحافظ ابن حجر العسقلانى رحمه الله فى فتح البارى	عاطف عبد الحميد	ShamAY	37309	0.55964
		رسالة المسلسلات	أبو عبد الله محمد بن أبي الفيض جعفر بن إدريس الحسني الإدريسي الشهير بـ الكتاني (المتوفى: 1345هـ)	ShamAY	11781	0.55962
		حديث ذي النون المصري	ذو النون المصري ثوبان بن إبراهيم وقيل: فيض بن أحمد وقيل: فيض بن إبراهيم النوبي، الإخميمي (المتوفى: 248ه)	ShamelaY19	30738	0.55952
		المختصر النصيح في تهذيب الكتاب الجامع الصحيح	المهلب بن أحمد بن أبي صفرة أسيد بن عبد الله الأسدي الأندلسي، المريي (المتوفى: 435ه)	ShamelaY19	37837	0.55945
		كتاب الأربعين في صفات رب العالمين	شمس الدين أبو عبد الله محمد بن أحمد بن عثمان بن قَايْماز الذهبي (المتوفى: 748هـ)	ShamAY	12861	0.55942
		إحقاق الحقّ وإزهاق الباطل [ج ١٣]	السيّد نور الله الحسيني المرعشي التستري	Rafed	2750	0.55942
		مكاتيب الائمه ( عليهم السلام ) - مكاتيب الامام جعفر بن محمد الصادق ( عليه السلام...	علي احمدي ميانجي	Ghbook	5026	0.55928
		الإعلام في إيضاح ما خفي على الإمام، تعقبات حديثية على الشيخ محمد ناصر الدين الألباني مع نقولات في الرجال لسماحة العلامة عبد العزيز بن عبد الله بن باز	أبو عبد الله، فهد بن عبد الله بن إبراهيم السنيد	ShamAY	31779	0.55927
		سؤالات أبي عبد الله بن بكير البغدادي للإمام أبي الحسن الدارقطني - ط الفاروق	أبو عبد الله الحسين بن أحمد بن عبد الله بن بكير البغدادي	ShamAY	34160	0.55926
		صفات الشيعة	الشيخ الصدوق	Masaha	2323	0.55925
		سنن أبي بكر الأثرم	أَبُو بَكْرٍ أَحْمَدُ بنُ مُحَمَّدِ بنِ هَانِئ الإِسْكَافيُّ الأَثْرَم الطَّائِيُّ وَقِيْلَ: الكَلْبِيّ (المتوفى: 273هـ)	ShamAY	26550	0.5592
		أحكام القرآن للطحاوي	أبو جعفر أحمد بن محمد بن سلامة بن عبد الملك بن سلمة الأزدي الحجري المصري المعروف بالطحاوي (المتوفى : 321هـ)	ShamAY	10765	0.55914
		المختلطين للعلائي	صلاح الدين أبو سعيد خليل بن كيكلدي بن عبد الله الدمشقي العلائي (المتوفى: 761ه)	ShamelaY19	25846	0.55912
		وصل بلاغات الموطأ ابن الصلاح	عثمان بن عبد الرحمن، أبو عمرو، تقي الدين المعروف بابن الصلاح (المتوفى: 643ه)	ShamelaY19	29413	0.55911
		جزء أبي الجهم العلاء بن موسى الباهلي	العلاء بن موسى بن عطية البغدادي، أبو الجهم الباهلي (المتوفى: 228هـ)	ShamAY	9088	0.55889
		صحيح وضعيف سنن أبي داود	محمد ناصر الدين الألباني (المتوفى: 1420هـ)	ShamAY	1755	0.55881
		احمد بن اسحاق الثقة المرضي، من اصحاب الجواد و الهادي	موسسه پيام امام هادي عليه السلام	Ghbook	14748	0.55877
		تبيين العجب بما ورد في فضل رجب	للحافظ ابن حجر العسقلاني.	ShamAY	35247	0.55867
		ما رواه الأكابر عن مالك لمحمد بن مخلد	أبو عبد الله محمد بن مخلد بن حفص العطار الدوري البغدادي (المتوفى: 331هـ)	ShamAY	1249	0.55863
		علة الحديث المسلسل في يوم العيدين لأبي محمد الجرجاني	أَبُو مُحَمَّدٍ عَبْدُ اللهِ بنُ يُوْسُفَ الجُرْجَانِيُّ (المتوفى: 489هـ)	ShamAY	27094	0.55853
		روايات البغوي في تفسيره معالم التنزيل عن شيخه عبد الواحد المليحي "تخريج ودراسة"	عبد الحميد شيخون	Sham19Y	132397	0.55832
		مجلسان من أمالي الخلال	أبو محمد الحسن بن محمد بن الحسن بن علي البغدادي الخَلَّال (المتوفى: 439هـ)	ShamAY	30446	0.55827
		تهذيب الآثار وتفصيل الثابت عن رسول الله من الأخبار	محمد بن جرير بن يزيد بن كثير بن غالب الآملي، أبو جعفر الطبري (المتوفى: 310هـ)	ShamAY	13090	0.55818
		الموطأ برواية سويد الحدثاني - ط الغرب الإسلامي	الإمام مالك بن أنس (179 هـ)	ShamAY	33923	0.55817
		طبقات الصوفية للسلمي ويليه ذكر النسوة المتعبدات الصوفيات	محمد بن الحسين بن محمد بن موسى بن خالد بن سالم النيسابوري، أبو عبد الرحمن السلمي (المتوفى: 412هـ)	ShamAY	6686	0.5581
		مجلسان من أمالي الضبي - مخطوط	أبو عبد الله الحسين بن هارون الضبي	ShamAY	32900	0.5581
		الثقات للعجلي ط الباز	أبو الحسن أحمد بن عبد الله بن صالح العجلى الكوفى (المتوفى: 261هـ)	ShamAY	9170	0.55803
		تاريخ الإسلام ووفيات المشاهير والأعلام	شمس الدين أبو عبد الله محمد بن أحمد بن عثمان بن قايماز الذهبي (المتوفى: 748ه)	ShamelaY19	35100	0.55799
		مناقب النساء الصحابيات لعبد الغني المقدسي	عبد الغني بن عبد الواحد بن علي بن سرور المقدسي الجماعيلي الدمشقي الحنبلي، أبو محمد، تقي الدين (المتوفى: 600ه)	ShamelaY19	26710	0.55796
		الأول من حديث سعدان بن نصر بن منصور البزاز أبي عثمان	أبو عثمان سعدان بن نصر بن منصور المخرمي المتوفى سنة 265 هـ	ShamAY	35246	0.55794
		فوائد الفوائد لابن خزيمة	أبو بكر محمد بن إسحاق بن خزيمة بن المغيرة بن صالح بن بكر السلمي النيسابوري (المتوفى: 311هـ)	ShamAY	1339	0.55789
		سير السلف الصالحين لإسماعيل بن محمد الأصبهاني	إسماعيل بن محمد بن الفضل بن علي القرشي الطليحي التيمي الأصبهاني، أبو القاسم، الملقب بقوام السنة (المتوفى: 535ه)	ShamelaY19	21493	0.55781
		 مسند الإمام الصادق ( ع ) 	 الشيخ عزيز الله عطاردي 	ABLibrary	7714	0.55773
		زيادات القطيعي على مسند الإمام أحمد دراسة وتخريجا	دخيل بن صالح اللحيدان	ShamAY	4262	0.55762
		أحاديث أبي عبد الله الرازي	ابن الحطاب أبو عبد الله الرازي، محمد بن أحمد بن إبراهيم (المتوفى: 525ه)	ShamelaY19	29726	0.55738
		أمثال الحديث لأبي الشيخ الأصبهاني	أبو محمد عبد الله بن محمد بن جعفر بن حيان الأنصاري المعروف بأبِي الشيخ الأصبهاني (المتوفى: 369هـ)	ShamAY	13082	0.55725
		تاريخ الإسلام ووفيات المشاهير والأعلام	شمس الدين أبو عبد الله محمد بن أحمد بن عثمان بن قايماز الذهبي (المتوفى: 748ه)	ShamelaY19	22771	0.55722
		سير السلف الصالحين لإسماعيل بن محمد الأصبهاني	إسماعيل بن محمد بن الفضل بن علي القرشي الطليحي التيمي الأصبهاني، أبو القاسم، الملقب بقوام السنة (المتوفى: 535هـ)	ShamAY	21493	0.55699
		وصل بلاغات الموطأ ابن الصلاح	عثمان بن عبد الرحمن، أبو عمرو، تقي الدين المعروف بابن الصلاح (المتوفى: 643هـ)	ShamAY	29413	0.55684
		التوحيد لابن خزيمة - ت: الزهيري	أبو بكر محمد بن إسحاق بن خزيمة	ShamAY	33974	0.55681
		 الضوء اللامع لأهل القرن التاسع 	 شمس الدين السخاوي 	ABLibrary	958	0.55681
		منتهى المقال في أحوال الرّجال [ج ٧]	الشيخ محمّد بن إسماعيل المازندراني	Rafed	542	0.55675
		الأولياء لابن أبي الدنيا	أبو بكر عبد الله بن محمد بن عبيد بن سفيان بن قيس البغدادي الأموي القرشي المعروف بابن أبي الدنيا (المتوفى: 281هـ)	ShamAY	13003	0.55674
		سؤالات البرقاني للدارقطني رواية الكرجي عنه	أحمد بن محمد بن أحمد بن غالب، أبو بكر المعروف بالبرقاني (المتوفى: 425هـ)	ShamAY	11237	0.55674
		 منتخب الأثر في أحوال الإمام الثاني عشر ( عج ) 	 الشيخ لطف الله الصافي الگلپايگاني 	ABLibrary	7791	0.55659
		منتقى من أخبار الأصمعي للربعي	عبد الله بن أحمد بن ربيعة بن زبر الربعي، أبو محمد (المتوفى: 329ه)	ShamelaY19	26875	0.5564
		نَقْضُ الإِمَامِ أَبِي سَعِيِدٍ عُثْمَانَ بْنِ سَعِيِدٍ عَلَى المَرِيْسِيِّ الْجَهْمِيِّ العَنِيدِ فِيْمَا افْتَرَىَ عَلَى اللهِ - عز وجل - مِنَ التَّوْحِيدِ	أبو سعيد عثمان بن سعيد بن خالد بن سعيد الدارمي السجستاني (المتوفى: 280 هـ)	ShamAY	32552	0.55628
		صحيح وضعيف سنن ابن ماجة	محمد ناصر الدين الألباني (المتوفى: 1420هـ)	ShamAY	810	0.5562
		نفحات الأزهار في خلاصة عبقات الأنوار [ج ٥]	السيّد علي الحسيني الميلاني	Rafed	433	0.5562
		ذيل تاريخ مولد العلماء ووفياتهم	عبد العزيز بن أحمد بن محمد بن علي التميمي، أبو محمد الكتاني الدمشقي (المتوفى: 466هـ)	ShamAY	5790	0.55612
		رجال الشيعة في أسانيد السنّة	الشيخ محمّد جعفر الطبسي	Rafed	177	0.55599
		أمراء الكوفة وحكامها	محمد علي آل خليفة	Masaha	3953	0.55587
		تاريخ الإسلام ووفيات المشاهير والأعلام [ج ٣١]	شمس الدين محمّد بن أحمد بن عثمان الذّهبي	Rafed	3566	0.55576
		زبد العلوم وصاحب المنطوق والمفهوم	يوسف بن عبد الهادي المقدسي الحنبلي (841 - 909 ه)	Sham19Y	133413	0.55574
		منتقى من أخبار الأصمعي للربعي	عبد الله بن أحمد بن ربيعة بن زبر الربعي، أبو محمد (المتوفى: 329هـ)	ShamAY	26875	0.55572
		منتخب الأثر في الإمام الثاني عشر عليه السلام [ج ٣]	لطف الله الصافي الگلپايگاني	Rafed	2776	0.5557
		بلاغات ابن شهاب الزهري وإدراجاته في الكتب الستة	عبد الحميد شيخون	ShamelaY19	132393	0.55566
		 تاريخ معرة النعمان 	 محمد سليم الجندي 	ABLibrary	9005	0.5556
		من اسمه شعبة للأصبهاني	أبو نعيم أحمد بن عبد الله بن أحمد بن إسحاق بن موسى بن مهران الأصبهاني (المتوفى: 430هـ)	ShamAY	13181	0.55552
		أخبار مكّة في قديم الدّهر وحديثه [ج ٢]	أبي عبد الله محمّد بن إسحاق ابن العبّاس الفاكهي المكّي	Rafed	2101	0.55544
		إنباء الغمر بأبناء العمر	أبو الفضل أحمد بن علي بن محمد بن أحمد بن حجر العسقلاني (المتوفى: 852هـ)	ShamAY	26317	0.55537
		صحيح البخاري ـ حسب ترقيم فتح الباري - ط دار الشعب	محمد بن إسماعيل بن إبراهيم بن المغيرة البخاري، أبو عبد الله (المتوفى : 256هـ)	ShamAY	38030	0.55529
		فضل يوم عرفة لأبي بكر الوراق	أَبُو بَكْرٍ مُحَمَّدُ بنُ إِسْمَاعِيْلَ بنِ العَبَّاسِ البَغْدَادِيُّ المُسْتَمْلِي الوَرَّاقُ (المتوفى: 378هـ)	ShamAY	1376	0.55525
		خزانة التواريخ النجدية	عبدالله بن عبدالرحمن ( آل بسام )	Ghbook	9236	0.55523
		الاختصاص	محمد بن  محمد بن نعمان شيخ مفيد	Ghbook	2365	0.55518
		من حديث أبي عبد الله الحسين بن محمد ابن العسكري عن شيوخه (مطبوع مع كتاب الكرم والجود للمؤلف)	أبو جعفر محمد بن الحسين البرجلاني (المتوفى: 238ه)	Sham19Y	7819	0.55516
		حديث يحيى بن معين رواية أبي منصور الشيباني	أبو زكريا يحيى بن معين بن عون بن زياد بن بسطام بن عبد الرحمن (المتوفى: 233هـ)	ShamAY	11037	0.55514
		الفوائد للفريابي	أبو بكر جعفر بن محمد بن الحسن بن المُسْتَفاض الفِرْيابِي (المتوفى: 301هـ)	ShamAY	13050	0.55514
		الحجة على أهل المدينة	أبو عبد الله محمد بن الحسن بن فرقد الشيباني (المتوفى: 189هـ)	ShamAY	6161	0.55513
		نص مستدرك من كتاب العبر	الذهبي، شمس الدين	ShamAY	34591	0.55511
		فوائد ابن أخي ميمي الدقاق	أَبُو الحُسَيْنِ مُحَمَّدُ بنُ عَبْدِ اللهِ بنِ الحُسَيْنِ بنِ عَبْدِ اللهِ بنِ هَارُوْنَ البَغْدَادِيُّ الدَّقَّاقُ المعروف بِابْنِ أَخِي مِيْمِي (المتوفى: 390هـ)	ShamAY	1422	0.55511
		حديث أبي عبد الله الأنصاري	أبو عبد الله محمد بن زيد الأنصاري (المتوفى: 377ه)	Sham19Y	29714	0.55495
		تبيين العجب ممن ضعف حديث زينب بنت كعب	أَبُو مُحَمَّدٍ أَحْمَدُ شِحَاتَهْ الأَلْفِيُّ السَّكَنْدَرِيُّ	ShamAY	33061	0.55485
		مسند الحارث = بغية الباحث عن زوائد مسند الحارث	أبو محمد الحارث بن محمد بن داهر التميمي البغدادي الخصيب المعروف بابن أبي أسامة (المتوفى: 282هـ)	ShamAY	13160	0.55479
		تاريخ ابن يونس المصري [ج ١]	أبي سعيد عبد الرحمان بن أحمد بن يونس بن عبد الأعلى الصدفي المصري	Rafed	2351	0.55473
		الجزء الثاني من حديث عبد الله بن مسعود لابن صاعد - مخطوط	أبو محمد يحيى بن محمد بن صاعد	ShamAY	32850	0.55455
		حديث أبي بكر بن الأنباري	محمد بن جعفر بن محمد بن الهيثم، أبو بكر الأنباري، البُنْدار (المتوفى: 360هـ)	ShamAY	29781	0.55447
		إنباء الغمر بأبناء العمر	أبو الفضل أحمد بن علي بن محمد بن أحمد بن حجر العسقلاني (المتوفى: 852ه)	ShamelaY19	26317	0.55447
		جمع القرآن	اكرم عبدالخليفة دليمي	Ghbook	4840	0.55444
		موسوعة فضائل سور وآيات القرآن - القسم الصحيح	محمد بن رزق بن طرهوني	ShamelaY19	144114	0.55434
		الجامع الصحيح فِيمَا كَانَ عَلى شَرطِ الشَيْخَيْنِ أو أحَدِهِمَا وَلم يُخَرِّجَاهُ	أبو عبد الرحمن، يوسف بن جودة يس يوسف الداودي	ShamAY	32001	0.55426
		حديث أبي جعفر الطحاوي	أبو جعفر أحمد بن محمد بن سلامة بن عبد الملك بن سلمة الأزدي الحجري المصري المعروف بالطحاوي (المتوفى: 321هـ)	ShamAY	30526	0.55419
		الجامع الصحيح فيما كان على شرط الشيخين أو أحدهما ولم يخرجاه	أبو عبد الرحمن، يوسف بن جودة يس يوسف الداودي	Sham19Y	13280	0.55415
		التَّراجِمُ السَّاقِطَةُ مِنْ كِتَابِ إِكْمَال تَهْذِيبَ الكَمَال لمُغْلَطَاي (المَطْبُوع)	مغلطاي بن قليج بن عبد الله البكجري المصري الحكري الحنفي، أبو عبد الله، علاء الدين (المتوفى: 762هـ)	ShamAY	958	0.55413
		منتهى المقال في أحوال الرّجال [ج ٣]	الشيخ محمّد بن إسماعيل المازندراني	Rafed	535	0.55407
		تاريخ الإسلام ووفيات المشاهير والأعلام [ج ٣٧]	شمس الدين محمّد بن أحمد بن عثمان الذّهبي	Rafed	3584	0.55406
		العمدة من الفوائد والأثار الصحاح والغرائب في مشيخة شهدة	شُهْدة بِنْت أحمد بْن الفرج بْن عُمَر الإبري فخر النساء بِنْت أَبِي نصر الدينوري الأصل البغدادي الكاتبة (المتوفى: 574هـ)	ShamAY	7375	0.55403
		حديث إن لله تسعة وتسعين اسما لأبي نعيم الأصبهاني	أبو نعيم أحمد بن عبد الله بن أحمد بن إسحاق بن موسى بن مهران الأصبهاني (المتوفى: 430ه)	ShamelaY19	21783	0.55402
		سفط الملح وزوح الترح	سعد الله بن نصر بن سعيد الحنبلي المعروف بابن الدجاجي (المتوفى: 564هـ)	ShamAY	5355	0.55396
		أحاديث منتخبة من الجزء السادس من كتاب أمارات السوء للجوزجاني - مخطوط	أبو إسحاق إبراهيم بن يعقوب الجوزجاني	ShamAY	32910	0.55394
		العنعنة من صيغ الاداء للحديث  الشريف (تاريخها،دلالتها و قيمتها العلمية في الكافي...	محمد رضا حسيني جلالي	Ghbook	16357	0.55394
		طبقات الأسماء المفردة من الصحابة والتابعين وأصحاب الحديث	أبو بكر أحمد بن هارون بن روح البرديجي (المتوفى: 301هـ)	ShamAY	34608	0.55375
		فتح الودود في شرح سنن أبي داود	السندي، محمد بن عبد الهادي	ShamelaY19	20591	0.55372
		أحكام النساء للإمام أحمد	أبو عبد الله أحمد بن محمد بن حنبل بن هلال بن أسد الشيباني (المتوفى: 241هـ)	ShamAY	1546	0.55364
		سنن سعيد بن منصور - ت الأعظمي - ت العلمية	سعيد بن منصور	ShamAY	33972	0.55357
		شفاء السّقام في زيارة خير الأنام صلى الله عليه وآله	علي بن عبدالكافي بن علي أبوالحسن الأنصاري الخزرجي المصري الشافعي [ تقي الدين السبكي ]	Rafed	3618	0.55352
		السيرة النبوية (من البداية والنهاية لابن كثير)	أبو الفداء إسماعيل بن عمر بن كثير القرشي الدمشقي (المتوفى: 774هـ)	ShamAY	930	0.55348
		الاعتقاد لابن أبي يعلى	ابن أبي يعلى	ShamelaY19	22852	0.55323
		الجزء 9 من حديث محمد بن منده لإسماعيل بن محمد الصفار- مخطوط	ابن مندة ابن أبي الهيثم	ShamAY	32747	0.55318
		الفرج بعد الشدة للتنوخي	المحسن بن علي بن محمد بن أبي الفهم داود التنوخي البصري، أبو علي (المتوفى: 384هـ)	ShamAY	12828	0.55315
		سنن سعيد بن منصور - ط العلمية والصميعي والألوكة	سعيد بن منصور	ShamAY	38067	0.55314
		 عبقات الأنوار في إمامة الأئمة الأطهار ( فارسي ) 	 السيد حامد النقوي 	ABLibrary	8495	0.55305
		فضائل الرمي لإسحاق القراب	أبو يعقوب إسحاق بن أبي إسحاق إبراهيم بن محمد ابن عبد الرحمن السرخسي الهروي، المعروف بـ القَرَّاب (المتوفى: 429هـ)	ShamAY	10269	0.55299
		تاريخ الإسلام ووفيات المشاهير والأعلام [ج ٣٥]	شمس الدين محمّد بن أحمد بن عثمان الذّهبي	Rafed	3580	0.55295
		أخبار الشيوخ وأخلاقهم	أحمد بن محمد بن الحجاج، أبو بكر المروذي (المتوفى: 275ه)	Sham19Y	9356	0.55293
		تاريخ العلماء النحويين من البصريين والكوفيين وغيرهم.	أبو المحاسن المفضل بن محمد بن مسعر التنوخي المعري (المتوفى: 442هـ)	ShamAY	1386	0.55283
		المخزون في علم الحديث	أبو الفتح محمد بن الحسين بن أحمد بن عبد الله بن بريدة الموصلي الأزدي (المتوفى: 374هـ)	ShamAY	1458	0.55281
		بستان العارفين للنووي	أبو زكريا محيي الدين يحيى بن شرف النووي (المتوفى: 676هـ)	ShamAY	12719	0.55278
		جامع الصحيحين بحذف المعاد والطرق	أبو نعيم الحداد عبيد الله بن الحسن بن أحمد الأصبهاني (517 هـ)	ShamAY	34005	0.55276
		شرح سنن النسائي المسمى «ذخيرة العقبى في شرح المجتبى».	محمد بن علي بن آدم بن موسى الإثيوبي الوَلَّوِي	ShamAY	31952	0.55266
		أسماء المخضرمين من الرجال	السيوطي	ShamAY	35798	0.55262
		 حلية الأبرار في أحوال محمد وآله الأطهار ( ع ) 	 السيد هاشم البحراني 	ABLibrary	7487	0.55259
		مسند الحارث = بغية الباحث عن زوائد مسند الحارث	أبو محمد الحارث بن محمد بن داهر التميمي البغدادي الخصيب المعروف بابن أبي أسامة (المتوفى: 282ه)	Sham19Y	13160	0.55245
		شَذَرَاتٌ مِنَ الْمَنْهَجِ الْمَأْمُولِ بِبَيَانِ مَعْنَى قَوْلِ ابْنِ حَجَرٍ مَقْبُولْ	أبُو مْحَمَّدٍ أَحْمَدُ شِحَاتَهْ الأَلْفِيُّ السَّكَنْدَرِيُّ	ShamAY	37278	0.55234
		المنتخب في ذكر نسب قبائل العرب	عبد الرحمن بن حمد بن زيد المغيرى اللامي، الطائي نسبا، الحنبلي مذهبا، والنجدي وطنا (المتوفى: 1364هـ)	ShamAY	494	0.5523
		أمالي أبي بكر النجاد	أبو بكر النجاد، أحمد بن سلمان بن الحسن بن إسرائيل بن يونس البغدادي (المتوفى: 348هـ)	ShamAY	29721	0.55229
		 الضوء اللامع لأهل القرن التاسع 	 شمس الدين السخاوي 	ABLibrary	953	0.55226
		الجزء من فوائد حديث: أبي ذر عبد بن أحمد الهروي	أبو ذر عبيد بن أحمد بن محمد بن عبد الله بن غفير بن محمد الأنصاري الخراساني الهروي (المتوفى: 434هـ)	ShamAY	13143	0.55219
		الخطب والمواعظ لأبي عبيد	أبو عبيد القاسم بن سلام بن عبد الله الهروي البغدادي (المتوفى: 224ه)	Sham19Y	26510	0.55219
		ذم اللواط للآجري	أبو بكر محمد بن الحسين بن عبد الله الآجُرِّيُّ البغدادي (المتوفى: 360هـ)	ShamAY	9512	0.55215
		رسالة طرق حديث	شمس الدين الذهبي	Masaha	282	0.55207
		أحكام أهل الملل والردة من الجامع لمسائل الإمام أحمد بن حنبل	أبو بكر أحمد بن محمد بن هارون بن يزيد الخَلَّال البغدادي الحنبلي (المتوفى: 311هـ)	ShamAY	9428	0.55201
		نفحات الأزهار في خلاصة عبقات الأنوار [ج ١٦]	السيّد علي الحسيني الميلاني	Rafed	469	0.55201
		 موسوعة الإمام العسكري ( ع ) 	 الشيخ أبو القاسم الخزعلي 	ABLibrary	7852	0.55197
		شرح سنن النسائي المسمى «ذخيرة العقبى في شرح المجتبى».	محمد بن علي بن آدم بن موسى الإثيوبي الولوي	Sham19Y	12888	0.55194
		خلاصة الاقوال في معرفة الرجال	العلامة الحلي	Masaha	547	0.55194
		تذكرة الخواص‏	سبط بن الجوزي‏	Masaha	1954	0.55183
		مكانة الإمام أبي حنيفة في الحديث	محمد عبد الرشيد النعماني الباكستاني (المتوفى: 1420ه)	ShamelaY19	96604	0.5518
		مسند إسحاق بن راهويه - ت البلوشي	إسحاق بن راهويه	ShamAY	38039	0.55177
		ذيل تأريخ مدينة السلام [ج ٥]	أبي عبد الله محمّد بن سعيد بن الدبيثي	Rafed	2334	0.55158
		عوالي مسلم: أربعون حديثا منتقاة من صحيح مسلم	أبو الفضل أحمد بن علي بن محمد بن أحمد بن حجر العسقلاني (المتوفى: 852هـ)	ShamAY	26891	0.55141
		الأجوبة المرضية فيما سئل السخاوي عنه من الأحاديث النبوية	شمس محمد بن عبد الرحمن السخاوي (المتوفى: 902 هـ)	ShamAY	32663	0.55137
		فضل ثغر الإسكندرية للسيوطي - مخطوط (ن)	عبد الرحمن بن أبي بكر، جلال الدين السيوطي (المتوفى: 911ه)	Sham19Y	11797	0.55135
		ثواب الأعمال وعقاب الأعمال	أبي جعفر محمّد بن علي بن الحسين بن بابويه القمّي [ الشيخ الصدوق ]	Rafed	2032	0.55132
		أسماء خيل العرب وفرسانها	أبو عبد الله محمد بن زياد الأعرابي (المتوفى: 231هـ)	ShamAY	770	0.5513
		الأول والثاني من الفوائد المنتقاة من حديث الإخميمي انتقاء عبد الغني بن سعيد الأزدي - مخطوط	أبو الحسن محمد بن أحمد بن العباس الإخميمي	ShamAY	32839	0.5512
		الكوثر في أحوال فاطمة بنت النبي الأعظم(ع) - الجزء2	السيد محمد باقر الموسوي‏	Masaha	2917	0.55119
		الجزء العاشر من مسند عمر بن الخطاب ليعقوب بن شيبة	يعقوب بن شيبة السدوسي	ShamAY	33697	0.55114
		الهدايه (في الاصول و الفروع)	محمد بن علي بن بابويه شيخ صدوق	Ghbook	14796	0.55113
		مصافحات وموافقات وأبدال وأحاديث عوال لجهمة بنت المفرج - مخطوط		ShamAY	32797	0.55101
		مسند البزار المنشور باسم البحر الزخار	أبو بكر أحمد بن عمرو بن عبد الخالق بن خلاد بن عبيد الله العتكي المعروف بالبزار (المتوفى: 292هـ)	ShamAY	12981	0.551
		فضل ثغر الإسكندرية للسيوطي - مخطوط (ن)	عبد الرحمن بن أبي بكر، جلال الدين السيوطي (المتوفى: 911هـ)	ShamAY	11797	0.55071
		مسند الإمام الكاظم أبي الحسن موسى بن جعفر(ع) - الجزء1	عزيز الله عطاردي‏	Masaha	2470	0.55068
		الأمصار ذوات الآثار	الذهبي، شمس الدين	ShamAY	37135	0.55067
		الخطب والمواعظ لأبي عبيد	أبو عبيد القاسم بن سلام بن عبد الله الهروي البغدادي (المتوفى: 224ه)	ShamelaY19	26510	0.55064
		الأجوبة المرضية فيما سئل السخاوي عنه من الأحاديث النبوية	شمس محمد بن عبد الرحمن السخاوي (المتوفى: 902 ه)	Sham19Y	17878	0.55053
		العسل المصفي من تهذيب زين الفتي في شرح سورة هل اتي	احمد بن محمد بن علي عاصمي	Ghbook	9637	0.5505
		طرق حديث عبد الله بن عمر عن النبي صلى الله عليه وسلم في ترائي الهلال	أبو بكر أحمد بن علي بن ثابت الخطيب البغدادي	ShamAY	33621	0.55013
		الحجة في بيان المحجة وشرح عقيدة أهل السنة	إسماعيل بن محمد بن الفضل بن علي القرشي الطليحي التيمي الأصبهاني، أبو القاسم، الملقب بقوام السنة (المتوفى: 535هـ)	ShamAY	6446	0.55003
		فضائل رمضان لابن أبي الدنيا	أبو بكر عبد الله بن محمد بن عبيد بن سفيان بن قيس البغدادي الأموي القرشي المعروف بابن أبي الدنيا (المتوفى: 281هـ)	ShamAY	10799	0.54995
		شمائل النبوة للقفال	أبو بكر محمد بن علي القفال الشاشي	ShamAY	38637	0.54992
		الأحكام الوسطى من حديث النبي - صلى الله عليه وسلم -	عبد الحق بن عبد الرحمن بن عبد الله بن الحسين بن سعيد إبراهيم الأزدي، الأندلسي الأشبيلي، المعروف بابن الخراط (المتوفى: 581 هـ)	ShamAY	32518	0.54992
		سؤالات الحافظ السِلفِي لخميس الحَوزي عن جماعة من أهل واسط	خميس بن علي بن أحمد، أبو الكرم الواسطي الحوزي (المتوفى: 510هـ)	ShamAY	26209	0.54991
		المطالب العالية بزوائد المسانيد الثمانية	أبو الفضل أحمد بن علي بن محمد بن أحمد بن حجر العسقلاني (المتوفى: 852ه)	ShamelaY19	37618	0.54989
		 حلية الأبرار في أحوال محمد وآله الأطهار ( ع ) 	 السيد هاشم البحراني 	ABLibrary	7488	0.54988
		المُعْجَمُ الكَبِير للطبراني قِطْعَةٌ مِنَ المُجَلَّدِ الحَادِي والعِشْرِينَ (يَتَضَمَّنُ جُزْءًا مِنْ مُسْنَدِ النُّعْمَانِ بْنِ بَشِيرٍ)	سليمان بن أحمد بن أيوب بن مطير اللخمي الشامي، أبو القاسم الطبراني (المتوفى: 360هـ)	ShamAY	1428	0.54977
		التبيان في تخريج وتبويب أحاديث بلوغ المرام	خالد بن ضيف الله الشلاحي	ShamelaY19	32528	0.54971
		مسند ابن الجعد	علي بن الجَعْد بن عبيد الجَوْهَري البغدادي (المتوفى: 230هـ)	ShamAY	4407	0.54968
		تاريخ واسط	أسلم بن سهل الرزاز الواسطي	Masaha	3960	0.54964
		تعليقة أمل الآمل‌	ميرزا عبد الله أفندي الاصفهاني	Masaha	3520	0.54964
		مكانة الإمام أبي حنيفة في الحديث	محمد عبد الرشيد النعماني الباكستاني (المتوفى: 1420هـ)	ShamAY	1944	0.5496
		المفَصَّلُ في أصولِ التخريجِ ودراسةُ الأسانيدِ	علي بن نايف الشحود	ShamAY	37265	0.54955
		التبيين لأسماء المدلسين - ط الريان	إبراهيم بن محمد بن سبط ابن العجمي أبو الوفا الحلبي الطرابلسي	ShamAY	34616	0.54937
		النجاة بحمد الله	يوسف بن حسن بن أحمد بن حسن ابن عبد الهادي الصالحي، جمال الدين، ابن ابن المبرد الحنبلي (المتوفى: 909ه)	ShamelaY19	30291	0.54935
		عجالة الراغب المتمني في تخريج كتاب «عمل اليوم والليلة» لابن السني	أبو أسامة، سليم بن عيد الهلالي	ShamelaY19	123672	0.54925
		مسند علي بن ابراهيم القمي	احمد عابدي	Ghbook	16091	0.54923
		إحقاق الحقّ وإزهاق الباطل [ج ١٥]	السيّد نور الله الحسيني المرعشي التستري	Rafed	2754	0.54919
		تاريخ أبي بشر هارون بن حاتم التميمي - مخطوط	أبو بشر هارون بن حاتم التميمي البزاز	ShamAY	32915	0.54918
		 تاريخ بناكتى ( روضة اولى الالباب في معرفة التواريخ والانساب ) 	 داود بن محمد بناكتى ( فخر البناكتى ) ( تعريب : محمد عبد الكريم علي ) 	ABLibrary	8164	0.54913
		مسند البزار المنشور باسم البحر الزخار	أبو بكر أحمد بن عمرو بن عبد الخالق بن خلاد بن عبيد الله العتكي المعروف بالبزار (المتوفى: 292ه)	Sham19Y	12981	0.5491
		تحرير تقريب التهذيب للحافظ أحمد بن علي بن حجر العسقلاني	بشار عواد معروف	ShamelaY19	127715	0.54904
		شرح سنن ابن ماجة المسمى «مرشد ذوي الحجا والحاجة إلى سنن ابن ماجه والقول المكتفى على سنن المصطفى»	محمد الأمين بن عبد الله بن يوسف بن حسن الأرمي العلوي الأثيوبي الهرري الكري البويطي	ShamelaY19	148095	0.54853
		التعليقة على الاستبصار	السيد محمد باقر الميرداماد	Masaha	1255	0.54852
		الأحكام الوسطى من حديث النبي - صلى الله عليه وسلم -	عبد الحق بن عبد الرحمن بن عبد الله بن الحسين بن سعيد إبراهيم الأزدي، الأندلسي الأشبيلي، المعروف بابن الخراط (المتوفى: 581 ه)	Sham19Y	17903	0.54846
		أخبار الشيوخ وأخلاقهم	أحمد بن محمد بن الحجاج، أبو بكر المَرُّوْذِيُّ (المتوفى: 275هـ)	ShamAY	9356	0.54843
		تلخيص الحبير في أحاديث الرافعي الكبير	أحمد بن علي بن حجر أبو الفضل العسقلاني	ShamAY	34124	0.54841
		المصون في الأدب	أبو أحمد الحسن بن عبد الله بن سعيد بن إسماعيل العسكري (المتوفى: 382هـ)	ShamAY	5502	0.54832
		كتاب السنة (ومعه ظلال الجنة في تخريج السنة بقلم: محمد ناصر الدين الألباني)	أبو بكر بن أبي عاصم وهو أحمد بن عمرو بن الضحاك بن مخلد الشيباني (المتوفى: 287هـ)	ShamAY	12051	0.54828
		أطراف الغرائب والأفراد - ت السريع	أبو الفضل محمد بن طاهر المقدسي المعروف بابن القيسراني (507 هـ)	ShamAY	34172	0.54824
		التاريخ والعلل عن يحيى بن معين رواية الدوري - ط الفاروق الحديثة	يحيى بن معين	ShamAY	38167	0.54816
		من فوائد أبي عبد الله محمد بن يعقوب الديباجي - مخطوط		ShamAY	32822	0.5481
		الشجره الطيبه في الارض المخصبه	سيدمهدي رجايي	Ghbook	15624	0.54803
		الزهد لأحمد بن حنبل	أبو عبد الله أحمد بن محمد بن حنبل بن هلال بن أسد الشيباني (المتوفى: 241هـ)	ShamAY	8494	0.54801
		من حديث أبي عبيدة مجاعة بن الزبير العتكي البصري	مجاعة بن الزبير البصري (المتوفى: 146ه)	ShamelaY19	26745	0.54799
		ترجمة مسلمة بن مخلد وبيان صحبته للنبي صلى الله عليه وسلم	يوسف بن عبد الرحمن بن يوسف، أبو الحجاج، جمال الدين ابن الزكي أبي محمد القضاعي الكلبي المزي (المتوفى: 742ه)	ShamelaY19	26893	0.54788
		من حديث أبي عمرو السمرقندي - مخطوط	أبو عمرو عثمان بن محمد السمرقندي	ShamAY	32926	0.54781
		سنن الدارقطني	أبو الحسن علي بن عمر بن أحمد بن مهدي بن مسعود بن النعمان بن دينار البغدادي الدارقطني (المتوفى: 385هـ)	ShamAY	1224	0.54764
		معجم نواصب المحدثين	عبدالرحمن العقيلي	Ghbook	12323	0.54755
		من حديث أبي عبيدة مجاعة بن الزبير العتكي البصري	مُجَّاعَةُ بنُ الزُّبَيْرِ البَصْرِيُّ (المتوفى: 146هـ)	ShamAY	1359	0.54753
		جزء أحمد بن عصام (مطبوع مع جزء محمد بن عاصم)	أبو يحيى أحمد بن عصام بن عبد المجيد بن كثير بن أبي عمرة الأنصاري الأصبهاني (المتوفى: 272هـ)	ShamAY	9051	0.54746
		الشفاعة	أبو عبد الرحمن مقبل بن هادي بن مقبل بن قائدة (اسم رجل) الهمداني الوادعي (المتوفى: 1422ه)	ShamelaY19	96782	0.54723
		أحاديث في فضل الإسكندرية وعسقلان	عثمان بن عبد الرحمن، أبو عمرو، تقي الدين المعروف بابن الصلاح (المتوفى: 643هـ)	ShamAY	30242	0.54704
		 الديباج على مسلم 	 جلال الدين السيوطي 	ABLibrary	882	0.54695
		حديث أبي عبد الله الأنصاري	أبو عبد الله محمد بن زيد الأنصاري (المتوفى: 377هـ)	ShamAY	29714	0.54692
		المسترشد في الإمامة	محمد بن جرير الطبري‏ الصغير	Masaha	2862	0.54685
		الفوائد الحسان الغرائب وفيه حديث الرقيم لابن الجندي - مخطوط		ShamAY	32763	0.54671
		مقتضب الأثر في النص على الأئمة الإثني عشر(ع)	أحمد بن محمد الجوهري‏	Masaha	3308	0.54671
		الصحيح في كشف بيت فاطمه عليها السلام	مهدي خداميان آراني	Ghbook	9578	0.54661
		الإمامة والتبصرة من الحيرة	علي بن بابويه القمي	Masaha	90	0.54657
		مسند ابن الجعد - ط الفلاح ت عبد الهادي	ابن الجعد	ShamAY	38024	0.54656
		المنتقى من السنن المسندة	أبو محمد عبد الله بن علي بن الجارود النيسابوري المجاور بمكة (المتوفى: 307هـ)	ShamAY	13071	0.54648
		تاريخ الإسلام ووفيات المشاهير والأعلام [ج ٣]	شمس الدين محمّد بن أحمد بن عثمان الذّهبي	Rafed	3330	0.54647
		ما اجتمع عندي من الأحاديث بيني وبين رسول الله أربعة رجال لابن شاهين - مخطوط	أبو حفص عمر بن أحمد بن عثمان بن شاهين	ShamAY	32909	0.54641
		جزء فيه منتقى من سيرة ابن هشام (ضمن مجموع مطبوع باسم الفوائد لابن منده!)	محمد بن عبد الله المظفري الشافعيّ (المتوفى: بعد 649هـ)	ShamAY	12855	0.54638
		تحرير تقريب التهذيب للحافظ أحمد بن علي بن حجر العسقلاني	بشار عواد معروف	Sham19Y	127715	0.54633
		الفتن	نعيم بن حماد بن معاويه بن حارث خزاعي مروزي	Ghbook	6614	0.54628
		منتهى المقال في أحوال الرّجال [ج ١]	الشيخ محمّد بن إسماعيل المازندراني	Rafed	530	0.54626
		الْمُخْتَصَرُ النَّصِيحُ فِي تَهْذِيبِ الْكِتَابِ الْجَامِعِ الْصَّحِيحِ	المُهَلَّبُ بنُ أَحْمَدَ بنِ أَبِي صُفْرَةَ أَسِيْدِ بنِ عَبْدِ اللهِ الأَسَدِيُّ الأَنْدَلُسِيُّ، المَرِيِيُّ (المتوفى: 435هـ)	ShamAY	1180	0.54622
		الزهد لوكيع	أبو سفيان وكيع بن الجراح بن مليح بن عدي بن فرس بن سفيان بن الحارث بن عمرو ابن عبيد بن رؤاس الرؤاسي (المتوفى: 197ه)	ShamelaY19	21545	0.54617
		الجزء الأول من أمالي أبي إسحاق	إبراهيم بن عبد الصمد بن موسى بن محمد بن إبراهيم بن محمد بن علي بن عبد الله بن العباس بن عبد المطلب القرشي الهاشمي، أبو إسحاق البغدادي (المتوفى: 325هـ)	ShamAY	9305	0.54616
		سؤالات الحافظ السلفي لخميس الحوزي عن جماعة من أهل واسط	خميس بن علي بن أحمد، أبو الكرم الواسطي الحوزي (المتوفى: 510ه)	ShamelaY19	26209	0.54613
		بيان الوهم والإيهام في كتاب الأحكام	علي بن محمد بن عبد الملك الكتامي الحميري الفاسي، أبو الحسن ابن القطان (المتوفى : 628هـ)	ShamAY	5923	0.54594
		غارة الفصل على المعتدين على كتب العلل	أبو عبد الرحمن مقبل بن هادي بن مقبل بن قائدة (اسم رجل) الهمداني الوادعي (المتوفى: 1422ه)	Sham19Y	96786	0.54575
		مناقب النساء الصحابيات لعبد الغني المقدسي	عبد الغني بن عبد الواحد بن علي بن سرور المقدسي الجماعيلي الدمشقي الحنبلي، أبو محمد، تقي الدين (المتوفى: 600هـ)	ShamAY	1348	0.5457
		الشافي العي على مسند الشافعي للسيوطي - دراسة وتحقيق	السيوطي	ShamAY	35950	0.54565
		رد الجميل في الذب عن إرواء الغليل وهو رد على كتاب (مستدرك التعليل)	أبو عبد الرحمن عبد الله بن صالح العبيلان	ShamelaY19	96928	0.54558
		مرويات غزوة حنين وحصار الطائف	إبراهيم بن إبراهيم قريبي	ShamAY	1308	0.54543
		جزء آدم بن أبي إياس	آدم بن أبى إياس: عبد الرحمن ويقال: ناهية بن محمد بن شعيب الخراسانى المروذى أبو الحسن العسقلانى، مولى بنى تيم أو تميم (المتوفى: 221ه)	ShamelaY19	29703	0.54536
		التبيين لأسماء المدلسين	برهان الدين الحلبي أبو الوفا إبراهيم بن محمد بن خليل الطرابلسي الشافعي سبط ابن العجمي (المتوفى: 841هـ)	ShamAY	1187	0.54532
		الرد على الجهمية ت الشوامي	أبي سَعِيدٍ عُثمَانَ بن سعِيدٍ الدَّارمِيِّ	ShamAY	32551	0.54527
		عشرة أحاديث من الجزء المنتقى الأول والثاني من حديث الليث (مطبوع ضمن مجموع باسم الفوائد لابن منده!)	أبو الحارث الليث بن سعد بن عبد الرحمن الفهمي المصري (المتوفى: 175هـ)	ShamAY	9556	0.54525
		تهذيب الكمال في أسماء الرجال	يوسف بن عبد الرحمن بن يوسف، أبو الحجاج، جمال الدين ابن الزكي أبي محمد القضاعي الكلبي المزي (المتوفى: 742ه)	Sham19Y	3722	0.54515
		اللباب في تهذيب الأنساب	أبو الحسن علي بن أبي الكرم محمد بن محمد بن عبد الكريم بن عبد الواحد الشيباني الجزري، عز الدين ابن الأثير (المتوفى: 630هـ)	ShamAY	5793	0.5451
		مسند أحمد ط المكنز	أحمد بن حنبل أبو عبدالله الشيباني. (164، 241).	ShamAY	33936	0.54505
		أخبار أبي حنيفة وأصحابه	الحسين بن علي بن محمد بن جعفر، أبو عبد الله الصَّيْمَري الحنفي (المتوفى: 436هـ)	ShamAY	6651	0.54503
		أسماء من يعرف بكنيته	أبو الفتح محمد بن الحسين بن أحمد بن عبد الله بن بريدة الموصلي الأزدي (المتوفى: 374هـ)	ShamAY	5779	0.54496
		نواسخ القرآن = ناسخ القرآن ومنسوخه ت آل زهوي	جمال الدين أبو الفرج عبد الرحمن بن علي بن محمد الجوزي (المتوفى: 597هـ)	ShamAY	1192	0.54496
		غارة الفصل على المعتدين على كتب العلل	أبو عبد الرحمن مقبل بن هادي بن مقبل بن قائدة (اسم رجل) الهمداني الوادعي (المتوفى: 1422ه)	ShamelaY19	96786	0.54493
		فضائل القرآن لابن كثير	ابن كثير	ShamelaY19	22800	0.54489
		أحكام القرآن للجهضمي	القاضي أبو إسحاق إسماعيل بن إسحاق بن إسماعيل بن حماد بن زيد الأزدي البصري ثم البغدادي المالكي الجهضمي (المتوفى: 282هـ)	ShamAY	6206	0.54486
		تاريخ الإسلام و وفيات المشاهير و الأعلام - الجزء1	شمس الدين الذهبي	Masaha	2238	0.54485
		عوالم العلوم والمعارف والاحوال (الجزء 15) في احوال اميرالمؤمنين عليه السلام	محمد باقر بن مرتضي موحد ابطحي اصفهاني	Ghbook	15275	0.5448
		 الحلل السندسية في الأخبار والآثار الأندلسية 	 شكيب أرسلان 	ABLibrary	9039	0.54479
		مصباح الزجاجة - دار الجنان	البوصيري	ShamAY	34128	0.54476
		الأمالي والقراءة	أبو محمد الحسن بن علي بن عفان الكوفي العامري (المتوفى: 270ه)	Sham19Y	12998	0.54468
		حديث السراج	أبو العباس محمد بن إسحاق بن إبراهيم بن مهران الخراساني النيسابوري المعروف بالسَّرَّاج (المتوفى: 313هـ)	ShamAY	26668	0.54465
		المسند لعبد الله بن وهب	عبد الله بن وهب	ShamAY	33592	0.54464
		خير الخبر في أذان خير البشر	الإمام محمد عبد الحي اللكنوي (ت1304هـ)	ShamAY	36020	0.54437
		نفحات الأزهار في خلاصة عبقات الأنوار [ج ١٠]	السيّد علي الحسيني الميلاني	Rafed	446	0.54419
		 مسند الإمام الباقر ( ع ) 	 الشيخ عزيز الله عطاردي 	ABLibrary	7708	0.54419
		وفيات جماعة من المحدثين لأبي مسعود الحاجي	عبد الرحيم بن علي بن أحمد الأصبهاني، أبو مسعود الحاجيّ ابن أبي الوفاء (المتوفى: 566هـ)	ShamAY	26437	0.54412
		الكشف والبيان [ج ١٠]	أبو إسحاق أحمد [ الثّعلبي ]	Rafed	1673	0.54409
		روايات ونسخ الجامع الصحيح للإمام أبي عبد الله محمد بن إسماعيل البخاري «دراسة وتحليل»	د محمد بن عبد الكريم بن عبيد	Sham19Y	9843	0.54408
		الاعتقاد لابن أبي يعلى	أبو الحسين ابن أبي يعلى ، محمد بن محمد (المتوفى : 526هـ)	ShamAY	22852	0.544
		 الفخري في أنساب الطالبيين 	 اسماعيل المروزي الأزوارقاني 	ABLibrary	7626	0.54371
		أحاديث مختارة من موضوعات الجورقاني وابن الجوزي	شمس الدين أبو عبد الله محمد بن أحمد بن عثمان بن قايماز الذهبي (المتوفى: 748ه)	Sham19Y	6071	0.5437
		تهذيب الكمال في أسماء الرجال	يوسف بن عبد الرحمن بن يوسف، أبو الحجاج، جمال الدين ابن الزكي أبي محمد القضاعي الكلبي المزي (المتوفى: 742هـ)	ShamAY	3722	0.54365
		فضائل القرآن لابن كثير	أبو الفداء إسماعيل بن عمر بن كثير القرشي البصري ثم الدمشقي (المتوفى : 774هـ)	ShamAY	22800	0.54364
		الجهاد لعبد الله بن المبارك - ط المطبوعات الحديثة (مقابل)	عبد الله بن المبارك المروزي	ShamAY	33661	0.54363
		حديث عباس الترقفي	أبو محمد عباس بن عبد الله بن أبي عيسى الباكسائي، الترقفي (المتوفى: 267ه)	ShamelaY19	30432	0.5436
		المعقبون من آل ابي طالب عليه السلام	سيدمهدي رجايي	Ghbook	15662	0.54351
		الخطب والمواعظ لأبي عبيد	أبو عُبيد القاسم بن سلاّم بن عبد الله الهروي البغدادي (المتوفى: 224هـ)	ShamAY	1328	0.54348
		وفيات جماعة من المحدثين لأبي مسعود الحاجي	عبد الرحيم بن علي بن أحمد الأصبهاني، أبو مسعود الحاجي ابن أبي الوفاء (المتوفى: 566ه)	ShamelaY19	26437	0.5434
		صفة الجنة لأبي نعيم الأصبهاني	أبو نعيم أحمد بن عبد الله بن أحمد بن إسحاق بن موسى بن مهران الأصبهاني (المتوفى: 430هـ)	ShamAY	21602	0.54336
		افحام الأعداء والخصوم	السيد ناصر حسين بن حامد حسين الموسوي الهندي	Rafed	1752	0.54313
		جزء أبي عبد الله العطار	أبو عبد الله محمد بن مخلد بن حفص العطار الدوري البغدادي (المتوفى: 331ه)	ShamelaY19	30373	0.5431
		جزء من حديث أبي بكر النجاد	أبو بكر النجاد، أحمد بن سلمان بن الحسن بن إسرائيل بن يونس البغدادي (المتوفى: 348هـ)	ShamAY	29866	0.54307
		مسند الإمام الجواد أبي جعفر محمد بن علي الرضا(ع)	عزيز الله عطاردي‏	Masaha	2476	0.54307
		تهذيب الأحكام [ج ١]	أبي جعفر محمّد بن الحسن بن علي بن الحسن الطّوسي [ شيخ الطائفة ]	Rafed	722	0.54289
		المنهاج شرح صحيح مسلم بن الحجاج	أبو زكريا محيي الدين يحيى بن شرف النووي (المتوفى: 676هـ)	ShamAY	1711	0.54282
		تاريخ واسط	أسلم بن سهل الرزّاز الواسطي	Rafed	2350	0.54279
		رفع الإصر عن قضاة مصر	أبو الفضل أحمد بن علي بن محمد بن أحمد بن حجر العسقلاني (المتوفى: 852هـ)	ShamAY	12724	0.54273
		الجزء فيه حديث الحافظ ابن ديزيل	إبراهيم بن الحسين بن علي الهمداني الكسائي المعروف بابن ديزيل (281 ه)	ShamelaY19	26740	0.54261
		ذم البغى لابن أبي الدنيا	أبو بكر عبد الله بن محمد بن عبيد بن سفيان بن قيس البغدادي الأموي القرشي المعروف بابن أبي الدنيا (المتوفى: 281هـ)	ShamAY	8228	0.54259
		جامع المسانيد لابن الجوزي	ابن الجوزي، عبد الرحمن بن علي (المتوفى: 597 ه)	Sham19Y	148271	0.54257
		جامع التحصيل في أحكام المراسيل	صلاح الدين أبو سعيد خليل بن كيكلدي بن عبد الله الدمشقي العلائي (المتوفى: 761ه)	ShamelaY19	25864	0.54256
		الثقات لابن حبان - ط العلمية = التراجم	أبو حاتم بن حبان (354هـ)	ShamAY	38017	0.54233
		البعث لابن أبي داود - ت الحويني - ط الكتاب العربي	أبو بكر بن أبي داود، عبد الله بن سليمان بن الأشعث الأزدي السجستاني (المتوفى: 316هـ)	ShamAY	33692	0.54212
		المقتطفات من كتاب فضائل الصحابه	مركز تحقيقات حج	Ghbook	11352	0.54212
		الأصول الأصلية و القواعد الشرعية	السيد عبد الله شبر	Masaha	1501	0.5421
		الثاني من أجزاء ابن الصواف	محمد بن أحمد بن الحسن بن إسحاق ابن الصواف، أبو علي البغدادي (المتوفى: 359ه)	ShamelaY19	29780	0.54195
		طبقات المدلسين = تعريف أهل التقديس بمراتب الموصوفين بالتدليس	أبو الفضل أحمد بن علي بن محمد بن أحمد بن حجر العسقلاني (المتوفى: 852هـ)	ShamAY	1186	0.54187
		الجهاد لابن المبارك	أبو عبد الرحمن عبد الله بن المبارك بن واضح الحنظلي، التركي ثم المرْوزي (المتوفى: 181هـ)	ShamAY	3610	0.54186
		الجامع في الجرح والتعديل [لأقوال البخاري، ومسلم، والعجلي، وأبي زرعة الرازي، وأبي داود، ويعقوب الفسوي، وأبي حاتم الرازي، والترمذي، وأبي زرعة الدمشقي، والنسائي، والبزار، والدارقطني]	مجموعة من المؤلفين	ShamelaY19	133397	0.54185
		تعويض الاسانيد في علم الرجال : حجيته ، تطبيقاته و الاشكالات الوارده عليه	مصطفي الامامي الاهوازي	Ghbook	16321	0.54173
		الجزء الخامس من مسند حديث مالك بن أنس	القاضي أبو إسحاق إسماعيل بن إسحاق بن إسماعيل بن حماد بن زيد الأزدي البصري ثم البغدادي المالكي الجهضمي (المتوفى: 282ه)	ShamelaY19	26440	0.54163
		عيد الغدير في الإسلام	الشيخ عبد الحسين أحمد الأميني النجفي	Rafed	3454	0.54162
		القبل والمعانقة والمصافحة لابن الأعرابي	أبو سعيد بن الأعرابي أحمد بن محمد بن زياد بن بشر بن درهم البصري الصوفي (المتوفى: 340هـ)	ShamAY	8269	0.54131
		الغارات أو الاستنفار والغارات - الجزء1	إبراهيم بن محمد الثقفي	Masaha	4561	0.54131
		منتهى المقال في أحوال الرجال - الجزء1	ابو علي محمد بن اسماعيل الحائري	Masaha	930	0.54131
		المسند الموضوعي الجامع للكتب العشرة	صهيب عبد الجبار	ShamAY	31843	0.54121
		تاريخ الخلفاء لأبي عبد الله محمد بن يزيد - مخطوط	أبو عبد الله محمد بن يزيد	ShamAY	38110	0.54119
		اهل البيت عليهم السلام في القرآن الكريم الفاتحه و البقره	علي جلاييان اكبرنيا	Ghbook	15535	0.54105
		الرسالة العلوية في فضل أمير المؤمنين(ع) على سائر البرية	الشيخ القاضي أبي الفتح محمد بن علي الكراجكي	Masaha	2027	0.54097
		الفصول المهمه في معرفه الائمه	ابن صباغ علي بن محمد	Ghbook	11686	0.54096
		من حديث ابن المقرئ (مطبوع ضمن جمهرة الأجزاء الحديثية)	أبو بكر محمد بن إبراهيم بن علي بن عاصم بن زاذان الأصبهاني الخازن، المشهور بابن المقرئ (المتوفى: 381ه)	ShamelaY19	21482	0.54093
		 إثبات الهداة بالنصوص والمعجزات 	 الحر العاملي 	ABLibrary	7392	0.54085
		من حديث أبي عبد الله الحسين بن محمد ابن العسكري عن شيوخه (مطبوع مع كتاب الكرم والجود للمؤلف)	أبو جعفر محمد بن الحسين البُرْجُلاني (المتوفى: 238هـ)	ShamAY	7819	0.54077
		الأول من حديث ابن حذلم	أبو الحسن القاضي أحمد بن سليمان بن أيوب بن داود بن عبد الله بن حذلم الأسدي الدمشقي الأوزاعي (المتوفى: 347ه)	ShamelaY19	29720	0.54075
		الأربعون حديثا للآجري	أبو بكر محمد بن الحسين بن عبد الله الآجُرِّيُّ البغدادي (المتوفى: 360هـ)	ShamAY	8204	0.54071
		الأصول الأصلية والقواعد الشرعية	السيد عبد الله شبر	Masaha	2410	0.54069
		 عيد الغدير في الإسلام والتتويج والقربات يوم الغدير ( من فيض الغدير ) 	 الشيخ الأميني 	ABLibrary	8518	0.54067
		المقتبس من أنباء الأندلس	ابن حيان القرطبي، حيان بن خلف بن حسين بن حيان الأموي بالولاء، أبو مروان (المتوفى: 469هـ)	ShamAY	16439	0.54052
		تعليقه علي منهج المقال	محمد باقر بن محمداكمل ( وحيد بهبهاني )	Ghbook	7066	0.54051
		ذكر أسماء من تكلم فيه وهو موثق	شمس الدين أبو عبد الله محمد بن أحمد بن عثمان بن قَايْماز الذهبي (المتوفى: 748هـ)	ShamAY	1892	0.54043
		المختار في أصول السنة - ت البدر	أبو علي الحسن بن أحمد بن عبد الله ابن البنا الحنبلي البغدادي (471 هـ)	ShamAY	33873	0.54035
		طبقات المفسرين للداوودي	محمد بن علي بن أحمد، شمس الدين الداوودي المالكي (المتوفى: 945هـ)	ShamAY	1451	0.54035
		الأحاديث المرفوعة والموقوفة في كتاب «حياة الحيوان الكبرى» للدميري، من بداية حرف (التاء) إلى نهاية حرف (الجيم)، تخريجا ودراسة	إبراهيم بن عبد الله المديهش	ShamelaY19	97978	0.54033
		الفخري في أنساب الطالبيين‏	السيد عز الدين القاضي المروزي‏	Masaha	2914	0.54033
		الهواتف لابن أبي الدنيا - الكتب الثقافية	عبد الله بن محمد بن عبيد بن سفيان أبو بكر بن أبي الدنيا	ShamAY	34116	0.54018
		الميسر في علم تخريج الحديث النبوي	أبو ذر عبد القادر بن مصطفى بن عبد الرزاق المحمدي	ShamAY	1778	0.54015
		البيان	محمد حسين حسيني جلالي	Ghbook	12889	0.54008
		 صحيفة الإمام الرضا ( ع ) ( فارسي ) 	 المنسوب لإمام الرضا ( ع ) 	ABLibrary	7896	0.54002
		الزهد لأحمد بن حنبل - دار ابن رجب	الواحدي :: أحمد بن حنبل	ShamAY	33738	0.53998
		الغارات	ابراهيم بن محمد ثقفي	Ghbook	2633	0.53995
		السنن المأثورة للشافعي	إسماعيل بن يحيى بن إسماعيل، أبو إبراهيم المزني (المتوفى: 264هـ)	ShamAY	13033	0.53991
		طبّ الأئمة عليهم السلام	أبي عتاب عبد الله بن سابور الزيات	Rafed	1749	0.53978
		معجزات النبي	أبي الفداء اسماعيل بن عمر ابن كثير الدمشقي	Rafed	3489	0.53972
		روايات ونسخ الجامع الصحيح للإمام أبي عبد الله محمد بن إسماعيل البخاري «دراسة وتحليل»	د محمد بن عبد الكريم بن عبيد	ShamAY	9843	0.53966
		تاريخ الفقه الإسلامي وأدواره	الشيخ جعفر السبحاني	Masaha	13	0.5396
		فضائل فاطمة بنت رسول الله صلى الله عليه وسلم	أبو حفص عمر بن أحمد بن عثمان بن أحمد بن محمد بن أيوب بن أزداذ البغدادي المعروف بـ ابن شاهين (المتوفى: 385هـ)	ShamAY	9434	0.53949
		المنهل العذب الروي في ترجمة قطب الأولياء النووي	شمس الدين أبو الخير محمد بن عبد الرحمن بن محمد السخاوي (المتوفى: 902هـ)	ShamAY	317	0.53944
		الآثار المروية في الأطعمة السرية لابن بشكوال	أبو القاسم خلف بن عبد الملك بن مسعود بن بشكوال الخزرجي الأنصاري الأندلسي (المتوفى: 578هـ)	ShamAY	26426	0.53935
		الجزء الخامس من مسند حديث مالك بن أنس	القاضي أبو إسحاق إسماعيل بن إسحاق بن إسماعيل بن حماد بن زيد الأزدي البصري ثم البغدادي المالكي الجهضمي (المتوفى: 282هـ)	ShamAY	26440	0.53923
		تحفة الأشراف بمعرفة الأطراف	جمال الدين أبو الحجاج يوسف بن عبد الرحمن المزي (المتوفى: 742هـ)	ShamAY	11385	0.53915
		الزهد لوكيع	أبو سفيان وكيع بن الجراح بن مليح بن عدي بن فرس بن سفيان بن الحارث بن عمرو ابن عبيد بن رؤاس الرؤاسي (المتوفى: 197هـ)	ShamAY	21545	0.53907
		تفسير فرات كوفي	ابوالقاسم فرات ابراهيم بن فرات كوفي	Ghbook	2485	0.53902
		إحقاق الحقّ وإزهاق الباطل [ج ٢٢]	آية الله السيّد شهاب الدين الحسيني المرعشي النجفي	Rafed	2763	0.5389
		عُجالةُ الرّاغِب المُتَمَنِّي في تخريج كِتابِ «عَمَلِ اليَوم وَالليلة» لابن السُّنِّي	أبو أسامة، سليم بن عيد الهلالي	ShamAY	31749	0.53881
		زيادة وبركاته في التسليم	الواحدي :: حمزة عبد الله المليباري	ShamAY	36487	0.53866
		وسائل الشيعه الي تحصيل مسائل الشريعه	محمد بن حسن حر عاملي	Ghbook	10384	0.53853
		حياة الشيخ محمد بن عبد الوهاب وآثاره العلمية (مطبوع ضمن بحوث ندوة دعوة الشيخ محمد بن عبدالوهاب، الجزء الأول)	إسماعيل بن محمد بن ماحي السعدي الأنصاري (المتوفى: 1417هـ)	ShamAY	11170	0.53852
		جزء أبي عبد الله العطار	أبو عبد الله محمد بن مخلد بن حفص العطار الدوري البغدادي (المتوفى: 331هـ)	ShamAY	30373	0.53851
		تفسير ابن كثير (قرطبة وأولاد الشيخ)	عماد الدين أبو الفداء إسماعيل بن كثير الدمشقي	ShamAY	34045	0.53826
		 أخبار مكة في قديم الدهر وحديثه 	 محمد بن اسحاق ابن العباس الفاكهي المكي 	ABLibrary	8922	0.53825
		تهذيب الأحكام [ج ٢]	أبي جعفر محمّد بن الحسن بن علي بن الحسن الطّوسي [ شيخ الطائفة ]	Rafed	731	0.53823
		 الرسالة العلوية في فضل أمير المؤمنين ( ع ) على سائر البرية ( التفضيل ) 	 أبي الفتح الكراجكي 	ABLibrary	7532	0.53812
		الإستبصار [ج ١]	أبي جعفر محمّد بن الحسن بن علي بن الحسن الطّوسي [ شيخ الطائفة ]	Rafed	1266	0.53811
		 تاريخ ابن يونس الصدفي 	 عبد الرحمن ابن احمد الصدفي المصري 	ABLibrary	8975	0.53808
		مستخرج البجيري على الجامع الصحيح للبخاري - مخطوط	أبو حفص عمر بن محمد بن بجير البجيري	ShamAY	38638	0.53804
		العلل المتناهية في الأحاديث الواهية	جمال الدين أبو الفرج عبد الرحمن بن علي بن محمد الجوزي (المتوفى: 597هـ)	ShamAY	7351	0.53785
		حاشية السندي على سنن ابن ماجه = كفاية الحاجة في شرح سنن ابن ماجه	محمد بن عبد الهادي التتوي، أبو الحسن، نور الدين السندي (المتوفى: 1138هـ)	ShamAY	9810	0.53779
		تاريخ ابن يونس المصري [ج ٢]	أبي سعيد عبد الرحمان بن أحمد بن يونس بن عبد الأعلى الصدفي المصري	Rafed	2365	0.53771
		الكشف والبيان [ج ٧]	أبو إسحاق أحمد [ الثّعلبي ]	Rafed	1669	0.53766
		من معارك الإسلام الفاصلة = موسوعة الغزوات الكبرى	محمد بن أحمد باشميل	ShamelaY19	145203	0.53754
		غريب الحديث لإبراهيم الحربي	إبراهيم بن إسحاق الحربي أبو إسحاق [198 - 285]	ShamAY	13133	0.53741
		الشفاعة	أَبِو عَبد الرَّحمَن مُقْبلُ بنُ هَادِي بنِ مُقْبِلِ بنِ قَائِدَةَ (اسم رجل) الهَمْدَاني الوادعِيُّ (المتوفى: 1422هـ)	ShamAY	1997	0.53732
		تحفة الأحوذي بشرح جامع الترمذي	أبو العلا محمد عبد الرحمن بن عبد الرحيم المباركفورى (المتوفى: 1353هـ)	ShamAY	1163	0.53731
		حول المسح علي الرجلين و السجود علي الارض	خليفه عبيد كلباني عماني	Ghbook	7637	0.53731
		رد الجميل في الذب عن إرواء الغليل وهو رد على كتاب (مستدرك التعليل)	أبو عبد الرحمن عبد الله بن صالح العبيلان	Sham19Y	96928	0.53718
		فضائل شهر رجب	الحاكم الحسكاني	Masaha	1036	0.537
		جزء محمد بن يحيى الذهلي	محمد بن يحيى بن عبد الله الذُّهْلي، مولاهم، النيسابورىّ، أبو عبد الله (المتوفى: 258هـ)	ShamAY	30368	0.53699
		تراثنا ـ العدد [ 11 ]	مؤسسة آل البيت عليهم السلام لإحياء التراث ـ قم	Rafed	2721	0.53698
		البعث لابن أبي داود	أبو بكر بن أبي داود، عبد الله بن سليمان بن الأشعث الأزدي السجستاني (المتوفى: 316هـ)	ShamAY	8251	0.53674
		ذكر الجهر بالبسملة مختصرا	أبو بكر أحمد بن علي بن ثابت بن أحمد بن مهدي الخطيب البغدادي (المتوفى: 463ه)	ShamelaY19	29892	0.53666
		أخبار مكّة في قديم الدّهر وحديثه [ج ٤]	أبي عبد الله محمّد بن إسحاق ابن العبّاس الفاكهي المكّي	Rafed	2127	0.53643
		دراسة أقوال العلماء في حديث (أرحم أمتي بأمتي أبو بكر ... )	ربيع بن هادي المدخلي	ShamAY	33028	0.53641
		طبقات المفسرين للداوودي - ط العلمية = التراجم	محمد بن علي بن أحمد، شمس الدين الداوودي المالكي (المتوفى: 945هـ)	ShamAY	38009	0.53637
		الرقة والبكاء لابن أبي الدنيا	أبو بكر عبد الله بن محمد بن عبيد بن سفيان بن قيس البغدادي الأموي القرشي المعروف بابن أبي الدنيا (المتوفى: 281هـ)	ShamAY	8256	0.53635
		موسوعة حديث الثقلين [ج ١]	مركز الأبحاث العقائديّة	Rafed	1417	0.53634
		فضائل بيت المقدس لابن المرجى المقدسي	أبو المعالي المشرف بن المرجى بن إبراهيم المقدسي (492 هـ)	ShamAY	33632	0.53633
		الحديث الجيد عند أهل السنن الأربعة	عبد الرحمن بن عبد الكريم الزيد	ShamAY	37259	0.53626
		الكشف والبيان [ج ٨]	أبو إسحاق أحمد [ الثّعلبي ]	Rafed	1671	0.53626
		المناقب المزيدية في أخبار الملوك الأسدية	أبو البقاء هبة الله محمد بن نما الحلي (المتوفى: ق 6هـ)	ShamAY	30797	0.53623
		رَدُّ الجَمِيلِ فِي الذَّبِّ عَن إرواء الغليل وَهُوَ رَدٌّ عَلَى كِتَابِ (مُسْتَدْرك التَّعْلِيل)	أبو عبد الرحمن عبد الله بن صالح العبيلان	ShamAY	2044	0.53615
		 تذكرة الخواص 	 سبط ابن الجوزي 	ABLibrary	7466	0.53615
		مناقب الإمام أمير المؤمنين علي بن أبي طالب(ع) للكوفي‏ - الجزء1	محمد بن سليمان الكوفي‏	Masaha	3296	0.53614
		التعليقة على أصول الكافي	السيد محمد باقر الميرداماد	Masaha	4760	0.53609
		 مسند الإمام الصادق ( ع ) 	 الشيخ عزيز الله عطاردي 	ABLibrary	7721	0.53605
		حديث خالد بن مرداس السراج	خَالِد بْن مرداس أَبُو الهيثم السراج (المتوفى: 231هـ)	ShamAY	29705	0.53599
		 مسند الإمام الكاظم ( ع ) 	 الشيخ عزيز الله عطاردي 	ABLibrary	7736	0.53599
		وسائل الشيعة [ج ٧]	محمد بن الحسن الحرّ العاملي [ العلامة الشيخ حرّ العاملي ]	Rafed	296	0.53598
		الضعفاء والمتروكين للنسائي - المعرفة	أبو عبد الرحمن أحمد بن شعيب النسائي	ShamAY	34605	0.53596
		مسند إسحاق بن راهويه - مسند ابن عباس	أبو يعقوب إسحاق بن إبراهيم بن مخلد بن إبراهيم الحنظلي المروزي المعروف ب ابن راهويه (المتوفى: 238ه)	Sham19Y	1423	0.53595
		مختصر كتاب البسملة لأبي شامة - اختصار الذهبي	شهاب الدين عبد الرحمن بن إسماعيل الشافعي المعروف بأبي شامة المقدسي (665 هـ)	ShamAY	33591	0.53589
		نكث الهميان في نكت العميان	صلاح الدين خليل بن أيبك الصفدي (المتوفى: 764هـ)	ShamAY	28182	0.53582
		فحولة الشعراء - ت عويضة	الواحدي :: الأصمعي	ShamAY	34501	0.53575
		النهاية في الفتن والملاحم ـ موافق للمطبوع	الإمام أبو الفداء الحافظ ابن كثير الدمشقي	ShamAY	33758	0.53563
		أنساب الخيل في الجاهلية والإسلام وأخبارها - ط دار الكتب	أبو المنذر هشام بن محمد أبي النضر ابن السائب ابن بشر الكلبي (المتوفى: 204هـ)	ShamAY	33800	0.53562
		أحاديث منتقاة وحكايات منتخبة لابن نبهان - مخطوط	أبو علي محمد بن سعيد بن إبراهيم بن نبهان	ShamAY	38064	0.53559
		تحفة الأحوذي بشرح جامع الترمذي	أبو العلا محمد عبد الرحمن بن عبد الرحيم المباركفورى (المتوفى: 1353ه)	ShamelaY19	21662	0.53558
		المناقب المزيدية في أخبار الملوك الأسدية	أبو البقاء هبة الله محمد بن نما الحلي (المتوفى: ق 6ه)	ShamelaY19	30797	0.53557
		الميسر في علم تخريج الحديث النبوي	أبو ذر عبد القادر بن مصطفى بن عبد الرزاق المحمدي	ShamelaY19	96333	0.53539
		المنتخب من غرائب أحاديث مالك بن أنس	أبو بكر محمد بن إبراهيم بن علي بن عاصم بن زاذان الأصبهاني الخازن، المشهور بابن المقرئ (المتوفى: 381ه)	ShamelaY19	26500	0.53535
		حديث السراج	أبو العباس محمد بن إسحاق بن إبراهيم بن مهران الخراساني النيسابوري المعروف بالسراج (المتوفى: 313ه)	ShamelaY19	26668	0.53521
		شرف المصطفى - الجزء1	أبو سعيد الخركوشي النيشابوري‏	Masaha	2290	0.53512
		الهداية في تخريج أحاديث البداية (بداية المجتهد لابن رشد)	أحمد بن محمد بن الصدِّيق بن أحمد، أبو الفيض الغُمَارِي الحسني الأزهري (المتوفى: 1380 هـ)	ShamAY	32537	0.53496
		الترجيح لحديث صلاة التسبيح لابن ناصر الدين	ابن ناصر الدين (842 هـ)	ShamAY	33557	0.53485
		طبقات فحول الشعراء	محمد بن سلام (بالتشديد) بن عبيد الله الجمحي بالولاء، أبو عبد الله (المتوفى: 232ه)	Sham19Y	6738	0.53485
		المنتخب من غرائب أحاديث مالك بن أنس	أبو بكر محمد بن إبراهيم بن علي بن عاصم بن زاذان الأصبهاني الخازن، المشهور بابن المقرئ (المتوفى: 381هـ)	ShamAY	26500	0.53483
		تاريخ الإسلام ووفيات المشاهير والأعلام [ج ٤٢]	شمس الدين محمّد بن أحمد بن عثمان الذّهبي	Rafed	3622	0.5348
		نقد الرجال [ج ٥]	السيد مصطفى بن الحسين الحسيني التفرشي	Rafed	140	0.53469
		السادس من مشيخة ابن حيويه	محمد بن العباس بن محمد بن زكرياء، أبو عمر ابن حيويه الخزاز (المتوفى: 382ه)	Sham19Y	29958	0.53463
		مأخذ العلم لابن فارس	أحمد بن فارس بن زكرياء القزويني الرازي، أبو الحسين (المتوفى: 395ه)	ShamelaY19	26675	0.53459
		الآيات البينات في ذكر ما في أعضاء رسول الله صلى الله عليه وسلم من المعجزات	أبو الخطاب عمر بن الحسن ابن دحية الكلبي الأندلسي السبتي (633 هـ)	ShamAY	33556	0.53453
		 القلائد الجوهرية في تاريخ الصالحية 	 محمد بن طولون الصالحي 	ABLibrary	9160	0.53435
		قرائن ترجيح التعديل المتعلقة بأهلية الناقد ومعرفته بالراوي وتشدده وباعثه عند المحدثين دراسة تطبيقية الدكتور / دخيل بن صالح اللحيدان قسم السنة وعلومها - كلية أصول الدين جامعة الإمام محمد بن سعود الإسلامية	دخيل بن صالح اللحيدان	ShamAY	34032	0.5343
		 مسند الإمام الصادق ( ع ) 	 الشيخ عزيز الله عطاردي 	ABLibrary	7723	0.53422
		ترجمه الامام الحسن عليه السلام	محمد بن سعد كاتب واقدي ( ابن سعد )	Ghbook	6071	0.53419
		مسند ابن زيدان	أَبُو مُحَمَّدٍ عَبْدُ اللهِ بنُ زَيْدَانَ بنِ بُرَيْدِ بنِ رَزِيْنِ بنِ رَبِيْعِ بنِ قطنٍ البَجَلِيُّ، الكُوْفِيُّ (المتوفى: 313هـ)	ShamAY	21488	0.53418
		من حديث أبي ذوالة وغيره للحسين بن إدريس الأنصاري - مخطوط	أبو علي الحسين بن إدريس الأنصاري	ShamAY	32810	0.53415
		 مسند الإمام الباقر ( ع ) 	 الشيخ عزيز الله عطاردي 	ABLibrary	7713	0.53403
		مسند الإمام العسكري أبي محمد الحسن بن علي(ع)	عزيز الله عطاردي‏	Masaha	2478	0.53401
		جامع المسانيد لابن الجوزي	ابن الجوزي، عبد الرحمن بن علي (المتوفى: 597 ه)	ShamelaY19	148271	0.53398
		بحار الأنوار - الجزء39	العلامة المجلسي	Masaha	117	0.53395
		الفتاوى الحديثية للحويني	أبو إسحاق الحويني	ShamAY	37264	0.53381
		 الكوثر في أحوال فاطمة بنت النبي الأعظم ( ع ) 	 السيد محمد باقر الموسوي 	ABLibrary	7685	0.53373
		الأحاديث المرفوعة والموقوفة في كتاب «حياة الحيوان الكبرى» للدَّمِيري، من بداية حرف (التاء) إلى نهاية حرف (الجيم)، تخريجاً ودراسة	إبراهيم بن عبد الله المديهش	ShamAY	31589	0.53368
		الاصول الاصليه و القواعد الشرعيه	عبدالله بن محمدرضا شبر حسيني كاظميني	Ghbook	11912	0.5335
		 معجزات النبي ص 	 ابن كثير 	ABLibrary	8619	0.53339
		فوائد ابن ماسي	أبو محمد عبد الله بن إبراهيم بن أيوب بن ماسي البغدادي (المتوفى: 369ه)	Sham19Y	13142	0.53336
		مسائل الإمام أحمد بن حنبل رواية أبي القاسم البغوي - ط الفاروق	أبو القاسم عبد الله بن محمد البغوي	ShamAY	34168	0.53331
		الإنابة إلى معرفة المختلف فيهم من الصحابة	علاء الدين بن قليط مغلطاي (المتوفى: 762 ه)	Sham19Y	20761	0.53317
		طبقات فحول الشعراء	محمد بن سلّام (بالتشديد) بن عبيد الله الجمحي بالولاء، أبو عبد الله (المتوفى: 232هـ)	ShamAY	6738	0.533
		الأحاديث المرفوعة والموقوفة في كتاب «حياة الحيوان الكبرى» للدميري، من بداية حرف (التاء) إلى نهاية حرف (الجيم)، تخريجا ودراسة	إبراهيم بن عبد الله المديهش	Sham19Y	97978	0.53297
		فضائل الأشهر الثلاثة	أبي جعفر محمّد بن علي بن الحسين بن بابويه القمّي [ الشيخ الصدوق ]	Rafed	92	0.53288
		قتلى القرآن للثعلبي	أبو إسحاق الثعلبي (427 هـ)	ShamAY	33631	0.53282
		 مناحل الشفا ومناهل الصفا بتحقيق كتاب شرف المصطفى ( ص ) 	 عبد الملك الخركوشي النيسابوري 	ABLibrary	7585	0.53282
		إنباء الغمر بأبناء العمر - ط العلمية	الإمام / شهاب الدين أبي الفضل أحمد بن علي بن حجر العسقلاني	ShamAY	33811	0.53258
		الناسخ والمنسوخ للنحاس	أبو جعفر النَّحَّاس أحمد بن محمد بن إسماعيل بن يونس المرادي النحوي (المتوفى: 338هـ)	ShamAY	13073	0.53257
		آداب الصحبة لأبي عبد الرحمن السلمي	محمد بن الحسين بن محمد بن موسى بن خالد بن سالم النيسابوري، أبو عبد الرحمن السلمي (المتوفى: 412ه)	Sham19Y	12982	0.53249
		إثبات صفة العلو - ابن قدامة	المقدسي، موفق الدين	Sham19Y	7268	0.53246
		تلخيص كتاب الموضوعات لابن الجوزي	شمس الدين أبو عبد الله محمد بن أحمد بن عثمان بن قايماز الذهبي (المتوفى: 748ه)	Sham19Y	6068	0.53246
		صحيح وضعيف سنن النسائي	محمد ناصر الدين الألباني (المتوفى: 1420هـ)	ShamAY	783	0.53243
		مسند إسحاق بن راهويه - مسند ابن عباس	أبو يعقوب إسحاق بن إبراهيم بن مخلد بن إبراهيم الحنظلي المروزي المعروف بـ ابن راهويه (المتوفى: 238هـ)	ShamAY	1423	0.53242
		معرفة الثقات من رجال أهل العلم والحديث ومن الضعفاء وذكر مذاهبهم وأخبارهم	أبو الحسن أحمد بن عبد الله بن صالح العجلى الكوفى (المتوفى: 261ه)	Sham19Y	5825	0.53241
		الأصول الأصليّة والقواعد الشرعيّة	السيّد عبد الله شبّر	Rafed	3864	0.53236
		فتح الشكور في معرفة أعيان علماء التكرور	أبو عبد الله الطالب محمد بن أبي بكر الصديق البرتلي الولاتي (المتوفى: 1219هـ)	ShamAY	34641	0.53227
		الفهرست - منتجب الدين	منتجب الدين علي بن بابويه رازي	Ghbook	7054	0.53223
		الرقة والبكاء لابن أبي الدنيا - ط أطلس الخضراء = مقابل	أبو بكر عبد الله بن محمد ابن أبي الدنيا	ShamAY	38171	0.53212
		تاريخ مدينة دمشق [ج ٣]	أبي القاسم علي بن الحسن ابن هبة الله بن عبد الله الشافعي [ ابن عساكر ]	Rafed	1762	0.53212
		جزء في الذب عن الطبراني للضياء	الضياء المقدسي (643 هـ)	ShamAY	33570	0.53202
		عيد الغدير في الاسلام	الشيخ عبد الحسين الأميني النجفي	Masaha	357	0.53202
		الجزء الثالث من أحاديث محمد بن أيوب الرازي ويوسف بن عاصم الرازي وغيرهما - مخطوط	أبو القاسم زاهر بن طاهر الشحامي	ShamAY	32847	0.53201
		الجزء الخامس من حديث زيد بن أبي أنيسة - مخطوط	أبو عمر هلال بن العلاء بن هلال الباهلي القتبي الرقي	ShamAY	32851	0.53177
		الأدب لابن أبي شيبة	أبو بكر بن أبي شيبة، عبد الله بن محمد بن إبراهيم بن عثمان بن خواستي العبسي (المتوفى: 235هـ)	ShamAY	638	0.53172
		الآثار المروية في الأطعمة السرية لابن بشكوال	أبو القاسم خلف بن عبد الملك بن مسعود بن بشكوال الخزرجي الأنصاري الأندلسي (المتوفى: 578ه)	ShamelaY19	26426	0.53164
		من حديث ابن حذلم	أبو الحسن القاضي أحمد بن سليمان بن أيوب بن داود بن عبد الله بن حذلم الأسدي الدمشقي الأوزاعي (المتوفى: 347ه)	ShamelaY19	29651	0.53158
		تاريخ الإسلام ووفيات المشاهير والأعلام	شمس الدين أبو عبد الله محمد بن أحمد بن عثمان بن قَايْماز الذهبي (المتوفى: 748هـ)	ShamAY	22771	0.53155
		تاريخ الإسلام ووفيات المشاهير والأعلام	شمس الدين أبو عبد الله محمد بن أحمد بن عثمان بن قايماز الذهبي (المتوفى: 748ه)	Sham19Y	22771	0.53151
		الأحاديث المرفوعة المعلّة في كتاب (( حلية الأولياء ))	سعيد الغامدي	ShamAY	33056	0.53147
		 مسند الإمام الجواد ( ع ) 	 الشيخ عزيز الله عطاردي 	ABLibrary	7740	0.53145
		من أعلام السلف	أحمد فريد	ShamelaY19	37370	0.53144
		معرفة الثقات من رجال أهل العلم والحديث ومن الضعفاء وذكر مذاهبهم وأخبارهم	أبو الحسن أحمد بن عبد الله بن صالح العجلى الكوفى (المتوفى: 261هـ)	ShamAY	5825	0.5314
		المحاضرات والمحاورات	عبد الرحمن بن أبي بكر، جلال الدين السيوطي (المتوفى: 911هـ)	ShamAY	9099	0.53123
		الإيمان للعدني	أبو عبد الله محمد بن يحيى ابن أبي عمر العدني (المتوفى: 243ه)	Sham19Y	13006	0.53108
		المناشدة والاحتجاج بحديث الغدير	الشيخ عبد الحسين الأميني النجفي	Masaha	431	0.531
		فوائد أبي علي أحمد بن علي بن شعيب المدائني	أبو علي أحمد بن علي بن شعيب المدائني (المتوفى: بعد 310ه)	ShamelaY19	29713	0.53093
		النجاة بحمد الله	يوسف بن حسن بن أحمد بن حسن ابن عبد الهادي الصالحي، جمال الدين، ابن ابن المبرد الحنبلي (المتوفى: 909ه)	Sham19Y	30291	0.53082
		إبصار العين في أنصار الحسين عليه السلام	الشيخ محمد بن طاهر السماوي	Rafed	697	0.5308
		إجازة الشيخ العلامة عبد اللطيف بن عبد الرحمن آل الشيخ لـ «الشيخ أحمد بن عيسى النجدي، والشيخ راشد بن عيسى المالكي البحريني» - سلسلة لقاء العشر الأواخر بالمسجد الحرام (27)	عبد اللطيف بن عبد الرحمن بن حسن بن محمد بن عبد الوهاب آل الشيخ (المتوفى: 1293 هـ)	ShamAY	32498	0.53065
		 مسند الإمام الكاظم ( ع ) 	 الشيخ عزيز الله عطاردي 	ABLibrary	7738	0.53064
		شرح سنن ابن ماجه - الإعلام بسنته عليه السلام	مغلطاي بن قليج بن عبد الله البكجري المصري الحكري الحنفي، أبو عبد الله، علاء الدين (المتوفى: 762هـ)	ShamAY	8544	0.53061
		دراسة في سند زيارة عاشوراء	جعفر التبريزي	Rafed	394	0.53051
		الزهد لابن أبي الدنيا	أبو بكر عبد الله بن محمد بن عبيد بن سفيان بن قيس البغدادي الأموي القرشي المعروف بابن أبي الدنيا (المتوفى: 281هـ)	ShamAY	8216	0.53044
		 الكامل في التاريخ 	 ابن الأثير 	ABLibrary	8251	0.53043
		المصباح المضي في كتاب النبي الأمي ورسله إلى ملوك الأرض من عربي وعجمي	محمد (أو عبد الله) بن علي بن أحمد بن عبد الرحمن بن حسن الأنصاري، أبو عبد الله، جمال الدين ابن حديدة (المتوفى: 783هـ)	ShamAY	7233	0.53034
		الأربعون حديثا عن سبعة أشياخ لابن صرما - مخطوط	أبو العباس أحمد بن يوسف بن محمد بن أحمد بن إبراهيم بن صرما الدقاق الحنبلي	ShamAY	32837	0.5302
		جزء في طرق حديث لا تسبوا أصحابي	أبو الفضل أحمد بن علي بن محمد بن أحمد بن حجر العسقلاني (المتوفى: 852ه)	ShamelaY19	30733	0.53012
		الجامع لابن وهب ت مصطفى أبو الخير	أبو محمد عبد الله بن وهب بن مسلم المصري القرشي (المتوفى: 197هـ)	ShamAY	1380	0.52989
		مكارم الأخلاق للطبراني (مطبوع مع مكارم الأخلاق لابن أبي الدنيا)	سليمان بن أحمد بن أيوب بن مطير اللخمي الشامي، أبو القاسم الطبراني (المتوفى: 360ه)	Sham19Y	9324	0.52983
		أمالي الزجاجي	عبد الرحمن بن إسحاق البغدادي النهاوندي الزجاجي، أبو القاسم (المتوفى: 337هـ)	ShamAY	1336	0.52981
		النهاية في اتصال الرواية (مطبوع ضمن مجموع رسائل ابن عبد الهادي)	يوسف بن حسن بن أحمد بن حسن ابن عبد الهادي الصالحي، جمال الدين، ابن المِبْرَد الحنبلي (المتوفى: 909 هـ)	ShamAY	32316	0.52963
		أحاديث مختارة من موضوعات الجورقاني وابن الجوزي	شمس الدين أبو عبد الله محمد بن أحمد بن عثمان بن قَايْماز الذهبي (المتوفى: 748هـ)	ShamAY	6071	0.52947
		وسائل الشيعة [ج ٥]	محمد بن الحسن الحرّ العاملي [ العلامة الشيخ حرّ العاملي ]	Rafed	293	0.52934
		مرآة العقول [ج ٢٢]	الشيخ محمّد باقر بن محمّد تقي المجلسي	Rafed	1075	0.52928
		جامع التحصيل في أحكام المراسيل	صلاح الدين أبو سعيد خليل بن كيكلدي بن عبد الله الدمشقي العلائي (المتوفى: 761هـ)	ShamAY	25864	0.52925
		البدر المنير في تخريج الأحاديث والأثار الواقعة في الشرح الكبير	ابن الملقن سراج الدين أبو حفص عمر بن علي بن أحمد الشافعي المصري (المتوفى: 804هـ)	ShamAY	5922	0.52916
		الأوائل للعسكري	أبو هلال الحسن بن عبد الله بن سهل بن سعيد بن يحيى بن مهران العسكري (المتوفى: نحو 395هـ)	ShamAY	10529	0.52913
		صفة الجنة لأبي نعيم الأصبهاني	أبو نعيم أحمد بن عبد الله بن أحمد بن إسحاق بن موسى بن مهران الأصبهاني (المتوفى: 430ه)	ShamelaY19	21602	0.52907
		تفسير القرآن من الجامع لابن وهب	أبو محمد عبد الله بن وهب بن مسلم المصري القرشي (المتوفى: 197هـ)	ShamAY	1471	0.52897
		تنوير الحوالك شرح موطأ مالك	عبد الرحمن بن أبي بكر، جلال الدين السيوطي (المتوفى: 911هـ)	ShamAY	33522	0.52895
		مجلس آخر من المجموع، ومن حديث أويس القرني، وحديث هامة بن الهيم بن لاقيس- مخطوط	المقدسي، أحمد بن عبد الواحد	ShamAY	32791	0.52891
		النهاية في الفتن والملاحم	أبو الفداء إسماعيل بن عمر بن كثير القرشي البصري ثم الدمشقي (المتوفى: 774هـ)	ShamAY	11818	0.52878
		نكث الهميان في نكت العميان	صلاح الدين خليل بن أيبك الصفدي (المتوفى: 764ه)	ShamelaY19	28182	0.52875
		قرة العينين برفع اليدين في الصلاة	محمد بن إسماعيل بن إبراهيم بن المغيرة البخاري، أبو عبد الله (المتوفى: 256هـ)	ShamAY	1613	0.52874
		فضيلة العادلين من الولاة لأبي نعيم	أبو نعيم أحمد بن عبد الله بن أحمد بن إسحاق بن موسى بن مهران الأصبهاني (المتوفى: 430ه)	Sham19Y	13141	0.52871
		حديث إن لله تسعة وتسعين اسما لأبي نعيم الأصبهاني	أبو نعيم أحمد بن عبد الله بن أحمد بن إسحاق بن موسى بن مهران الأصبهاني (المتوفى: 430هـ)	ShamAY	21783	0.52867
		رياض النفوس في طبقات علماء القيروان وإفريقية وزهادهم ونساكهم وسير من أخبارهم وفضائلهم وأوصافهم	أبو بكر عبد الله بن محمد المالكي	ShamelaY19	148883	0.52867
		فهارس الشيعه	مهدي خداميان آراني	Ghbook	9581	0.52852
		تلخيص كتاب الموضوعات لابن الجوزي	شمس الدين أبو عبد الله محمد بن أحمد بن عثمان بن قَايْماز الذهبي (المتوفى: 748هـ)	ShamAY	6068	0.52839
		سل السنان في الذب عن معاوية بن أبي سفيان رضي الله عنه	سعد السبيعي	ShamAY	35661	0.52838
		من حديث أبي بكر محمد بن خريم عن هشام بن عمار عن مالك بن أنس - مخطوط	أبو بكر محمد بن خريم بن محمد بن عبد الملك بن مروان العقيلي	ShamAY	32896	0.52818
		عقيده المسلمين في المهدي ( عجل الله فرجه ) من موسوعه احاديث اميرالمومنين ( عليه ...	بنياد نهج البلاغه	Ghbook	6667	0.52815
		التعليقة علي كتاب الكافي	محمد باقر بن محمد ميرداماد	Ghbook	15564	0.52814
		مرويات غزوة الخندق	إبراهيم بن محمد المدخلي	ShamAY	11395	0.52812
		تفسير القرآن من الجامع لابن وهب	أبو محمد عبد الله بن وهب بن مسلم المصري القرشي (المتوفى: 197ه)	ShamelaY19	37361	0.5281
		فضائل شهر رجب	أبو القاسم عبيد الله بن عبد الله بن أحمد بن محمد بن حسكان القرشي النيسابوري المعروف بابن الحذاء وبالحاكم الحسكاني (المتوفى: 471: 480 هـ)	ShamAY	33646	0.52808
		الذهب المسبوك في وعظ الملوك	أبو عبد الله محمد بن أبي نصر الحميدي (488 هـ)	ShamAY	33560	0.52808
		إثبات صفة العلو - ابن قدامة	أبو محمد موفق الدين عبد الله بن أحمد بن محمد ، الشهير بابن قدامة المقدسي (المتوفى : 620هـ)	ShamAY	7268	0.528
		تفسير القرآن العظيم [ج ٤]	عبد الرحمن بن محمّد ابن إدريس الرازي ابن أبي حاتم	Rafed	1829	0.52798
		عذب الكلام فيما يجب على الأنام من حقوق النبي عليه الصلاة والسلام	أبو يوسف محمد زايد	ShamAY	35075	0.52792
		مرويات غزوة الخندق	إبراهيم بن محمد المدخلي	Sham19Y	11395	0.52789
		تنوير الحوالك شرح موطأ مالك - العلمية	السيوطي	ShamAY	33528	0.52779
		إحقاق الحقّ وإزهاق الباطل [ج ٦]	السيّد نور الله الحسيني المرعشي التستري	Rafed	2716	0.52777
		تاريخ الإسلام ووفيات المشاهير والأعلام [ج ١٦]	شمس الدين محمّد بن أحمد بن عثمان الذّهبي	Rafed	3402	0.52777
		الغيبة	الشيخ الطوسي	Masaha	2069	0.52769
		نزهة الناظر والسامع في طرق حديث الصائم المجامع	ابن حجر العسقلاني (852 هـ)	ShamAY	33648	0.52757
		الاغتباط لمعرفة من رمي بالاختلاط - ت: علي الحلبي	برهان الدين الحلبي إبراهيم بن محمد بن خليل الطرابلسي العجمي	ShamAY	34587	0.52752
		أمالي ابن منده- رواية ابن حيويه	يحيى بن عبد الوهاب بن محمد ابن إسحاق بن محمد بن يحيى العبدي الأصبهاني، أبو زكريا، ابن منده (المتوفى: 511هـ)	ShamAY	30027	0.52744
		المنهل الصافي والمستوفى بعد الوافي	يوسف بن تغري بردي بن عبد الله الظاهري الحنفي، أبو المحاسن، جمال الدين (المتوفى: 874ه)	Sham19Y	23156	0.52739
		أمالي ابن منده- رواية ابن حيويه	يحيى بن عبد الوهاب بن محمد ابن إسحاق بن محمد بن يحيى العبدي الأصبهاني، أبو زكريا، ابن منده (المتوفى: 511ه)	ShamelaY19	30027	0.52731
		الشجرة المباركة في أنساب الطالبيّة	محمّد بن عمر بن الحسن بن الحسين التيمي البكري [ فخر الدين الرازي ]	Rafed	1718	0.52729
		شرح صحيح ابن حبان - الراجحي	عبد العزيز بن عبد الله بن عبد الرحمن الراجحي	ShamelaY19	37009	0.52724
		الرضا عن الله بقضائه (الكتب الثقافية)	أبو بكر عبد الله بن محمد بن عبيد بن سفيان بن أبي الدنيا	ShamAY	34117	0.52721
		من حديث البغوي وابن صاعد والهاشمي لابن زنبور الوراق (مطبوع ضمن جمهرة الأجزاء الحديثية)	محمد بن عمر بن خلف بن زنبور البغدادي الوراق (المتوفى: 396ه)	ShamelaY19	21483	0.52715
		اختيار معرفه الرجال	محمد بن حسن شيخ طوسي ( شيخ الطائفه )	Ghbook	7172	0.52704
		الجامع لعلوم الإمام أحمد - الأدب والزهد	خالد الرباط، سيد عزت عيد [بمشاركة الباحثين بدار الفلاح]	ShamAY	38869	0.52699
		حديث ابن ملاعب	أحمد بن ملاعب أبو الفضل البغدادي المخرمي (المتوفى: 275ه)	ShamelaY19	30528	0.52695
		تنوير الحوالك شرح موطأ مالك	عبد الرحمن بن أبي بكر، جلال الدين السيوطي (المتوفى: 911ه)	Sham19Y	5757	0.52695
		النهاية في اتصال الرواية (مطبوع ضمن مجموع رسائل ابن عبد الهادي)	يوسف بن حسن بن أحمد بن حسن ابن عبد الهادي الصالحي، جمال الدين، ابن المبرد الحنبلي (المتوفى: 909 ه)	Sham19Y	17535	0.52691
		المنهل الصافي والمستوفى بعد الوافي	يوسف بن تغري بردي بن عبد الله الظاهري الحنفي، أبو المحاسن، جمال الدين (المتوفى: 874هـ)	ShamAY	23156	0.52689
		طبقات المحدثين بأصبهان والواردين عليها [ج ٣]	أبي محمّد عبدالله بن محمّد بن جعفر بن حيّان [ أبي الشيخ الأنصاري ]	Rafed	2435	0.52672
		تاريخ الإسلام ووفيات المشاهير والأعلام [ج ١٥]	شمس الدين محمّد بن أحمد بن عثمان الذّهبي	Rafed	3399	0.52656
		منهج الإمام ابن الجارود النيسابوري (ت 307 هـ) في كتابه " المنتقى "	عاصم القريوتي	ShamAY	37328	0.52647
		جامع أحاديث الشيعة - الجزء22	السيد حسين البروجردي	Masaha	4977	0.52639
		مجلس الجهر للجوهري - اختصار الذهبي	أبو محمد الحسن بن علي بن محمد بن الحسن الجوهري (454 هـ)	ShamAY	33587	0.52625
		قصص الأنبياء(ع)	القطب الراوندي	Masaha	4650	0.52625
		الرضا عن الله بقضائه لابن أبي الدنيا	أبو بكر عبد الله بن محمد بن عبيد بن سفيان بن قيس البغدادي الأموي القرشي المعروف بابن أبي الدنيا (المتوفى: 281هـ)	ShamAY	13024	0.52613
		صحيفة الرضا	منسوب للإمام الرضا(ع)	Masaha	1003	0.52606
		تراثنا ـ العدد [ 52 ]	مؤسسة آل البيت عليهم السلام لإحياء التراث ـ قم	Rafed	3237	0.52599
		جزء في طرق حديث لا تسبوا أصحابي	أبو الفضل أحمد بن علي بن محمد بن أحمد بن حجر العسقلاني (المتوفى: 852هـ)	ShamAY	30733	0.52598
		مائة حديث ساقطة من سنن النسائي الكبرى المطبوع	أبو عبد الرحمن أحمد بن شعيب بن علي الخراساني، النسائي (المتوفى: 303هـ)	ShamAY	8623	0.52595
		السادس من مشيخة ابن حيويه	محمد بن العباس بن محمد بن زكرياء، أبو عمر ابن حيويه الخزاز (المتوفى: 382هـ)	ShamAY	29958	0.52594
		تذكرة الحفاظ لابن القيسراني =أطراف أحاديث كتاب المجروحين لابن حبان	أبو الفضل محمد بن طاهر بن علي بن أحمد المقدسي الشيباني، المعروف بابن القيسراني (المتوفى: 507هـ)	ShamAY	1578	0.52576
		آداب الصحبة لأبي عبد الرحمن السلمي	محمد بن الحسين بن محمد بن موسى بن خالد بن سالم النيسابوري، أبو عبد الرحمن السلمي (المتوفى: 412هـ)	ShamAY	12982	0.52566
		اليقين في اختصاص مولانا علي(ع) بإمرة المؤمنين‏	السيد علي بن موسى بن طاووس	Masaha	2866	0.52559
		الأحاديث العوالي من جزء ابن عرفة العبدي (150هـ - 257هـ)	تقي الدين أبو العباس أحمد بن عبد الحليم بن عبد السلام بن عبد الله بن أبي القاسم بن محمد ابن تيمية الحراني الحنبلي الدمشقي (المتوفى : 728هـ)	ShamAY	7525	0.52554
		أصحاب الإمام أمير المؤمنين عليه السلام والرّواة عنه [ج ١]	الدكتور الشيخ محمّد هادي الأميني	Rafed	2545	0.52551
		تنوير الحوالك شرح موطأ مالك	عبد الرحمن بن أبي بكر، جلال الدين السيوطي (المتوفى: 911هـ)	ShamAY	5757	0.52545
		حديث أبي محمد إسماعيل بن علي بن إسماعيل الخُطَبي - مخطوط	أبو محمد إسماعيل بن علي بن إسماعيل الخُطَبي	ShamAY	32932	0.52542
		تفسير القرآن العظيم [ج ٣]	أبي الفداء اسماعيل بن عمر ابن كثير الدمشقي	Rafed	3409	0.52537
		حديث عباس الترقفي	أَبُو مُحَمَّدٍ عَبَّاسُ بنُ عَبْدِ اللهِ بنِ أَبِي عِيْسَى البَاكُسَائِيُّ، التَّرْقُفِيُّ (المتوفى: 267هـ)	ShamAY	30432	0.52535
		 أمراء الكوفة وحكامها 	 محمد على آل خليفة 	ABLibrary	8937	0.52535
		المهذب في اختصار السنن الكبير	الذهبي، شمس الدين	ShamelaY19	146127	0.52515
		 الأصول الأصلية والقواعد الشرعية 	 السيد عبد الله شبر 	ABLibrary	9359	0.52507
		 مسند الإمام الصادق ( ع ) 	 الشيخ عزيز الله عطاردي 	ABLibrary	7728	0.52505
		رسالة في خبر تزويج ام كلثوم من عمر	السيّد علي الحسيني الميلاني	Rafed	222	0.5249
		بحر الدم فيمن تكلم فيه الإمام أحمد بمدح أو ذم - ط العلمية = التراجم	يوسف بن حسن بن أحمد بن حسن ابن عبد الهادي الصالحي، جمال الدين، ابن ابن المِبْرَد الحنبلي (المتوفى: 909هـ)	ShamAY	38193	0.52482
		فضائل الاشهر الثلاثه ( رجب ، شعبان ، رمضان )	محمد بن علي بن بابويه شيخ صدوق	Ghbook	2593	0.52469
		جزء فيه المنظوم والمنثور من الحديث النبوي	أبو الحسين عفيف بن محمد الخطيب البوشنجي (المتوفى: ق 5ه)	Sham19Y	26886	0.52467
		 العوالم ، الإمام جعفر الصادق ( ع ) 	 الشيخ عبد الله البحراني 	ABLibrary	7617	0.52451
		المنهل الصافي والمستوفى بعد الوافي	يوسف بن تغري بردي بن عبد الله الظاهري الحنفي، أبو المحاسن، جمال الدين (المتوفى: 874ه)	ShamelaY19	23156	0.52449
		الزهد للمعافى بن عمران الموصلي	أبو مسعود المعافى بن عمران بن نفيل بن جابر الأزدي الموصلي (المتوفى: 185ه)	ShamelaY19	29289	0.52442
		الحلة السيراء	ابن الأبار، محمد بن عبد الله بن أبي بكر القضاعي البلنسي (المتوفى: 658هـ)	ShamAY	6630	0.52426
		صحيح وضعيف سنن النسائي	محمد ناصر الدين الألباني (المتوفى: 1420ه)	Sham19Y	783	0.52426
		وقعة الطف‏	أبو مخنف الكوفي‏	Masaha	3027	0.52419
		 أعيان الشيعة 	 السيد محسن الأمين 	ABLibrary	79	0.52379
		من حديث جمح بن القاسم والحسن بن منير للزنباعي - مخطوط	أبو عبد الله محمد بن عبد السلام الجذامي الزنباعي	ShamAY	32817	0.52375
		الديباج لأبي عبيدة	أبو عبيدة معمر بن المثنى التيمى (المتوفى: 209ه)	Sham19Y	636	0.52375
		سؤالات أبي عبيد الآجري للإمام أبي داود السجستاني - ط الفاروق	أبو داود سليمان بن الأشعث السجستاني	ShamAY	34161	0.52373
		الأوسط في السنن والإجماع والاختلاف	أبو بكر محمد بن إبراهيم بن المنذر النيسابوري (المتوفى: 319هـ)	ShamAY	21113	0.52362
		حديث شعبة بن الحجاج	محمد بن المظفر بن موسى بن عيسى، أبو الحسين البزاز البغدادي (المتوفى: 379هـ)	ShamAY	5732	0.5236
		 مسند الإمام الصادق ( ع ) 	 الشيخ عزيز الله عطاردي 	ABLibrary	7733	0.5236
		أحاديث مسلسلات	أبو بكر أحمد بن علي بن الحسين بن زكريا الطريثيثي، ثم البغدادي، الصوفي، المعروف: بابن زهراء (المتوفى: 497ه)	ShamelaY19	29777	0.52356
		 القول المتين في تشيع الشيخ الأكبر 	 الشيخ قاسم الطهراني 	ABLibrary	8904	0.52347
		حديث البدر بن الهيثم القاضي	بَدْرُ بنُ الهَيْثَمِ بنِ خَلَفٍ أَبُو القَاسِمِ اللَّخْمِيُّ، الكُوْفِيُّ (المتوفى: 317هـ)	ShamAY	21484	0.52341
		تخريج الأحاديث والآثار الواقعة في تفسير الكشاف للزمخشري	جمال الدين أبو محمد عبد الله بن يوسف بن محمد الزيلعي (المتوفى: 762ه)	Sham19Y	8636	0.52341
		إحقاق الحقّ وإزهاق الباطل [ج ١٧]	السيّد نور الله الحسيني المرعشي التستري	Rafed	2756	0.52338
		إتحاف ذوي الرسوخ بمن رمي بالتدليس من الشيوخ الأنصاري	حماد بن محمد الأنصاري الخزرجي السعدي (المتوفى: 1418هـ)	ShamAY	35780	0.52337
		الإعلَامُ بنَقد كتاب «الرَّوْض البسَّام بتخريج وَترتيب فَوائِد تمَّام» للدّكتور جَاسِم الفهيد الدّوسَري	محمد صباح منصور	ShamAY	31989	0.52331
		مجموعة رسائل بان أبي الدنيا كتاب التوكل على الله	أبو بكر عبد الله بن محمد بن عبيد بن سفيان بن قيس البغدادي الأموي القرشي المعروف بابن أبي الدنيا (المتوفى: 281ه)	Sham19Y	8254	0.5233
		شرح سنن ابن ماجة - الراجحي	عبد العزيز بن عبد الله بن عبد الرحمن الراجحي	ShamelaY19	36998	0.52329
		أصحاب أمير المؤمنين عليه السلام و الرواة عنه‏ - الجزء1	د. محمد هادي الأميني	Masaha	1834	0.52325
		شرح صحيح ابن حبان - الراجحي	عبد العزيز بن عبد الله بن عبد الرحمن الراجحي	ShamAY	104	0.52313
		 تاريخ واسط 	 أسلم الرزاز الواسطي ( بحشل ) 	ABLibrary	9012	0.52313
		طبقات المحدثين بأصبهان والواردين عليها [ج ٤]	أبي محمّد عبدالله بن محمّد بن جعفر بن حيّان [ أبي الشيخ الأنصاري ]	Rafed	2438	0.52311
		سير أعلام النبلاء ط الحديث	شمس الدين أبو عبد الله محمد بن أحمد بن عثمان بن قَايْماز الذهبي (المتوفى: 748هـ)	ShamAY	22669	0.52302
		أطراف الغرائب والأفراد من حديث رسول الله صلى الله عليه وسلم للإمام الدارقطني	أبو الفضل محمد بن طاهر بن علي بن أحمد المقدسي الشيباني، المعروف بابن القيسراني (المتوفى: 507هـ)	ShamAY	6083	0.523
		خزانة التّواريخ النجديّة [ج ٢]	عبد الله بن عبد الرحمن بن صالح آل بسام	Rafed	2164	0.523
		جزء فيه المنظوم والمنثور من الحديث النبوي	أبو الحسين عفيف بن محمد الخطيب البوشنجي (المتوفى: ق 5هـ)	ShamAY	26886	0.52289
		مأخذ العلم لابن فارس	أحمد بن فارس بن زكرياء القزويني الرازي، أبو الحسين (المتوفى: 395هـ)	ShamAY	26675	0.52287
		وسائل الشيعة [ج ١٧]	محمد بن الحسن الحرّ العاملي [ العلامة الشيخ حرّ العاملي ]	Rafed	311	0.52285
		أحاديث أبي عبد الله الرازي	ابن الحطاب أبو عبد الله الرازي، محمد بن أحمد بن إبراهيم (المتوفى: 525هـ)	ShamAY	29726	0.52283
		في خبر تزويج ام كلثوم من عمر	آيت الله علي حسيني ميلاني	Ghbook	7685	0.52281
		الإلحاد الخميني في أرض الحرمين	أبو عبد الرحمن مقبل بن هادي بن مقبل بن قائدة (اسم رجل) الهمداني الوادعي (المتوفى: 1422ه)	ShamelaY19	96926	0.52275
		مرويات الإمام الزهري في المغازي	محمد بن محمد العواجي	ShamAY	2700	0.52272
		نصب الراية لأحاديث الهداية مع حاشيته بغية الألمعي في تخريج الزيلعي	جمال الدين أبو محمد عبد الله بن يوسف بن محمد الزيلعي (المتوفى: 762هـ)	ShamAY	11428	0.52268
		الديباج لأبي عبيدة	أبو عبيدة معمر بن المثنى التيمى (المتوفى: 209هـ)	ShamAY	636	0.52258
		مسألة الطائفين	أبو بكر محمد بن الحسين بن عبد الله الآجُرِّيُّ البغدادي (المتوفى: 360هـ)	ShamAY	6233	0.52251
		جزء فيه أحاديث من حديث أبي حفص عمر بن محمد بن علي الزيات	أبو حفص عمر بن محمد بن علي الزيات (375 هـ)	ShamAY	33597	0.52248
		الإيمان للعدني	أبو عبد الله محمد بن يحيى ابن أبي عمر العدني (المتوفى: 243هـ)	ShamAY	13006	0.52247
		تاريخ الإسلام ووفيات المشاهير والأعلام [ج ٤٧]	شمس الدين محمّد بن أحمد بن عثمان الذّهبي	Rafed	3643	0.52247
		إلقاء المحاجر على أثر صلوا خلف كل بر وفاجر (بحث قيم)	المحضار :: أبو الحارث المحضار	ShamAY	36684	0.52243
		 أصحاب أمير المؤمنين ( ع ) والرواة عنه 	 الشيخ محمد هادي الأميني 	ABLibrary	7413	0.52236
		أخبار مكة وما جاء فيها من الآثار  - الجزء1	محمد بن عبد الله الأزرقي	Masaha	4638	0.52227
		الموسوعه الرجاليه ترتيب الاسانيد كتاب الكافي	آيت الله العظمي ميرزا جواد تبريزي	Ghbook	12868	0.52227
		المذكر والتذكير والذكر لابن أبي عاصم - ط الصحابة (مقابل)	أبو بكر أحمد بن عمرو بن أبي عاصم الضحاك بن مخلد الشيباني	ShamAY	33656	0.52224
		أخبار النحويين البصريين للسيرافي	الحسن بن عبد الله بن المرزبان السيرافي، أبو سعيد (المتوفى: 368ه)	ShamelaY19	26338	0.52209
		جزء آدم بن أبي إياس	آدم بن أبى إياس: عبد الرحمن ويقال: ناهية بن محمد بن شعيب الخراسانى المروذى أبو الحسن العسقلانى، مولى بنى تيم أو تميم (المتوفى: 221هـ)	ShamAY	29703	0.52187
		سلسلة الكذّابين والوضّاعين	الشيخ عبد الحسين الأميني النجفي	Masaha	304	0.52187
		الطرق العلمية في تخريج الأحاديث النبوية	عبد العزيز بن صالح اللحيدان	ShamAY	37263	0.52182
		الهسهسة بنقض الوضوء بالقهقهة	الإمام محمد عبد الحي اللكنوي (ت1304هـ)	ShamAY	36013	0.52159
		 مسند الإمام العسكري ( ع ) 	 الشيخ عزيز الله عطاردي 	ABLibrary	7742	0.52159
		الأحاديث الواردة في حلف النبي صلى الله عليه وسلم من صحيح البخاري ومسلم	عبد اللطيف البلوشي	ShamAY	37457	0.52149
		كتاب أصل السنة واعتقاد الدين لإبراهيم بن عمر البرمكي - مخطوط	أبو إسحاق إبراهيم بن عمر بن أحمد البرمكي	ShamAY	32966	0.52148
		مشاهير علماء نجد وغيرهم	عبد الرحمن بن عبد اللطيف بن عبد الله بن عبد اللطيف بن عبد الرحمن بن حسن بن محمد بن عبد الوهاب	ShamAY	11575	0.52146
		ذيول العبر - ت: المنجد	محمد بن أحمد بن عثمان بن قايماز الذهبي أبو عبد الله	ShamAY	34590	0.52139
		مستعذب الإخبار بأطيب الأخبار	أبو مدين الفاسي‏	Masaha	2489	0.52139
		 أخبار مكة في قديم الدهر وحديثه 	 محمد بن اسحاق ابن العباس الفاكهي المكي 	ABLibrary	8924	0.52134
		تخريج الأحاديث والآثار الواقعة في تفسير الكشاف للزمخشري	جمال الدين أبو محمد عبد الله بن يوسف بن محمد الزيلعي (المتوفى: 762هـ)	ShamAY	8636	0.52126
		أخبار النحويين البصريين للسيرافي	الحسن بن عبد الله بن المرزبان السيرافي، أبو سعيد (المتوفى: 368هـ)	ShamAY	26338	0.5212
		جزء فيه حديث المصيصي لوين	أبو جعفر محمد بن سليمان بن حبيب بن جبير الأسدي المصيصي المعروف بـ لوين (المتوفى: 245هـ)	ShamAY	1459	0.52112
		المنتقى من مسند المقلين لدعلج السجزي	أبو محمد دَعْلَج بن أحمد بن دَعْلَج بن عبد الرحمن السجستاني (المتوفى: 351هـ)	ShamAY	13072	0.52102
		 الضوء اللامع لأهل القرن التاسع 	 شمس الدين السخاوي 	ABLibrary	952	0.52097
		الثامن من أجزاء أبي علي بن شاذان	الحسن بن خلف بن شاذان بن زياد الواسطى، أبو على البزاز (المتوفى: 246هـ)	ShamAY	29707	0.52093
		منتقى من حديث هشام بن عمار الدمشقي، عن سعيد بن يحيى اللخمي - مخطوط	أبو الحسين محمد بن المظفر بن موسى البزاز	ShamAY	32955	0.52091
		مدينة معاجز الأئمة الإثني عشر و دلائل الحجج على البشر - الجزء1	السيد هاشم البحراني‏	Masaha	2480	0.52089
		كتاب التوحيد وإثبات صفات الرب عز وجل	أبو بكر محمد بن إسحاق بن خزيمة بن المغيرة بن صالح بن بكر السلمي النيسابوري (المتوفى: 311هـ)	ShamAY	13011	0.52084
		سؤالات الآجري - الريان	الآجري	ShamAY	34622	0.52073
		فضيلة العادلين من الولاة لأبي نعيم	أبو نعيم أحمد بن عبد الله بن أحمد بن إسحاق بن موسى بن مهران الأصبهاني (المتوفى: 430هـ)	ShamAY	13141	0.52056
		الرواة المتروكون في مسند الإمام أحمد - جمع ودراسة	عامر بن حسن صبري	ShamAY	35216	0.52051
		مكائد الشيطان - مجمع - ط القرآن ت إبراهيم	أبو بكر عبد الله بن محمد ابن أبي الدنيا	ShamAY	38058	0.5205
		فوائد حسان ومقتل عثمان لأحمد بن كامل بن خلف - مخطوط		ShamAY	32785	0.52041
		شرح سنن ابن ماجة - الراجحي	عبد العزيز بن عبد الله بن عبد الرحمن الراجحي	ShamAY	103	0.52038
		جامع احاديث الشيعة	آيت الله العظمي سيد حسين طباطبايي بروجردي	Ghbook	10135	0.52037
		النافلة في الأحاديث الضعيفة والباطلة	أبو إسحاق الحويني الأثري حجازي محمد شريف	ShamAY	10024	0.52026
		حديثان أحدهما في فضل رجب لأبي معشر الطبري	عبد الكريم بن عبد الصمد بن محمد بن علي بن محمد القطان أبو معشر الطبري (المتوفى: 478هـ)	ShamAY	11454	0.52022
		غارة الفصل على المعتدين على كتب العلل	أَبِو عَبد الرَّحمَن مُقْبلُ بنُ هَادِي بنِ مُقْبِلِ بنِ قَائِدَةَ (اسم رجل) الهَمْدَاني الوادعِيُّ (المتوفى: 1422هـ)	ShamAY	2001	0.52019
		ذخيرة الحفاظ (من الكامل لابن عدي)	أبو الفضل محمد بن طاهر بن علي بن أحمد المقدسي الشيباني، المعروف بابن القيسراني (المتوفى: 507ه)	Sham19Y	6060	0.52017
		جزء ابن فيل	أَبُو طَاهِرٍ الحَسَنُ بنُ أَحْمَدَ بنِ إِبْرَاهِيْمَ بنِ فِيْلٍ البَالِسِيُّ (المتوفى: 311هـ)	ShamAY	26741	0.52015
		الجامع لعلوم الإمام أحمد - الأدب والزهد	خالد الرباط، سيد عزت عيد [بمشاركة الباحثين بدار الفلاح]	ShamelaY19	20882	0.52013
		فوائد أبي علي أحمد بن علي بن شعيب المدائني	أبو علي أحمد بن علي بن شعيب المدائني (المتوفى: بعد 310هـ)	ShamAY	29713	0.5201
		النجاة بحمد الله	يوسف بن حسن بن أحمد بن حسن ابن عبد الهادي الصالحي، جمال الدين، ابن ابن المِبْرَد الحنبلي (المتوفى: 909هـ)	ShamAY	30291	0.52005
		تَهْذِيْبُ سُنَنِ أَبِي دَاودَ وَإيضاحِ مُشكِلاتِهِ	ابن قيّم الجوزية	ShamAY	35960	0.51979
		الكلام على طرق حديث وائل بن حجر في صفة الصلاة	محمد بن عبد الله السريع	ShamAY	33058	0.51972
		مسند الفاروق أمير المؤمنين أبي حفص عمر بن الخطاب رضي الله عنه وأقواله على أبواب العلم	أبو الفداء إسماعيل بن عمر بن كثير القرشي البصري ثم الدمشقي (المتوفى: 774 هـ)	ShamAY	32424	0.51972
		جزء ابن فيل	أبو طاهر الحسن بن أحمد بن إبراهيم بن فيل البالسي (المتوفى: 311ه)	ShamelaY19	26741	0.51969
		حول مشروعيه الجمع في الصلاه و صلاه التراويح	خليفه عبيد كلباني عماني	Ghbook	7640	0.51966
		أخبار مكة - مكتبة الثقافة الدينية	الواحدي :: الأزرقي	ShamAY	33816	0.51961
		الإمام الكاظم وذراريه	إسماعيل الحاج عبدالرحيم الخفّاف	Rafed	2466	0.51954
		 طب الأئمة ( ع ) 	 السيد عبد الله شبر 	ABLibrary	7937	0.51948
		جزء فيه المنظوم والمنثور من الحديث النبوي	أبو الحسين عفيف بن محمد الخطيب البوشنجي (المتوفى: ق 5ه)	ShamelaY19	26886	0.51938
		تفسير القرآن العظيم لابن أبي حاتم	أبو محمد عبد الرحمن بن محمد بن إدريس بن المنذر التميمي، الحنظلي، الرازي ابن أبي حاتم (المتوفى: 327هـ)	ShamAY	8658	0.51915
		العلل ومعرفة الرجال لأحمد رواية المروذي وغيره ت صبحي السامرائي	أبو عبد الله أحمد بن محمد بن حنبل بن هلال بن أسد الشيباني (المتوفى: 241هـ)	ShamAY	6044	0.51906
		ذخيرة الحفاظ (من الكامل لابن عدي)	أبو الفضل محمد بن طاهر بن علي بن أحمد المقدسي الشيباني، المعروف بابن القيسراني (المتوفى: 507هـ)	ShamAY	6060	0.51906
		أحاديث ومرويات في الميزان 1 - حديث قلب القرآن يس	محمد عمرو بن عبد اللطيف بن محمد بن عبد القادر بن رضوان بن سليمان بن مفتاح بن شاهين الشنقيطي (المتوفى: 1429هـ)	ShamAY	12578	0.51896
		كتاب تفسير القرآن	أبو بكر محمد بن إبراهيم بن المنذر النيسابوري (المتوفى: 319ه)	ShamelaY19	22549	0.5189
		 من ذيول العبر 	 الذهبي - الحسيني 	ABLibrary	970	0.51884
		كتاب تفسير القرآن	أبو بكر محمد بن إبراهيم بن المنذر النيسابوري (المتوفى: 319هـ)	ShamAY	22549	0.51879
		مجموعة نفيسة في تاريخ الأئمة عليهم السلام‏	جمع من العلماء	Masaha	4676	0.51879
		 بحر الدم ( في من مدحه أحمد أو ذمه ) 	 يوسف بن الحسن العدوي القرشي ( ابن المبرد ) 	ABLibrary	841	0.51878
		الزهد للمعافى بن عمران الموصلي	أبو مسعود المعافى بن عمران بن نفيل بن جابر الأزدي الموصلي (المتوفى: 185هـ)	ShamAY	29289	0.51873
		رسالة في الجرح والتعديل - ت: الفريوائي	عبد العظيم بن عبد القوي المنذري أبو محمد	ShamAY	34040	0.51868
		شرح جامع الترمذي - الراجحي	عبد العزيز بن عبد الله بن عبد الرحمن الراجحي	ShamelaY19	36976	0.51866
		معجم أصحاب شيخ الإسلام ابن تيمية	وليد بن حسني بن بدوي بن محمد الأموي	ShamelaY19	21524	0.51864
		مستعذب الإخبار بأطيب الأخبار	أبو مدين بن أحمد بن محمد بن عبد القادر بن علي الفاسي (المتوفى: بعد 1132ه)	ShamelaY19	23675	0.51855
		الإمام أبو الحسن الدارقطني وآثاره العلمية	عبد الله بن ضيف الله الرحيلي	ShamAY	7548	0.5184
		إحقاق الحقّ وإزهاق الباطل [ج ٢٣]	آية الله السيّد شهاب الدين الحسيني المرعشي النجفي	Rafed	2791	0.51836
		 التعليقة على أصول الكافي 	 السيد محمد باقر الداماد ( الميرداماد ) 	ABLibrary	7912	0.5183
		 إثنا عشر رسالة 	 السيد محمد باقر الداماد ( الميرداماد ) 	ABLibrary	839	0.51821
		500 سؤال وجواب في السير والمغازي	علي العلي الكعبي	ShamAY	37430	0.5182
		إحقاق الحقّ وإزهاق الباطل [ج ٧]	السيّد نور الله الحسيني المرعشي التستري	Rafed	2724	0.5182
		البرهان في تفسير القرآن [ج ١]	السيد هاشم الحسيني البحراني	Rafed	1477	0.51817
		مكائد الشيطان	أبو بكر عبد الله بن محمد بن عبيد بن سفيان بن قيس البغدادي الأموي القرشي المعروف بابن أبي الدنيا (المتوفى: 281هـ)	ShamAY	8061	0.5181
		مجلسان من أمالي أبي الحسن القزويني رواية أبي العز - مخطوط	أبو الحسن علي بن عمر القزويني	ShamAY	32862	0.51807
		 الضوء اللامع لأهل القرن التاسع 	 شمس الدين السخاوي 	ABLibrary	950	0.51805
		مكارم الأخلاق للطبراني (مطبوع مع مكارم الأخلاق لابن أبي الدنيا)	سليمان بن أحمد بن أيوب بن مطير اللخمي الشامي، أبو القاسم الطبراني (المتوفى: 360هـ)	ShamAY	9324	0.51804
		الضعفاء والمتروكون للنسائي	أبو عبد الرحمن أحمد بن شعيب بن علي الخراساني، النسائي (المتوفى: 303هـ)	ShamAY	10805	0.51804
		الف حديث في مومن	هادي نجفي	Ghbook	12933	0.51793
		الجزء الثالث من الأخبار والحكايات لمحمد بن القاسم بن معروف - مخطوط	أبو علي محمد بن القاسم بن معروف بن حبيب	ShamAY	32894	0.51788
		حديث أبي علي الحسن بن علي الشعراني - مخطوط		ShamAY	32776	0.51779
		الأشربة - مكتبة التراث	أحمد بن محمد بن حنبل أبو عبد الله	ShamAY	34333	0.51778
		مسند أبي داود الطيالسي بالحواشي (نسخة مقابلة)	سليمان بن داود بن الجارود أبو داود الطيالسي	ShamAY	33971	0.51775
		مَنْهجُ الإمَامِ الدَّارَقطنِي في نقدِ الحديث في كِتَابِ العِلَّل	أبو عبد الرحمن، يوسف بن جودة يس يوسف الداودي	ShamAY	31984	0.51772
		تعليقة امل الامل	افضل الدين ابوحامد كرماني	Ghbook	9014	0.51754
		الوفاة	النسائي	ShamelaY19	22643	0.51741
		 مسند الإمام الصادق ( ع ) 	 الشيخ عزيز الله عطاردي 	ABLibrary	7718	0.51727
		الجزء الخامس من فوائد أبي عمران موسى بن هارون بن عبد الله البزاز	أبو عمران موسى بن هارون بن عبد الله البزاز الحمال	ShamAY	33671	0.51723
		تهذيب الأحكام [ج ٩]	أبي جعفر محمّد بن الحسن بن علي بن الحسن الطّوسي [ شيخ الطائفة ]	Rafed	747	0.51722
		النسبة إلى المواضع والبلدان	المؤرخ العلامة جمال الدين عبد الله الطيب بن عبد الله بن أحمد بامخرمة الحميري	ShamAY	37021	0.5172
		معجزات النبي - صلى الله عليه وسلم - (من كتاب البداية والنهاية لابن كثير)	أبو الفداء إسماعيل بن عمر بن كثير القرشي البصري ثم الدمشقي (المتوفى: 774هـ)	ShamAY	23678	0.51715
		حول المتعه	خليفه عبيد كلباني عماني	Ghbook	7636	0.51709
		أخلاق النبي لأبي الشيخ الأصبهاني	أبو محمد عبد الله بن محمد بن جعفر بن حيان الأنصاري المعروف بأبِي الشيخ الأصبهاني (المتوفى: 369هـ)	ShamAY	12980	0.51706
		فضل إعراب القرآن الكريم في السنة النبوية ـ دراسة موضوعية	د/ أحمد بن عبدالله الباتلي	ShamAY	36840	0.51693
		موسوعة أحكام الطهارة	أبو عمر دُبْيَانِ بن محمد الدُّبْيَانِ	ShamAY	32122	0.51686
		شرح جامع الترمذي - الراجحي	عبد العزيز بن عبد الله بن عبد الرحمن الراجحي	Sham19Y	36976	0.51685
		منتقى حديث أبي عبد الله محمد بن مخلد	أبو عبد الله محمد بن مخلد بن حفص العطار الدوري البغدادي (المتوفى: 331هـ)	ShamAY	29859	0.51681
		فضائل المدينة للجندي	أبو سعيد المفضل بن محمد بن إبراهيم بن مفضل بن سعيد بن عامر بن شراحيل الشعبي الكوفي ثم الجندي المقرئ (المتوفى: 308هـ)	ShamAY	13137	0.51681
		الأربعون لمحمد بن أسلم الطوسي	الإمام الحافظ أبي الحسن محمد بن أسلم الطوسي	ShamAY	10620	0.51677
		صريح السنة للطبري	محمد بن جرير بن يزيد بن كثير بن غالب الآملي، أبو جعفر الطبري (المتوفى: 310ه)	Sham19Y	13127	0.51666
		الصارم المنكي في الرد على السبكي	شمس الدين محمد بن أحمد بن عبد الهادي الحنبلي (المتوفى: 744ه)	Sham19Y	8622	0.5166
		جزء الأوهام في المشايخ النبل	ضياء الدين أبو عبد الله محمد بن عبد الواحد المقدسي (المتوفى: 643هـ)	ShamAY	5799	0.51653
		 مسند الإمام الصادق ( ع ) 	 الشيخ عزيز الله عطاردي 	ABLibrary	7724	0.51649
		موسوعة الإمام الجواد(ع) - الجزء1	الشيخ أبو القاسم الخزعلي‏	Masaha	3286	0.51641
		 أصحاب أمير المؤمنين ( ع ) والرواة عنه 	 الشيخ محمد هادي الأميني 	ABLibrary	7414	0.51639
		صحابة الإمام علي بن أبي طالب ودورهم في الحياة العامة للمسلمين	خلود الياسري	ShamAY	37122	0.51631
		بحر الدم فيمن تكلم فيه الإمام أحمد بمدح أو ذم	يوسف بن حسن بن أحمد بن حسن ابن عبد الهادي الصالحي، جمال الدين، ابن ابن المِبْرَد الحنبلي (المتوفى: 909هـ)	ShamAY	2994	0.51619
		لماذا أهل البيت وليس غيرهم؟!	حسين المدرسي	Masaha	391	0.51615
		صلاة العيدين للمحاملي - ت الإدريسي	أبو عبد الله الحسين بن إسماعيل المحاملي	ShamAY	38154	0.51611
		نسخة أبي مسهر وغيره	أبو مسهر عبد الأعلى بن مسهر بن عبد الأعلى بن أبي ذرمة الغساني الدمشقي (المتوفى: 218هـ) ، ونُسخ أخرى لغيره من أهل العلم	ShamAY	13185	0.51606
		الثامن من أجزاء أبي علي بن شاذان	الحسن بن خلف بن شاذان بن زياد الواسطى، أبو على البزاز (المتوفى: 246ه)	ShamelaY19	29707	0.51603
		حديث مصعب بن عبد الله الزبيري	أبو القاسم عبد الله بن محمد بن عبد العزيز بن المَرْزُبان بن سابور بن شاهنشاه البغوي (المتوفى: 317هـ)	ShamAY	5733	0.51599
		مختصر [قيام الليل وقيام رمضان وكتاب الوتر]	أبو عبد الله محمد بن نصر بن الحجاج المَرْوَزِي (المتوفى: 294هـ)	ShamAY	31635	0.51597
		 الموسوعة الكبرى عن فاطمة الزهراء ( س ) 	 اسماعيل الأنصاري الزنجاني الخوئيني 	ABLibrary	7818	0.51578
		معجزات النبي - صلى الله عليه وسلم - (من كتاب البداية والنهاية لابن كثير)	أبو الفداء إسماعيل بن عمر بن كثير القرشي البصري ثم الدمشقي (المتوفى: 774ه)	Sham19Y	23678	0.5156
		شرح جامع الترمذي - الراجحي	عبد العزيز بن عبد الله بن عبد الرحمن الراجحي	ShamAY	100	0.51551
		بحوث في المصطلح للفحل	الدكتور ماهر ياسين الفحل	ShamAY	1768	0.51528
		النحفه العنبريه في انساب خير البريه	سيدمهدي رجايي	Ghbook	15625	0.51528
		الانتهاء لمعرفة الأحاديث التي لم يفت بها الفقهاء، ومناقشها على ضوء الأصلين:	أبو عبد الله عبد السلام بن محمد بن عمر علوش	Sham19Y	96948	0.51526
		تاريخ الكوفه	حسين براقي نجفي	Ghbook	7093	0.5152
		تفسير القرآن العظيم [ج ٢]	عبد الرحمن بن محمّد ابن إدريس الرازي ابن أبي حاتم	Rafed	1827	0.51518
		نصب الراية لأحاديث الهداية مع حاشيته بغية الألمعي في تخريج الزيلعي	جمال الدين أبو محمد عبد الله بن يوسف بن محمد الزيلعي (المتوفى: 762ه)	Sham19Y	11428	0.51514
		أخبار النحويين لأبي طاهر المقرئ	أبو طاهر، عبد الواحد بن عمر بن محمد بن أبى هاشم البزار (المتوفى: 349هـ)	ShamAY	295	0.51509
		 حلية الأبرار في أحوال محمد وآله الأطهار ( ع ) 	 السيد هاشم البحراني 	ABLibrary	7485	0.51495
		مستدرك الوسائل و مستنبط المسائل - الجزء1	المحدث الشيخ حسين النوري	Masaha	1604	0.51492
		مسند الحب بن الحب أسامة بن زيد	أبو القاسم عبد الله بن محمد بن عبد العزيز بن المَرْزُبان بن سابور بن شاهنشاه البغوي (المتوفى: 317هـ)	ShamAY	13158	0.51469
		الائمه من قريش من بني هاشم	خليفه عبيد كلباني عماني	Ghbook	7521	0.51458
		الحيره في عصر الغيبه الكبري	ياسين موسوي	Ghbook	12279	0.5145
		الحسين عليه السلام في مواجهة الضلال الأموي وإحياء سيرة النبي صلّى الله عليه وآله وعلي عليه السلام	السيّد سامي البدري	Rafed	1551	0.51448
		الصَّارِمُ المُنْكِي في الرَّدِّ عَلَى السُّبْكِي	شمس الدين محمد بن أحمد بن عبد الهادي الحنبلي (المتوفى: 744هـ)	ShamAY	8622	0.51443
		عيد الغدير في الاسلام و التتويج و القربات يوم الغدير	عبدالحسين اميني ( علامه اميني )	Ghbook	7678	0.5144
		التدليس والمدلسون	حماد بن محمد الأنصاري الخزرجي السعدي (المتوفى: 1418هـ)	ShamAY	22949	0.51437
		أخبار وتراجم أندلسية مستخرجة من معجم السفر للسلفي	أبو طاهر السِّلَفي أحمد بن محمد بن أحمد بن محمد بن إبراهيم سِلَفَه السِّلَفي الأصبهاني (المتوفى: 576هـ)	ShamAY	1029	0.51436
		تفسير القرآن العظيم [ج ١]	عبد الرحمن بن محمّد ابن إدريس الرازي ابن أبي حاتم	Rafed	1817	0.51436
		إمام الأئمة الفقهاء أبو حنيفة النعمان	الدكتور صلاح محمد أبو الحاج	ShamAY	35848	0.51433
		تهذيب الأحكام [ج ٤]	أبي جعفر محمّد بن الحسن بن علي بن الحسن الطّوسي [ شيخ الطائفة ]	Rafed	735	0.51428
		بشارة الإسلام في علامات المهدي عليه السلام	مصطفى الكاظمي	Masaha	4066	0.51426
		الانتهاء لمعرفة الأحاديث التي لم يفت بها الفقهاء، ومناقشها على ضوء الأصلين:	أبو عبد الله عبد السلام بن محمد بن عمر علوش	ShamAY	2049	0.51424
		تاريخ الإسلام ووفيات المشاهير والأعلام [ج ١٣]	شمس الدين محمّد بن أحمد بن عثمان الذّهبي	Rafed	3397	0.51418
		المختصر من كتاب السياق لتاريخ نيسابور	الإمام الحافظ أبو الحسن الفارسي	Rafed	2406	0.51407
		من عاش بعد الموت لابن أبي الدنيا - ط أطلس الخضراء = مقابل	أبو بكر عبد الله بن محمد ابن أبي الدنيا	ShamAY	38047	0.51401
		نقض الإمام أبي سعيد عثمان بن سعيد على المريسي الجهمي العنيد فيما افترى على الله عز وجل من التوحيد	أبو سعيد عثمان بن سعيد بن خالد بن سعيد الدارمي السجستاني (المتوفى: 280هـ)	ShamAY	8680	0.51394
		الإستبصار [ج ٢]	أبي جعفر محمّد بن الحسن بن علي بن الحسن الطّوسي [ شيخ الطائفة ]	Rafed	1307	0.51393
		تحقيق جزء من علل ابن أبي حاتم	عبد الرحمن بن محمد بن إدريس بن المنذر التميمي، الحنظلي، الرازي ابن أبي حاتم (المتوفى: 327هـ)	ShamAY	35220	0.51384
		الأمالي والقراءة	أبو محمد الحسن بن علي بن عفان الكوفي العامري (المتوفى: 270هـ)	ShamAY	12998	0.51377
		تاريخ الإسلام ووفيات المشاهير والأعلام [ج ٤٨]	شمس الدين محمّد بن أحمد بن عثمان الذّهبي	Rafed	3644	0.51377
		ذكر خلق آدم وخطيئته وتوبته وأبواب في ولادة النبي صلى الله عليه وسلم - مخطوط	أبو جعفر محمد بن عثمان بن أبي شيبة	ShamAY	32908	0.51368
		الاستبصار فيما اختلف من الاخبار (الحج)	محمد بن حسن شيخ طوسي ( شيخ الطائفه )	Ghbook	2919	0.51366
		مائة منقبة	محمّد بن أحمد بن الحسن بن شاذان القمي	Rafed	1178	0.51357
		وقعة الطّف	لوط بن يحيى الأزدي الغامدي الكوفي [ أبي مخنف ]	Rafed	1605	0.51355
		نوادر الأصول في معرفة أحاديث الرسول صلى الله عليه وسلم - النسخة المسندة	الحكيم الترمذي (285 هـ)	ShamAY	34123	0.51346
		صلح الحديبيه وبيعه الرضوان: قراءه جديده في الاهداف وسير الاحداث ومصادر الروايه	سامي بدري	Ghbook	15073	0.51341
		ما شاع ولم يثبت في السيرة النبوية	د محمد بن عبد الله العوشن	ShamelaY19	97932	0.51336
		الأول من حديث ابن حذلم	أبو الحسن القاضي أحمد بن سليمان بن أيوب بن داود بن عبد الله بن حَذْلَم الأسدي الدمشقي الأوزاعي (المتوفى: 347هـ)	ShamAY	29720	0.51331
		التعديل والتجريح - ت: أحمد لبزار	الواحدي :: أبو الوليد الباجي	ShamAY	34037	0.51329
		رؤية الله تبارك وتعالى لابن النحاس	أبو محمد عبد الرحمن بن عمر بن محمد بن سعيد التجيبي المصري المالكي البزار المعروف بابن النحاس (المتوفى: 416هـ)	ShamAY	8232	0.51316
		معجزات النبي - صلى الله عليه وسلم - (من كتاب البداية والنهاية لابن كثير)	أبو الفداء إسماعيل بن عمر بن كثير القرشي البصري ثم الدمشقي (المتوفى: 774ه)	ShamelaY19	23678	0.51316
		التدليس والمدلسون	حماد بن محمد الأنصاري الخزرجي السعدي (المتوفى: 1418ه)	ShamelaY19	22949	0.51308
		أحاديث أبي محمد عبد الله بن جعفر بن إسحاق الجابري - مخطوط		ShamAY	32772	0.51306
		الخلاصةُ في أحكام الحديثِ الضَّعيفِ	علي بن نايف الشحود	ShamAY	37297	0.51305
		الجامع المسند الصحيح المختصر من أمور رسول الله صلى الله عليه وسلم وسننه وأيامه = صحيح البخاري	محمد بن إسماعيل أبو عبدالله البخاري الجعفي	ShamAY	32027	0.51301
		الدِّفَاعُ عنْ كتابِ رياضِ الصَّالحينَ	علي بن نايف الشحود	ShamAY	37298	0.51298
		ذكر الجهر بالبسملة مختصرا	أبو بكر أحمد بن علي بن ثابت بن أحمد بن مهدي الخطيب البغدادي (المتوفى: 463هـ)	ShamAY	29892	0.51296
		عون المعبود شرح سنن أبي داود، مع شرح الحافظ ابن قيم الجوزية	ابن قيم الجوزية	ShamAY	33523	0.51273
		تقريب التقريب ويليه خمس رسائل إسنادية هامة	أبو الحسن عبد الرحمن بن محمد نور الدين الأثري	ShamAY	35893	0.51261
		الامامه و التبصره من الحيره	محمد بن علي بن بابويه شيخ صدوق	Ghbook	9985	0.51255
		سير أعلام النبلاء ط الحديث	شمس الدين أبو عبد الله محمد بن أحمد بن عثمان بن قايماز الذهبي (المتوفى: 748ه)	ShamelaY19	22669	0.51249
		امالي الصدوق	محمد بن علي بن بابويه شيخ صدوق	Ghbook	2382	0.51248
		الضعفاء والمتروكين للنسائي - الكتب الثقافية	أبو عبد الرحمن أحمد بن شعيب النسائي	ShamAY	34604	0.51246
		القبور لابن أبي الدنيا	أبو بكر عبد الله بن محمد بن عبيد بن سفيان بن قيس البغدادي الأموي القرشي المعروف بابن أبي الدنيا (المتوفى: 281هـ)	ShamAY	10628	0.51245
		التمييز لمسلم - ط الفاروق	الواحدي :: مسلم	ShamAY	34142	0.51237
		الجزء الثاني من حديث يحيى بن معين الفوائد رواية أبي بكر المروزي	أبو زكريا يحيى بن معين بن عون بن زياد بن بسطام بن عبد الرحمن (المتوفى: 233هـ)	ShamAY	9294	0.51237
		مناورات الأشقياء لقتل خاتم الأنبياء	أبو يوسف محمد زايد	ShamAY	37410	0.51231
		تفسير القرآن العظيم [ج ٦]	عبد الرحمن بن محمّد ابن إدريس الرازي ابن أبي حاتم	Rafed	1831	0.51228
		المنامات لابن أبي الدنيا	أبو بكر عبد الله بن محمد بن عبيد بن سفيان بن قيس البغدادي الأموي القرشي المعروف بابن أبي الدنيا (المتوفى: 281هـ)	ShamAY	13070	0.51219
		مقتضب الاثر في النص علي الائمه الاثني عشر ( عليهم السلام )	احمد بن محمد بن عبدالله بن عياش جوهري	Ghbook	9682	0.51217
		من عاش بعد الموت لابن أبي الدنيا	أبو بكر عبد الله بن محمد بن عبيد بن سفيان بن قيس البغدادي الأموي القرشي المعروف بابن أبي الدنيا (المتوفى: 281هـ)	ShamAY	13183	0.51214
		الأحاديث الواردة في فضائل المدينة جمعا ودراسة	صالح حامد الرفاعي	ShamAY	38437	0.51211
		عشرة النساء للإمام للنسائي - الطبعة الثالثة	النسائي	ShamAY	35249	0.51202
		الحيره في عصر الغيبه الصغري	ياسين موسوي	Ghbook	12280	0.51202
		قلائد الجمان في التعريف بقبائل عرب الزمان	أبو العباس أحمد بن علي القلقشندي (المتوفى: 821هـ)	ShamAY	315	0.51199
		 حلية الأبرار 	 السيد هاشم البحراني 	ABLibrary	94	0.51174
		عبرة الخلف في دموع السلف	أبو إسلام أحمد بن علي	ShamAY	35207	0.51173
		القواعد المفيدة في معرفة أسماء الرجال المذكورين في جامع الإمام البخاري	فهد بن علي الكشي	ShamAY	34598	0.51169
		معجم البلدان - الفكر	ياقوت بن عبد الله الحموي أبو عبد الله	ShamAY	33803	0.51163
		منتقى حديث أبي عبد الله محمد بن مخلد	أبو عبد الله محمد بن مخلد بن حفص العطار الدوري البغدادي (المتوفى: 331ه)	ShamelaY19	29859	0.51161
		أمل الآمل - الجزء1	الحر العاملي	Masaha	885	0.51158
		هدية العارفين أسماء المؤلفين وآثار المصنفين	إسماعيل بن محمد أمين بن مير سليم الباباني البغدادي (المتوفى: 1399هـ)	ShamAY	3003	0.5114
		الأوهام الواقعة في أسماء العلماء والأعلام	مصطفى بن قحطان الحبيب	ShamAY	35869	0.51138
		الفوائدُ اللطيفةُ بأَخبارِ ما جاءَ في الصحيفةِ	محمد بن غازي القرشي البغدادي	ShamAY	37343	0.51131
		الشفاء في نظم حديث الكساء: ومداركه لدي الفريقين	حسين عبدالسيد النصار	Ghbook	12340	0.51118
		مسند أبي الطيالسي (دار المعرفة)	سليمان بن داود أبو داود الفارسي البصري الطيالسي	ShamAY	33930	0.5111
		موطأ مالك رواية أبي مصعب الزهري	مالك بن أنس بن مالك بن عامر الأصبحي المدني (المتوفى: 179هـ)	ShamAY	8140	0.51105
		فضل أم المؤمنين عائشة رضي الله عنها (المجلس السادس والأربعون من أمالي ابن عساكر)	ثقة الدين، أبو القاسم علي بن الحسن بن هبة الله المعروف بابن عساكر (المتوفى: 571ه)	Sham19Y	26735	0.51078
		شرح القسطلاني = إرشاد الساري لشرح صحيح البخاري	أحمد بن محمد بن أبى بكر بن عبد الملك القسطلاني القتيبي المصري، أبو العباس، شهاب الدين (المتوفى: 923ه)	ShamelaY19	21715	0.51077
		فضل أم المؤمنين عائشة رضي الله عنها (المجلس السادس والأربعون من أمالي ابن عساكر)	ثقة الدين، أبو القاسم علي بن الحسن بن هبة الله المعروف بابن عساكر (المتوفى: 571ه)	ShamelaY19	26735	0.51069
		الزهد وصفة الزاهدين لابن الأعرابي	أبو سعيد بن الأعرابي أحمد بن محمد بن زياد بن بشر بن درهم البصري الصوفي (المتوفى: 340هـ)	ShamAY	13029	0.51058
		ضعيف أبي داود - الأم	ناصر الدين الألباني	Sham19Y	5914	0.51055
		حديث بشر بن مطر	بشر بن مطر بن ثابت أبو أحمد الدقاق الواسطي (المتوفى: 262ه)	ShamelaY19	29709	0.51047
		 أعيان الشيعة 	 السيد محسن الأمين 	ABLibrary	78	0.51031
		شرح القسطلاني = إرشاد الساري لشرح صحيح البخاري	أحمد بن محمد بن أبى بكر بن عبد الملك القسطلاني القتيبي المصري، أبو العباس، شهاب الدين (المتوفى: 923هـ)	ShamAY	938	0.51028
		جزء حديثي في أحاديث ذكر الخوارج	عبد الباسط الغريب	ShamAY	33051	0.51026
		العرش وما روي فيه - مخرجا	أبو جعفر محمد بن عثمان بن أبي شيبة العبسي (المتوفى : 297هـ)	ShamAY	12443	0.5102
		وسائل الشيعة [ج ١٦]	محمد بن الحسن الحرّ العاملي [ العلامة الشيخ حرّ العاملي ]	Rafed	310	0.51009
		الشاذ والمنكر وزيادة الثقة - موازنة بين المتقدمين والمتأخرين	أبو ذر عبد القادر بن مصطفى بن عبد الرزاق المحمدي	ShamelaY19	36147	0.51008
		مختصر الانتخاب من كتاب من صبر ظفر لأبي بكر المطوعي - مخطوط	أبو بكر محمد بن علي بن محمد بن عمر المطوعي الغازي النيسابوري	ShamAY	32949	0.51006
		إبصار العين في أنصار الحسين(ع)‏	الشيخ محمد السماوي	Masaha	1823	0.50987
		مسند عبد الله بن عمر للطرسوسي	أبو أمية محمد بن إبراهيم بن مسلم الخزاعي البغدادي ثم الطرسوسي (المتوفى: 273ه)	Sham19Y	13169	0.50983
		تفسير القرآن العظيم [ج ٤]	أبي الفداء اسماعيل بن عمر ابن كثير الدمشقي	Rafed	3410	0.50983
		المدبج ورواية الأقران	د موفق بن عبد الله بن عبد القادر	Sham19Y	8909	0.5097
		ضعيف أبي داود - الأم	محمد ناصر الدين الألباني (المتوفى : 1420هـ)	ShamAY	5914	0.50966
		فارس الإسلام أبو سليمان خالد بن الوليد	محمد مال الله	ShamAY	35835	0.50961
		أحاديث أبي عروبة الحراني برواية أبي أحمد الحاكم	أبو عروبة الحسين بن محمد بن أبي معشر مودود السُّلَمي الجَزَري الحرَّاني (المتوفى: 318هـ)	ShamAY	13098	0.5096
		شيوخ شعبة الذين ضعفهم الإمام أحمد	عبد العزيز بن صالح اللحيدان	ShamAY	35221	0.50958
		مصادر الفقه المالكي «أصولا وفروعا في المشرق والمغرب قديما وحديثا»	أبو عاصم بشير ضيف بن أبي بكر بن البشير بن عمر العربي نسباً الجزائري بلداً المالكي مذهباً	ShamAY	32023	0.50956
		الأوسط في السنن والإجماع والاختلاف	أبو بكر محمد بن إبراهيم بن المنذر النيسابوري (المتوفى: 319ه)	ShamelaY19	21113	0.50954
		صب الخمول على من وصل أذاه إلى الصالحين من أولياء الله (مطبوع ضمن مجموع رسائل ابن عبد الهادي)	يوسف بن حسن بن أحمد بن حسن ابن عبد الهادي الصالحي، جمال الدين، ابن المِبْرَد الحنبلي (المتوفى: 909 هـ)	ShamAY	32311	0.50953
		من حديث ابن حذلم	أبو الحسن القاضي أحمد بن سليمان بن أيوب بن داود بن عبد الله بن حذلم الأسدي الدمشقي الأوزاعي (المتوفى: 347ه)	Sham19Y	29651	0.50938
		ذم البغي لابن أبي الدنيا - ط أطلس الخضراء = مقابل	أبو بكر عبد الله بن محمد ابن أبي الدنيا	ShamAY	38097	0.50934
		رسالة في فضل الأندلس وذكر رجالها - ت: إحسان عباس	أبو محمد علي بن أحمد بن سعيد بن حزم الأندلسي	ShamAY	33827	0.5093
		مستخرج أبي عوانة	أبو عوانة يعقوب بن إسحاق بن إبراهيم النيسابوري الإسفراييني (المتوفى: 316هـ)	ShamAY	21618	0.50923
		الاختصاص	الشيخ المفيد	Masaha	537	0.50921
		مسند الإمام علي(ع) - الجزء1	السيد حسن القبانچي	Masaha	409	0.50918
		الأحاديث الواردة في قراءة سورة الكهف يوم الجمعة	عبد الله بن فوزان بن صالح الفوزان	ShamAY	32091	0.50917
		مسند الإمام الرضا(ع) - الجزء1	عزيز الله عطاردي‏	Masaha	2474	0.50896
		 مسند الإمام الصادق ( ع ) 	 الشيخ عزيز الله عطاردي 	ABLibrary	7730	0.50893
		المسترشد في إمامة أمير المؤمنين علي بن أبي طالب عليه السلام	محمّد بن جرير بن رستم الطبري الإمامي	Rafed	3680	0.5089
		كتاب القضاء لسريج بن يونس	أبو الحارث سريج بن يونس بن إبراهيم البغدادي (المتوفى: 235ه)	Sham19Y	8219	0.50888
		مختصرُ استدرَاك الحافِظ الذّهبي على مُستدرَك أبي عبد اللهِ الحَاكم	ابن الملقن سراج الدين أبو حفص عمر بن علي بن أحمد الشافعي المصري (المتوفى: 804هـ)	ShamAY	1934	0.50879
		المروءة	محمد بن خلف بن المرزبان بن بسام، أبو بكر المحولي (المتوفى: 309ه)	Sham19Y	9640	0.50872
		 الموسوعة الكبرى عن فاطمة الزهراء ( س ) 	 اسماعيل الأنصاري الزنجاني الخوئيني 	ABLibrary	7820	0.5087
		 مسند الإمام الصادق ( ع ) 	 الشيخ عزيز الله عطاردي 	ABLibrary	7725	0.5087
		التشريف بالمنن في التعريف بالفتن‏	السيد علي بن موسى بن طاووس	Masaha	1922	0.50868
		مسند أبي داود الطيالسي	أبو داود سليمان بن داود بن الجارود الطيالسي البصرى (المتوفى: 204ه)	Sham19Y	1456	0.50866
		حديث لوين المصيصي	أبو جعفر محمد بن سليمان بن حبيب بن جبير الأسدي المصيصي المعروف ب لوين (المتوفى: 245ه)	ShamelaY19	29848	0.50865
		أمالي ابن المزرع	يموت بن المزرع العبدي، من عبد القيس، البصري، أبو بكر (المتوفى: 304هـ)	ShamAY	651	0.50845
		الأصول من الكافي - الجزء1	ثقة الإسلام أبي جعفر الكليني	Masaha	1	0.50838
		كتاب فيه معنى الزهد والمقالات وصفة الزاهدين	أبو سعيد أحمد بن محمد بن زياد بن بشر بن الأعرابي	ShamAY	33601	0.50821
		من حديث شيبان بن فروخ وغيره لأبي بكر الباغندي (الابن) -مخطوط	أبو بكر الباغندي (الابن) (محمد بن محمد بن سليمان)	ShamAY	32818	0.50808
		مختصر كفاية المهتدي لمعرفة المهدي عليه السلام	مير لوحي سبزواري	Masaha	4067	0.50806
		تفسير القرآن العظيم [ج ٢]	أبي الفداء اسماعيل بن عمر ابن كثير الدمشقي	Rafed	3408	0.5078
		الشجرة المباركة في أنساب الطالبية	الفخر الرازي‏	Masaha	2046	0.5078
		أصول السنة، ومعه رياض الجنة بتخريج أصول السنة	أبو عبد الله محمد بن عبد الله بن عيسى بن محمد المري، الإلبيري المعروف بابن أبي زَمَنِين المالكي (المتوفى: 399هـ)	ShamAY	9698	0.50772
		تاريخ طبري	طبري ، ابوجعفر محمد بن جرير بن يزيد ( قرن 3و4 ق ) ( صاحب تاريخ طبري معروف - سني مذهب )	Ghbook	9562	0.50755
		اثبات الهداه بالنصوص و المعجزات 	محمد بن حسن حر عاملي	Ghbook	6566	0.50755
		المدبج ورواية الأقران	د موفق بن عبد الله بن عبد القادر	ShamAY	8909	0.50749
		تفسير الطبري = جامع البيان عن تأويل آي القرآن	محمد بن جرير بن يزيد بن كثير بن غالب الآملي، أبو جعفر الطبري (المتوفى: 310هـ)	ShamAY	7798	0.50747
		إحقاق الحقّ وإزهاق الباطل [ج ٣]	السيّد نور الله الحسيني المرعشي التستري	Rafed	2707	0.50747
		مختصر الأحكام = مستخرج الطوسي على جامع الترمذي	أَبو عَلِيٍّ الحسنُ بنُ عَليِّ بنِ نَصْرٍ الطُّوْسِيُّ، المُلَقَّبُ: بِكَرْدُوشٍ (المتوفى: 312هـ)	ShamAY	5583	0.50745
		المروءة	محمد بن خلف بن المرزبان بن بسام، أبو بكر المحولي (المتوفى: 309هـ)	ShamAY	9640	0.50737
		علم الرجال نشأته وتطوره من القرن الأول إلى نهاية القرن التاسع	أبو ياسر محمد بن مطر بن عثمان آل مطر الزهراني (المتوفى: 1427هـ)	ShamAY	11297	0.50736
		التصنيف الموضوعي لتاريخ بغداد، للحافظ أبي بكر الخطيب البغدادي	محمد بن عبد الله الهبدان :: محمد الهبدان	ShamAY	35252	0.50721
		مسند أبي داود الطيالسي	أبو داود سليمان بن داود بن الجارود الطيالسي البصرى (المتوفى: 204هـ)	ShamAY	1456	0.50714
		الشجره المباركه في انساب الطالبيه	محمد بن عمر فخر رازي	Ghbook	9451	0.50702
		أمثال العرب ط الهلال	المفضل بن محمد بن يعلى بن سالم الضبي (المتوفى: نحو 168هـ)	ShamAY	9081	0.50698
		فوائد حديثية وفيه فوائد في الكلام على حديث الغمامة وحديث الغزالة والضب وغيره - ط ابن الجوزي	ابن قيم الجوزية (751 هـ)	ShamAY	34405	0.50691
		كتاب الناسخ والمنسوخ في القرآن الكريم	أبي جعفر أحمد بن محمّد بن إسماعيل النحّاس [ ابن النحّاس ]	Rafed	1283	0.50689
		منهاج المحدثين في القرن الأول الهجري وحتى عصرنا الحاضر	على عبد الباسط مزيد	Sham19Y	9983	0.50688
		المحجة البيضاء في حماية السنة الغراء من زلات أهل الأخطاء وزيغ أهل الأهواء	ربيع بن هادي المدخلي	ShamAY	33006	0.5068
		منهج الإمام أحمد في إعلال الأحاديث	بشير علي عمر	ShamAY	7254	0.50675
		التذكار بشرف أهل الحديث وحفظة الآثار	محمد أحمد شحاته الألفى.	ShamAY	37310	0.50667
		تفسير القرآن العظيم [ج ٣]	عبد الرحمن بن محمّد ابن إدريس الرازي ابن أبي حاتم	Rafed	1828	0.50667
		العفو والاعتذار	أبو الحسن محمد بن عمران العبدي المعروف بالرقام البصري صاحب ابن دريد	ShamAY	33734	0.50665
		تهذيب الاحكام - الجزء1	الشيخ الطوسي	Masaha	526	0.50661
		الكواكب السيّارة في ترتيب الزيارة	شمس الدين أبو عبد الله محمّد بن ناصر الأنصاري [ ابن الزيّات ]	Rafed	2464	0.50658
		مسند إسحاق بن راهويه	أبو يعقوب إسحاق بن إبراهيم بن مخلد بن إبراهيم الحنظلي المروزي المعروف ب ابن راهويه (المتوفى: 238ه)	Sham19Y	13159	0.50649
		مسند إسحاق بن راهويه	أبو يعقوب إسحاق بن إبراهيم بن مخلد بن إبراهيم الحنظلي المروزي المعروف بـ ابن راهويه (المتوفى: 238هـ)	ShamAY	13159	0.50641
		بحوث في الملل والنّحل [ج ٧]	الشيخ جعفر السبحاني	Rafed	202	0.5064
		الدلائل في غريب الحديث	قاسم بن ثابت بن حزم العوفي السرقسطي، أبو محمد (المتوفى: 302ه)	Sham19Y	9654	0.50634
		المهيأ في كشف أسرار الموطأ	عثمان بن سعيد الكماخي (المتوفى: 1171 ه)	ShamelaY19	127713	0.50626
		اليقين لابن أبي الدنيا	أبو بكر عبد الله بن محمد بن عبيد بن سفيان بن قيس البغدادي الأموي القرشي المعروف بابن أبي الدنيا (المتوفى: 281هـ)	ShamAY	8220	0.50623
		حديث أبي نعيم عن أبي علي الصواف لأبي نعيم الأصبهاني	أبو نعيم أحمد بن عبد الله بن أحمد بن إسحاق بن موسى بن مهران الأصبهاني (المتوفى: 430ه) عن شيخه أبي علي الصواف	Sham19Y	9416	0.50614
		 خزانة التواريخ النجدية 	 عبد الله بن عبد الرحمن آل بسام 	ABLibrary	9044	0.50612
		الذّريعة إلى تصانيف الشّيعة [ج ٢]	الشيخ آقا بزرك الطهراني	Rafed	441	0.50605
		الرسائل العشر في الاحاديث الموضوعه في كتب السنه	آيت الله علي حسيني ميلاني	Ghbook	4782	0.50604
		آيه الولايه	آيت الله علي حسيني ميلاني	Ghbook	7510	0.50585
		ابو الحسين زيد الشهيد	السيد محسن الأمين	Masaha	1648	0.50583
		اللفظ المكرم بفضل عاشوراء المحرم	ابن ناصر الدين الدمشقي	ShamAY	35238	0.5058
		تاريخ الإسلام ووفيات المشاهير والأعلام [ج ٣٦]	شمس الدين محمّد بن أحمد بن عثمان الذّهبي	Rafed	3581	0.50575
		التعليقات الحسان على صحيح ابن حبان وتمييز سقيمه من صحيحه، وشاذه من محفوظه	ناصر الدين الألباني	ShamAY	118	0.50574
		منهاج المحدثين في القرن الأول الهجري وحتى عصرنا الحاضر	على عبد الباسط مزيد	ShamAY	9983	0.50559
		 الكامل في التاريخ 	 ابن الأثير 	ABLibrary	8250	0.50548
		نسخة أبي حفص عمر بن زرارة الحدثي - مخطوط	أبو حفص عمر بن زرارة الحدثي الطرسوسي	ShamAY	32875	0.50535
		ابو الحسين زيد الشهيد	السيد محسن بن عبد الكريم الأمين	Rafed	228	0.50534
		 الموسوعة الكبرى عن فاطمة الزهراء ( س ) 	 اسماعيل الأنصاري الزنجاني الخوئيني 	ABLibrary	7839	0.50534
		جزء فيه خمسة أحاديث من رواية ابن العربي	ابن العربي	ShamAY	35226	0.50531
		إيضاح المكنون في الذيل على كشف الظنون	إسماعيل بن محمد أمين بن مير سليم الباباني البغدادي (المتوفى: 1399هـ)	ShamAY	851	0.50522
		مستخرج أبي عوانة	أبو عوانة يعقوب بن إسحاق بن إبراهيم النيسابوري الإسفراييني (المتوفى: 316ه)	Sham19Y	21618	0.50512
		الجرح والتعديل لابن أبي حاتم	أبو محمد عبد الرحمن بن محمد بن إدريس بن المنذر التميمي، الحنظلي، الرازي ابن أبي حاتم (المتوفى: 327ه)	Sham19Y	2170	0.50511
		نواسخ القرآن = ناسخ القرآن ومنسوخه ت آل زهوي	جمال الدين أبو الفرج عبد الرحمن بن علي بن محمد الجوزي (المتوفى: 597ه)	ShamelaY19	38121	0.50509
		حول التوسل	خليفه عبيد كلباني عماني	Ghbook	7635	0.50504
		إحقاق الحقّ وإزهاق الباطل [ج ١٢]	السيّد نور الله الحسيني المرعشي التستري	Rafed	2749	0.50501
		رفع الستر عن كيفية إدخال الميت وتوجيهه إلى القبلة في القبر	الإمام محمد عبد الحي اللكنوي (ت1304هـ)	ShamAY	36021	0.50486
		إحقاق الحقّ وإزهاق الباطل [ج ٨]	السيّد نور الله الحسيني المرعشي التستري	Rafed	2734	0.50483
		جزء ابن طبرزد	عمر بن محمد بن معمر بن يحيى ابن أحمد بن حسان، أبو حفص، ابن طبرزد، الدارقزي، البغدادي (المتوفى: 607ه)	ShamelaY19	30037	0.50472
		الباعث الحثيث إلى اختصار علوم الحديث	أبو الفداء إسماعيل بن عمر بن كثير القرشي البصري ثم الدمشقي (المتوفى: 774ه)	ShamelaY19	21571	0.50462
		مرآة العقول [ج ١٩]	الشيخ محمّد باقر بن محمّد تقي المجلسي	Rafed	1072	0.50461
		تاريخ الإسلام ووفيات المشاهير والأعلام [ج ٤٣]	شمس الدين محمّد بن أحمد بن عثمان الذّهبي	Rafed	3625	0.50443
		تذكرة الخواص المعروف بتذكرة خواص الأمة في خصائص الأئمة	سبط ابن الجوزي (654 هـ)	ShamAY	33599	0.50434
		الطبقات للنسائي	أبو عبد الرحمن أحمد بن شعيب بن علي الخراساني، النسائي (المتوفى: 303ه)	Sham19Y	5885	0.50434
		 موسوعة مرآة الحرمين الشريفين وجزيرة العرب 	 أيوب صبري باشا 	ABLibrary	9291	0.50427
		الأشربة لأحمد بن حنبل	أبو عبد الله أحمد بن محمد بن حنبل بن هلال بن أسد الشيباني (المتوفى: 241هـ)	ShamAY	12995	0.50421
		ما شاع ولم يثبت في السيرة النبوية	د محمد بن عبد الله العوشن	ShamAY	31585	0.50407
		الرواة الثقات المتكلم فيهم بما لا يوجب ردهم	شمس الدين أبو عبد الله محمد بن أحمد بن عثمان بن قايماز الذهبي (المتوفى: 748ه)	Sham19Y	5817	0.50397
		ذم الملاهي لابن أبي الدنيا	أبو بكر عبد الله بن محمد بن عبيد بن سفيان بن قيس البغدادي الأموي القرشي المعروف بابن أبي الدنيا (المتوفى: 281هـ)	ShamAY	8230	0.50393
		دلائل النبوة و معرفة أحوال صاحب الشريعة - الجزء1	أبو بكر البيهقي	Masaha	2188	0.50392
		عشرون حديثا من صحيح البخاري دراسة اسانيدها وشرح متونها	عبد المحسن بن حمد بن عبد المحسن بن عبد الله بن حمد العباد البدر	ShamAY	3939	0.50391
		إيضاح الاشتباه‌	العلامة الحلي	Masaha	3516	0.50387
		بحار الأنوار [ج ٢٣]	الشيخ محمّد باقر بن محمّد تقي المجلسي	Rafed	893	0.50382
		المطَالبُ العَاليَةُ بِزَوَائِدِ المسَانيد الثّمَانِيَةِ	أبو الفضل أحمد بن علي بن محمد بن أحمد بن حجر العسقلاني (المتوفى: 852هـ)	ShamAY	31850	0.50364
		الاعتقاد - صاعد النيسابوري	صاعد بن محمد بن أحمد الأستوائي النيسابوري	ShamAY	35406	0.50357
		وسائل الشيعة [ج ١٢]	محمد بن الحسن الحرّ العاملي [ العلامة الشيخ حرّ العاملي ]	Rafed	304	0.50348
		المهدي المنتظر	عبد الله الادريسي	Masaha	2361	0.50345
		ذلك يوم الخروج دراسه حول ظهور الامام المهدي ( عليه السلام )	حسين مدرسي	Ghbook	6657	0.50317
		اللوامع النورانية في اسماء علي و اهل بيتة القرآنية	هاشم البحراني	Ghbook	16295	0.50315
		تهذيب الأحكام [ج ٣]	أبي جعفر محمّد بن الحسن بن علي بن الحسن الطّوسي [ شيخ الطائفة ]	Rafed	734	0.5031
		حديث أبي القاسم الحلبي	إسماعيل بن القاسم بن إسماعيل الإمام أبو القاسم الحلبي الخياط المؤدب (المتوفى: بعد 370ه)	ShamelaY19	29725	0.50308
		تاريخ هاشم بن مرثد الطبراني عن يحيى بن معين - ط الفاروق	الواحدي :: هاشم بن مرثد الطبراني	ShamAY	34155	0.50286
		تراثنا ـ العدد [ 1 ]	مؤسسة آل البيت عليهم السلام لإحياء التراث ـ قم	Rafed	2432	0.50282
		أحاديث مسلسلات	أَبُو بَكْرٍ أَحْمَدُ بنُ عَلِيِّ بنِ الحُسَيْنِ بنِ زَكَرِيَّا الطُّرَيْثِيْثِيّ، ثُمَّ البَغْدَادِيّ، الصُّوْفِيّ، المَعْرُوف: بِابْنِ زَهْرَاءَ (المتوفى: 497هـ)	ShamAY	29777	0.50279
		مجلس من أمالي النجاد وثلاثة أحاديث من حديثه - مخطوط	أبو بكر النجاد، أحمد بن سلمان بن الحسن بن إسرائيل بن يونس البغدادي (المتوفى: 348هـ)	ShamAY	12548	0.50279
		الإفادة بطرق حديث: «النظر إلى عليٍّ عبادة»	أبو اليسر عبد العزيز بن محمد بن الصدّيق الغماري (المتوفى: 1418هـ)	ShamAY	34130	0.50277
		الفوائد المنتقاة العوالي الحسان للسمرقندي	عثمان بن محمد بن أحمد بن محمد بن هارون بن وردان السمرقندي، أبو عمرو المصري، الحذاء (المتوفى: 345هـ)	ShamAY	8267	0.50269
		حديث لوين المصيصي	أبو جعفر محمد بن سليمان بن حبيب بن جبير الأسدي المصيصي المعروف ب لوين (المتوفى: 245ه)	Sham19Y	29848	0.50264
		الإلحاد الخميني في أرض الحرمين	أَبِو عَبد الرَّحمَن مُقْبلُ بنُ هَادِي بنِ مُقْبِلِ بنِ قَائِدَةَ (اسم رجل) الهَمْدَاني الوادعِيُّ (المتوفى: 1422هـ)	ShamAY	2042	0.50259
		إيضاح طرق الإستقامة في بيان أحكام الولاية والإمامة (مطبوع ضمن مجموع رسائل ابن عبد الهادي)	يوسف بن حسن بن أحمد بن حسن ابن عبد الهادي الصالحي، جمال الدين، ابن المِبْرَد الحنبلي (المتوفى: 909 هـ)	ShamAY	32314	0.50248
		 مسند الإمام الصادق ( ع ) 	 الشيخ عزيز الله عطاردي 	ABLibrary	7731	0.50239
		شرح معاني الآثار	أبو جعفر أحمد بن محمد بن سلامة بن عبد الملك بن سلمة الأزدي الحجري المصري المعروف بالطحاوي (المتوفى: 321هـ)	ShamAY	21108	0.50231
		الجزء الثاني من مسند أبي هريرة رضي الله عنه	أبو إسحاق إبراهيم بن حرب العسكري، السمسار (المتوفى: بعد 282ه)	ShamelaY19	26592	0.50228
		 منتهى الآمال في تواريخ النبي والآل ( ع ) 	 الشيخ عباس القمي 	ABLibrary	7797	0.50218
		الدلائل في غريب الحديث	قاسم بن ثابت بن حزم العوفي السرقسطي، أبو محمد (المتوفى: 302هـ)	ShamAY	9654	0.50213
		 موسوعة الإمام الهادي ( ع ) 	 الشيخ أبو القاسم الخزعلي 	ABLibrary	7845	0.50206
		جزء ابن باكويه	محمد بن عبد الله بن عبيد الله بن أحمد الشيرازي، أبو عبد الله بن باكويه (المتوفى: 428ه)	Sham19Y	29752	0.50198
		إحقاق الحقّ وإزهاق الباطل [ج ٩]	السيّد نور الله الحسيني المرعشي التستري	Rafed	2735	0.50186
		دليل أرباب الفلاح لتحقيق فن الاصطلاح	حافظ بن أحمد حكمي	ShamAY	37276	0.50181
		حديث علي بن حجر السعدي عن إسماعيل بن جعفر المدني	إسماعيل بن جعفر بن أبي كثير الأنصاري الزرقي مولاهم، أبو إسحاق المدني - ويكني أيضا: أبا إبراهيم (المتوفى: 180ه)	ShamelaY19	21544	0.50152
		مستخرج أبي عوانة	أبو عوانة يعقوب بن إسحاق بن إبراهيم النيسابوري الإسفراييني (المتوفى: 316ه)	ShamelaY19	21618	0.50151
		المجموع اللفيف	أمين الدولة محمد بن محمد بن هبة الله العلوي الحسيني أبو جعفر الأفطسي الطرابلسي (المتوفى: بعد 515ه)	Sham19Y	9096	0.50151
		جزء المؤمل بن إيهاب	مؤمل بن إهاب - وقيل: يهاب - بن عبد العزيز بن قُفْل بن سدل الربعي أبو عبد الرحمن الكوفي الرملي (المتوفى: 254هـ)	ShamAY	13102	0.50148
		بحار الأنوار [ج ٤٥]	الشيخ محمّد باقر بن محمّد تقي المجلسي	Rafed	977	0.50148
		إعلام الورى بأعلام الهدى [ج ٢]	الشيخ أبي علي الفضل بن الحسن الطبرسي	Rafed	543	0.5013
		موسوعة الإمام العسكري(ع) - الجزء1	الشيخ أبو القاسم الخزعلي‏	Masaha	3125	0.50107
		مجموعة رسائل بان أبي الدنيا كتاب التوكل على الله	أبو بكر عبد الله بن محمد بن عبيد بن سفيان بن قيس البغدادي الأموي القرشي المعروف بابن أبي الدنيا (المتوفى: 281هـ)	ShamAY	8254	0.50102
		 أبصار العين في أنصار الحسين ( ع ) 	 الشيخ محمد السماوي 	ABLibrary	96	0.50078
		موسوعة كلمات الامام المهدي عجل الله تعالي فرجه	موسسه پيام امام هادي عليه السلام	Ghbook	14793	0.50077
		فضائل عثمان بن عفان لعبد الله بن أحمد	أبو عبد الرحمن عبد الله بن أحمد بن محمد بن حنبل الشيباني (المتوفى: 290ه)	Sham19Y	9322	0.50075
		 طب الإمام الصادق ( ع ) 	 السيد محمد كاظم القزويني 	ABLibrary	9989	0.50072
		تلبيس إبليس	جمال الدين أبو الفرج عبد الرحمن بن علي بن محمد الجوزي (المتوفى: 597هـ)	ShamAY	11438	0.50066
		سؤالات أبى بكر البرقانى للدارقطني في الجرح والتعديل	أحمد بن محمد بن أحمد بن غالب، أبو بكر المعروف بالبرقاني (المتوفى: 425هـ)	ShamAY	1060	0.50057
		 مسند الإمام الصادق ( ع ) 	 الشيخ عزيز الله عطاردي 	ABLibrary	7729	0.50053
		تاريخ المدينة	قطب الدين الحنفي	Rafed	2192	0.5005
		جزء فيه أحاديث الحسن بن موسى الأشيب	أبو علي الحسن بن موسى الأَشيَب البغدادي، القاضي (المتوفى: 209هـ)	ShamAY	25783	0.50049
		 بحار الأنوار 	 العلامة المجلسي 	ABLibrary	740	0.50042
		مختصر استدراك الحافظ الذهبي على مستدرك أبي عبد الله الحاكم	ابن الملقن سراج الدين أبو حفص عمر بن علي بن أحمد الشافعي المصري (المتوفى: 804ه)	ShamelaY19	96551	0.50039
		أخبار فخ وخبر يحيي بن عبد الله وأخيه إدريس بن عبد الله (انتشار الحركة الزيدية في اليمن والمغرب والديلم)	أحمد بن سهل الرازي (المتوفي في الربع الأول من القرن الرابع)	ShamelaY19	117366	0.50025
		 الغارات ( ط . ق ) 	 إبراهيم بن محمد الثقفي الكوفي 	ABLibrary	7897	0.50017
		تاريخ اربل [ج ٢]	شرف الدين  أبي البركات المبارك بن أحمد اللخمي الأربلي [ ابن المستوفي ]	Rafed	2427	0.50016
		وسائل الشيعة [ج ٢٥]	محمد بن الحسن الحرّ العاملي [ العلامة الشيخ حرّ العاملي ]	Rafed	342	0.50011
		صحيح أبي داود - الأم	أبو عبد الرحمن محمد ناصر الدين، بن الحاج نوح بن نجاتي بن آدم، الأشقودري الألباني (المتوفى: 1420هـ)	ShamAY	25881	0.50006
		المجموع اللفيف	أمين الدولة محمد بن محمد بن هبة الله العلوي الحسيني أبو جعفر الأفطسي الطرابلسي (المتوفى: بعد 515هـ)	ShamAY	9096	0.49998
		إيضاح طرق الإستقامة في بيان أحكام الولاية والإمامة (مطبوع ضمن مجموع رسائل ابن عبد الهادي)	يوسف بن حسن بن أحمد بن حسن ابن عبد الهادي الصالحي، جمال الدين، ابن المبرد الحنبلي (المتوفى: 909 ه)	Sham19Y	17533	0.49997
		أحكام العيدين للفريابي	أبو بكر جعفر بن محمد بن الحسن بن المُسْتَفاض الفِرْيابِي (المتوفى: 301هـ)	ShamAY	8276	0.49987
		الرسائل الرجاليه	محمد باقربن محمدنقي شفتي بيدآبادي	Ghbook	15615	0.4998
		أخلاق النبي - ت الصبابطي ط المصرية اللبنانية	أبو محمد عبد الله بن محمد بن جعفر بن الأصبهاني (ت:369 هـ).	ShamAY	34449	0.49978
		القطوف الدانية في المسائل الثمانية - الجزء1	السيد عبد المحسن السراوي	Masaha	377	0.49974
		تاريخ المدينه	محمد بن احمد نهرواني	Ghbook	11109	0.49971
		الشاذ والمنكر وزيادة الثقة - موازنة بين المتقدمين والمتأخرين	أبو ذر عبد القادر بن مصطفى بن عبد الرزاق المحمدي	Sham19Y	36147	0.49964
		وسائل الشيعة [ج ٢]	محمد بن الحسن الحرّ العاملي [ العلامة الشيخ حرّ العاملي ]	Rafed	283	0.49957
		أصول الدين عند الإمام أبي حنيفة	محمد بن عبد الرحمن الخميس	ShamAY	7509	0.49954
		جزء من حديث أبي إسحاق الحبال	إبراهيم بن سعيد النعماني - بالولاء - المصري، أبو إسحاق الحبال (المتوفى: 482ه)	ShamelaY19	30054	0.4995
		الجرح والتعديل لابن أبي حاتم	أبو محمد عبد الرحمن بن محمد بن إدريس بن المنذر التميمي، الحنظلي، الرازي ابن أبي حاتم (المتوفى: 327هـ)	ShamAY	2170	0.49946
		تنقيح التحقيق في أحاديث التعليق	شمس الدين أبو عبد الله محمد بن أحمد بن عثمان بن قَايْماز الذهبي (المتوفى : 748هـ)	ShamAY	22848	0.49938
		 بحار الأنوار 	 العلامة المجلسي 	ABLibrary	741	0.49935
		مرآة العقول [ج ٢٠]	الشيخ محمّد باقر بن محمّد تقي المجلسي	Rafed	1073	0.49934
		الاستبصار - الجزء1	الشيخ الطوسي	Masaha	29	0.49927
		الشاذ والمنكر وزيادة الثقة - موازنة بين المتقدمين والمتأخرين	أبو ذر عبد القادر بن مصطفى بن عبد الرزاق المحمدي	ShamAY	548	0.49926
		نفحات الأزهار في خلاصة عبقات الأنوار [ج ٢٠]	السيّد علي الحسيني الميلاني	Rafed	488	0.49925
		الصحيح في فضل الزيارة الحسينية	مهدي خداميان آراني	Ghbook	9576	0.49923
		فضل الجهاد لأحمد بن عبدالواحد المقدسي	أبو العباس أحمد بن عبد الواحد بن أحمد المقدسي، الحنبلي، الملقب بالبخاري (المتوفى: 623ه)	ShamelaY19	27096	0.49913
		الصحيح المسند من أسباب النزول	مُقْبلُ بنُ هَادِي بنِ مُقْبِلِ بنِ قَائِدَةَ الهَمْدَاني الوادعِيُّ (المتوفى: 1422هـ)	ShamAY	11547	0.49912
		صحيح سنن أبي داود ط غراس	الشيخ محمد ناصر الدين الألباني (المتوفى: 1420 ه)	ShamelaY19	25881	0.49912
		الخلاصة في علم الجرح والتعديل	علي بن نايف الشحود	ShamAY	37262	0.49907
		غزوات النبي صلى الله عليه وآله وسلم	السيد الجميلى	ShamAY	23654	0.49893
		الموسوعة الميسرة في تراجم أئمة التفسير والإقراء والنحو واللغة «من القرن الأول إلى المعاصرين مع دراسة لعقائدهم وشيء من طرائفهم»	مجموعة من المؤلفين	ShamelaY19	130964	0.49892
		بحار الأنوار [ج ٤٧]	الشيخ محمّد باقر بن محمّد تقي المجلسي	Rafed	984	0.49885
		تفسير القرآن العظيم [ج ٨]	عبد الرحمن بن محمّد ابن إدريس الرازي ابن أبي حاتم	Rafed	1835	0.49872
		أحاديث أبي عمر بن عبد الوهاب - مخطوط	أبو عمر عبد الله بن محمد بن أحمد بن عبد الوهاب	ShamAY	32829	0.49871
		جزء ابن باكويه	محمد بن عبد الله بن عبيد الله بن أحمد الشيرازي، أبو عبد الله بن باكُوَيْه (المتوفى: 428هـ)	ShamAY	29752	0.49862
		الأوسط من السنن والإجماع والاختلاف	أبو بكر محمد بن إبراهيم بن المنذر النيسابوري (المتوفى: 319هـ)	ShamAY	34282	0.4986
		تبييض الصحيفة بأصول الأحاديث الضعيفة	محمد عمرو بن عبد اللطيف	Sham19Y	10280	0.49859
		إحقاق الحقّ وإزهاق الباطل [ج ٣١]	آية الله السيّد شهاب الدين الحسيني المرعشي النجفي	Rafed	2812	0.49856
		بحر الفوائد المشهور بمعاني الأخبار	أبو بكر محمد بن أبي إسحاق إبراهيم بن يعقوب الكلاباذي البخاري [ت: 384 هـ]	ShamAY	33932	0.49849
		خبر شعر ووفادة النابغة الجعدي	زيد بن الحسن بن زيد بن سعيد الحميري، من ذي رعين، أبو اليمن، تاج الدين الكندي (المتوفى: 613ه)	ShamelaY19	30750	0.49838
		تفسير القرآن العظيم [ج ٥]	عبد الرحمن بن محمّد ابن إدريس الرازي ابن أبي حاتم	Rafed	1830	0.49831
		البرصان والعرجان والعميان والحولان	عمرو بن بحر بن محبوب الكناني بالولاء، الليثي، أبو عثمان، الشهير بالجاحظ (المتوفى: 255هـ)	ShamAY	10538	0.49827
		مسند عبد الله بن عمر للطرسوسي	أبو أمية محمد بن إبراهيم بن مسلم الخزاعي البغدادي ثم الطرسوسي (المتوفى: 273هـ)	ShamAY	13169	0.49817
		وسائل الشيعة [ج ٢٦]	محمد بن الحسن الحرّ العاملي [ العلامة الشيخ حرّ العاملي ]	Rafed	353	0.49807
		إحقاق الحقّ وإزهاق الباطل [ج ٢٥]	آية الله السيّد شهاب الدين الحسيني المرعشي النجفي	Rafed	2793	0.49805
		صريح السنة للطبري	محمد بن جرير بن يزيد بن كثير بن غالب الآملي، أبو جعفر الطبري (المتوفى: 310هـ)	ShamAY	13127	0.49792
		نواسخ القرآن (العلمية)	عبد الرحمن بن علي بن محمد بن الجوزي أبو الفرج	ShamAY	34097	0.49788
		الآداب والأحكام المتعلقة بدخول الحمام	أبو الفداء إسماعيل بن عمر بن كثير القرشي البصري ثم الدمشقي (المتوفى: 774هـ)	ShamAY	6244	0.49785
		البرصان و العرجان و العميان و الحولان	عمرو بن بحر الجاحظ	Masaha	2333	0.49784
		اسماء الكتب المتمم لكشف الظنون	عبد اللطيف بن محمد بن مصطفى المتخلص بلطفي، الشهير بـ «رِياض زَادَه» الحنفي (المتوفى: 1078هـ)	ShamAY	10734	0.49777
		 مسند الإمام الصادق ( ع ) 	 الشيخ عزيز الله عطاردي 	ABLibrary	7719	0.49774
		مرويات غزوة بني المصطلق وهي غزوة المريسيع	إبراهيم بن إبراهيم قريبي	ShamAY	11425	0.49742
		تنقيح التحقيق للذهبي	الذهبي، شمس الدين	ShamelaY19	22848	0.49741
		من حديث الحافظ أبي طاهر السلفي عن بعض الأبهريين (أو: رحلة الحافظ أبي طاهر السلفي إلى مدينة أبهر)	صدر الدين، أبو طاهر السلفي أحمد بن محمد بن أحمد بن محمد بن إبراهيم سلفه الأصبهاني (المتوفى: 576ه)	Sham19Y	27087	0.49732
		 حلية الأبرار في أحوال محمد وآله الأطهار ( ع ) 	 السيد هاشم البحراني 	ABLibrary	7489	0.49727
		معاني الأخبار للكلاباذي (بحر الفوائد) مشكول	أبو بكر محمد بن أبي إسحاق إبراهيم بن يعقوب الكلاباذي البخاري	ShamAY	38045	0.49721
		تهذيب الأحكام [ج ٥]	أبي جعفر محمّد بن الحسن بن علي بن الحسن الطّوسي [ شيخ الطائفة ]	Rafed	736	0.49717
		وسائل الشيعة [ج ١]	محمد بن الحسن الحرّ العاملي [ العلامة الشيخ حرّ العاملي ]	Rafed	280	0.4971
		موسوعه احاديث اهل البيت عليهم السلام 	هادي نجفي	Ghbook	12134	0.49709
		المطرب من أشعار أهل المغرب	أبو الخطاب عمر بن حسن الأندلسي الشهير بابن دحية الكلبي (المتوفى: 633هـ)	ShamAY	93	0.49706
		مرويات غزوة بني المصطلق وهي غزوة المريسيع	إبراهيم بن إبراهيم قريبي	Sham19Y	11425	0.49704
		شرح معاني الآثار	أبو جعفر أحمد بن محمد بن سلامة بن عبد الملك بن سلمة الأزدي الحجري المصري المعروف بالطحاوي (المتوفى: 321ه)	ShamelaY19	21108	0.49703
		تسميه من قتل مع الحسين عليه السلام	فضيل بن زبير بن عمر بن درهم كوفي اسدي	Ghbook	5949	0.49703
		وسائل الشيعة [ج ١٥]	محمد بن الحسن الحرّ العاملي [ العلامة الشيخ حرّ العاملي ]	Rafed	307	0.49702
		غزوات النبي صلى الله عليه وآله وسلم	السيد الجميلى	Sham19Y	23654	0.49667
		مجلس إملاء الشيخ أبي الحسن علي بن عمر القزويني - مخطوط	أبو الحسن علي بن عمر القزويني	ShamAY	32861	0.49653
		الإشارات إلى معرفة الزيارات‏	علي بن أبي بكر الهروي	Masaha	4640	0.49642
		المستخرجات نشأتها وتطورها د. موفق عبد القادر	موفق بن عبد القادر	ShamAY	37306	0.4964
		ستة مجالس من أمالي أبي بكر ابن البهلول الأنباري - مخطوط		ShamAY	32779	0.49636
		الضوء اللامع لأهل القرن التاسع	شمس الدين أبو الخير محمد بن عبد الرحمن بن محمد بن أبي بكر بن عثمان بن محمد السخاوي (المتوفى: 902هـ)	ShamAY	6675	0.49625
		مسند الإمام الهادي أبي الحسن علي بن محمد(ع)	عزيز الله عطاردي‏	Masaha	2477	0.49625
		تكميل النفع بما لم يثبت به وقف ولا رفع	محمد عمرو بن عبد اللطيف	ShamelaY19	22853	0.49623
		الوفاة (وفاة النبي صلى الله عليه وسلم)	أبو عبد الرحمن أحمد بن شعيب بن علي الخراساني، النسائي (المتوفى : 303هـ)	ShamAY	22643	0.49621
		جزء ابن باكويه	محمد بن عبد الله بن عبيد الله بن أحمد الشيرازي، أبو عبد الله بن باكويه (المتوفى: 428ه)	ShamelaY19	29752	0.49608
		التوابين لابن قدامة	أبو محمد موفق الدين عبد الله بن أحمد بن محمد بن قدامة الجماعيلي المقدسي ثم الدمشقي الحنبلي، الشهير بابن قدامة المقدسي (المتوفى: 620هـ)	ShamAY	11317	0.49601
		السنة لابن أبي عاصم	أبو بكر بن أبي عاصم وهو أحمد بن عمرو بن الضحاك بن مخلد الشيباني (المتوفى: 287هـ)	ShamAY	5930	0.49599
		كتاب الضعفاء- رجال ابن الغضائري‌	ابو الحسن احمد بن أبي عبد الله ابن الغضائري	Masaha	3681	0.49592
		المعمرون والوصايا	أبو حاتم سهل بن محمد بن عثمان الجشمي السجستاني (المتوفى: 248هـ)	ShamAY	671	0.49589
		مرآة العقول [ج ١٦]	الشيخ محمّد باقر بن محمّد تقي المجلسي	Rafed	1055	0.49585
		قلادة النحر في وفيات أعيان الدهر	أبو محمد الطيب بن عبد الله بن أحمد بن علي بامخرمة، الهِجراني الحضرمي الشافعي (870 - 947 هـ)	ShamAY	38898	0.49568
		حديث علي بن حجر السعدي عن إسماعيل بن جعفر المدني	إسماعيل بن جعفر بن أبي كثير الأنصاري الزرقي مولاهم، أبو إسحاق المدني - ويكني أيضا: أبا إبراهيم (المتوفى: 180هـ)	ShamAY	21544	0.49552
		جزء في مسائل عن أبي عبد الله أحمد بن حنبل	أبو القاسم عبد الله بن محمد بن عبد العزيز بن المَرْزُبان بن سابور بن شاهنشاه البغوي (المتوفى: 317هـ)	ShamAY	12853	0.49547
		60 مسألة في يوم الجمعة	أبو إسلام أحمد بن علي	ShamAY	36222	0.49537
		تاريخ وفاة الشيوخ الذين أدركهم البغوي	أبو القاسم عبد الله بن محمد بن عبد العزيز بن المرزبان بن سابور بن شاهنشاه البغوي (المتوفى: 317ه)	ShamelaY19	27106	0.49536
		تحقيق جزء من علل أبي حاتم- الغميز	الواحدي :: الرازي، ابن أبي حاتم	ShamAY	35210	0.49533
		الأحاديث التي أعل الإمام البخاري متونها بالتناقض	بسام بن عبد الله بن صالح الغانم العطاوي	ShamAY	32005	0.49532
		التعليقة على إختيار معرفة الرّجال [ج ١]	السيّد محمّد باقر الحسيني الاسترآبادي	Rafed	533	0.49527
		 مسند الإمام الصادق ( ع ) 	 الشيخ عزيز الله عطاردي 	ABLibrary	7727	0.49526
		النعت الأكمل لأصحاب الإمام أحمد بن حنبل [من سنة 901 - 1207 ه]	محمد كمال الدين بن محمد الغزي العامري (ت: 1214 ه)	ShamelaY19	147073	0.49524
		الانتهاء لمعرفة الأحاديث التي لم يفت بها الفقهاء، ومناقشها على ضوء الأصلين:	أبو عبد الله عبد السلام بن محمد بن عمر علوش	ShamelaY19	96948	0.49522
		إحقاق الحقّ وإزهاق الباطل [ج ٢٩]	آية الله السيّد شهاب الدين الحسيني المرعشي النجفي	Rafed	2797	0.49515
		تكميل النفع بما لم يثبت به وقف ولا رفع	محمد عمرو بن عبد اللطيف بن محمد بن عبد القادر بن رضوان بن سليمان بن مفتاح بن شاهين الشنقيطي (المتوفى : 1429هـ)	ShamAY	22853	0.49512
		حديث أبي القاسم عافية وغيره لأبي بكر بن المهندس - مخطوط (ن)	أَبُو بَكْرٍ أَحْمَدُ بنُ مُحَمَّدِ بنِ إِسْمَاعِيْلَ البنَّاءُ ابْنُ المُهَنْدِسِ (المتوفى: 385هـ)	ShamAY	11433	0.49501
		الفصول المهمة في أصول الأئمة - الجزء1	الحر العاملي	Masaha	1260	0.49469
		 الذريعة 	 آقا بزرگ الطهراني 	ABLibrary	855	0.49462
		الشعور بالعور	صلاح الدين خليل بن أيبك بن عبد الله الصفدي (المتوفى: 764هـ)	ShamAY	6939	0.49452
		الشافي في شرح مسند الشافعي لابن الأثير	مجد الدين أبو السعادات المبارك بن محمد بن محمد بن محمد ابن عبد الكريم الشيباني الجزري ابن الأثير (المتوفى: 606ه)	Sham19Y	13241	0.49441
		الشَّافِي فيْ شَرْح مُسْنَد الشَّافِعي لابْنِ الأثِيرْ	مجد الدين أبو السعادات المبارك بن محمد بن محمد بن محمد ابن عبد الكريم الشيباني الجزري ابن الأثير (المتوفى: 606هـ)	ShamAY	31758	0.4944
		موسوعة الإمام الهادي(ع) - الجزء1	يوسف بن إسماعيل النبهاني‏	Masaha	3121	0.49434
		خزانة التّواريخ النجديّة [ج ٩]	عبد الله بن عبد الرحمن بن صالح آل بسام	Rafed	2175	0.49425
		الاعتبار وأعقاب السرور والأحزان لابن أبي الدنيا - ط أطلس الخضراء = مقابل	أبو بكر عبد الله بن محمد ابن أبي الدنيا	ShamAY	38124	0.49412
		الغيبه	محمد رضا جعفري	Ghbook	6611	0.4941
		كتاب المحاربة من موطأ ابن وهب	أبو محمد عبد الله بن وهب بن مسلم المصري القرشي (المتوفى: 197ه)	ShamelaY19	30173	0.49401
		الباعث الحثيث إلى اختصار علوم الحديث	أبو الفداء إسماعيل بن عمر بن كثير القرشي البصري ثم الدمشقي (المتوفى: 774هـ)	ShamAY	21571	0.49397
		عوالم العلوم والمعارف والاحوال (الجزء 25) في احوال الامام الحسن بن علي العسكري ع...	محمد باقر بن مرتضي موحد ابطحي اصفهاني	Ghbook	15395	0.49389
		تاريخ المدينة لقطب الدين الحنفي	قطب الدين النهرواني	ShamAY	38409	0.49387
		كتاب الغيبه	محمد بن حسن شيخ طوسي ( شيخ الطائفه )	Ghbook	2588	0.49383
		فوائد ابن ماسي	أبو محمد عبد الله بن إبراهيم بن أيوب بن ماسي البغدادي (المتوفى: 369هـ)	ShamAY	13142	0.49379
		الجواهر والدرر في ترجمة شيخ الإسلام ابن حجر	شمس الدين أبو الخير محمد بن عبد الرحمن بن محمد بن أبي بكر بن عثمان بن محمد السخاوي (المتوفى: 902هـ)	ShamAY	32249	0.49371
		الشيعه و الصحابه	خليفه عبيد كلباني عماني	Ghbook	7568	0.49371
		الاعتبار وأعقاب السرور لابن أبي الدنيا	أبو بكر عبد الله بن محمد بن عبيد بن سفيان بن قيس البغدادي الأموي القرشي المعروف بابن أبي الدنيا (المتوفى: 281هـ)	ShamAY	12996	0.4936
		ذم الرياء في الأعمال والشهرة في اللباس والأحوال وكراهية الصفق والزفن عند سماع الذكر	أبو محمد الحسن بن إسماعيل بن محمد الضراب (392 هـ)	ShamAY	33642	0.49357
		الإشارات إلى معرفة الزّيارات	أبي الحسن علي بن أبي بكر الهروي	Rafed	2186	0.4935
		مصادر الفكر الإسلامي في اليمن للحبشي	عبد الله محمد الحبشي	ShamAY	34711	0.4934
		سؤالات أبي داود السجستاني للإمام أحمد بن حنبل في جرح الرواة وتعديلهم	أبو داود سليمان بن الأشعث السجستاني	ShamAY	34159	0.49324
		من حديث القاضي أبي بكر الأزدي الموصلي - مخطوط		ShamAY	32815	0.49323
		البسط المبثوث بخبر البرغوث	الواحدي :: ابن حجر العسقلاني	ShamAY	34290	0.49321
		كلام الليالي والأيام لابن أبي الدنيا	أبو بكر عبد الله بن محمد بن عبيد بن سفيان بن قيس البغدادي الأموي القرشي المعروف بابن أبي الدنيا (المتوفى: 281هـ)	ShamAY	8242	0.49321
		إحقاق الحقّ وإزهاق الباطل [ج ١١]	السيّد نور الله الحسيني المرعشي التستري	Rafed	2748	0.4932
		تسمية الشيوخ - البشائر	أبو عبد الرحمن أحمد بن شعيب بن علي النسائي	ShamAY	34621	0.49289
		تاريخ صنعاء	إسحاق بن يحيي الطبري الصنعاني	Masaha	4117	0.49282
		إثبات الشفاعة للذهبي	شمس الدين أبو عبد الله محمد بن أحمد بن عثمان بن قايماز الذهبي (المتوفى: 748ه)	Sham19Y	26890	0.49275
		وسائل الشيعة [ج ٢٠]	محمد بن الحسن الحرّ العاملي [ العلامة الشيخ حرّ العاملي ]	Rafed	337	0.49271
		الروض الأنف في شرح السيرة النبوية لابن هشام	أبو القاسم عبد الرحمن بن عبد الله بن أحمد السهيلي (المتوفى: 581هـ)	ShamAY	1514	0.49265
		تاريخ الإسلام ووفيات المشاهير والأعلام [ج ٤١]	شمس الدين محمّد بن أحمد بن عثمان الذّهبي	Rafed	3604	0.49256
		شرح سنن أبي داود - الراجحي	عبد العزيز بن عبد الله بن عبد الرحمن الراجحي	ShamelaY19	37015	0.49226
		تاريخ الإسلام ووفيات المشاهير والأعلام [ج ١٤]	شمس الدين محمّد بن أحمد بن عثمان الذّهبي	Rafed	3398	0.49223
		المختصر الكبير في سيرة الرسول صلى الله عليه وسلم	عبد العزيز بن محمد بن إبراهيم، ابن جماعة الكناني، الحموي الأصل، الدمشقيّ المولد، ثم المصري، عز الدين (المتوفى: 767هـ)	ShamAY	6593	0.49222
		من حديث الحافظ أبي طاهر السلفي عن بعض الأبهريين (أو: رحلة الحافظ أبي طاهر السلفي إلى مدينة أبهر)	صدر الدين، أبو طاهر السلفي أحمد بن محمد بن أحمد بن محمد بن إبراهيم سلفه الأصبهاني (المتوفى: 576ه)	ShamelaY19	27087	0.49205
		إحقاق الحقّ وإزهاق الباطل [ج ٢٤]	آية الله السيّد شهاب الدين الحسيني المرعشي النجفي	Rafed	2792	0.49204
		فضل أم المؤمنين عائشة رضي الله عنها (المجلس السادس والأربعون من أمالي ابن عساكر)	ثقة الدين، أبو القاسم علي بن الحسن بن هبة الله المعروف بابن عساكر (المتوفى: 571هـ)	ShamAY	1355	0.49202
		كتاب المحاربة من موطأ ابن وهب	أبو محمد عبد الله بن وهب بن مسلم المصري القرشي (المتوفى: 197هـ)	ShamAY	30173	0.49197
		الفخري في انساب الطالبيين	عز الدين قاضي مروزي ازوارقاني	Ghbook	9986	0.4919
		 الكواكب السيارة في ترتيب الزيارة 	 ابن الزيات 	ABLibrary	9169	0.49184
		غزوات النبي صلى الله عليه وآله وسلم	السيد الجميلى	ShamelaY19	23654	0.49174
		جزء في ذم المكس	السيوطي	ShamAY	35239	0.49173
		جزء فيه مجلس من فوائد الليث بن سعد	أبو الحارث الليث بن سعد بن عبد الرحمن الفهمي المصري (المتوفى: 175هـ)	ShamAY	9812	0.49173
		 في رحاب أهل البيت ( ع ) 	 لجنة بحوث المجمع العالمي لأهل البيت ( ع ) 	ABLibrary	8548	0.4917
		مرآة العقول [ج ٢١]	الشيخ محمّد باقر بن محمّد تقي المجلسي	Rafed	1074	0.49169
		الإستبصار [ج ٤]	أبي جعفر محمّد بن الحسن بن علي بن الحسن الطّوسي [ شيخ الطائفة ]	Rafed	1321	0.49146
		حق الجار	شمس الدين أبو عبد الله محمد بن أحمد بن عثمان بن قَايْماز الذهبي (المتوفى: 748هـ)	ShamAY	11064	0.49143
		تطهير الفواد من دنس الاعتقاد	محمد بخيت حنفي	Ghbook	7620	0.49139
		 مكاتيب الأئمة ( ع ) 	 علي الأحمدي الميانجي 	ABLibrary	7780	0.49133
		كتاب الغيبه في الامام الثاني عشر القائم الحجه (سلام الله عليه)	محمد باقربن محمدنقي شفتي بيدآبادي	Ghbook	13085	0.49131
		إنباه الرواة على أنباه النحاة	جمال الدين أبو الحسن علي بن يوسف القفطي (المتوفى: 646ه)	Sham19Y	10525	0.4913
		 الإشارات إلى معرفة الزيارات 	 علي بن أبي بكر الهروي 	ABLibrary	8954	0.49129
		جزء من حديث أبي إسحاق الحبال	إبراهيم بن سعيد النعماني - بالولاء - المصري، أبو إسحاق الْحَبَّال (المتوفى: 482هـ)	ShamAY	30054	0.49127
		تفسير الموطأ للقنازعي	عبد الرحمن بن مروان بن عبد الرحمن الأنصاري، أبو المطرف القَنَازِعي (المتوفى: 413 هـ)	ShamAY	32439	0.49119
		حلية الأبرار في أحوال محمد و آله الأطهار(ع) - الجزء1	السيد هاشم البحراني	Masaha	1990	0.49104
		 تاريخ المدينة 	 قطب الدين الحنفي 	ABLibrary	8997	0.49098
		غريب الحديث للخطابي	أبو سليمان حمد بن محمد بن إبراهيم بن الخطاب البستي المعروف بالخطابي (المتوفى: 388 هـ)	ShamAY	32379	0.49081
		رسالة المواسعة و المضايقة	السيد علي بن موسى بن طاووس	Masaha	1029	0.49079
		حديث ابن ملاعب	أَحْمَدُ بنُ مُلاعِبٍ أَبُو الفَضْلِ البَغْدَادِيُّ المُخَرِّمِيُّ (المتوفى: 275هـ)	ShamAY	30528	0.49077
		الخراج ليحيى بن آدم	أبو زكرياء يحيى بن آدم بن سليمان القرشي بالولاء، الكوفي الأحول (المتوفى: 203ه)	ShamelaY19	26647	0.49074
		إنباه الرواة على أنباه النحاة	جمال الدين أبو الحسن علي بن يوسف القفطي (المتوفى: 646هـ)	ShamAY	31594	0.49066
		وقعة صفين‏	مؤمن بن حسن الشبلنجي‏	Masaha	3026	0.49059
		 الكامل في التاريخ 	 ابن الأثير 	ABLibrary	8247	0.49053
		وقعة صفين - ت هارون	نصر بن مزاحم المنقرى (المتوفى: 212هـ)	ShamAY	33834	0.49032
		تحقيق الرجحان بصوم يوم الشك من رمضان	مرعي بن يوسف بن أبى بكر بن أحمد الكرمى المقدسي الحنبلى (المتوفى: 1033هـ)	ShamAY	11087	0.49032
		 خلاصة عبقات الأنوار 	 السيد حامد النقوي 	ABLibrary	90	0.49032
		علم علل الحديث ودوره في حفظ السنة النبوية	وصى الله بن محمد عباس	Sham19Y	11300	0.49026
		تفسير القرآن العظيم [ج ٩]	عبد الرحمن بن محمّد ابن إدريس الرازي ابن أبي حاتم	Rafed	1836	0.49017
		مكاتيب الرسول(ص) - الجزء1	الشيخ علي الأحمدي الميانجي	Masaha	3300	0.49006
		خاتمة المستدرك‌ - الجزء1	المحدث الشيخ حسين النوري	Masaha	3526	0.49002
		السباعيات من مرويات رشيد الدين البغدادي - مخطوط	رشيد الدين أبي عبد الله محمد بن أبي القاسم عبد الله بن عمر المقرئ البغدادي	ShamAY	32962	0.48979
		شرح الحديث المقتفى في مبعث النبي المصطفى	أبو القاسم شهاب الدين عبد الرحمن بن إسماعيل بن إبراهيم المقدسي الدمشقي المعروف بأبي شامة (المتوفى: 665هـ)	ShamAY	7808	0.48976
		تاريخ الإسلام ووفيات المشاهير والأعلام [ج ٢]	شمس الدين محمّد بن أحمد بن عثمان الذّهبي	Rafed	3328	0.4897
		ابو الحسين زيد الشهيد	محسن امين عاملي	Ghbook	14625	0.48965
		 تاريخ اربل ( نباهة البلد الخامل بمن ورده من الاماثل ) 	 ابن المستوفي 	ABLibrary	8979	0.48964
		الأئمة الاثني عشر	أبي عبد الله شمس الدين محمّد بن علي بن طولون الدمشقي الصالحي [ ابن طولون ]	Rafed	700	0.48962
		مئة دليل ودليل على وقوع الطلاق الثلاث ثلاثاً بالدليل	الدكتور صلاح محمد أبو الحاج	ShamAY	36365	0.48955
		الآثار الواردة عن أهل السنة في الصحابة من خلال كتب الرجال إلى القرن الرابع	د. صالح بن محمد العقيل	ShamAY	35659	0.48954
		تاريخ الإسلام ووفيات المشاهير والأعلام [ج ٤٥]	شمس الدين محمّد بن أحمد بن عثمان الذّهبي	Rafed	3637	0.48952
		الاستذكار	أبو عمر يوسف بن عبد الله بن محمد بن عبد البر بن عاصم النمري القرطبي (المتوفى: 463هـ)	ShamAY	1722	0.48944
		 بحوث في الملل والنحل 	 الشيخ السبحاني 	ABLibrary	8361	0.48943
		كتابة الحديث بين النهي والإذن	أحمد بن محمد حميد	Sham19Y	11345	0.4894
		مجموع بلدان اليمن وقبائلها [ج ١]	محمّد بن أحمد الحجري اليماني	Rafed	2489	0.48939
		مسند عمر بن الخطاب للنجاد	أبو بكر النجاد، أحمد بن سلمان بن الحسن بن إسرائيل بن يونس البغدادي (المتوفى: 348هـ)	ShamAY	13171	0.48938
		إسعاف الأعيان في أنساب أهل عمان	سالم بن حمود بن شامس بن خميس السيابي الإباضي (المتوفى: 1414هـ)	ShamAY	490	0.48938
		الجعفريات (الاشعثيات) - الحج	محمد بن محمد اشعث كوفي	Ghbook	3478	0.48924
		الذهب المسبوك في تحقيق روايات غزوة تبوك	أبو محمد عبد القادر بن حبيب الله بن كورو عبد القادر بن حبيب اللَّه بن كورو، بن سجن، بن سبر السندى (المتوفى: 1418 هـ)	ShamAY	32448	0.48922
		تاريخ علم الرجال	الشيخ حسين الراضي العبد الله	Masaha	571	0.48921
		تفسير الطبري = جامع البيان ت شاكر	محمد بن جرير بن يزيد بن كثير بن غالب الآملي، أبو جعفر الطبري (المتوفى: 310هـ)	ShamAY	43	0.48911
		التمييز لمسلم	مسلم بن الحجاج أبو الحسن القشيري النيسابوري (المتوفى: 261هـ)	ShamAY	6048	0.4891
		منهيات النبي صلى الله عليه وسلم	أبو إسلام أحمد بن علي	ShamAY	36245	0.48907
		موطأ الإمام مالك بن أنس رواية ابن القاسم	الإمام مالك بن أنس (179 هـ)	ShamAY	33921	0.48898
		شرح سنن أبي داود - الراجحي	عبد العزيز بن عبد الله بن عبد الرحمن الراجحي	ShamAY	105	0.48894
		علم علل الحديث ودوره في حفظ السنة النبوية	وصى الله بن محمد عباس	ShamAY	11300	0.48893
		جزء الحسن بن شاذان	الحسن بن أحمد بن إبراهيم بن الحسن ابن محمد بن شاذان، أبو علي البزاز (المتوفى: 425ه)	ShamelaY19	29751	0.48892
		التنبيه على الألفاظ التي وقع في نقلها وضبطها تصحيف وخطأ في تفسيرها ومعانيها وتحريف في كتاب الغريبين عن أبي عبيد أحمد بن محمد المؤدب الهروي	محمد بن ناصر بن محمد بن علي، أبو الفضل السلامي (المتوفى: 550ه)	ShamelaY19	38160	0.4889
		معجم ما استعجم من اسماء البلاد والمواضع	أبو عبيد عبد الله بن عبد العزيز بن محمد البكري الأندلسي (المتوفى: 487هـ)	ShamAY	11802	0.48889
		من هم اهل البيت ؟	خليفه عبيد كلباني عماني	Ghbook	7718	0.48875
		النعوت الأسماء والصفات	أبو عبد الرحمن أحمد بن شعيب بن علي الخراساني، النسائي (المتوفى: 303ه)	Sham19Y	6434	0.48874
		المسلسلات لتاج الدين أبي محمد عبد الله الجويني - مخطوط		ShamAY	32769	0.48873
		تفسير القرآن العظيم [ج ٨]	أبي الفداء اسماعيل بن عمر ابن كثير الدمشقي	Rafed	3414	0.48856
		أعلام السيرة النبوية في القرن الثاني للهجرة	فاروق بن محمود بن حسن حمادة	ShamAY	7512	0.48852
		من هم قتلة الحسين عليه السلام ؟ شيعة الكوفة ؟	السيّد علي الحسيني الميلاني	Rafed	3262	0.48834
		الأحاديث الضعيفة والموضوعة التي حكم عليها الحافظ ابن كثير في تفسيره	أبو عبد الرحمن محمود بن محمد الملاح	ShamAY	32009	0.48827
		كتابة الحديث بين النهي والإذن	أحمد بن محمد حميد	ShamAY	11345	0.48819
		مختصر البصائر	عزالدين حسن بن سليمان حلي	Ghbook	9478	0.48792
		الامام موسي بن جعفر الكاظم ورواياته الفقهيه	عبد الساده محمد الحداد	Ghbook	12277	0.48789
		تدوير الفلك في حصول الجماعة بالجن والملك	الإمام محمد عبد الحي اللكنوي (ت1304هـ)	ShamAY	36017	0.48781
		فضائل عثمان بن عفان لعبد الله بن أحمد	أبو عبد الرحمن عبد الله بن أحمد بن محمد بن حنبل الشيباني (المتوفى: 290هـ)	ShamAY	9322	0.48753
		معالم التنزيل في تفسير القرآن = تفسير البغوي	محيي السنة، أبو محمد الحسين بن مسعود البغوي (المتوفى: 510هـ)	ShamAY	41	0.48742
		مجمع الآداب في معجم الألقاب	كمال الدين أبو الفضل عبد الرزاق بن أحمد المعروف بابن الفوطي الشيباني (المتوفى: 723 هـ)	ShamAY	32700	0.4874
		البيتوتة لمحمد بن إسحاق الخراساني	محمد بن إسحاق بن إبراهيم بن مهران الخراساني، أبو العباس السراج، الثقفي مولاهم (المتوفى: 313هـ)	ShamAY	8252	0.48735
		الأحاديث الواردة المقيدة بأدبار الصلوات في كتب السنة جمعا ودراسة	غالب محمد أبو القاسم حامضي	ShamelaY19	35097	0.48735
		 البرصان والعرجان والعميان والحولان 	 الجاحظ 	ABLibrary	821	0.48729
		نوادر المعجزات في مناقب الأئمة الهداة(ع)	محمد بن جرير الطبري‏ الصغير	Masaha	3034	0.48715
		المحاسن - الجزء1	ابو جعفر أحمد بن محمد البرقي	Masaha	703	0.48712
		سيرة ابن إسحاق	محمد بن إسحاق بن يسار	Masaha	2221	0.48705
		 منتخب الأثر في أحوال الإمام الثاني عشر ( عج ) 	 الشيخ لطف الله الصافي الگلپايگاني 	ABLibrary	7790	0.48699
		معالم السنن، وهو شرح سنن أبي داود	أبو سليمان حمد بن محمد بن إبراهيم بن الخطاب البستي المعروف بالخطابي (المتوفى: 388هـ)	ShamAY	1442	0.48696
		الرسالة القشيرية	عبد الكريم بن هوازن بن عبد الملك القشيري (المتوفى: 465هـ)	ShamAY	9953	0.4869
		شبهات و ردود	سامي بدري	Ghbook	6664	0.48683
		الأئمة الاثنا عشر	شمس الدين محمد بن طولون‏	Masaha	1839	0.48678
		الجامع الصحيح المختصر	محمد بن إسماعيل أبو عبدالله البخاري الجعفي	ShamAY	33957	0.48671
		 الرد على الجهمية 	 عثمان بن سعيد الدارمي 	ABLibrary	8427	0.48669
		الكشف الحثيث عمن جهلهم أبو حاتم وهم معروفون من رواة الحديث	عاطف عبد الحميد	ShamAY	35853	0.48665
		الجزء فيه حديث الحافظ ابن ديزيل	إبراهيم بن الحسين بن علي الهمداني الكسائي المعروف بابن ديزيل (281 هـ)	ShamAY	1356	0.48657
		مسائل حرب الكرماني للإمامين: أحمد بن حنبل وإسحاق بن راهويه، من قوله: (باب الماء الذي لا ينجسه شيء) إلى آخر كتاب الطهارة دراسةً وتحقيقًا	أبو محمد حرب بن إسماعيل بن خلف الكرماني (المتوفى: 280 هـ)	ShamAY	32506	0.48654
		 ذيل طبقات الحفاظ 	 جلال الدين السيوطي 	ABLibrary	831	0.48654
		عيون اخبار الرضا ( عليه السلام )	محمد بن علي بن بابويه شيخ صدوق	Ghbook	2645	0.48635
		تركة النبي صلى الله عليه وسلم والسبل التي وجهها فيها	أبو إسماعيل حماد بن إسحاق بن إسماعيل بن حماد بن زيد بن درهم الأزدي البغدادي المالكي (المتوفى: 267ه)	ShamelaY19	22657	0.48624
		الفوائد المنتقاة عن الشيوخ العوالي لعلي بن عمر الحربي	علي بن عمر بن محمد بن الحسين ابن شاذان، أبو الحسن السكري الحربي الصيرفي الكيال (المتوفى: 386هـ)	ShamAY	33700	0.48619
		الغرر و الدرر فى سيرة خير البشر(ص)‏	عز الدين محمد بن جماعة	Masaha	2066	0.48616
		وسائل الشيعة [ج ٦]	محمد بن الحسن الحرّ العاملي [ العلامة الشيخ حرّ العاملي ]	Rafed	295	0.48611
		نفحات الأزهار في خلاصة عبقات الأنوار [ج ١١]	السيّد علي الحسيني الميلاني	Rafed	453	0.48611
		وسائل الشيعة [ج ١٩]	محمد بن الحسن الحرّ العاملي [ العلامة الشيخ حرّ العاملي ]	Rafed	320	0.48609
		ما هي العلاقه بين الحي و الميت	خليفه عبيد كلباني عماني	Ghbook	7697	0.48609
		الرواة الثقات المتكلم فيهم بما لا يوجب ردهم	شمس الدين أبو عبد الله محمد بن أحمد بن عثمان بن قَايْماز الذهبي (المتوفى: 748هـ)	ShamAY	5817	0.48599
		الفوائد المنتقاة عن الشيوخ العوالي لعلي بن عمر الحربي	علي بن عمر بن محمد بن الحسين ابن شاذان، أبو الحسن السكري الحربي الصيرفي الكيال (المتوفى: 386ه)	Sham19Y	1360	0.48589
		موسوعة طبقات الفقهاء‌  - الجزء1	الشيخ جعفر السبحاني	Masaha	3651	0.48587
		الخلاصة في حياة الخلفاء الراشدين	علي بن نايف الشحود	ShamAY	35788	0.48565
		تفسير ابن أبي حاتم، الأصيل - مخرجا	أبو محمد عبد الرحمن بن محمد بن إدريس بن المنذر التميمي، الحنظلي، الرازي ابن أبي حاتم (المتوفى: 327هـ)	ShamAY	9699	0.48564
		التنبيه على الألفاظ التي وقع في نقلها وضبطها تصحيف وخطأ في تفسيرها ومعانيها وتحريف في كتاب الغريبين عن أبي عبيد أحمد بن محمد المؤدب الهروي	محمد بن ناصر بن محمد بن علي، أبو الفضل السلامي (المتوفى: 550هـ)	ShamAY	1262	0.48559
		النجوم الزاهره في ملوك مصر والقاهره	جمال الدين ابوالمحاسن يوسف بن تغري بردي اتابكي	Ghbook	9047	0.48557
		جزء فيه ذكر حال عكرمة مولى عبد الله بن عباس وما قيل فيه - لقاء العشر الأواخر بالمسجد الحرام (12)	عبد العظيم بن عبد القوي بن عبد الله، أبو محمد، زكي الدين المنذري (المتوفى: 656 ه)	Sham19Y	17794	0.48549
		العسل المصفى من تهذيب زين الفتى في شرح سورة هل أتى‏ - الجزء1	أحمد بن محمد بن علي العاصمي	Masaha	2064	0.48549
		تهذيب الأحكام [ج ٨]	أبي جعفر محمّد بن الحسن بن علي بن الحسن الطّوسي [ شيخ الطائفة ]	Rafed	745	0.48546
		الإمام المهدي عج عند اهل السنة - الجزء1	السيد مهدي فقيه ايماني	Masaha	4050	0.48536
		النعوت الأسماء والصفات	أبو عبد الرحمن أحمد بن شعيب بن علي الخراساني، النسائي (المتوفى: 303هـ)	ShamAY	6434	0.48532
		بحر الفوائد المسمى بمعاني الأخبار للكلاباذي	أبو بكر محمد بن أبي إسحاق بن إبراهيم بن يعقوب الكلاباذي البخاري الحنفي (المتوفى: 380ه)	Sham19Y	13084	0.4853
		الجعفريات	محمد بن محمد الكوفي	Masaha	979	0.48504
		إثبات الشفاعة للذهبي	شمس الدين أبو عبد الله محمد بن أحمد بن عثمان بن قايماز الذهبي (المتوفى: 748ه)	ShamelaY19	26890	0.48503
		مسائل حرب الكرماني للإمامين: أحمد بن حنبل وإسحاق بن راهويه، من قوله: (باب الماء الذي لا ينجسه شيء) إلى آخر كتاب الطهارة دراسة وتحقيقا	أبو محمد حرب بن إسماعيل بن خلف الكرماني (المتوفى: 280 ه)	Sham19Y	13977	0.48503
		الثاني من أجزاء ابن الصواف	محمد بن أحمد بن الحسن بن إسحاق ابن الصواف، أبو علي البغدادي (المتوفى: 359هـ)	ShamAY	29780	0.485
		 الحلقة الضائعة من تاريخ جبل عامل 	 علي داود جابر 	ABLibrary	9038	0.48499
		الأحاديث الواردة المقيدة بأدبار الصلوات في كتب السنة جمعا ودراسة	غالب محمد أبو القاسم حامضي	ShamAY	221	0.48483
		كتابة السنة في عهد النبي صلى الله عليه وسلم والصحابة وأثرها في حفظ السنة النبوية	رفعت بن فوزي عبد المطلب	ShamAY	11349	0.48478
		بهجة النفوس والأسرار في تاريخ دار هجرة النبي المختار  - الجزء1	عبد الله بن عبد الملك المرجاني	Masaha	3955	0.4847
		قصص وأخبار جرت في عمان‏	أبو سليمان محمد بن عامر المعولي الأفوي	Masaha	4432	0.48465
		الأذان بين الأصالة والتحريف	السيد علي الشهرستاني	Masaha	79	0.48465
		الروض الأنف في شرح السيرة النبوية - الجزء1	عبد الرحمن السهيلي	Masaha	2028	0.48464
		معالم التنزيل في تفسير القرآن = تفسير البغوي	محيي السنة ، أبو محمد الحسين بن مسعود بن محمد بن الفراء البغوي الشافعي (المتوفى : 510هـ)	ShamAY	12217	0.48461
		وسائل الشيعة [ج ٣]	محمد بن الحسن الحرّ العاملي [ العلامة الشيخ حرّ العاملي ]	Rafed	291	0.4846
		تلبيس إبليس - الكتاب العربي	عبد الرحمن بن علي بن محمد أبو الفرج ابن الجوزي	ShamAY	33755	0.48457
		الخراج ليحيى بن آدم	أبو زكرياء يحيى بن آدم بن سليمان القرشي بالولاء، الكوفي الأحول (المتوفى: 203هـ)	ShamAY	26647	0.48432
		آيات الغدير	آيت الله علي حسيني ميلاني	Ghbook	4813	0.48411
		الملاحم و الفتن في ظهور الغائب المنتظر عجل الله فرجه	السيد علي بن موسى بن طاووس	Masaha	2335	0.48405
		جزء ابن طبرزد	عمر بن محمد بن معمر بن يحيى ابن أحمد بن حسان، أبو حفص، ابن طبرزد، الدارقزي، البغدادي (المتوفى: 607هـ)	ShamAY	30037	0.48395
		الاشارات الى معرفة الزيارات	علي بن أبي بكر بن علي الهروي، أبو الحسن (المتوفى: 611هـ)	ShamAY	10797	0.48387
		الجزء الثاني من مسند أبي هريرة رضي الله عنه	أَبُو إِسْحَاقَ إِبْرَاهِيْمُ بنُ حَرْبٍ العَسْكرِيُّ، السِّمْسَارُ (المتوفى: بعد 282هـ)	ShamAY	26592	0.48384
		وضوء عثمان بن عفان من النشاه الي الانتشار	علي شهرستاني	Ghbook	10947	0.48375
		تركة النبي صلى الله عليه وسلم والسبل التي وجهها فيها	أبو إسماعيل حماد بن إسحاق بن إسماعيل بن حماد بن زيد بن درهم الأزدي البغدادي المالكي (المتوفى: 267هـ)	ShamAY	22657	0.48346
		رواة الغدير من الصحابة والتابعين والعلماء	الشيخ عبد الحسين الأميني النجفي	Masaha	286	0.48338
		المبعث والمغازي	إسماعيل بن محمد بن الفضل أبو القاسم التيمي قِوام السُّنة (535 هـ)	ShamAY	34434	0.48336
		الجزء التاسع من أخبار أبي علي الكوكبي - مخطوط	أبو علي الحسين بن القاسم بن جعفر الكوكبي	ShamAY	32845	0.48335
		الغيبة	الشيخ محمد رضا الجعفري	Masaha	368	0.48325
		رسالة الإمام أبي بكر البيهقي إلى الإمام أبي محمد الجويني	أحمد بن الحسين بن علي بن موسى الخسروجردي الخراساني، أبو بكر البيهقي (المتوفى: 458ه)	ShamelaY19	27089	0.48308
		الجليس الصالح الكافي والأنيس الناصح الشافي	أبو الفرج المعافى بن زكريا بن يحيى الجريرى النهرواني (المتوفى: 390هـ)	ShamAY	7301	0.48306
		إثبات الشفاعة للذهبي	شمس الدين أبو عبد الله محمد بن أحمد بن عثمان بن قَايْماز الذهبي (المتوفى: 748هـ)	ShamAY	26890	0.48297
		كوثَر المَعَاني الدَّرَارِي في كَشْفِ خَبَايا صَحِيحْ البُخَاري	محمَّد الخَضِر بن سيد عبد الله بن أحمد الجكني الشنقيطي (المتوفى: 1354هـ)	ShamAY	31959	0.48295
		الأحاديث والآثار التي تكلم عليها الحافظ ابن رجب	ناصر أحمد السوهاجي	ShamAY	33087	0.48273
		الموسوعة القرآنية	إبراهيم بن إسماعيل الأبياري (المتوفى: 1414هـ)	ShamAY	23610	0.4827
		نفحات الأزهار في خلاصة عبقات الأنوار [ج ٦]	السيّد علي الحسيني الميلاني	Rafed	435	0.48257
		 مسند الإمام الهادي ( ع ) 	 الشيخ عزيز الله عطاردي 	ABLibrary	7741	0.48254
		السلوك في طبقات العلماء والملوك	محمد بن يوسف بن يعقوب، أبو عبد الله، بهاء الدين الجُنْدي اليمني (المتوفى: 732هـ)	ShamAY	6668	0.48233
		شفاء السقام في زياره خير الانام	تقي الدين السبكي	Ghbook	5294	0.48232
		مسائل حرب الكرماني كتاب الطهارة والصلاة - ت السريع	أبو محمد حرب بن إسماعيل بن خلف الكرماني (المتوفى: 280 هـ)	ShamAY	32500	0.48228
		من حديث الحافظ أبي طاهر السلفي عن بعض الأبهريين (أو: رحلة الحافظ أبي طاهر السلفي إلى مدينة أبهر)	صدر الدين، أبو طاهر السِّلَفي أحمد بن محمد بن أحمد بن محمد بن إبراهيم سِلَفَه الأصبهاني (المتوفى: 576هـ)	ShamAY	27087	0.48215
		من حديث ابن المقرئ (مطبوع ضمن جمهرة الأجزاء الحديثية)	أبو بكر محمد بن إبراهيم بن علي بن عاصم بن زاذان الأصبهاني الخازن، المشهور بابن المقرئ (المتوفى: 381هـ)	ShamAY	21482	0.48212
		بحار الأنوار [ج ٢٤]	الشيخ محمّد باقر بن محمّد تقي المجلسي	Rafed	895	0.48211
		الإستبصار [ج ٣]	أبي جعفر محمّد بن الحسن بن علي بن الحسن الطّوسي [ شيخ الطائفة ]	Rafed	1320	0.4821
		العقد الثّمين في تاريخ البلد الأمين [ج ١]	تقي الدين محمّد بن أحمد الحسني الفاسي المكّي	Rafed	2209	0.48188
		القول الأقوم في معجزات النبي الأكرم وما أظهره الله على يديه من الآيات وشرفه به من الخصائص والكرامات	أبو يوسف محمد زايد	ShamAY	37435	0.48184
		الطبقات للنسائي	أبو عبد الرحمن أحمد بن شعيب بن علي الخراساني، النسائي (المتوفى: 303هـ)	ShamAY	5885	0.4815
		سيرة ابن إسحاق (المبتدأ والمبعث والمغازي)	محمد بن إسحاق بن يسار [85هـ - 151هـ]	ShamAY	34444	0.4815
		أحاديث أبي الحسن الجوبري	أبو الحسن عبد الرحمن بن ياسر الجوبري (المتوفى: 425ه)	ShamelaY19	29814	0.4815
		الحلقة الضائعة من تاريخ جبل عامل	علي داود جابر	Rafed	2370	0.48148
		الموسوعة القرآنية	إبراهيم بن إسماعيل الأبياري (المتوفى: 1414ه)	ShamelaY19	23610	0.48139
		جزء الحسن بن شاذان	الحسن بن أحمد بن إبراهيم بن الحسن ابن محمد بن شاذان، أبو علي البَزَّاز (المتوفى: 425هـ)	ShamAY	29751	0.48138
		المنتقى من الفوائد الحسان في الحديث	يوسف بن عبد الرحمن بن يوسف، أبو الحجاج، جمال الدين ابن الزكي أبي محمد القضاعي الكلبي المزي (المتوفى: 742هـ)	ShamAY	12846	0.48137
		حديث هشام بن عمار	هشام بن عمار بن نصير بن ميسرة بن أبان السُّلمي، ويقال: الظفري، أبو الوليد الدمشقي المقرئ (المتوفى: 245هـ)	ShamAY	13112	0.48128
		حديث بشر بن مطر	بشر بن مطر بن ثابت أبو أحمد الدقاق الواسطي (المتوفى: 262ه)	Sham19Y	29709	0.48116
		الوفيات (معجم زمني للصحابة وأعلام المحدثين والفقهاء والمؤلفين)	أبو العباس أحمد بن حسن بن الخطيب الشهير بابن قنفذ القسنطيني (المتوفى: 810هـ)	ShamAY	10921	0.48111
		القول الحسن في عدد زوجات الامام الحسن عليه السلام	وسام البلداوي	Ghbook	12278	0.48104
		الإشارة إلى سيرة المصطفى وتاريخ من بعده من الخلفا	مغلطاي بن قليج بن عبد الله البكجري المصري الحكري الحنفي، أبو عبد الله، علاء الدين (المتوفى: 762ه)	ShamelaY19	122236	0.48099
		وسائل الشّيعة [ج ٢٤]	محمد بن الحسن الحرّ العاملي [ العلامة الشيخ حرّ العاملي ]	Rafed	341	0.48099
		الجزء الرابع من كتاب المبتدأ لإسحاق بن بشر القرشي - مخطوط	أبي حذيفة إسحاق بن بشر القرشي	ShamAY	32756	0.48096
		نفحات الأزهار في خلاصة عبقات الأنوار [ج ٤]	السيّد علي الحسيني الميلاني	Rafed	432	0.48083
		صيانة الإنسان عن وسوسة الشيخ دحلان	محمد بشير بن محمد بدر الدين السهسواني الهندي (المتوفى: 1326هـ)	ShamAY	12027	0.48079
		 بحار الأنوار 	 العلامة المجلسي 	ABLibrary	747	0.48078
		فضل الجهاد لأحمد بن عبدالواحد المقدسي	أَبُو العَبَّاسِ أَحْمَدُ بنُ عَبْدِ الوَاحِدِ بنِ أَحْمَدَ المَقْدِسِيُّ، الحَنْبَلِيُّ، المُلَقَّبُ بِالبُخَارِيِّ (المتوفى: 623هـ)	ShamAY	27096	0.48077
		تراثنا ـ العددان [ 41 و 42 ]	مؤسسة آل البيت عليهم السلام لإحياء التراث ـ قم	Rafed	2810	0.48073
		من حديث البغوي وابن صاعد والهاشمي لابن زنبور الوراق (مطبوع ضمن جمهرة الأجزاء الحديثية)	محمد بن عمر بن خلف بن زنبور البغدادي الوراق (المتوفى: 396هـ)	ShamAY	21483	0.48071
		كتاب الأصنام	أبو المنذر هشام بن محمد أبي النضر ابن السائب ابن بشر الكلبي (المتوفى: 204هـ)	ShamAY	6513	0.48062
		مسلسلات التيمي قوام السنة - مخطوط (ن)	إسماعيل بن محمد بن الفضل بن علي القرشي الطليحي التيمي الأصبهاني، أبو القاسم، الملقب بقوام السنة (المتوفى: 535ه)	ShamelaY19	21680	0.48062
		 الضوء اللامع لأهل القرن التاسع 	 شمس الدين السخاوي 	ABLibrary	947	0.48058
		عين العبرة في غبن العترة / الآيات الواردة في فضائل أهل البيت(ع)	السيد أحمد بن موسى بن طاووس	Masaha	4678	0.48058
		تفسير الثعالبي = الجواهر الحسان في تفسير القرآن	أبو زيد عبد الرحمن بن محمد بن مخلوف الثعالبي (المتوفى: 875هـ)	ShamAY	23618	0.48057
		قيد الشريد من أخبار يزيد	الواحدي :: ابن طولون	ShamAY	34312	0.48042
		معجم شيوخ الطبري الذين روى عنهم في كتبه المسندة المطبوعة	أكرم بن محمد زيادة الفالوجي الأثري	ShamelaY19	29741	0.48039
		مسند ابن أبي شيبة	أبو بكر بن أبي شيبة، عبد الله بن محمد بن إبراهيم بن عثمان بن خواستي العبسي (المتوفى: 235هـ)	ShamAY	13155	0.48029
		وسائل الشيعة [ج ٤]	محمد بن الحسن الحرّ العاملي [ العلامة الشيخ حرّ العاملي ]	Rafed	292	0.48028
		صيانة الإنسان عن وسوسة الشيخ دحلان	محمد بشير بن محمد بدر الدين السهسواني الهندي (المتوفى: 1326ه)	Sham19Y	12027	0.48026
		تحفة الأحباب وبغية الطلاب‏	علي بن أحمد السخاوي	Masaha	4661	0.48026
		بحار الأنوار [ج ٤٦]	الشيخ محمّد باقر بن محمّد تقي المجلسي	Rafed	979	0.48025
		ولاية أهل البيت عليهم السلام في القرآن والسنّة	حسينة حسن الدّريب	Rafed	1226	0.48017
		أثر اختلاف الأسانيد والمتون في اختلاف الفقهاء	ماهر ياسين فحل الهيتي	ShamAY	31840	0.48011
		الإيمان لابن أبي شيبة	أبو بكر بن أبي شيبة، عبد الله بن محمد بن إبراهيم بن عثمان بن خواستي العبسي (المتوفى: 235هـ)	ShamAY	7767	0.47999
		سؤالات أبي داود للإمام أحمد بن حنبل في جرح الرواة وتعديلهم	أبو عبد الله أحمد بن محمد بن حنبل بن هلال بن أسد الشيباني (المتوفى: 241هـ)	ShamAY	5945	0.47992
		الجوهر المنضد في طبقات متأخري أصحاب أحمد	يوسف بن حسن بن أحمد بن حسن ابن عبد الهادي الصالحي، جمال الدين، ابن المبرد الحنبلي (المتوفى: 909 ه)	Sham19Y	17657	0.47967
		وسائل الشيعة [ج ١٠]	محمد بن الحسن الحرّ العاملي [ العلامة الشيخ حرّ العاملي ]	Rafed	302	0.47946
		من روى عن النبي من الصحابة في الكبائر للبرديجي - مجلة الجامعة الإسلامية	أبو بكر أحمد بن هارون بن روح البرديجي (المتوفى: 301هـ)	ShamAY	4151	0.47943
		الأحاديث الواردة في البيوع المنهي عنها	سليمان بن صالح الثنيان	ShamAY	7267	0.47943
		الموسوعة القرآنيّة [ج ١]	ابراهيم الأبياري	Rafed	3764	0.47943
		الفروع من الكافي - الجزء3	ثقة الإسلام أبي جعفر الكليني	Masaha	3	0.47939
		التعليق على الرحيق المختوم	أبو عبد الرحمن محمود بن محمد الملاح	ShamAY	32016	0.47928
		معجم شيوخ الطبري الذين روى عنهم في كتبه المسندة المطبوعة	أكرم بن محمد زيادة الفالوجي الأثري	ShamAY	196	0.47922
		الجوهر المنضد في طبقات متأخري أصحاب أحمد	يوسف بن حسن بن أحمد بن حسن ابن عبد الهادي الصالحي، جمال الدين، ابن المِبْرَد الحنبلي (المتوفى: 909 هـ)	ShamAY	32329	0.47922
		 بحار الأنوار 	 العلامة المجلسي 	ABLibrary	746	0.47913
		حول علم الائمه بالغيب	خليفه عبيد كلباني عماني	Ghbook	7639	0.47898
		الاستقصا لأخبار دول المغرب الأقصى	شهاب الدين أبو العباس أحمد بن خالد بن محمد الناصري الدرعي الجعفري السلاوي (المتوفى: 1315هـ)	ShamAY	6627	0.47894
		السنا والسنوت في معرفة ما يتعلق بالقنوت من الأحاديث النبوية والأحكام الفقهية	شمس الدين محمد بن رسول الحسيني الشافعي البرزنجي ثم المدني (1103هـ)	ShamAY	34293	0.47892
		 مجموع بلدان اليمن وقبائلها 	 محمد بن أحمد الحجري اليماني 	ABLibrary	9176	0.47888
		معجم أعلام الجزائر - من صدر الإسلام حتى العصر الحاضر	عادل نويهض	ShamelaY19	96603	0.4788
		امالي المفيد	محمد بن  محمد بن نعمان شيخ مفيد	Ghbook	2384	0.47873
		التحقيق في حكم رواية عبد الله بن لهيعة		ShamAY	35796	0.47871
		شهداء أحد الذين ذكرهم ابن إسحاق في مغازيه	محمد بن عبد الله بن عبد القادر غبان الصبحي	ShamAY	12264	0.47861
		التعليق على الرحيق المختوم	أبو عبد الرحمن محمود بن محمد الملاح	Sham19Y	14572	0.47859
		عوالم العلوم والمعارف والاحوال (الجزء 23) في احوال الامام محمد بن علي الجواد علي...	محمد باقر بن مرتضي موحد ابطحي اصفهاني	Ghbook	15999	0.47851
		سيرة الصحابي الجليل مصعب بن عمير - رضي الله عنه -	عدنان بن سليمان بن مسعد الجابري	Sham19Y	13553	0.47838
		تاريخ الإسلام ووفيات المشاهير والأعلام [ج ١]	شمس الدين محمّد بن أحمد بن عثمان الذّهبي	Rafed	3317	0.47835
		رسالة مختصرة في النصوص الصحيحة على امامة الأئمة الإثنى عشر	الميرزا جواد التبريزي	Masaha	285	0.47835
		منتخب الأثر في الإمام الثاني عشر عليه السلام [ج ٢]	لطف الله الصافي الگلپايگاني	Rafed	2775	0.47827
		تاريخ الكوفة	حسين البراقي	Masaha	3957	0.4782
		مجموعة أجزاء حديثية - أدب النفوس	أبو بكر محمد بن الحسين بن عبد الله الآجُرِّيُّ البغدادي (المتوفى: 360هـ)	ShamAY	8245	0.47815
		إعلام الموقعين عن رب العالمين	محمد بن أبي بكر بن أيوب بن سعد شمس الدين ابن قيم الجوزية (المتوفى: 751هـ)	ShamAY	11496	0.47809
		خزانة التّواريخ النجديّة [ج ٣]	عبد الله بن عبد الرحمن بن صالح آل بسام	Rafed	2165	0.47787
		تفسير القرآن العظيم (ابن كثير)	أبو الفداء إسماعيل بن عمر بن كثير القرشي البصري ثم الدمشقي (المتوفى: 774ه)	ShamelaY19	23604	0.47769
		 خزانة التواريخ النجدية 	 عبد الله بن عبد الرحمن آل بسام 	ABLibrary	9051	0.47768
		الزهد لهناد بن السري	أبو السَّرِي هَنَّاد بن السَّرِي بن مصعب بن أبي بكر بن شبر بن صعفوق بن عمرو بن زرارة بن عدس بن زيد التميمي الدارمي الكوفي (المتوفى: 243هـ)	ShamAY	13027	0.4776
		المتعة (للشيخ المفيد)	الشيخ المفيد	Masaha	983	0.47759
		إعلام الموقعين عن رب العالمين	محمد بن أبي بكر بن أيوب بن سعد شمس الدين ابن قيم الجوزية (المتوفى: 751ه)	Sham19Y	11496	0.47756
		أخبار الدولة العباسية وفيه أخبار العباس وولده	مؤلف أخبار الدولة العباسية - مجهول (المتوفى: ق 3هـ)	ShamAY	12226	0.47743
		خبر شعر ووفادة النابغة الجعدي	زيد بن الحسن بن زيد بن سعيد الحميري، من ذي رعين، أبو اليمن، تاج الدين الكندي (المتوفى: 613هـ)	ShamAY	30750	0.47742
		سيرة الصحابي الجليل مصعب بن عمير - رضي الله عنه -	عدنان بن سليمان بن مسعد الجابري	ShamAY	31923	0.47741
		تاريخ وفاة الشيوخ الذين أدركهم البغوي	أبو القاسم عبد الله بن محمد بن عبد العزيز بن المَرْزُبان بن سابور بن شاهنشاه البغوي (المتوفى: 317هـ)	ShamAY	27106	0.47732
		الرد على الجهمية للدارمي	أبو سعيد عثمان بن سعيد بن خالد بن سعيد الدارمي السجستاني (المتوفى: 280هـ)	ShamAY	13023	0.47726
		إحقاق الحقّ وإزهاق الباطل [ج ١٨]	السيّد نور الله الحسيني المرعشي التستري	Rafed	2757	0.47723
		العقد الثمين فى تاريخ البلد الأمين	تقي الدين محمد بن أحمد الحسني الفاسى المكي (المتوفى: 832 ه)	ShamelaY19	20989	0.47709
		أدب الطّف أو شعراء الحسين عليه السلام [ج ١]	جواد شبّر	Rafed	230	0.47705
		 موسوعة الإمام الجواد ( ع ) 	 الشيخ أبو القاسم الخزعلي 	ABLibrary	7841	0.47703
		نشر المحاسن اليمانيّة	ابن الديبع الشيباني الشافعي	Rafed	2551	0.47695
		مستدرك الوسائل [ج ١]	الشيخ حسين النوري الطبرسي [ المحدّث النوري ]	Rafed	1141	0.4769
		موسوعة الامام المهدي عليه السلام المصلح	نجاح الطائي	Ghbook	16039	0.47689
		 قصص وأخبار جرت في عمان 	 محمد بن عامر المعولي الأفوي 	ABLibrary	9157	0.47688
		معجم البلدان [ج ٢]	شهاب الدين أبي عبدالله ياقوت بن عبدالله الحموي الرومي البغدادي	Rafed	2620	0.47674
		الفتح الرباني لترتيب مسند الإمام أحمد بن حنبل الشيباني ومعه بلوغ الأماني من أسرار الفتح الرباني	أحمد بن عبد الرحمن بن محمد البنا الساعاتي (المتوفى: 1378 هـ)	ShamAY	32579	0.47666
		تاريخ الإسلام ووفيات المشاهير والأعلام	شمس الدين أبو عبد الله محمد بن أحمد بن عثمان بن قَايْماز الذهبي (المتوفى: 748هـ)	ShamAY	12397	0.47665
		مسند عمر بن الخطاب ليعقوب بن شيبة	أبو يوسف يعقوب بن شيبة بن الصَّلْت بن عُصْفور السدوسي بالولاء البصري (المتوفى: 262هـ)	ShamAY	13172	0.47664
		تفسير القرآن العظيم (ابن كثير)	أبو الفداء إسماعيل بن عمر بن كثير القرشي البصري ثم الدمشقي (المتوفى: 774هـ)	ShamAY	23604	0.47621
		نواسخ القرآن = ناسخ القرآن ومنسوخه ت المليباري	جمال الدين أبو الفرج عبد الرحمن بن علي بن محمد الجوزي (المتوفى: 597هـ)	ShamAY	1226	0.47621
		مجموعة أجزاء حديثية - جزء القاضي الأشناني	عمر بن الحسن بن علي بن مالك بن أشرس بن عبد الله بن منجاب، أبو الحسين الشيباني، المعروف بابن الأشناني (المتوفى: 339هـ)	ShamAY	9106	0.47612
		تاريخ الإسلام ووفيات المشاهير والأعلام	شمس الدين أبو عبد الله محمد بن أحمد بن عثمان بن قايماز الذهبي (المتوفى: 748ه)	Sham19Y	12397	0.47611
		آلاف الروايات في غلو الشيعة في الأئمة		ShamAY	35643	0.47592
		مختصر سيرة الرسول - دار الفيحاء والسلام	عبد الله بن محمد بن عبد الوهاب بن سليمان التميمي	ShamAY	34441	0.47586
		 بحار الأنوار 	 العلامة المجلسي 	ABLibrary	761	0.47585
		 مسند الإمام الباقر ( ع ) 	 الشيخ عزيز الله عطاردي 	ABLibrary	7711	0.47572
		مسند أبي أمية الطرسوسي	أبو أمية محمد بن إبراهيم بن مسلم الخزاعي البغدادي ثم الطرسوسي (المتوفى: 273ه)	ShamelaY19	29711	0.47562
		الفضائل الموضوعة عرض ونقد	مهدي المنصور سمائي	Rafed	1497	0.47559
		أحاديث أبي الحسن الجوبري	أبو الحسن عبد الرحمن بن ياسر الجوبري (المتوفى: 425هـ)	ShamAY	29814	0.47541
		ما وضح واستبان في فضائل شهر شعبان	أبو الخطاب عمر بن حسن الأندلسي الشهير بابن دحية الكلبي (المتوفى: 633هـ)	ShamAY	9593	0.47539
		جزء فيه ذكر حال عكرمة مولى عبد الله بن عباس وما قيل فيه - لقاء العشر الأواخر بالمسجد الحرام (12)	عبد العظيم بن عبد القوي بن عبد الله، أبو محمد، زكي الدين المنذري (المتوفى: 656 هـ)	ShamAY	32396	0.47514
		الإحسان في تقريب صحيح ابن حبان	محمد بن حبان بن أحمد بن حبان بن معاذ بن مَعْبدَ، التميمي، أبو حاتم، الدارمي، البُستي (المتوفى: 354هـ)	ShamAY	1729	0.47512
		مسلسلات التيمي قوام السنة - مخطوط (ن)	إسماعيل بن محمد بن الفضل بن علي القرشي الطليحي التيمي الأصبهاني، أبو القاسم، الملقب بقوام السنة (المتوفى: 535هـ)	ShamAY	21680	0.47504
		فلان وفلانه: كتاب يكشف التزييف والتضليل السياسي في اكثر من مئه روايه من روايات ا...	عبدالرحمن العقيلي	Ghbook	12314	0.47493
		 كشف الغمة في معرفة الأئمة ( ط . ق ) 	 علي بن أبي الفتح الإربلي 	ABLibrary	7909	0.47487
		إثبات حديث النزول بالنظرية النسبية لألبرت أينتشاين	إيهاب أبو المجد	ShamAY	35987	0.47485
		فوائد منتقاة من الجزء الأول من حديث ابن أبي صابر - مخطوط	الجوهري، أبو محمد	ShamAY	32787	0.47481
		 الكامل في التاريخ 	 ابن الأثير 	ABLibrary	8249	0.47473
		 نشر المحاسن اليمانية في خصائص اليمن ونسب القحطانية 	 ابن الديبع الشيباني الشافعي 	ABLibrary	9296	0.47471
		دلائل النبوة للفريابي	أبو بكر جعفر بن محمد بن الحسن بن المُسْتَفاض الفِرْيابِي (المتوفى: 301هـ)	ShamAY	13116	0.47468
		خلاصة السير الجامعة لعجائب أخبار الملوك التبابعة (شرح لقصيدة نشوان الحميري: ملوك حمير وأقيال اليمن)	نشوان بن سعيد الحميرى اليمني (المتوفى: 573هـ)	ShamAY	413	0.47463
		التوابين - ط العلمية	عبد الله بن أحمد بن محمد بن قدامة المقدسي أبو محمد موفق الدين	ShamAY	33750	0.47462
		الملهوف على قتلى الطّفوف	السيّد رضي الدين أبو القاسم علي بن موسى بن جعفر بن طاووس الحسني الحلّي [ السيّد بن طاووس ]	Rafed	277	0.47447
		معجم المفسرين «من صدر الإسلام وحتى العصر الحاضر»	عادل نويهض	ShamAY	32161	0.47446
		 مكاتيب الأئمة ( ع ) 	 علي الأحمدي الميانجي 	ABLibrary	7778	0.4744
		الروض الأنف في شرح السيرة النبوية	أبو القاسم عبد الرحمن بن عبد الله بن أحمد السهيلي (المتوفى: 581هـ)	ShamAY	6864	0.47436
		الشيعة الجذور والبذور	محمود جابر	Rafed	1205	0.47432
		منهج المقال في تحقيق احوال الرجال [ج ١]	محمد بن علي الاسترابادي	Rafed	131	0.47423
		رحلة ابن بطوطة [ج ٥]	شمس الدين أبي عبد الله محمد بن عبد الله اللواتي الطنجي	Rafed	2362	0.4742
		رسائل الشهيد الأول	الشهيد الأول	Masaha	1106	0.47415
		شرح نقائض جرير والفرزدق	أبو عبيدة معمر بن المثنى (برواية اليزيدي عن السكري عن ابن حبيب عنه)	ShamAY	31926	0.47413
		الإعلام بمن في تاريخ الهند من الأعلام المسمى بـ (نزهة الخواطر وبهجة المسامع والنواظر)	عبد الحي بن فخر الدين بن عبد العلي الحسني الطالبي (المتوفى: 1341هـ)	ShamAY	1584	0.47411
		 العوالم ، الإمام محمد الباقر ( ع ) 	 الشيخ عبد الله البحراني 	ABLibrary	7616	0.47409
		 مسند الإمام الصادق ( ع ) 	 الشيخ عزيز الله عطاردي 	ABLibrary	7732	0.47408
		نزهة الألباب في قول الترمذي «وفي الباب»	أبو الفضل، حسن بن محمد بن حيدر الوائليّ الصنعانيّ	ShamAY	32272	0.47404
		الإمام أحمد بن حنبل الشيباني ومسنده	أحمد بن عبدالرحمن بن سليمان الصويان	ShamAY	37336	0.47399
		الفوائد المنتقاة عن الشيوخ العوالي لعلي بن عمر الحربي	علي بن عمر بن محمد بن الحسين ابن شاذان، أبو الحسن السكري الحربي الصيرفي الكيال (المتوفى: 386هـ)	ShamAY	1360	0.47358
		اللآلئ المنثورة في الأحاديث المشهورة المعروف ب (التذكرة في الأحاديث المشتهرة)	أبو عبد الله بدر الدين محمد بن عبد الله بن بهادر الزركشي الشافعي (المتوفى: 794ه)	Sham19Y	6061	0.47352
		نحن والأولاد في مآثر أهل بيت النبوّة عليهم السلام [ج ٢]	حمزه عندليب	Rafed	1511	0.4735
		المحلى ت: أحمد شاكر	الواحدي :: ابن حزم	ShamAY	34276	0.47346
		النفحة النسرينية واللمحة المرينية	إسماعيل بن يوسف بن محمد بن نصر الخزرجي الأنصاري النصري، أبو الوليد، المعروف بابن الأحمر (المتوفى: 807ه)	Sham19Y	401	0.47346
		تفسير القرآن العظيم [ج ١]	أبي الفداء اسماعيل بن عمر ابن كثير الدمشقي	Rafed	3407	0.4733
		مآثر الإنافة في معالم الخلافة	أحمد بن علي بن أحمد الفزاري القلقشندي ثم القاهري (المتوفى: 821هـ)	ShamAY	8460	0.47316
		تاريخ الإسلام ووفيات المشاهير والأعلام [ج ٤٤]	شمس الدين محمّد بن أحمد بن عثمان الذّهبي	Rafed	3629	0.47302
		الموسوعة التاريخية - الدرر السنية	مجموعة من المؤلفين	ShamelaY19	95543	0.47299
		الجامع لعلوم الإمام أحمد - أصول الفقه	خالد الرباط، سيد عزت عيد [بمشاركة الباحثين بدار الفلاح]	ShamAY	38853	0.47285
		العقد الثمين فى تاريخ البلد الأمين	تقي الدين محمد بن أحمد الحسني الفاسى المكي (المتوفى: 832 هـ)	ShamAY	38892	0.47272
		من بحوث ماهر الفحل	الدكتور ماهر ياسين الفحل	Sham19Y	1767	0.4725
		مدينة معاجز الإئمة اثني عشر و دلائل الحجج علي البشر	هاشم البحراني	Ghbook	16045	0.47231
		الضعفاء لأبي زرعة الرازي في أجوبته على أسئلة البرذعي - أبو زرعة الرازي وجهوده في السنة النبوية	الرازي، أبو زرعة	ShamAY	11402	0.47225
		العقود اللؤلؤية في تاريخ الدولة الرسولية	علي بن الحسن بن أبي بكر بن الحسن ابن وهاس الخزرجي الزبيدي، أبو الحسن موفق الدين (المتوفى: 812ه)	Sham19Y	9233	0.47214
		وضوء عبد الله بن عباس و دور السياسة في اختلاف النقل عنه	علي شهرستاني	Ghbook	9590	0.4721
		دراسة حديث " ما بين بيتي ومنبري روضة من رياض الجنة ". رواية ودراية	عبد العزيز بن محمد السعيد	ShamAY	34031	0.47207
		الموسوعة التاريخية - الدرر السنية	مجموعة من المؤلفين	ShamAY	1538	0.472
		مرآة العقول [ج ٢٣]	الشيخ محمّد باقر بن محمّد تقي المجلسي	Rafed	1076	0.47193
		إتحاف المطالع بوفيات أعلام القرن الثالث عشر والرابع	عبد السلام بن عبد القادر بن محمد بن عبد القادر بن الطالب بن محمد -فتحا- ابن سودة (المتوفى: 1400ه)	ShamelaY19	120139	0.4719
		جزء فيه سبعة مجالس من أمالي ابن بشران	أبو القاسم عبد الملك بن محمد بن عبد الله بن بشْران بن محمد بن بشْران بن مهران البغدادي (المتوفى: 430هـ)	ShamAY	29888	0.47189
		إتحاف المطالع بوفيات أعلام القرن الثالث عشر والرابع	عبد السلام بن عبد القادر بن محمد بن عبد القادر بن الطالب بن محمد -فتحا- ابن سودة (المتوفى: 1400ه)	Sham19Y	120139	0.47181
		النفحة النسرينية واللمحة المرينية	إسماعيل بن يوسف بن محمد بن نصر الخزرجي الأنصاري النصري، أبو الوليد، المعروف بابن الأحمر (المتوفى: 807هـ)	ShamAY	401	0.47178
		الشيعة الجذور والبذور	محمود جابر	Masaha	494	0.47165
		آداب اميرالمومنين (ع): المشهور بحديث الاربعمائة	مهدي خداميان آراني	Ghbook	9574	0.47164
		موسوعة توقيعات الإمام المهدي عليه السلام	محمد تقي اكبر نجاد	Masaha	4065	0.47158
		مسائل حرب بن إسماعيل الكرماني (الطهارة والصلاة)	حرب بن إسماعيل الكرماني	ShamAY	34256	0.47154
		بحر الفوائد المسمى بمعاني الأخبار للكلاباذي	أبو بكر محمد بن أبي إسحاق بن إبراهيم بن يعقوب الكلاباذي البخاري الحنفي (المتوفى: 380هـ)	ShamAY	13084	0.4715
		من بحوث ماهر الفحل	الدكتور ماهر ياسين الفحل	ShamAY	1767	0.47149
		الممتع في صنعة الشعر	عبد الكريم النهشلي القيرواني	ShamAY	32088	0.47149
		تحذير الخواص من أكاذيب القصاص	عبد الرحمن بن أبي بكر، جلال الدين السيوطي (المتوفى: 911هـ)	ShamAY	6073	0.47145
		فضائل القرآن وتلاوته للرازي	أبو الفضل عبد الرحمن بن أحمد بن الحسن الرازي المقرىء (المتوفى: 454هـ)	ShamAY	34108	0.47144
		معجم الكتب	يوسف بن حسن بن أحمد بن حسن ابن عبد الهادي الصالحي، جمال الدين، ابن المبرد الحنبلي (المتوفى: 909هـ)	ShamAY	10737	0.47144
		الآثار الواردة عن عمر بن عبد العزيز في العقيدة	حياة بن محمد بن جبريل	ShamAY	11723	0.4713
		شرح صحيح مسلم للقاضى عياض المسمى إكمال المعلم بفوائد مسلم	عياض بن موسى بن عياض بن عمرون اليحصبي السبتي، أبو الفضل (المتوفى: 544ه)	ShamelaY19	122406	0.47126
		تاريخ آل زرارة و شرح رسالة أبي غالب الزّراري	السيّد محمّد علي الموحّد الأبطحي	Rafed	1784	0.47113
		الطبقات للنسائي - دار الوعي	أحمد بن شعيب أبو عبدالرحمن النسائي	ShamAY	34618	0.47109
		تهذيب الأحكام [ج ٧]	أبي جعفر محمّد بن الحسن بن علي بن الحسن الطّوسي [ شيخ الطائفة ]	Rafed	741	0.47107
		الضعفاء لأبي زرعة الرازي في أجوبته على أسئلة البرذعي - أبو زرعة الرازي وجهوده في السنة النبوية	الرازي، أبو زرعة	Sham19Y	11402	0.47091
		معجم ما استعجم من أسماء البلاد والمواضع [ج ١]	أبي عبيد عبد الله بن عبد العزيز البكري الأندلسي	Rafed	2530	0.47081
		أحاديث أبي الحسن الجوبري	أبو الحسن عبد الرحمن بن ياسر الجوبري (المتوفى: 425ه)	Sham19Y	29814	0.47078
		 العقد الثمين في تاريخ البلد الأمين 	 محمد بن أحمد الفاسي 	ABLibrary	9141	0.47071
		ولاية أهل البيت(ع) في القرآن والسنّة	حسينة حسن الدريب	Masaha	207	0.47067
		آيات الأنوار	آية الله الميرزا محمود اليوسفي الغروي	Rafed	3255	0.4706
		المختلف فيهم	أبو حفص عمر بن أحمد بن عثمان بن أحمد بن محمد بن أيوب بن أزداذ البغدادي المعروف بـ ابن شاهين (المتوفى: 385هـ)	ShamAY	8542	0.47057
		إكرام الضيف لإبراهيم الحربي	أبو إسحاق إبراهيم بن إسحاق بن إبراهيم بن بشير البغدادي الحَرْبي (المتوفى: 285هـ)	ShamAY	12986	0.47049
		الأسئلة الحديثية للشيخ العلوان	سليمان بن عبد الله العلوان	ShamAY	37253	0.47049
		اللآلئ المنثورة في الأحاديث المشهورة المعروف بـ (التذكرة في الأحاديث المشتهرة)	أبو عبد الله بدر الدين محمد بن عبد الله بن بهادر الزركشي الشافعي (المتوفى: 794هـ)	ShamAY	1413	0.47042
		الرسالة المستطرفة محققة ومعها والتعليقات المستظرفة	الكتاني، محمد بن جعفر	ShamAY	37613	0.4704
		مرآة العقول [ج ١٨]	الشيخ محمّد باقر بن محمّد تقي المجلسي	Rafed	1067	0.47036
		ألفية السيرة النبوية - نظم الدرر السنية الزكية	أبو الفضل زين الدين عبد الرحيم بن الحسين بن عبد الرحمن بن أبي بكر بن إبراهيم العراقي (المتوفى: 806ه)	ShamelaY19	23660	0.47024
		شَرْحُ صَحِيح مُسْلِمِ لِلقَاضِى عِيَاض المُسَمَّى إِكمَالُ المُعْلِمِ بفَوَائِدِ مُسْلِم	عياض بن موسى بن عياض بن عمرون اليحصبي السبتي، أبو الفضل (المتوفى: 544هـ)	ShamAY	31714	0.47021
		العقود اللؤلؤية في تاريخ الدولة الرسولية	علي بن الحسن بن أبي بكر بن الحسن ابن وهاس الخزرجي الزبيدي، أبو الحسن موفق الدين (المتوفى: 812هـ)	ShamAY	9233	0.47021
		فهرسة اللبلي	شهاب الدين أحْمَد بن يُوسُف بن على بن يُوسُف اللَّبْلِيُّ أَبُو جَعْفَر الفهرى المقرى اللغوى المالكى (المتوفى: 691هـ)	ShamAY	10731	0.47021
		جامع الأصول	مجد الدين أبو السعادات المبارك بن محمد بن محمد بن محمد ابن عبد الكريم الشيباني الجزري ابن الأثير (المتوفى : 606هـ)	ShamAY	25800	0.47008
		تهذيب الأحكام [ج ١٠]	أبي جعفر محمّد بن الحسن بن علي بن الحسن الطّوسي [ شيخ الطائفة ]	Rafed	752	0.47007
		 الإكليل من أخبار اليمن وأنساب حمير ( الكتاب العاشر ) 	 الحسن الهمداني ( ابن الحائك ) 	ABLibrary	8964	0.47
		تأخير الظلامة إلى يوم القيامة	عبد الرحمن بن أبي بكر، جلال الدين السيوطي (المتوفى: 911هـ)	ShamAY	2011	0.46996
		الغدير - الجزء1	الشيخ عبد الحسين الأميني النجفي	Masaha	263	0.46993
		شرح صحيح مسلم للقاضى عياض المسمى إكمال المعلم بفوائد مسلم	عياض بن موسى بن عياض بن عمرون اليحصبي السبتي، أبو الفضل (المتوفى: 544ه)	Sham19Y	122406	0.46983
		ألفية السيرة النبوية - نظم الدرر السنية الزكية	أبو الفضل زين الدين عبد الرحيم بن الحسين بن عبد الرحمن بن أبي بكر بن إبراهيم العراقي (المتوفى: 806هـ)	ShamAY	23660	0.46981
		مستدرك الوسائل [ج ٥]	الشيخ حسين النوري الطبرسي [ المحدّث النوري ]	Rafed	1138	0.46979
		طبقات الشافعية لابن قاضى شهبة	أبو بكر بن أحمد بن محمد بن عمر الأسدي الشهبي الدمشقي، تقي الدين ابن قاضي شهبة (المتوفى: 851هـ)	ShamAY	6736	0.46978
		سبب وضع علم العربية	عبد الرحمن بن أبي بكر، جلال الدين السيوطي (المتوفى: 911هـ)	ShamAY	6993	0.46968
		علل الشرائع	محمد بن علي بن بابويه شيخ صدوق	Ghbook	2643	0.46961
		 أخبار الدولة العباسية 	 مؤلف مجهول 	ABLibrary	83	0.46947
		المسنَد الصَّحيح المُخَرّج عَلى صَحِيح مُسلم	أبو عَوانة يَعقُوب بن إسحَاق الإسفرَايينيّ (المتوفى 316 هـ)	ShamAY	32665	0.46931
		ألفية السيرة النبوية ـ نظم الدرر السنية الزكية	زين الدين العراقي‏	Masaha	1863	0.46931
		علة الحديث المسلسل في يوم العيدين	يحيى بن أبي منصور بن أبي الفتح ابن رافع الحراني، أبو زكريا، جمال الدين الحبيشي، ويعرف أيضا بابن الصيرفي (المتوفى: 678ه)	ShamelaY19	27102	0.4693
		علة الحديث المسلسل في يوم العيدين	يحيى بن أبي منصور بن أبي الفتح ابن رافع الحراني، أبو زكريا، جمال الدين الحبيشي، ويعرف أيضا بابن الصيرفي (المتوفى: 678هـ)	ShamAY	27102	0.46925
		 موسوعة الإمام الهادي ( ع ) 	 الشيخ أبو القاسم الخزعلي 	ABLibrary	7846	0.46914
		رياضة الأبدان لأبي نعيم الأصبهاني	أبو نعيم أحمد بن عبد الله بن أحمد بن إسحاق بن موسى بن مهران الأصبهاني (المتوفى: 430هـ)	ShamAY	13118	0.46895
		الفتوة لأبي عبد الرحمن السلمي	محمد بن الحسين بن محمد بن موسى بن خالد بن سالم النيسابوري، أبو عبد الرحمن السلمي (المتوفى: 412ه)	ShamelaY19	26864	0.46894
		تحفة الطالب بمعرفة أحاديث مختصر ابن الحاجب	أبو الفداء إسماعيل بن عمر بن كثير القرشي البصري ثم الدمشقي (المتوفى: 774هـ)	ShamAY	9978	0.46884
		الفرائد على مجمع الزوائد «ترجمة الرواة الذين لم يعرفهم الحافظ الهيثمي»	أبو عبد الله، خليل بن محمد بن عوض الله المطيري العربي	ShamAY	31753	0.46877
		المنهل الروي في مختصر علوم الحديث النبوي	أبو عبد الله، محمد بن إبراهيم بن سعد الله بن جماعة الكناني الحموي الشافعي، بدر الدين (المتوفى: 733ه)	Sham19Y	5959	0.46875
		الصحيح المسبور من التفسير بالمأثور	حكمت بشير ياسين	ShamelaY19	22912	0.46874
		معرفة الخصال المكفرة للذنوب المقدمة والمؤخرة	ابن حجر العسقلاني	ShamAY	34819	0.46871
		رفع اليدين في الصلاة - ط عالم الفوائد	ابن القيم	ShamAY	38390	0.46864
		الفهرست	أبو الفرج محمد بن إسحاق بن محمد الوراق البغدادي المعتزلي الشيعي المعروف بابن النديم (المتوفى: 438هـ)	ShamAY	7642	0.46857
		المنهل العذب المورود شرح سنن الإمام أبي داود	محمود محمد خطاب السبكي	ShamelaY19	20764	0.46857
		تفسير الثعلبي = الكشف والبيان عن تفسير القرآن ط دار التفسير	أبو إسحاق أحمد بن إبراهيم الثعلبي (المتوفى: 427 ه)	Sham19Y	18686	0.46848
		رواة الحديث من أهل ذمار إلى نهاية القرن الثالث الهجري	عبد الرحمن الخميسي	ShamAY	35890	0.46839
		المنيحة بسلسلة الأحاديث الصحيحة	أبو إسحاق الحويني الأثري حجازي محمد شريف	ShamAY	31990	0.46837
		إتحاف المطالع بوفيات أعلام القرن الثالث عشر والرابع	عبد السلام بن عبد القادر بن محمد بن عبد القادر بن الطالب بن محمد -فتحا- ابن سودة (المتوفى: 1400هـ)	ShamAY	31703	0.46826
		النكت على كتاب ابن الصلاح لابن حجر	أبو الفضل أحمد بن علي بن محمد بن أحمد بن حجر العسقلاني (المتوفى: 852هـ)	ShamAY	8316	0.46816
		أئمة أهل البيت في كتب أهل السنة	الشيخ حكمت الرحمة	Masaha	35	0.46814
		تراثنا ـ العدد [ 49 ]	مؤسسة آل البيت عليهم السلام لإحياء التراث ـ قم	Rafed	3187	0.46801
		موجبات الجنة لابن الفاخر	معمر بن عبد الواحد بن رجاء بن عبد الواحد بن محمد بن الفاخر، أبو أحمد القرشي العبشمي السمرقندي الأصبهاني (المتوفى: 564ه)	ShamelaY19	26378	0.46798
		منتقى من الجزء الأول والثالث من حديث المروزي	أَبُو القَاسِمِ، عَبْدُ اللهِ بنُ مُحَمَّدِ بنِ إِسْحَاقَ بنِ يَزِيْدَ، المَرْوَزِيُّ الأَصل، البَغْدَادِيُّ، وَيُعْرَفُ بحَامض رَأْسه (المتوفى: 329هـ)	ShamAY	5776	0.4679
		الأحاديث القدسية الأربعينية ت الحويني	علي بن (سلطان) محمد، أبو الحسن نور الدين الملا الهروي القاري (المتوفى: 1014ه)	ShamelaY19	19482	0.46784
		المنيحة بسلسلة الأحاديث الصحيحة	أبو إسحاق الحويني الأثري حجازي محمد شريف	Sham19Y	14316	0.46779
		 إعلام النبلاء بتاريخ حلب الشهباء 	 محمد راغب الطباخ الحلبي 	ABLibrary	8959	0.46778
		مستخرج أبي عوانة ط الجامعة الإسلامية	أبو عوانة يعقوب بن إسحاق الإسفراييني (المتوفى 316 ه)	Sham19Y	18144	0.46777
		نحن والأولاد في مآثر أهل بيت النبوّة عليهم السلام [ج ١]	حمزه عندليب	Rafed	1508	0.46761
		تاريخ الإسلام ووفيات المشاهير والأعلام [ج ٤]	شمس الدين محمّد بن أحمد بن عثمان الذّهبي	Rafed	3331	0.46755
		الإمام أبو حنيفة طبقته وتوثيقه	اللكنوي، أبو الحسنات	ShamAY	35781	0.46754
		احتساب الشيخ محمد بن عبد الوهاب (رحمه الله)	مرفت بنت كامل بن عبد الله أسرة	ShamAY	7487	0.46752
		الإلزامات والتتبع - ط الآثار	أبو الحسن علي بن عمر الدارقطني	ShamAY	38146	0.46749
		معالم المدرستين [ج ٣]	السيد مرتضى العسكري	Rafed	3473	0.46747
		تفسير الثعلبي = الكشف والبيان عن تفسير القرآن ط دار التفسير	أبو إسحاق أحمد بن إبراهيم الثعلبي (المتوفى: 427 ه)	ShamelaY19	18686	0.46744
		غيبه الامام المهدي عند الامام الصادق عليه السلام	د. السيد ثامر العميدي	Masaha	4069	0.46734
		الشجرة المباركة في الأنساب الطالبية	الرازي، فخر الدين	ShamAY	37025	0.46724
		حقبة من التاريخ	عثمان بن محمد الخميس	ShamAY	33826	0.46724
		تاريخ الإسلام ووفيات المشاهير والأعلام [ج ١٢]	شمس الدين محمّد بن أحمد بن عثمان الذّهبي	Rafed	3367	0.46714
		الزيارات بدمشق‏	محمود بن محمد عدوي الزوكاري	Masaha	4758	0.46712
		جزء علي بن محمد الحِمْيَري	علي بن محمد بن هارون بن زياد بن عبد الرحمن الحِمْيَري (المتوفى: 323هـ)	ShamAY	9212	0.46711
		جزء فيه من حديث علي بن عاصم عن شيوخه - مخطوط		ShamAY	32820	0.46708
		مشيخة ابن طهمان	أبو سعيد إبراهيم بن طهمان بن شعبة الخراسانى الهروي (المتوفى: 168ه)	ShamelaY19	24831	0.46702
		ابهي الدرر في اخبار الامام المنتظر	مركز الدراسات التخصصية في الامام المهدي (ع)	Masaha	4068	0.467
		مرآة الجنان وعبرة اليقظان في معرفة حوادث الزمان	اليافعي	ShamAY	33823	0.46665
		رد شبهة تعطيل النص الشرعي لتحقيق المصلحة	جيهان الطاهر	ShamAY	37607	0.46664
		بلوغ الأرب بتقريب كتاب الشعب	محمد خلف سلامة	ShamAY	34809	0.46655
		الأجوبة عن المسائل المستغربة من كتاب البخاري	جمال الدين أبو عمر يوسف بن عبد الله بن محمد ابن عبد البر النمري القرطبي المالكي (المتوفى: 463 ه)	ShamelaY19	127657	0.46652
		الأحاديث السبعة عن سبعة من الصحابة الذين روى عنهم الإمام أبو حنيفة رحمه الله	أبو المكارم عبد الله بن حسين بن أبي بكر بن أبي القاسم النيسابوري الحنفي	ShamAY	33547	0.46651
		التعازي [والمراثي والمواعظ والوصايا]	محمد بن يزيد بن عبد الأكبر الثمالى الأزدي، أبو العباس، المعروف بالمبرد (المتوفى: 285ه)	Sham19Y	21554	0.4664
		أحاديث القراءة في صلاة الفجر جمعاً ودراسة	إبراهيم بن علي بن عبيد العبيد	ShamAY	12137	0.46637
		التعازي [والمراثي والمواعظ والوصايا]	محمد بن يزيد بن عبد الأكبر الثمالى الأزدي، أبو العباس، المعروف بالمبرد (المتوفى: 285هـ)	ShamAY	21554	0.46637
		موجبات الجنة لابن الفاخر	معمر بن عبد الواحد بن رجاء بن عبد الواحد بن محمد بن الفاخر، أبو أحمد القرشي العبشمي السمرقندي الأصبهاني (المتوفى: 564هـ)	ShamAY	1319	0.46635
		الفوائد والأخبار لابن دريد	أبو بكر محمد بن الحسن بن دريد الأزدي (المتوفى: 321هـ)	ShamAY	26986	0.46632
		الأحاديث القدسية الأربعينية ت الحويني	علي بن (سلطان) محمد، أبو الحسن نور الدين الملا الهروي القاري (المتوفى: 1014هـ)	ShamAY	1062	0.46632
		تأخير الظلامة إلى يوم القيامة للسيوطي - مخطوط (ن)	عبد الرحمن بن أبي بكر، جلال الدين السيوطي (المتوفى: 911هـ)	ShamAY	11429	0.46611
		دلائل الامامه	طبري امامي ( صغير ) ابوجعفر محمد بن جرير بن رستم ( قرن 4و5 ق ) ( صاحب دلائل الامامه )	Ghbook	2501	0.46611
		مختصر صفة الصفوة لابن الجوزى	معتز أحمد عبد الفتاح	ShamAY	34857	0.46607
		أخبار فخ وخبر يحيي بن عبد الله وأخيه إدريس بن عبد الله (انتشار الحركة الزيدية في اليمن والمغرب والديلم)	أحمد بن سهل الرازي (المتوفي في الربع الأول من القرن الرابع)	ShamAY	31664	0.46603
		القصيدة الوضاحية في مدح السيدة عائشة أم المؤمنين رضي الله عنها - سلسلة لقاء العشر الأواخر بالمسجد الحرام (33)	أبو عمران الفليشيّ موسى بن محمد بن عبد الله الكفيف المَرِيِّي الأندلسي المعروف بابن بهيج (المتوفى: بعد 496 هـ)	ShamAY	32549	0.46594
		 المقنع في الإمامة 	 الشيخ عبيد الله بن عبد الله السد آبادي 	ABLibrary	8640	0.46594
		رسالة الإمام أبي بكر البيهقي إلى الإمام أبي محمد الجويني	أحمد بن الحسين بن علي بن موسى الخسروجردي الخراساني، أبو بكر البيهقي (المتوفى: 458ه)	Sham19Y	27089	0.46589
		الصحيح في فضل الزيارة الرضوية	مهدي خداميان آراني	Ghbook	9577	0.46585
		 وضوء عبد الله بن عباس ودور السياسة في اختلاف النقل عنه 	 السيد علي الشهرستاني 	ABLibrary	9660	0.46576
		من حديث أبي علي ابن شاذان - مخطوط	ابن شاذان، الحسن بن أحمد	ShamAY	32813	0.46574
		المنهل الروي في مختصر علوم الحديث النبوي	أبو عبد الله، محمد بن إبراهيم بن سعد الله بن جماعة الكناني الحموي الشافعي، بدر الدين (المتوفى: 733هـ)	ShamAY	5959	0.46571
		الأغاني - الجزء1	ابو الفرج الأصفهاني	Masaha	2566	0.4657
		تخريج الدلالات السمعية على ما كان في عهد رسول الله من الحرف والصنائع والعمالات الشرعية	علي بن محمد بن أحمد بن موسى ابن مسعود، أبو الحسن ابن ذي الوزارتين، الخزاعي (المتوفى: 789هـ)	ShamAY	9790	0.46553
		رسائل الشهيد الأوّل	الشيخ شمس الدين محمد بن مكّي [ الشهيد الأوّل ]	Rafed	1251	0.46549
		أحاديث القراءة في صلاة الفجر جمعا ودراسة	إبراهيم بن علي بن عبيد العبيد	Sham19Y	12137	0.46548
		موسوعه توقيعات الامام المهدي ( عجل الله تعالي فرجه الشريف )	محمد تقي اكبر نژاد	Ghbook	885	0.46544
		الفروق في مباحث الكتاب والسنة عند الأصوليين	هشام السعيد	ShamAY	37526	0.46534
		جمال القراء وكمال الإقراء ت عبد الحق	علي بن محمد بن عبد الصمد الهمداني المصري الشافعي، أبو الحسن، علم الدين السخاوي (المتوفى: 643ه)	ShamelaY19	37653	0.46534
		تفسير القرآن العظيم [ج ٦]	أبي الفداء اسماعيل بن عمر ابن كثير الدمشقي	Rafed	3412	0.46531
		البيان المغرب في أخبار الأندلس والمغرب	ابن عذاري المراكشي، أبو عبد الله محمد بن محمد (المتوفى: نحو 695هـ)	ShamAY	11782	0.4653
		المنهل العذب المورود شرح سنن الإمام أبي داود	محمود محمد خطاب السبكي	ShamAY	38785	0.46529
		اختيارمعرفة الرجال - الجزء1	الشيخ الطوسي	Masaha	524	0.46526
		عش مع الخلفاء والملوك (سيرة مختصرة)	الدكتور/ مرزوق بن هياس الزهراني	ShamelaY19	132443	0.46504
		 إتحاف الورى بأخبار أم القرى 	 عمر بن محمد ابن فهد 	ABLibrary	8942	0.46503
		آل البيت لعثمان الخميس	محمد بن عبد الرحمن الخميس	ShamAY	35670	0.46479
		تحفة الطالب بمعرفة أحاديث مختصر ابن الحاجب - دار حراء	أبو الفداء إسماعيل بن عمر بن كثير القرشي الدمشقي (المتوفى: 774هـ)	ShamAY	34127	0.46477
		الضعفاء الصغير - ت أبي العينين = التراجم	محمد بن إسماعيل بن إبراهيم بن المغيرة البخاري، أبو عبد الله (المتوفى: 256 هـ)	ShamAY	38182	0.46475
		طوق الحمامة في التداوي بالحجامة	الواحدي :: أحمد شحاتة السكندري	ShamAY	36590	0.46475
		تاريخ الحياة العلمية في المدينة النبوية خلال القرن الثاني الهجري	سعد بن موسى الموسى	ShamAY	38497	0.46474
		تأخير الظلامة إلى يوم القيامة للسيوطي - مخطوط (ن)	عبد الرحمن بن أبي بكر، جلال الدين السيوطي (المتوفى: 911ه)	Sham19Y	11429	0.4647
		التلخيص الحبير في تخريج أحاديث الرافعي الكبير	أبو الفضل أحمد بن علي بن محمد بن أحمد بن حجر العسقلاني (المتوفى: 852ه)	ShamelaY19	21601	0.46469
		بحار الأنوار [ج ٤٠]	الشيخ محمّد باقر بن محمّد تقي المجلسي	Rafed	964	0.46468
		مجمع الزوائد ومنبع الفوائد ت حسين أسد	أبو الحسن نور الدين علي بن أبي بكر بن سليمان الهيثمي (المتوفى: 807ه)	ShamelaY19	96615	0.46462
		إطراف المُسْنِد المعتَلِي بأطراف المسنَد الحنبلي	أبو الفضل أحمد بن علي بن محمد بن أحمد بن حجر العسقلاني (المتوفى: 852هـ)	ShamAY	12220	0.46454
		الإرشاد في معرفة حجج الله على العباد [ج ٢]	محمّد بن محمّد النعمان العكبري [ الشيخ المفيد ]	Rafed	429	0.46451
		الصلاة لأبي نعيم الفضل بن دكين	أبو نعيم الفضل بن عمرو بن حماد بن زهير بن درهم القرشي التيمي بالولاء الملائي، المعروف بابن دُكَيْن (المتوفى: 219هـ)	ShamAY	33694	0.46444
		 العوالم ، الإمام الجواد ( ع ) 	 الشيخ عبد الله البحراني 	ABLibrary	7621	0.46443
		خاتمه مستدرك الوسائل	ميرزا حسين محدث نوري	Ghbook	9010	0.46406
		 سلسلة المسائل الفقهية 	 الشيخ السبحاني 	ABLibrary	9570	0.46404
		معجم الشعراء	محمد بن عمران مرزباني	Masaha	2355	0.46391
		التوحيد وفضل لا إله إلا الله - ط البشائر	يوسف بن عبد الهادي (909 هـ)	ShamAY	33872	0.46387
		الأحاديث التي حكم عليها الترمذي بالنكارة جمعا ودراسة	محمد بن تركي التركي	ShamAY	34020	0.46382
		مشيخة أبي المواهب الحنبلي	محمد بن عبد الباقي الحنبلي البعلي الدمشقي (المتوفى: 1126هـ)	ShamAY	202	0.4638
		التعازي [والمراثي والمواعظ والوصايا]	محمد بن يزيد بن عبد الأكبر الثمالى الأزدي، أبو العباس، المعروف بالمبرد (المتوفى: 285ه)	ShamelaY19	21554	0.46378
		تخريج الدلالات السمعية	علي بن محمد الخزاعي‏	Masaha	1953	0.46372
		البدع والنهي عنها	أبو عبد الله محمد بن وضاح بن بزيع المرواني القرطبي (المتوفى: 286ه)	Sham19Y	8208	0.46371
		 جواهر العقدين في فضل الشرفين 	 علي بن عبد الله السمهودي 	ABLibrary	7482	0.46368
		شرح سنن النسائي - الراجحي	عبد العزيز بن عبد الله بن عبد الرحمن الراجحي	ShamelaY19	37016	0.46367
		سؤالات السلمي للدارقطني	محمد بن الحسين بن محمد بن موسى بن خالد بن سالم النيسابوري، أبو عبد الرحمن السلمي (المتوفى: 412هـ)	ShamAY	1680	0.46362
		الحوض والكوثر لبقي بن مخلد	أبو عبد الرحمن بقي بن مخلد بن يزيد الأندلسي القرطبي (المتوفى: 276هـ)	ShamAY	13015	0.4636
		سؤالات أبي عبيد الآجري أبا داود السجستاني في الجرح والتعديل	أبو داود سليمان بن الأشعث بن إسحاق بن بشير بن شداد بن عمرو الأزدي السَِّجِسْتاني (المتوفى: 275هـ)	ShamAY	11236	0.46348
		الجزء الثالث عشر من الفوائد المنتقاة لأبي بكر الشافعي انتقاء أبي حفص المصري - مخطوط	أبو بكر محمد بن عبد الله بن إبراهيم الشافعي	ShamAY	32846	0.46342
		الصلاة لأبي نعيم الفضل بن دكين	أبو نعيم الفضل بن عمرو بن حماد بن زهير بن درهم القرشي التيمي بالولاء الملائي، المعروف بابن دُكَيْن (المتوفى: 219هـ)	ShamAY	9644	0.46329
		درء اللوم والضيم في صوم يوم الغيم	الواحدي :: ابن الجوزي	ShamAY	34332	0.46324
		التلخيص الحبير في تخريج أحاديث الرافعي الكبير	أبو الفضل أحمد بن علي بن محمد بن أحمد بن حجر العسقلاني (المتوفى: 852هـ)	ShamAY	21601	0.4632
		 مسند الإمام الباقر ( ع ) 	 الشيخ عزيز الله عطاردي 	ABLibrary	7712	0.46315
		الميسر في حياة الخلفاء الراشدين	علي بن نايف الشحود	ShamAY	35791	0.46303
		امالي الطوسي	محمد بن حسن شيخ طوسي ( شيخ الطائفه )	Ghbook	2383	0.463
		زيد بن علي(ع)	محمود جابر	Masaha	495	0.46289
		جزء أبي محمد عبد الرحمن بن إبراهيم المقدسي - مخطوط	المقدسي، بهاء الدين	ShamAY	32744	0.46287
		 ألفية السيرة النبوية ( نظم الدّرر السنية في السّير الزكية ) 	 زين الدّين عبد الرّحيم بن الحسين العراقي 	ABLibrary	7421	0.46283
		القصيدة الوضاحية في مدح السيدة عائشة أم المؤمنين رضي الله عنها - سلسلة لقاء العشر الأواخر بالمسجد الحرام (33)	أبو عمران الفليشي موسى بن محمد بن عبد الله الكفيف المريي الأندلسي المعروف بابن بهيج (المتوفى: بعد 496 ه)	Sham19Y	17861	0.46276
		 دراسة حول نهج البلاغة 	 محمد حسين الحسيني الجلالي 	ABLibrary	981	0.46271
		وقعه الطف	لوط بن يحيي بن سعيد بن مخنف بن مسلم ازدي غامدي ابومخنف	Ghbook	5998	0.46263
		المفهوم الصحيح للتوسل	حماد بن محمد الأنصاري الخزرجي السعدي (المتوفى: 1418هـ)	ShamAY	8946	0.4626
		 أدب الطف أو شعراء الحسين ( ع ) 	 جواد شبر 	ABLibrary	7399	0.4626
		عون المعبود شرح سنن أبي داود، ومعه حاشية ابن القيم: تهذيب سنن أبي داود وإيضاح علله ومشكلاته	محمد أشرف بن أمير بن علي بن حيدر، أبو عبد الرحمن، شرف الحق، الصديقي، العظيم آبادي (المتوفى: 1329هـ)	ShamAY	1200	0.46237
		الأصول الستّة عشر	الناشر: منشورات دار الشبستري للمطبوعات	Rafed	552	0.46235
		حديث الإفك لعبدالغني المقدسي	عبد الغني بن عبد الواحد بن علي بن سرور المقدسي الجماعيلي الدمشقي الحنبلي، أبو محمد، تقي الدين (المتوفى: 600ه)	Sham19Y	26747	0.46228
		تأخير الظلامة إلى يوم القيامة	عبد الرحمن بن أبي بكر، جلال الدين السيوطي (المتوفى: 911ه)	ShamelaY19	96851	0.46217
		موطأ مالك رواية يحي الليثي - ط الغرب الإسلامي	مالك بْنِ أَنَسٍ الأَصْبَحِيِّ	ShamAY	33934	0.46212
		أدب المفتي والمستفتي	عثمان بن عبد الرحمن، أبو عمرو، تقي الدين المعروف بابن الصلاح (المتوفى: 643هـ)	ShamAY	10720	0.46209
		التلخيص الحبير في تخريج أحاديث الرافعي الكبير	أبو الفضل أحمد بن علي بن محمد بن أحمد بن حجر العسقلاني (المتوفى: 852ه)	Sham19Y	21601	0.46205
		مسند الرضا عليه السلام	داود بن سليمان بن يوسف الغازي	Rafed	1751	0.46198
		المحلى بالآثار	أبو محمد علي بن أحمد بن سعيد بن حزم الأندلسي القرطبي الظاهري (المتوفى: 456ه)	Sham19Y	767	0.46197
		الفوائد الرجالية (للخواجوئي)	الشيخ الخواجوئي	Masaha	3498	0.46195
		الإلزامات والتتبع للدارقطني	أبو الحسن علي بن عمر بن أحمد بن مهدي بن مسعود بن النعمان بن دينار البغدادي الدارقطني (المتوفى: 385ه)	Sham19Y	21474	0.46192
		المستملح من كتاب التكملة	شمس الدين أبو عبد الله محمد بن أحمد بن عثمان بن قَايْماز الذهبي (المتوفى: 748هـ)	ShamAY	34658	0.46186
		 العوالم ، الإمام الرضا ( ع ) 	 الشيخ عبد الله البحراني 	ABLibrary	7620	0.46186
		الأحاديث النبوية في فضائل معاوية بن أبي سفيان	محمد الأمين الشنقيطي	ShamAY	35834	0.46174
		 خزانة التواريخ النجدية 	 عبد الله بن عبد الرحمن آل بسام 	ABLibrary	9045	0.46174
		إستقصاء الإعتبار [ج ٢]	الشيخ محمّد بن الحسن بن الشّهيد الثّاني	Rafed	565	0.46164
		بدائع البدائه	علي بن ظافر بن حسين الأزدي الخزرجي، أبو الحسن جمال الدين (المتوفى: 613هـ)	ShamAY	21559	0.46151
		الموجز في المتعة	علي بن الحسين‏ المحقق الكركي	Masaha	1148	0.46149
		السيرة النبوية وأخبار الخلفاء لابن حبان	محمد بن حبان بن أحمد بن حبان بن معاذ بن مَعْبدَ، التميمي، أبو حاتم، الدارمي، البُستي (المتوفى: 354هـ)	ShamAY	9898	0.46146
		رجال الكشي مع تعليقات الميرداماد - الجزء1	أبو عمرو محمد بن عمر بن عبد العزيز الكشي	Masaha	5108	0.46124
		كتاب الكنى لمن لا يعرف له اسم من أصحاب النبي صلى الله عليه وسلم	أبو الفتح محمد بن الحسين بن أحمد بن عبد الله بن بريدة الموصلي الأزدي (المتوفى: 374ه)	ShamelaY19	26895	0.46123
		موسوعة وضوء النبي	علي شهرستاني	Ghbook	16151	0.46119
		تشييد الاختيار لتحريم الطبل والمزمار	شمس الدين محمد بن علي بن خمارويه بن طولون الدمشقي الصالحي الحنفي (المتوفى: 953 هـ)	ShamAY	32528	0.46116
		شرح الأربعين النووية [من بداية شرح الحديث 29 إلى نهاية شرح الحديث 35]	المناوي، عبد الرؤوف	ShamelaY19	133377	0.46112
		البرهان في تفسير القرآن - الجزء1	السيد هاشم البحراني	Masaha	3228	0.4611
		 موسوعة طب الأئمة ( ع ) 	 باسم الأنصاري 	ABLibrary	9999	0.46108
		جزء فيه شروط أمير المؤمنين عمر بن الخطاب رضي الله عنه على النصارى، وفيه حديث واصل الدمشقي ومناظرته لهم رضي الله عنه - سلسلة لقاء العشر الأواخر بالمسجد الحرام (23)	عثمان بن أحمد بن عبيد الله بن يزيد، أبو عمرو الدقاق، ابن السماك (المتوفى: 344 ه)	ShamelaY19	27092	0.46097
		الوزراء والكتاب	ابن عَبْدوس الجَهْشَيَاري	ShamAY	35858	0.46088
		تفسير ابن كثير / دار الفكر	أبو الفداء إسماعيل بن عمر بن كثير القرشي الدمشقي (المتوفى: 774 هـ)	ShamAY	34063	0.46083
		نفح العبير	أبو محمد عبد الله بن مانع بن غلاب الغبيوي الروقي العتيبي	ShamAY	32117	0.46079
		الروح الأمين في الصحيحين	أبو يوسف محمد زايد	ShamAY	35993	0.46075
		البدع والنهي عنها لابن وضاح	محمد بن وضاح القرطبي	ShamAY	33904	0.46072
		شرح الزرقاني على موطأ الإمام مالك	محمد بن عبد الباقي بن يوسف الزرقاني المصري الأزهري	ShamAY	551	0.46065
		حليه الابرار في احوال محمد و آله الاطهار عليهم السلام	هاشم بن سليمان بحراني	Ghbook	9259	0.46062
		الائمة الاثنا عشر عليهم السلام	آيت الله علي حسيني ميلاني	Ghbook	4791	0.46058
		بحار الأنوار [ج ٢٧]	الشيخ محمّد باقر بن محمّد تقي المجلسي	Rafed	902	0.46056
		خزانة التّواريخ النجديّة [ج ٦]	عبد الله بن عبد الرحمن بن صالح آل بسام	Rafed	2168	0.46055
		دراسة حول نهج البلاغة	السيد محمد حسين الجلالي	Masaha	4053	0.46054
		القراءة خلف الإمام للبخاري	محمد بن إسماعيل بن إبراهيم بن المغيرة البخاري، أبو عبد الله (المتوفى: 256هـ)	ShamAY	8218	0.46052
		مع المهدي المنتظر (عجل الله تعالي فرجه الشريف ) في دراسه منهجيه مقارنه بين الفكر...	جمعي از نويسندگان	Ghbook	6685	0.46047
		مجلس من أمالي ابن الأنباري	محمد بن القاسم بن محمد بن بشار، أبو بكر الأنباري (المتوفى: 328ه)	ShamelaY19	26738	0.46035
		المرشد الوجيز إلى علوم تتعلق بالكتاب العزيز	أبو القاسم شهاب الدين عبد الرحمن بن إسماعيل بن إبراهيم المقدسي الدمشقي المعروف بأبي شامة (المتوفى : 665هـ)	ShamAY	22676	0.46032
		 مناحل الشفا ومناهل الصفا بتحقيق كتاب شرف المصطفى ( ص ) 	 عبد الملك الخركوشي النيسابوري 	ABLibrary	7586	0.46026
		الصحيح في البكاء الحسيني	مهدي خداميان آراني	Ghbook	9575	0.46023
		 محاضرة الأبرار ومسامرة الأخيار 	 ابن عربي 	ABLibrary	8746	0.46018
		الفتوة لأبي عبد الرحمن السلمي	محمد بن الحسين بن محمد بن موسى بن خالد بن سالم النيسابوري، أبو عبد الرحمن السلمي (المتوفى: 412هـ)	ShamAY	26864	0.46016
		بدائع البدائه	علي بن ظافر بن حسين الأزدي الخزرجي، أبو الحسن جمال الدين (المتوفى: 613ه)	ShamelaY19	21559	0.46016
		شرح سنن النسائي - الراجحي	عبد العزيز بن عبد الله بن عبد الرحمن الراجحي	ShamAY	106	0.46014
		جزء فيه سبعة مجالس من أمالي ابن بشران	أبو القاسم عبد الملك بن محمد بن عبد الله بن بشران بن محمد بن بشران بن مهران البغدادي (المتوفى: 430ه)	ShamelaY19	29888	0.46011
		إحقاق الحقّ وإزهاق الباطل [ج ٣٣]	آية الله السيّد شهاب الدين الحسيني المرعشي النجفي	Rafed	2814	0.4598
		تراثنا العدد [ 58 ]	مؤسسة آل البيت عليهم السلام لإحياء التراث ـ قم	Rafed	3242	0.4598
		بحار الأنوار [ج ٥١]	الشيخ محمّد باقر بن محمّد تقي المجلسي	Rafed	1007	0.45976
		الأمالي، فيها مراث و أشعار أخرى وأخبار ولغة وغيرها	أبو عبد الله محمد بن العباس بن محمد بن أبي محمد بن المبارك اليزيدى (المتوفى: 310هـ)	ShamAY	8196	0.45974
		حديث الإفك لعبدالغني المقدسي	عبد الغني بن عبد الواحد بن علي بن سرور المقدسي الجماعيلي الدمشقي الحنبلي، أبو محمد، تقي الدين (المتوفى: 600ه)	ShamelaY19	26747	0.45969
		المؤلفات الفقهية في نجد .. قبل نهاية القرن الثاني عشر الهجري	منصور بن عبد العزيز الرشيد	ShamAY	37615	0.4596
		فضائل القرآن وتلاوته للرازي	أبو الفضل عبد الرحمن بن أحمد بن الحسن الرازي المقرىء (المتوفى: 454هـ)	ShamAY	1600	0.45952
		الإلزامات والتتبع للدارقطني	أبو الحسن علي بن عمر بن أحمد بن مهدي بن مسعود بن النعمان بن دينار البغدادي الدارقطني (المتوفى: 385ه)	ShamelaY19	21474	0.45949
		الفصول في السيرة	أبو الفداء إسماعيل بن عمر بن كثير القرشي البصري ثم الدمشقي (المتوفى: 774ه)	Sham19Y	9241	0.45948
		فقدالاعتدال في نقدالرجال: دراسة تحليلية لشرطية عدالةالراوي عندالجمهور	محمد كروي	Ghbook	10926	0.45948
		طبقات المفسرين للأدنه وي	أحمد بن محمد الأدنه وي من علماء القرن الحادي عشر (المتوفى: ق 11هـ)	ShamAY	6729	0.45943
		الفوائد والأخبار لابن دريد	أبو بكر محمد بن الحسن بن دريد الأزدي (المتوفى: 321ه)	ShamelaY19	26986	0.45941
		موسوعة الصحيح المسبور من التفسير بالمأثور	أ. د. حكمت بن بشير بن ياسين	ShamAY	22912	0.45937
		مرآة العقول [ج ١٥]	الشيخ محمّد باقر بن محمّد تقي المجلسي	Rafed	1037	0.45935
		تلخيص كتاب التعريف والإعلام بما أبهم من القرآن لبحرق اليمني	بَحرَق اليمني	ShamAY	36835	0.45926
		الفصول المهمة في معرفة الأئمة(ع) - الجزء1	ابن صباغ المالكي‏	Masaha	2915	0.45911
		تفسير القرآن العظيم [ج ٥]	أبي الفداء اسماعيل بن عمر ابن كثير الدمشقي	Rafed	3411	0.45909
		معجم البلدان [ج ٥]	شهاب الدين أبي عبدالله ياقوت بن عبدالله الحموي الرومي البغدادي	Rafed	3202	0.45888
		بحوث في علم الرجال	الشيخ محمد آصف المحسني	Rafed	2886	0.45881
		وسائل معالجة الفقر في العهد النبوي (أهل الصفة أنموذجا)	ماجد بن صالح بن مشعان الموقد	ShamAY	32508	0.45878
		 الإمام الصادق والمذاهب الأربعة 	 اسد حيدر 	ABLibrary	7423	0.45877
		كتاب سليم بن قيس الهلالي	سليم بن قيس الهلالي	Masaha	381	0.45873
		بحار الأنوار [ج ٣٨]	الشيخ محمّد باقر بن محمّد تقي المجلسي	Rafed	960	0.45871
		البداية والنهاية ط هجر	أبو الفداء إسماعيل بن عمر بن كثير القرشي البصري ثم الدمشقي (المتوفى: 774هـ)	ShamAY	4445	0.45854
		الذّريعة إلى تصانيف الشّيعة [ج ١٥]	الشيخ آقا بزرك الطهراني	Rafed	468	0.45839
		منائح الكرم في أخبار مكة والبيت وولاة الحرم [ج ٢]	علي بن تاج الدين بن تقي الدين السنجاري	Rafed	2690	0.45838
		فضائل الصحابة لأحمد بن حنبل	أبو عبد الله أحمد بن محمد بن حنبل بن هلال بن أسد الشيباني (المتوفى: 241هـ)	ShamAY	13136	0.45833
		إقامة الدليل على علو رتبة إرواء الغليل والرد على مستدرك التعليل	أبو عبد الله أحمد بن إبراهيم بن أبي العينين	ShamelaY19	96930	0.45826
		المحلى بالآثار	أبو محمد علي بن أحمد بن سعيد بن حزم الأندلسي القرطبي الظاهري (المتوفى: 456هـ)	ShamAY	767	0.45823
		القمقام الزخار والصمصام البتار	فرهاد ميرزا قاجار	Ghbook	12701	0.45813
		إحقاق الحقّ وإزهاق الباطل [ج ٣٠]	آية الله السيّد شهاب الدين الحسيني المرعشي النجفي	Rafed	2806	0.45812
		الزيادات على كتاب المزني	أبو بكر، عبد الله بن محمد بن زياد النيسابوري (المتوفى: 324هـ)	ShamAY	12844	0.45806
		مصنف ابن أبي شيبة (الفكر)	أبو بكر بن أبي شيبة	ShamAY	33966	0.45801
		تحفة الطالب بمعرفة من ينتسب إلي عبدالله و أبي طالب	سيدمهدي رجايي	Ghbook	15617	0.45784
		وسائل الشيعة [ج ٢٩]	محمد بن الحسن الحرّ العاملي [ العلامة الشيخ حرّ العاملي ]	Rafed	364	0.45783
		مسلسل العيدين للكتاني وللخطيب البغدادي	عبد العزيز بن أحمد بن محمد بن علي التميمي، أبو محمد الكتاني الدمشقي (المتوفى: 466ه)	ShamelaY19	26776	0.45778
		مقدمة ابن الصلاح ومحاسن الاصطلاح	سراج الدين البلقيني	ShamAY	133	0.45775
		إجلاء الحقيقة في سيرة عائشة الصديقة	ياسين الخليفة الطيب المحجوب	ShamelaY19	36047	0.45763
		بحار الأنوار [ج ٥٢]	الشيخ محمّد باقر بن محمّد تقي المجلسي	Rafed	1009	0.45742
		سيرة ابن إسحاق (كتاب السير والمغازي)	محمد بن إسحاق بن يسار المطلبي بالولاء، المدني (المتوفى: 151هـ)	ShamAY	9862	0.4574
		أبو تمام الطائي وشعره في الغدير	الشيخ عبد الحسين الأميني النجفي	Masaha	39	0.45717
		حديث سد الابواب الا باب علي عليه السلام	الشيخ ماجد بن احمد العطيه	Ghbook	12317	0.45706
		الدعاء للضبي	أبو عبد الرحمن محمد بن فضيل بن غزوان بن جرير الضبي مولاهم الكوفي (المتوفى: 195ه)	ShamelaY19	23102	0.45701
		بناء المقالة الفاطميّة في نقض الرّسالة العثمانيّة	السيد جمال الدين أحمد بن موسى بن طاووس	Rafed	556	0.45698
		الفصول في السيرة	أبو الفداء إسماعيل بن عمر بن كثير القرشي البصري ثم الدمشقي (المتوفى: 774هـ)	ShamAY	9241	0.45686
		تراثنا ـ العدد [ 2 ]	مؤسسة آل البيت عليهم السلام لإحياء التراث ـ قم	Rafed	2433	0.45681
		الإبانة لما للصحابة من المنزلة والمكانة	حمد بن عبد الله الحميدي	ShamAY	35658	0.4568
		الإلزامات والتتبع للدارقطني	أبو الحسن علي بن عمر بن أحمد بن مهدي بن مسعود بن النعمان بن دينار البغدادي الدارقطني (المتوفى: 385هـ)	ShamAY	21474	0.45663
		معجم البلدان [ج ٤]	شهاب الدين أبي عبدالله ياقوت بن عبدالله الحموي الرومي البغدادي	Rafed	3199	0.45662
		الشيعة وفنون الإسلام	السيد حسن الصدر	Masaha	635	0.45655
		مثير الأحزان‏	ابن نما الحلي‏	Masaha	2853	0.45651
		الرد على أصحاب العدد ـ جوابات أهل الموصل	الشيخ المفيد	Masaha	980	0.45634
		عقيل بن أبي طالب بين الحقيقة والشّبهة	علي صالح رسن المحمداوي	Rafed	1228	0.45633
		البدع والنهي عنها	أبو عبد الله محمد بن وضاح بن بزيع المرواني القرطبي (المتوفى: 286هـ)	ShamAY	8208	0.45604
		نفحات الأزهار في خلاصة عبقات الأنوار [ج ٣]	السيّد علي الحسيني الميلاني	Rafed	428	0.45598
		رسالة في حديث خطبة علي بنت ابي جهل	السيّد علي الحسيني الميلاني	Rafed	220	0.45598
		سلسلة القبائل العربية في العراق	علي كوراني	Ghbook	15266	0.45589
		إيضاح المدارك في الإفصاح عن العواتك - سلسلة لقاء العشر الأواخر بالمسجد الحرام (16)	محمّد بن محمّد بن عبد الرزّاق الحسيني، أبو الفيض، الملقّب بمرتضى، الزَّبيدي (المتوفى: 1205 هـ)	ShamAY	32473	0.45577
		تاريخ الإسلام ووفيات المشاهير والأعلام [ج ٦]	شمس الدين محمّد بن أحمد بن عثمان الذّهبي	Rafed	3336	0.45567
		حديث ابن عمر في ترائي الهلال للخطيب البغدادي	أبو بكر أحمد بن علي بن ثابت بن أحمد بن مهدي الخطيب البغدادي (المتوفى: 463ه)	Sham19Y	1932	0.45566
		رسالة الإمام أبي بكر البيهقي إلى الإمام أبي محمد الجويني	أحمد بن الحسين بن علي بن موسى الخُسْرَوْجِردي الخراساني، أبو بكر البيهقي (المتوفى: 458هـ)	ShamAY	27089	0.45559
		وسائل الشيعة [ج ١١]	محمد بن الحسن الحرّ العاملي [ العلامة الشيخ حرّ العاملي ]	Rafed	303	0.45553
		 تحفة الازهار وزلال الانهار في نسب ابناء الائمة الاطهار ( ع ) 	 ضامن بن شدقم الحسيني المدني 	ABLibrary	7459	0.45542
		إحقاق الحقّ وإزهاق الباطل [ج ٣٢]	آية الله السيّد شهاب الدين الحسيني المرعشي النجفي	Rafed	2813	0.45533
		زيد بن علي عليه السلام	الشيخ محمد رضا كاشف الغطاء	Masaha	4084	0.45525
		الإجابة لإيراد ما استدركته عائشة على الصحابة ط الخانجي	أبو عبد الله بدر الدين محمد بن عبد الله بن بهادر الزركشي الشافعي (المتوفى: 794هـ)	ShamAY	8490	0.45513
		وقعه صفين	نصر بن مزاحم منقري	Ghbook	2623	0.45508
		أهوال القبور وأحوال أهلها إلى النشور	زين الدين عبد الرحمن بن أحمد بن رجب بن الحسن، السَلامي، البغدادي، ثم الدمشقي، الحنبلي (المتوفى: 795هـ)	ShamAY	10900	0.45507
		المذكر والتذكير لابن أبي عاصم	أبو بكر بن أبي عاصم وهو أحمد بن عمرو بن الضحاك بن مخلد الشيباني (المتوفى: 287هـ)	ShamAY	13062	0.45505
		الفوائد الذهبية من سير أعلام النبلاء جـ 2	فهد بن عبد الرحمن العثمان	ShamAY	32109	0.45501
		إيضاح المدارك في الإفصاح عن العواتك - سلسلة لقاء العشر الأواخر بالمسجد الحرام (16)	محمد بن محمد بن عبد الرزاق الحسيني، أبو الفيض، الملقب بمرتضى، الزبيدي (المتوفى: 1205 ه)	Sham19Y	13995	0.45489
		مُصنف ابن أبي شيبة	أبو بكر بن أبي شيبة	ShamAY	33931	0.45487
		وسائل الشيعة [ج ٩]	محمد بن الحسن الحرّ العاملي [ العلامة الشيخ حرّ العاملي ]	Rafed	301	0.45485
		مصنف ابن أبي شيبة (عوامة)	أبو بكر عبد الله بن محمد بن أبي شيبة العبسي الكوفي.	ShamAY	33967	0.45481
		مورد اللطافة في من ولي السلطنة والخلافة	يوسف بن تغري بردي بن عبد الله الظاهري الحنفي، أبو المحاسن، جمال الدين (المتوفى: 874هـ)	ShamAY	6669	0.45465
		الكتاب المصنف في الأحاديث والآثار	أبو بكر بن أبي شيبة، عبد الله بن محمد بن إبراهيم بن عثمان بن خواستي العبسي (المتوفى: 235هـ)	ShamAY	31642	0.4546
		اصول المقتل الحسيني	عامر الجابري	Ghbook	15246	0.45448
		الرياض النضرة في مناقب العشرة - الجزء1	محب الدين الطبري‏	Masaha	2036	0.45442
		روضة الزاهدين	عبد الملك علي الكليب	ShamAY	31688	0.45439
		 الزيارات ( بدمشق ) 	 القاضي محمود الزوكاري 	ABLibrary	9117	0.45436
		 موسوعة كربلاء 	 لبيب بيضون 	ABLibrary	7864	0.45431
		الزيادات على كتاب المزني	أبو بكر، عبد الله بن محمد بن زياد النيسابوري (المتوفى: 324ه)	Sham19Y	12844	0.45429
		الطرائف في معرفة مذاهب الطوائف‏ - الجزء1	السيد علي بن موسى بن طاووس	Masaha	2052	0.45426
		من فوائد أبي بكر الشاشي	محمد بن أحمد بن الحسين بن عمر، أبو بكر الشاشي القفال الفارقيّ، الملقب فخر الإسلام، المستظهري الشافعي (المتوفى: 507هـ)	ShamAY	5695	0.45421
		حسن المحاضرة في أخبار مصر والقاهرة  - الجزء1	عبد الرحمن السيوطي	Masaha	4817	0.45418
		إعلام الموقعين عن رب العالمين - ت: طه عبد الرؤوف	محمد بن أبي بكر بن أيوب بن سعد شمس الدين ابن قيم الجوزية (المتوفى : 751هـ)	ShamAY	34411	0.45413
		فضائل اهل البيت عليهم السلام بين تحريف المدونين وتناقض مناهج المحدثين	وسام البلداوي	Ghbook	12286	0.45412
		أحاديث العقيقة من سنن أبي داود تخريج ودراسة	موسى ميغا	ShamAY	36652	0.45409
		 خزانة التواريخ النجدية 	 عبد الله بن عبد الرحمن آل بسام 	ABLibrary	9048	0.45403
		الفرقة الناجية	الشيخ ابراهيم القطيفي	Rafed	3490	0.45399
		نخب الأفكار في تنقيح مباني الأخبار في شرح معاني الآثار	أبو محمد محمود بن أحمد بن موسى بن أحمد بن حسين الغيتابى الحنفى بدر الدين العينى (المتوفى: 855هـ)	ShamAY	32159	0.45389
		سيرة الإمام أحمد بن حنبل	صالح بن الإمام أحمد بن محمد بن حنبل الشيبانيّ البغدادي، أبو الفضل (المتوفى: 265هـ)	ShamAY	6655	0.45388
		جزء من أحاديث أبي بكر الصولي شيوخه (مطبوع ضمن مجموع باسم الفوائد لابن منده!)	أبو بكر محمد بن يحيى بن عبد الله الصولي (المتوفى: 335هـ)	ShamAY	9395	0.45387
		 تخريج الدلالات السمعية 	 علي بن محمد ابن سعود الخزاعي 	ABLibrary	7465	0.45383
		للحقيقة اقول	عبدالله الناصر	Ghbook	10519	0.45369
		تاريخ بيهق / تعريب	أبو الحسن ظهير الدين علي بن زيد بن محمد بن الحسين البيهقي، الشهير بابن فندمه (المتوفى: 565هـ)	ShamAY	11758	0.45366
		صيانة صحيح مسلم من الإخلال والغلط وحمايته من الإسقاط والسقط	عثمان بن عبد الرحمن، أبو عمرو، تقي الدين المعروف بابن الصلاح (المتوفى: 643ه)	Sham19Y	6016	0.45357
		الجامع (منشور كملحق بمصنف عبد الرزاق)	معمر بن أبي عمرو راشد الأزدي مولاهم، أبو عروة البصري، نزيل اليمن (المتوفى: 153هـ)	ShamAY	5610	0.45355
		بحار الأنوار [ج ٦٨]	الشيخ محمّد باقر بن محمّد تقي المجلسي	Rafed	1078	0.45352
		إقَامَةُ الدَّليل عَلى عُلو رتبَة إرْوَاءِ الغَليل وَالرَّد عَلى مُستَدَرك التعليل	أبو عبد الله أحمد بن إبراهيم بن أبي العينين	ShamAY	2045	0.45351
		فتح الأبواب	السيّد رضي الدين أبو القاسم علي بن موسى بن جعفر بن طاووس الحسني الحلّي [ السيّد بن طاووس ]	Rafed	513	0.45349
		بلاغات النساء	أبو الفضل أحمد بن أبي طاهر ابن طيفور (المتوفى: 280هـ)	ShamAY	12848	0.45342
		أقوال أنس بن مالك رضي الله عنه في التفسير جمعاً ودراسة		ShamAY	36929	0.45339
		كتاب و عتاب	الشيخ قيس بهجة العطار	Masaha	382	0.45338
		عثمان بن عفان ذو النورين	محمد رضا (المتوفى: 1369ه)	Sham19Y	552	0.45327
		 خلاصة عبقات الأنوار 	 السيد حامد النقوي 	ABLibrary	93	0.45327
		التمييز في تلخيص تخريج أحاديث شرح الوجيز المشهور ب التلخيص الحبير	أبو الفضل أحمد بن علي بن محمد بن أحمد بن حجر العسقلاني (المتوفى: 852ه)	ShamelaY19	123608	0.45317
		مشيخة ابن طهمان	أبو سعيد إبراهيم بن طهمان بن شعبة الخراسانى الهروي (المتوفى: 168هـ)	ShamAY	24831	0.4531
		دماء على قميص عثمان رضي الله عنه	إبراهيم عبد الفتاح المتناوي	ShamAY	35836	0.45301
		المذهب الحنبلي «دراسة في تاريخه وسماته وأشهر أعلامه ومؤلفاته»	عبد الله بن عبد المحسن بن عبد الرحمن التركي	ShamAY	32454	0.45296
		حياه حبيب بن مظاهر الاسدي	علي القصير	Ghbook	12287	0.45293
		جمع النقول عن كتاب "غرائب مالك" للدارقطني	هيثم حمدان	ShamAY	35244	0.45283
		المذهب الحنبلي «دراسة في تاريخه وسماته وأشهر أعلامه ومؤلفاته»	عبد الله بن عبد المحسن بن عبد الرحمن التركي	Sham19Y	16822	0.45255
		نظم علوم الحديث المسماة: «أقصى الأمل والسول في علم حديث الرسول صلى الله عليه وسلم»	شهاب الدين محمد بن أحمد الخويي الشافعي (المتوفى 693 ه)	ShamelaY19	32181	0.45249
		انتخاب العوالي والشيوخ من فهارس شيخنا الامام المسند العطار أحمد بن عبيد الله العطار	عبد الرحمن بن محمد بن عبد الرحمن الكزبري الشافعي (المتوفى: 1262ه)	Sham19Y	5726	0.45249
		مسند الحميدي - ت: الأعظمي	عبدالله بن الزبير أبو بكر الحميدي	ShamAY	33965	0.45239
		تراثنا ـ العدد [ 12 ]	مؤسسة آل البيت عليهم السلام لإحياء التراث ـ قم	Rafed	2722	0.45225
		عثمان بن عفان ذو النورين	محمد رضا (المتوفى: 1369هـ)	ShamAY	552	0.45223
		جزء فيه من حديث خيثمة وابن حذلم وغيره - ط العصرية	الواحدي :: أحمد بن حذلم	ShamAY	33707	0.45216
		كامل الزيارات	ابوالقاسم جعفربن محمد بن قولويه	Ghbook	2418	0.45208
		تحفة الطلبة في تحقيق مسح الرقبة	الإمام محمد عبد الحي اللكنوي (ت1304هـ)	ShamAY	36015	0.45193
		الاذان تشريعا و فصولا علي ضوء الكتاب و السنه	آيت الله العظمي جعفر سبحاني	Ghbook	5031	0.4518
		الأحاديث الطوال للطبراني	سليمان بن أحمد بن أيوب بن مطير اللخمي الشامي، أبو القاسم الطبراني (المتوفى: 360ه)	Sham19Y	12989	0.4517
		الخلفاء الإثنا عشر	د. الشيخ جعفر الباقري	Masaha	249	0.45144
		الزّهد	الحسين بن سعيد الكوفي الأهوازي	Rafed	679	0.45141
		صفة النبي صلى الله عليه وسلم وصفة أخلاقه وسيرته وأدبه وخفض جناحه	محمد بن هارون بن شعيب، أبو علي الأنصاري الدمشقي (المتوفى: 353ه)	Sham19Y	26430	0.45135
		فوائد أحمد بن عبدالله بن نصر بن بجير	أحمد بن عبد الله بن نصر بن بجير بن عبد الله بن صالح بن أسامة أبو العباس الذهلي (المتوفى: 322ه)	ShamelaY19	27099	0.45129
		الوجيز المفيد في تبيان أسباب ونتائج قتل عثمان بن عفان	مصطفى يونس الراقي الفاخري	ShamAY	2034	0.45126
		زين الأخبار / تعريب	أبو سعيد عبد الحي بن الضحاك بن محمود جرديزي (المتوفى: 443 هـ)	ShamAY	33839	0.45122
		منتخب الانوار في تاريخ الائمه الاطهار ( عليهم السلام )	ابوعلي محمد بن همام اسكافي	Ghbook	8388	0.45122
		مسند الروياني	أبو بكر محمد بن هارون الرُّوياني (المتوفى: 307هـ)	ShamAY	13161	0.4512
		صيانة صحيح مسلم من الإخلال والغلط وحمايته من الإسقاط والسقط	عثمان بن عبد الرحمن، أبو عمرو، تقي الدين المعروف بابن الصلاح (المتوفى: 643هـ)	ShamAY	6016	0.45105
		الموسوعة الميسرة في تراجم أئمة التفسير والإقراء والنحو واللغة «من القرن الأول إلى المعاصرين مع دراسة لعقائدهم وشيء من طرائفهم»	مجموعة من المؤلفين	Sham19Y	130964	0.45094
		اعتقاد أئمة السلف أهل الحديث	محمد بن عبد الرحمن الخميس	Sham19Y	7506	0.45092
		موسوعه الامام الهادي ( عليه السلام )	محمد حسيني قزويني	Ghbook	4051	0.45088
		قوت المغتذي على جامع الترمذي	عبد الرحمن بن أبي بكر، جلال الدين السيوطي (المتوفى: 911هـ)	ShamAY	7562	0.45085
		الكافئة في إبطال توبة الخاطئة	الشيخ المفيد	Masaha	4761	0.45078
		حديث الإفك لعبدالغني المقدسي	عبد الغني بن عبد الواحد بن علي بن سرور المقدسي الجماعيلي الدمشقي الحنبلي، أبو محمد، تقي الدين (المتوفى: 600هـ)	ShamAY	26747	0.45074
		إحقاق الحقّ وإزهاق الباطل [ج ١٠]	السيّد نور الله الحسيني المرعشي التستري	Rafed	2747	0.45069
		ناسخ الحديث ومنسوخه للأثرم	أبو بكر أحمد بن محمد بن هانئ الإسكافي الأثرم الطائي وقيل: الكلبي (المتوفى: 273ه)	ShamelaY19	26664	0.45068
		هدايه المحدثين الي طريقه المحمدين	محمدامين بن محمدعلي كاظمي	Ghbook	15649	0.45065
		تاريخ أهل البيت عليهم السلام	رواية كبار المحدّثين والمؤرّخين	Rafed	75	0.45059
		الاستذكار الجامع لمذاهب فقهاء الأمصار وعلماء الأقطار فيما تضمنه الموطأ من معاني الرأي والآثار وشرح ذلك كله بالإيجاز والإختصار.	أبو عمر يوسف بن عبد الله بن عبد البر النمري القرطبي 368هـ - 463هـ	ShamAY	33530	0.45047
		 رحلة ابن بطوطة ( تحفة النظار في غرائب الأمصار وعجائب الأسفار ) 	 ابن بطوطة 	ABLibrary	9077	0.45045
		الرياض النضرة في مناقب العشرة	أبو العباس، أحمد بن عبد الله بن محمد، محب الدين الطبري (المتوفى: 694ه)	Sham19Y	8657	0.45038
		حديث ابن عمر في ترائي الهلال للخطيب البغدادي - البشائر	أبو بكر أحمد بن علي بن ثابت بن أحمد بن مهدي الخطيب البغدادي (المتوفى: 463هـ)	ShamAY	33682	0.45033
		 التتمة في تواريخ الأئمة ( ع ) 	 السيد تاج الدين العاملي 	ABLibrary	7455	0.45027
		فتح القدير [ج ٦]	محمد بن علي بن محمد الشوكاني	Rafed	3968	0.45022
		الثمر المستطاب في فقه السنة والكتاب	أبو عبد الرحمن محمد ناصر الدين، بن الحاج نوح بن نجاتي بن آدم، الأشقودري الألباني (المتوفى: 1420هـ)	ShamAY	306	0.4502
		اعتقاد أئمة السلف أهل الحديث	محمد بن عبد الرحمن الخميس	ShamAY	7506	0.45012
		الفتن لحنبل بن إسحاق	أبو علي حنبل بن إسحاق بن حنبل بن هلال بن أسد الشيباني (المتوفى: 273ه)	Sham19Y	13046	0.45008
		الذّريعة إلى تصانيف الشّيعة - الجزء1	الشيخ آقا بزرك الطهراني	Masaha	1670	0.44998
		 السيرة النبوية وأخبار الخلفاء 	 أبي حاتم التميمي البستي 	ABLibrary	7581	0.44997
		قوت المغتذي على جامع الترمذي	عبد الرحمن بن أبي بكر، جلال الدين السيوطي (المتوفى: 911ه)	Sham19Y	7562	0.44988
		الوجادات في مسند الإمام أحمد بن حنبل	عامر بن حسن صبري	ShamAY	33060	0.44966
		الإمام الصادق و المذاهب الأربعة - الجزء1	الشيخ أسد حيدر	Masaha	1855	0.44964
		البداية والنهاية ط الفكر	أبو الفداء إسماعيل بن عمر بن كثير القرشي البصري ثم الدمشقي (المتوفى: 774هـ)	ShamAY	23708	0.44959
		 الفرقة الناجية 	 الشيخ ابراهيم القطيفي 	ABLibrary	8524	0.44959
		كتابة الحديث في عهد النبي صلى الله عليه وسلم وصحابته وأثرها في حفظ السنة النبوية	أحمد بن معبد بن عبد الكريم بن سليمان بن حسن كُلَيْبَاتِى	ShamAY	11347	0.44951
		أدب الطّف أو شعراء الحسين عليه السلام - الجزء1	السيد جواد شبر	Masaha	1650	0.44947
		التحجيل في تخريج ما لم يخرج من الأحاديث والآثار في إرواء الغليل	عبد العزيز بن مرزوق الطّريفي	ShamAY	8618	0.44934
		عناية العلماء بالإسناد وعلم الجرح والتعديل وأثر ذلك في حفظ السنة النبوية	صالح بن حامد بن سعيد الرفاعي	ShamAY	11305	0.44934
		المتكلمون في الرجال (مطبوع ضمن مجموعة «أربع رسائل في علوم الحديث» )	شمس الدين أبو الخير محمد بن عبد الرحمن بن محمد بن أبي بكر بن عثمان بن محمد السخاوي (المتوفى: 902ه)	ShamelaY19	26111	0.44918
		نسخة وكيع عن الأعمش	أبو سفيان وكيع بن الجراح بن مليح بن عدي بن فرس بن سفيان بن الحارث بن عمرو ابن عبيد بن رؤاس الرؤاسي (المتوفى: 197ه)	ShamelaY19	23118	0.44915
		الدرجات الرفيعه في طبقات الشيعه	سيد عليخان بن احمد مدني شيرازي حسيني	Ghbook	7062	0.44915
		المرقبة العليا فيمن يستحق القضاء والفتيا = تاريخ قضاة الأندلس	أبو الحسن علي بن عبد الله بن محمد بن محمد ابن الحسن الجذامي النباهي المالقي الأندلسي (المتوفى: نحو 792هـ)	ShamAY	4363	0.44905
		حديث سفيان بن عيينة رواية الطائي (نسخة القسطلاني) - مخطوط	الواحدي	ShamAY	32777	0.449
		ختم جامع الترمذي	المحدث العلامة الشيخ عبد الله بن سالم البصري (1134 هـ)	ShamAY	33645	0.44899
		من عجائب الدعاء - الجزء الثاني (قصص لقوم دعوا الله فاستجاب لهم من المتقدمين والمعاصرين)	خالد بن سليمان بن علي الربعي	ShamelaY19	26531	0.44896
		رحلة العلماء في طلب العلم	ماجد البنكاني	ShamAY	35103	0.44892
		الزهد لأبي حاتم	محمد بن إدريس بن المنذر بن داود بن مهران الحنظلي الرازي (المتوفى: 277هـ)	ShamAY	3525	0.44889
		إرواء الغليل في تخريج أحاديث منار السبيل	ناصر الدين الألباني	ShamelaY19	22592	0.44885
		فوائد أبي بكر القاسم المطرز وأماليه	أَبُو بَكْرٍ القَاسِمُ بنُ زَكَرِيَّا بنِ يَحْيَى البَغْدَادِيُّ، المَعْرُوْفُ: بِالمُطَرِّزِ (المتوفى: 305هـ)	ShamAY	9563	0.44882
		الخطيب الخوارزمي وشعره في الغدير	الشيخ عبد الحسين الأميني النجفي	Masaha	247	0.4488
		أهوال القبور وأحوال أهلها إلى النشور ط العصرية	زين الدين عبد الرحمن بن أحمد بن رجب الحنبلي (المتوفى: 795هـ)	ShamAY	33761	0.44879
		من حديث الإمام سفيان بن سعيد الثوري	أبو عبد الله سفيان بن سعيد بن مسروق الثوري الكوفي (المتوفى: 161هـ)	ShamAY	26548	0.44863
		 موسوعة الإمام الهادي ( ع ) 	 الشيخ أبو القاسم الخزعلي 	ABLibrary	7844	0.44862
		الفتوح - الجزء1	ابن الأعثم الكوفي	Masaha	2954	0.44854
		الرياض النضرة في مناقب العشرة	أبو العباس، أحمد بن عبد الله بن محمد، محب الدين الطبري (المتوفى: 694هـ)	ShamAY	8657	0.44852
		صفة النبي صلى الله عليه وسلم وصفة أخلاقه وسيرته وأدبه وخفض جناحه	محمد بن هارون بن شعيب، أبو علي الأنصاري الدمشقي (المتوفى: 353ه)	ShamelaY19	26430	0.44849
		الإرشادات في تقوية الأحاديث بالشواهد والمتابعات	أبو معاذ طارق بن عوض الله بن محمد	ShamAY	9938	0.44843
		شرح الأخبار في فضائل الأئمة الأطهار [ج ٣]	القاضي النعمان بن محمّد التميميّ المغربي	Rafed	790	0.44839
		الكنى والأسماء للإمام مسلم	مسلم بن الحجاج أبو الحسن القشيري النيسابوري (المتوفى: 261هـ)	ShamAY	7340	0.44835
		البداية والنهاية ط الفكر	أبو الفداء إسماعيل بن عمر بن كثير القرشي البصري ثم الدمشقي (المتوفى: 774ه)	ShamelaY19	23708	0.44823
		اعتقادات فرق المسلمين والمشركين	محمّد بن عمر بن الحسن بن الحسين التيمي البكري [ فخر الدين الرازي ]	Rafed	3306	0.44817
		اختلاف أقوال النقاد في الرواة المختلف فيهم مع دراسة هذه الظاهره عند ابن معين	سعدي بن مهدي الهاشمي	ShamAY	7491	0.44814
		اختيار معرفه الرجال المعروف به رجال الكشي	محمد بن عمر كشي	Ghbook	12196	0.44806
		تفسير القرآن العظيم [ج ٧]	عبد الرحمن بن محمّد ابن إدريس الرازي ابن أبي حاتم	Rafed	1832	0.44804
		كتاب المزار	الشيخ المفيد	Masaha	699	0.44804
		مسند الإمام عبد الله بن المبارك	أبو عبد الرحمن عبد الله بن المبارك بن واضح الحنظلي، التركي ثم المروزي (المتوفى: 181ه)	ShamelaY19	23101	0.44796
		أهوال القبور وأحوال أهلها إلى النشور	الواحدي :: ابن رجب الحنبلي	ShamAY	33754	0.4479
		وقعة صفّين	نصر بن مزاحم المنقري	Rafed	401	0.44774
		محاسن الازهار في مناقب امام الابرار و والد الائمه الاطهار الامام اميرالمومنين عل...	ابوعبدالله حميد بن احمد محلي	Ghbook	8372	0.44772
		وسائل الشيعة [ج ٨]	محمد بن الحسن الحرّ العاملي [ العلامة الشيخ حرّ العاملي ]	Rafed	297	0.44763
		رسالة في الذب عن أبي الحسن الأشعري وكتابه الإبانة عن أصول الديانة	إبراهيم بن درباس	ShamAY	35651	0.4476
		الذّريعة إلى تصانيف الشّيعة [ج ١]	الشيخ آقا بزرك الطهراني	Rafed	431	0.44759
		يتيم عاشوراء من انصار كربلاء	ميثاق عباس الخفاجي الحلي	Ghbook	12293	0.44758
		إرواء الغليل في تخريج أحاديث منار السبيل	محمد ناصر الدين الألباني (المتوفى : 1420هـ)	ShamAY	22592	0.44757
		حديث مدينة العلم	الشيخ عبد الحسين الأميني النجفي	Masaha	233	0.44755
		الإقناع في القراءات السبع	أحمد بن علي بن أحمد بن خلف الأنصاري الغرناطي، أبو جعفر، المعروف بابن البَاذِش (المتوفى: 540هـ)	ShamAY	10017	0.44745
		مسند أبي أمية الطرسوسي	أبو أمية محمد بن إبراهيم بن مسلم الخزاعي البغدادي ثم الطرسوسي (المتوفى: 273هـ)	ShamAY	29711	0.44745
		وسائل الشيعة [ج ٢١]	محمد بن الحسن الحرّ العاملي [ العلامة الشيخ حرّ العاملي ]	Rafed	338	0.44744
		 خلاصة عبقات الأنوار 	 السيد حامد النقوي 	ABLibrary	89	0.44734
		لحن القرآن		ShamAY	36858	0.44733
		نشأة الإسناد وشموله	قاسم علي سعد	ShamAY	37357	0.44733
		حديث الرايه	آيت الله علي حسيني ميلاني	Ghbook	4815	0.4473
		الزهد لأبي داود السجستاني	أبو داود سليمان بن الأشعث بن إسحاق بن بشير بن شداد بن عمرو الأزدي السَِّجِسْتاني (المتوفى: 275هـ)	ShamAY	8215	0.44729
		جواب أبي مسعود إبراهيم بن محمد بن عبيد الدمشقي لأبي الحسن الدارقطني عما بين غلط أبي الحسين مسلم بن الحجاج القشيري	أبو مسعود إبراهيم بن محمد بن عبيد الدمشقي	ShamAY	34176	0.44728
		 الغارات ( ط . ق ) 	 إبراهيم بن محمد الثقفي الكوفي 	ABLibrary	7898	0.44713
		عمر بن الخطاب	عبد الرحمن أحمد البكري	ShamAY	34630	0.44708
		ملاذ الأخيار في فهم تهذيب الأخبار - الجزء1	العلامة المجلسي	Masaha	1299	0.44707
		مسلسل العيدين للكتاني وللخطيب البغدادي	عبد العزيز بن أحمد بن محمد بن علي التميمي، أبو محمد الكتاني الدمشقي (المتوفى: 466هـ)	ShamAY	1364	0.44693
		حديث عيسى بن مريم وحديث الطير مع أبي بكر وحديث الضب مع النبي - مخطوط	عبد الرحمن بن إبراهيم بن أحمد، أبو محمد بهاء الدين المقدسي (المتوفى: 624هـ)	ShamAY	11492	0.44692
		الأحاديث الطوال للطبراني	سليمان بن أحمد بن أيوب بن مطير اللخمي الشامي، أبو القاسم الطبراني (المتوفى: 360هـ)	ShamAY	12989	0.4469
		أمارات النبوة للجوزجاني	أبو إسحاق إبراهيم بن يعقوب الجوزجاني	ShamAY	33696	0.44685
		 مناحل الشفا ومناهل الصفا بتحقيق كتاب شرف المصطفى ( ص ) 	 عبد الملك الخركوشي النيسابوري 	ABLibrary	7590	0.44684
		اتعاظ الحنفاء بأخبار الأئمة الفاطميين الخلفاء	أحمد بن علي بن عبد القادر، أبو العباس الحسيني العبيدي، تقي الدين المقريزي (المتوفى: 845هـ)	ShamAY	176	0.44682
		 موسوعة الإمام العسكري ( ع ) 	 الشيخ أبو القاسم الخزعلي 	ABLibrary	7847	0.44682
		أوائل المؤلفين في السيرة النبوية	عبد الشافى محمد عبد اللطيف	ShamAY	22678	0.44681
		فوائد أبي بكر الزبيري	أبو بكر محمد بن بشر بن عبد الله الزبيري العَسْكَري المعروف بالعكبري المصري (المتوفى: 332هـ)	ShamAY	30384	0.44679
		أخبار أبي القاسم الزجاجي	عبد الرحمن بن إسحاق البغدادي النهاوندي الزجاجي، أبو القاسم (المتوفى: 337هـ)	ShamAY	666	0.44674
		من حديث الإمام سفيان بن سعيد الثوري	أبو عبد الله سفيان بن سعيد بن مسروق الثوري الكوفي (المتوفى: 161ه)	ShamelaY19	26548	0.44672
		 الكوكب الدري في مناقب ذي النون المصري 	 ابن عربي 	ABLibrary	8743	0.44656
		سلسلة الأحاديث الواهية و صحح حديثك	الشيخ علي حشيش	ShamAY	33091	0.44652
		الأخبار الموفقيات للزبير بن بكار	الزبير بن بكار بن عبد الله القرشي الأسدي المكي (المتوفى: 256ه)	ShamelaY19	28453	0.44644
		نفحات الأزهار في خلاصة عبقات الأنوار [ج ٩]	السيّد علي الحسيني الميلاني	Rafed	439	0.44631
		قصص الأنبياء	قطب الدين سعيد بن هبة الله الراوندي [ قطب الدين الراوندي ]	Rafed	152	0.4463
		الأخبار الموفقيات للزبير بن بكار	الزبير بن بكار بن عبد الله القرشي الأسدي المكي (المتوفى: 256هـ)	ShamAY	28453	0.44625
		حديث محمد بن عبد الله الأنصاري	أبو عبد الله محمد بن عبد الله بن المثنى بن عبد الله بن أنس بن مالك البصري الأنصاري (المتوفى: 215هـ)	ShamAY	13110	0.44622
		جزء فيه ذكر اعتقاد السلف في الحروف والأصوات	أبو زكريا محيي الدين يحيى بن شرف النووي (المتوفى: 676هـ)	ShamAY	11137	0.44618
		الكشف والبيان [ج ٤]	أبي محمّد بن عاشور	Rafed	1661	0.44617
		التعليق الممجد على موطأ محمد (شرح لموطأ مالك برواية محمد بن الحسن)	محمد عبد الحي بن محمد عبد الحليم الأنصاري اللكنوي الهندي، أبو الحسنات (المتوفى: 1304هـ)	ShamAY	9804	0.44612
		نظم المتناثر من الحديث المتواتر مع الحواشي	الكتاني، محمد بن جعفر	ShamAY	33933	0.44599
		أعلام الحديث (شرح صحيح البخاري)	أبو سليمان حمد بن محمد الخطابي (ت 388 هـ)	ShamAY	32483	0.44599
		 بحار الأنوار 	 العلامة المجلسي 	ABLibrary	745	0.44597
		التنبيهات على رسالة الألباني في الصلاة	حمود بن عبد الله بن حمود بن عبد الرحمن التويجري (المتوفى: 1413 ه)	Sham19Y	18085	0.44595
		بلاغات ابن شهاب الزهري وإدراجاته في الكتب الستة	عبد الحميد شيخون	Sham19Y	132393	0.44593
		مهج الزيارات (منتخب الزيارات)	موسسه پيام امام هادي عليه السلام	Ghbook	14753	0.44591
		جزء فيه شروط أمير المؤمنين عمر بن الخطاب رضي الله عنه على النصارى، وفيه حديث واصل الدمشقي ومناظرته لهم رضي الله عنه - سلسلة لقاء العشر الأواخر بالمسجد الحرام (23)	عثمان بن أحمد بن عبيد الله بن يزيد، أبو عمرو الدقاق، ابن السَّمَّاك (المتوفى: 344 هـ)	ShamAY	32481	0.44589
		حديث أبي نعيم عن أبي علي الصواف لأبي نعيم الأصبهاني	أبو نعيم أحمد بن عبد الله بن أحمد بن إسحاق بن موسى بن مهران الأصبهاني (المتوفى: 430هـ) عن شيخه أبي علي الصواف	ShamAY	9416	0.44588
		الأخبار الموفقيات للزبير بن بكار	الزبير بن بكار بن عبد الله القرشي الأسدي المكي (المتوفى: 256ه)	Sham19Y	28453	0.44588
		مقدمة ابن الصلاح ومحاسن الاصطلاح	البلقيني، سراج الدين	ShamelaY19	29878	0.44576
		التنكيت على الموطأ (العبادات)	أبو محمد عبد الله بن مانع بن غلاب الغبيوي الروقي العتيبي	ShamAY	32125	0.44574
		البداية و النهاية - الجزء1	ابن كثير الدمشقي‏	Masaha	1924	0.44565
		الكنى والأسماء للإمام مسلم - ط الجامعة الإسلامية = التراجم	مسلم بن الحجاج أبو الحسن القشيري النيسابوري (المتوفى: 261هـ)	ShamAY	38178	0.44563
		 تسعة كتب في اصول التصوف والزهد 	 السلمي 	ABLibrary	8704	0.44562
		أزهار العروش في أخبار الحبوش للسيوطي	الواحدي :: السيوطي	ShamAY	33659	0.44561
		التتمة في تواريخ الأئمة(ع)	السيد تاج الدين الحسيني العاملي‏	Masaha	1921	0.44559
		الرسائل الثلاث: المستطابه في نسب سادات طابه 	سيدمهدي رجايي	Ghbook	15605	0.4455
		وصايا الملوك وأبناء الملوك من ولد قحطان بن هود	دعبل بن علي الخزاعي الشاعر المشهور (المتوفى: 246هـ)	ShamAY	741	0.44548
		الطفل نشوؤه وتربيته	مؤسسة البعثة	Masaha	504	0.44546
		شرح نفاق السلعة باتفاق السبعة	سعيدِ بنِ محمدٍ الْمَرّيّ	ShamAY	36281	0.44543
		الحافظ ابن حجر ومنهجه في تقريب التهذيب	علي بن نايف الشحود	ShamAY	37296	0.44542
		رفْعُ الالْتِبَاس عَنْ تَنَازُعِ الوَصِي وَالْعَبَّاس	الواحدي :: الصنعاني	ShamAY	33200	0.44536
		حديث أبي القاسم الحلبي	إسماعيل بن القاسم بن إسماعيل الإمام أبو القاسم الحلبي الخياط المؤدب (المتوفى: بعد 370هـ)	ShamAY	29725	0.44533
		ذوب النضار في شرح الثار	ابن نما الحلي‏	Masaha	2197	0.44531
		مائه منقبه ( ايضاح دفائن النواصب في مائه منقبه من مناقب علي بن ابي طالب و الائمه...	ابوالحسن محمد بن احمد بن علي بن حسن قمي ابن شاذان	Ghbook	2599	0.44529
		تراثنا ـ العدد [ 68 ]	مؤسسة آل البيت عليهم السلام لإحياء التراث ـ قم	Rafed	3299	0.44504
		وسائل الشيعة [ج ٢٣]	محمد بن الحسن الحرّ العاملي [ العلامة الشيخ حرّ العاملي ]	Rafed	340	0.44502
		مِنْ عَجَائِبِ الدُّعاء - الجزء الثاني (قصَصٌ لِقَوْم دعوا اللهَ فَاسْتَجاب لَهُمْ مِن المُتقدِّمينَ والمُعاصِرين)	خالد بن سليمان بن علي الربعي	ShamAY	505	0.445
		جهالة الراوي	الشيخ المحدث عبد الله بن عبد الرحمن السعد	ShamAY	37273	0.44499
		أحاديث الشاموخي	أبو علي الحسن بن علي بن محمد بن موسى الشاموخي (المتوفى: 443هـ)	ShamAY	8272	0.44485
		 موسوعة الإمام الهادي ( ع ) 	 الشيخ أبو القاسم الخزعلي 	ABLibrary	7843	0.44483
		الملهوف على قتلى الطفوف	السيد علي بن موسى بن طاووس	Masaha	430	0.44483
		منتقى من حديث أبي بكر الأنباري	محمد بن جعفر بن محمد بن الهيثم، أبو بكر الأنباري، البُنْدار (المتوفى: 360هـ)	ShamAY	29868	0.44473
		 مسند الإمام الصادق ( ع ) 	 الشيخ عزيز الله عطاردي 	ABLibrary	7726	0.4447
		الزهر النضر في حال الخضر	أبو الفضل أحمد بن علي بن محمد بن أحمد بن حجر العسقلاني (المتوفى: 852هـ)	ShamAY	5738	0.44462
		الجامع لعلوم الإمام أحمد - العقيدة	خالد الرباط، سيد عزت عيد، محمد أحمد عبد التواب [بمشاركة الباحثين بدار الفلاح]	ShamAY	38867	0.44459
		 تاريخ گرديزى ( زين الأخبار ) 	 عبد الحي بن الضحاك بن محمود الجرديزي ( گرديزى ) ( تعريب : عفاف السيد زيدان ) 	ABLibrary	8174	0.44459
		انتخاب العوالي والشيوخ من فهارس شيخنا الامام المسند العطار أحمد بن عبيد الله العطار	عبد الرحمن بن محمد بن عبد الرحمن الكزبري الشافعي (المتوفى: 1262هـ)	ShamAY	5726	0.44453
		تحفة الأزهار و زلال الأنهار في نسب أبناء الأئمة الأطهار‏ - الجزء1	ضامن بن شدقم الحسيني المدني‏	Masaha	1987	0.44452
		كتابة الحديث في عهد النبي صلى الله عليه وسلم بين النهي والإذن	ناصر بن إبراهيم العبودي	ShamAY	11346	0.44443
		موطأ مالك ت عبد الباقي	مالك بن أنس بن مالك بن عامر الأصبحي المدني (المتوفى: 179هـ)	ShamAY	1221	0.44442
		حديث محمد بن عبد الله الأنصاري	أبو عبد الله محمد بن عبد الله بن المثنى بن عبد الله بن أنس بن مالك البصري الأنصاري (المتوفى: 215هـ)	ShamAY	33686	0.44432
		رسوم التحديث في علوم الحديث	برهان الدين أبو إسحاق إبراهيم بن عمر بن إبراهيم بن خليل الجعبري (المتوفى: 732ه)	Sham19Y	5992	0.44431
		من قصص أئمة الحديث المتقدمين ونوادرهم في تتبع سنة سيد المرسلين والذب عنها	علي الصياح	ShamAY	37324	0.44421
		الأعلام للزركلي	خير الدين بن محمود بن محمد بن علي بن فارس، الزركلي الدمشقي (المتوفى: 1396ه)	Sham19Y	12286	0.44418
		الأعلام للزركلي	خير الدين بن محمود بن محمد بن علي بن فارس، الزركلي الدمشقي (المتوفى: 1396هـ)	ShamAY	12286	0.44407
		الزهد لأسد بن موسى	أبو سعيد أسد بن موسى بن إبراهيم بن الوليد بن عبد الملك بن مروان الأموي القرشي الملقب بأسد السنة (المتوفى: 212هـ)	ShamAY	263	0.44405
		40 موقفا غضب فيها النبي صلى الله عليه وسلم	أبو إسلام أحمد بن علي	ShamAY	35138	0.44399
		الرجال لابن الغضائري	احمد بن حسين بن غضائري	Ghbook	12942	0.44399
		ربع قرن مع العلامه الاميني	حسين الشاكري	Ghbook	7081	0.44394
		تنقيح التحقيق في أحاديث التعليق	شمس الدين محمد بن أحمد بن عبد الهادي الحنبلي (المتوفى: 744 هـ)	ShamAY	32488	0.44387
		فوائد أبي بكر الزبيري	أبو بكر محمد بن بشر بن عبد الله الزبيري العسكري المعروف بالعكبري المصري (المتوفى: 332ه)	ShamelaY19	30384	0.44386
		نظم المتناثر من الحديث المتواتر	أبو عبد الله محمد بن أبي الفيض جعفر بن إدريس الحسني الإدريسي الشهير بـ الكتاني (المتوفى: 1345هـ)	ShamAY	7016	0.44373
		نوادر المعجزات في مناقب الأئمّة الهداة عليهم السلام	أبي جعفر محمد بن جرير بن رستم الطبري الإمامي الصغير	Rafed	3476	0.44347
		عيون الرسائل والأجوبة على المسائل	عبد اللطيف بن عبد الرحمن بن حسن بن محمد بن عبد الوهاب آل الشيخ (المتوفى: 1293هـ)	ShamAY	12033	0.44346
		منة المنان فى إبطال ترفض القرآن	مؤدب	ShamAY	35691	0.44342
		مسائل الإمام أحمد وإسحاق بن راهويه	إسحاق بن منصور بن بهرام، أبو يعقوب المروزي، المعروف بالكوسج (المتوفى: 251هـ)	ShamAY	3125	0.4434
		الطفل نشوؤه وتربيته	مؤسسة البعثة	Rafed	683	0.44332
		الإيضاح في القراءات	أحمد الأندرابي	ShamAY	36795	0.44307
		الإيماء إلى أطراف أحاديث كتاب الموطأ	أبو العباس أحمد بن طاهر الداني الأندلسي (المتوفى: 532 ه)	ShamelaY19	127660	0.44297
		الصحيح من مقتل سيدالشهداء و اصحابه عليهم  السلام	محمد محمدي ري شهري	Ghbook	15987	0.44292
		حديث أبي الفضل الزهري	عبيد الله بن عبد الرحمن بن محمد بن عبيد الله بن سعد بن إبراهيم بن عبد الرحمن بن عوف العوفي، الزهري، القرشي، أبو الفضل البغدادي (المتوفى: 381ه)	Sham19Y	8227	0.4429
		البداية والنهاية ط إحياء التراث	أبو الفداء إسماعيل بن عمر بن كثير القرشي البصري ثم الدمشقي (المتوفى: 774هـ)	ShamAY	8376	0.44286
		كتاب القضاء لسريج بن يونس	أبو الحارث سُرَيج بن يونس بن إبراهيم البغدادي (المتوفى: 235هـ)	ShamAY	8219	0.44268
		كتاب الكنى لمن لا يعرف له اسم من أصحاب النبي صلى الله عليه وسلم	أبو الفتح محمد بن الحسين بن أحمد بن عبد الله بن بريدة الموصلي الأزدي (المتوفى: 374هـ)	ShamAY	26895	0.44265
		بلاغات النساء	أبي الفضل أحمد بن أبي طاهر [ ابن طيفور ]	Rafed	1748	0.44256
		جزئيه « حي علي خير العمل » في الاذان	المجمع العالمي لاهل البيت عليهم السلام	Ghbook	7624	0.44238
		تاريخ أفريقية والمغرب	رقيق القيرواني	Rafed	2215	0.44231
		 الحلل السندسية في الأخبار والآثار الأندلسية 	 شكيب أرسلان 	ABLibrary	9040	0.44215
		إعلام الموقعين عن رب العالمين	محمد بن أبي بكر أيوب الزرعي أبو عبد الله	ShamAY	34410	0.44208
		مجلسان من أمالي الجوهري_3	الحسن بن علي بن محمد، أبو محمد الجوهري (المتوفى: 454هـ)	ShamAY	29770	0.44192
		 بحار الأنوار 	 العلامة المجلسي 	ABLibrary	797	0.44185
		أحاديث يزيد بن أبي حبيب المصري	يزيد بن أبى حبيب سويد الأزدى أبو رجاء المصرى مولى شريك بن الطفيل الأزدى (المتوفى: 128ه)	ShamelaY19	30310	0.44176
		مرشد الزوار الى قبور الابرار	موفق الدين أبو محمد بن عبد الرحمن، ابن الشيخ أبي الحرم مكّي بن عثمان الشارعي الشافعي (المتوفى: 615هـ)	ShamAY	11789	0.44174
		مرشد الزوار الى قبور الابرار	موفق الدين أبو محمد بن عبد الرحمن، ابن الشيخ أبي الحرم مكي بن عثمان الشارعي الشافعي (المتوفى: 615ه)	Sham19Y	11789	0.44168
		المسائل والرسائل المروية عن الإمام أحمد بن حنبل في العقيدة	عبد الله بن سلمان الأحمدي	ShamAY	33898	0.44164
		الايقاظ من الهجعة بالبرهان على الرجعة	الشيخ الحر العاملي	Masaha	669	0.44161
		دلائل النبوة ومعرفة أحوال صاحب الشريعة	أحمد بن الحسين بن علي بن موسى الخسروجردي الخراساني، أبو بكر البيهقي (المتوفى: 458ه)	Sham19Y	7478	0.44157
		الكلام على حديث الإستلقاء لأبي موسى المديني - مخطوط (ن)	محمد بن عمر بن أحمد بن عمر بن محمد الأصبهاني المديني، أبو موسى (المتوفى: 581ه)	ShamelaY19	21633	0.44155
		رسالة في حديث الاقتداء بالشيخين	السيّد علي الحسيني الميلاني	Rafed	216	0.4415
		الجامع لعلوم الإمام أحمد - التفسير وعلوم القرآن	خالد الرباط، سيد عزت عيد [بمشاركة الباحثين بدار الفلاح]	ShamelaY19	20869	0.44145
		الاستيعاب في بيان الأسباب «أول موسوعة علمية حديثية محققة في أسباب نزول آي القرآن الكريم»	سليم بن عيد الهلالي (و) محمد بن موسى آل نصر	ShamAY	32141	0.44134
		أسماء البقاع والجبال في القرآن الكريم	جلال الدين عبد الرحمن بن أبي بكر السيوطي	Rafed	2082	0.44128
		معمر بن راشد ومرويات البصريين عنه في الصحيحين	حسن عبة جي	ShamAY	34034	0.44124
		بلاغات النساء	أحمد بن أبي طاهر	Masaha	4699	0.44122
		أخبار أبي تمام	أبو بكر محمد بن يحيى بن عبد الله الصولي (المتوفى: 335هـ)	ShamAY	515	0.4412
		الْإِجَابَةُ لِإِيْرَادِ مَا اسْتَدْرَكَتْهُ عَائِشَةُ عَلَى الصَّحَابَةِ	أبو عبد الله بدر الدين محمد بن عبد الله بن بهادر الزركشي الشافعي (المتوفى: 794هـ)	ShamAY	12703	0.44106
		كتاب الكنى لمن لا يعرف له اسم من أصحاب النبي صلى الله عليه وسلم	أبو الفتح محمد بن الحسين بن أحمد بن عبد الله بن بريدة الموصلي الأزدي (المتوفى: 374هـ)	ShamAY	38205	0.44099
		بحار الأنوار [ج ٢٦]	الشيخ محمّد باقر بن محمّد تقي المجلسي	Rafed	899	0.44099
		فرائد فوائد الفكر في الإمام المهدي المنتظر (عج)	سامي الغريري	Masaha	2370	0.44099
		مسند الإمام أحمد بن حنبل	أحمد بن حنبل أبو عبدالله الشيباني	ShamAY	33964	0.44093
		دلائل النبوة ومعرفة أحوال صاحب الشريعة	أحمد بن الحسين بن علي بن موسى الخُسْرَوْجِردي الخراساني، أبو بكر البيهقي (المتوفى: 458هـ)	ShamAY	7478	0.44088
		حديث ابن عمر في ترائي الهلال للخطيب البغدادي	أبو بكر أحمد بن علي بن ثابت بن أحمد بن مهدي الخطيب البغدادي (المتوفى: 463هـ)	ShamAY	1932	0.4408
		رسالة الصفات للخطيب البغدادي	الخطيب البغدادي	ShamAY	35236	0.44068
		قوة الحجاج في عموم المغفرة للحجاج	ابن حجر العسقلاني (852 هـ)	ShamAY	34311	0.44064
		جزء فيه من أحاديث الإمام أيوب السختياني	القاضي أبو إسحاق إسماعيل بن إسحاق بن إسماعيل بن حماد بن زيد الأزدي البصري ثم البغدادي المالكي الجهضمي (المتوفى: 282هـ)	ShamAY	8474	0.4405
		أوائل المؤلفين في السيرة النبوية	عبد الشافى محمد عبد اللطيف	ShamelaY19	22678	0.44041
		الاستيعاب في بيان الأسباب «أول موسوعة علمية حديثية محققة في أسباب نزول آي القرآن الكريم»	سليم بن عيد الهلالي (و) محمد بن موسى آل نصر	Sham19Y	14582	0.44041
		جامع الأصول	ابن الأثير، أبو السعادات	ShamelaY19	25800	0.44038
		خلافة أمير المؤمنين عبد الله بن الزبير رضي الله عنه	عَلي محمد محمد الصَّلاَّبي	ShamAY	257	0.44037
		 الفوائد الرجالية 	 الخاجوئي 	ABLibrary	9771	0.44037
		المسائل والرسائل المرويّة عن الإمام أحمد بن حنبل في العقيدة [ج ١]	الناشر: دار طيبة للنشر والتوزيع	Rafed	3696	0.44032
		عَرْف الطيب من أخبار مكة ومدينة الحبيب	ابن العاقولي	ShamAY	38418	0.44023
		مسند الإمام عبد الله بن المبارك	أبو عبد الرحمن عبد الله بن المبارك بن واضح الحنظلي، التركي ثم المرْوزي (المتوفى: 181هـ)	ShamAY	23101	0.44019
		 معرفة الإمام 	 السيد محمد حسين الطهراني 	ABLibrary	8895	0.44003
		الدارس في تاريخ المدارس‏  - الجزء1	عبد القادر بن محمد النعيمي الدمشقي	Masaha	4642	0.44001
		المنهيات	محمد بن علي بن الحسن بن بشر، أبو عبد الله، الحكيم الترمذي (المتوفى: نحو 320ه)	ShamelaY19	25950	0.43994
		 موسوعة الإمام العسكري ( ع ) 	 الشيخ أبو القاسم الخزعلي 	ABLibrary	7848	0.43994
		وضوء عبد الله بن عباس	السيد علي الشهرستاني	Rafed	1355	0.43981
		التصنيف في السنة النبوية وعلومها في القرن الخامس الهجري	د. عبد العزيز بن عبد الله الهليل	Sham19Y	7579	0.4398
		زيادات واستدراكات ألحقها محققا النعت الأكمل بالكتاب من وفاة المؤلف حتى نهاية القرن الرابع عشر الهجري	محمد مطيع الحافظ	Sham19Y	147072	0.43978
		وسائل الشيعة [ج ٢٨]	محمد بن الحسن الحرّ العاملي [ العلامة الشيخ حرّ العاملي ]	Rafed	362	0.43967
		 مسالك الأبصار في ممالك الأمصار 	 أحمد بن يحيى العمري 	ABLibrary	9199	0.43962
		من نسب لأمه من الشعراء لابن حبيب	محمد بن حبيب البغدادي	ShamAY	35784	0.43956
		سمط اللآلي في شرح أمالي القالي [هو كتاب شرح أمالي القالي / لأبي عبيد البكري؛ نسخه وصححه وحقق ما فيه وخرجه وأضاف إليه عبد العزيز الميمني]	أبو عبيد عبد الله بن عبد العزيز بن محمد البكري الأندلسي (المتوفى: 487هـ)	ShamAY	1586	0.43955
		الحياة السياسية للامام الرضا عليه السلام	عصري الباني	Ghbook	14946	0.4395
		تاريخ صنعاء	إسحاق بن يحيى بن جرير الطبري الصنعاني	Rafed	2231	0.43949
		أحاديث يزيد بن أبي حبيب المصري	يزيد بن أبى حبيب سويد الأزدى أبو رجاء المصرى مولى شريك بن الطفيل الأزدى (المتوفى: 128هـ)	ShamAY	30310	0.43945
		التنبيهات على رسالة الألباني في الصلاة	حمود بن عبد الله بن حمود بن عبد الرحمن التويجري (المتوفى: 1413 هـ)	ShamAY	32550	0.43914
		المحنة وأثرها في منهج الإمام أحمد النقدي	عبد الله بن فوزان بن صالح الفوزان	ShamAY	32095	0.43904
		الاقتصاد في الاعتقاد للمقدسي	عبد الغني بن عبد الواحد بن علي بن سرور المقدسي الجماعيلي الدمشقي الحنبلي، أبو محمد، تقي الدين (المتوفى: 600هـ)	ShamAY	7546	0.43896
		 مجموعة آثار السلمي 	 السلمي 	ABLibrary	8707	0.43893
		موسوعة مواقف السلف في العقيدة والمنهج والتربية (أكثر من 9000 موقف لأكثر من 1000 عالم على مدى 15 قرنا)	أبو سهل محمد بن عبد الرحمن المغراوي	ShamelaY19	37325	0.43891
		تحرير علوم الحديث	عبد الله بن يوسف الجديع	ShamAY	124	0.43879
		 أهوال القبور وأحوال أهلها إلى النشور 	 عبد الرحمن بن أحمد الحنبلي البغدادي الدمشقي 	ABLibrary	8352	0.43878
		تاريخ أفريقية والمغرب‏	إبراهيم بن قاسم ابن رقيق	Masaha	4657	0.43877
		منتقى من حديث أبي بكر الأنباري	محمد بن جعفر بن محمد بن الهيثم، أبو بكر الأنباري، البندار (المتوفى: 360ه)	ShamelaY19	29868	0.43868
		متن كتاب الشرح والإبانة على أصول السنة والديانة لابن بطة العنكبري	أبو عبد الله عبيد الله بن محمد بن محمد بن حمدان العُكْبَري المعروف بابن بَطَّة العكبري (المتوفى : 387هـ)	ShamAY	35405	0.43867
		الكلام على وصول القراءة للميت لابن سرور المقدسي	محمد بن إبراهيم بن عبد الواحد بن علي، أبو عبد الله شمس الدين ابن أبي السرور المقدسي الحنبلي (المتوفى: 676ه)	ShamelaY19	26924	0.43866
		 موسوعة الإمام الجواد ( ع ) 	 الشيخ أبو القاسم الخزعلي 	ABLibrary	7842	0.43859
		رسوم التحديث في علوم الحديث	برهان الدين أبو إسحاق إبراهيم بن عمر بن إبراهيم بن خليل الجعبريّ (المتوفى: 732هـ)	ShamAY	5992	0.43857
		 أعيان الشيعة 	 السيد محسن الأمين 	ABLibrary	74	0.43851
		ثلاث تراجم نفيسة للأئمة الأعلام ابن تيمية والحافظ علم الدين البزرالي والحافظ جمال الدين المزي	شمس الدين أبو عبد الله محمد بن أحمد بن عثمان بن قايماز الذهبي (المتوفى: 748ه)	Sham19Y	6653	0.43845
		عمدة القاري شرح صحيح البخاري	أبو محمد محمود بن أحمد بن موسى بن أحمد بن حسين الغيتابى الحنفى بدر الدين العينى (المتوفى: 855ه)	Sham19Y	5756	0.43841
		التصنيف في السنة النبوية وعلومها في القرن الخامس الهجري	د. عبد العزيز بن عبد الله الهليل	ShamAY	7579	0.43828
		الطبقات السنية في تراجم الحنفية	تقي الدين بن عبد القادر التميمي الداري الغزي (المتوفى: 1010هـ)	ShamAY	322	0.43825
		 بحار الأنوار 	 العلامة المجلسي 	ABLibrary	743	0.43818
		أسماء البقاع والجبال في القرآن الكريم‏	عبد الرحمن السيوطي	Masaha	3709	0.43816
		الثاني من حديث سفيان بن عيينة للطائي	على بن حرب بن محمد بن على الطائى، أبو الحسن الموصلى (المتوفى: 265ه)	ShamelaY19	29708	0.43815
		وسائل الشيعة [ج ١٨]	محمد بن الحسن الحرّ العاملي [ العلامة الشيخ حرّ العاملي ]	Rafed	319	0.43806
		المسح في وضوء الرسول ( صلي الله عليه و آله ) دراسات مقارنه بين المذاهب الاسلاميه	محمد حسن آمدي	Ghbook	9793	0.43801
		نظرات في حديث أصحابي كالنجوم	صالح بن سعيد بن هلابي	ShamAY	4365	0.43785
		تاريخ اهل البيت : نقلا عن الائمه الباقر و الصادق و الرضا و العسكري عن آبائهم علي...	محمد رضا حسيني جلالي	Ghbook	9218	0.4378
		المنهيات	محمد بن علي بن الحسن بن بشر، أبو عبد الله، الحكيم الترمذي (المتوفى: نحو 320ه)	Sham19Y	25950	0.43778
		عمدة القاري شرح صحيح البخاري	أبو محمد محمود بن أحمد بن موسى بن أحمد بن حسين الغيتابى الحنفى بدر الدين العينى (المتوفى: 855هـ)	ShamAY	5756	0.43772
		الكنى والألقاب - الجزء1	الشيخ عباس القمي	Masaha	551	0.43769
		حديث لوين المصيصي	أبو جعفر محمد بن سليمان بن حبيب بن جبير الأسدي المصيصي المعروف بـ لوين (المتوفى: 245هـ)	ShamAY	29848	0.43762
		إيقاظ همم أولي الأبصار للاقتداء بسيد المهاجرين والأنصار	صالح بن محمد بن نوح بن عبد الله العَمْري المعروف بالفُلَّاني المالكي (المتوفى: 1218هـ)	ShamAY	6856	0.43748
		الجزء الموجود من كتاب السنة للطبراني	الطبراني	ShamAY	35253	0.43742
		العناية بالقرآن الكريم وعلومه من بداية القرن الرابع الهجري إلى عصرنا الحاضر	د. نبيل بن محمد آل إسماعيل	ShamAY	8517	0.43741
		الامام المهدي في كلمات الاعلام من السنه	علي محمد علي دخيل	Ghbook	11209	0.43736
		تنبيه القارئ لتقوية ما ضعفه الألباني (ويليه: تنبيه القاريء لتضعيف ما قواه الألباني)	عبد الله بن محمد بن أحمد الدويش (المتوفى: 1409هـ)	ShamAY	10618	0.43733
		الانتصار لسماع الحجار لابن ناصر الدين	ابن ناصر الدين (842 هـ)	ShamAY	33553	0.43731
		تاريخ الطبري - ط العلمية	محمد بن جرير الطبري أبو جعفر	ShamAY	33812	0.43726
		الأمالي في آثار الصحابة لعبد الرزاق الصنعاني	أبو بكر عبد الرزاق بن همام بن نافع الحميري اليماني الصنعاني (المتوفى: 211هـ)	ShamAY	25782	0.43717
		المقاصد الحسنة في بيان كثير من الأحاديث المشتهرة على الألسنة	شمس الدين أبو الخير محمد بن عبد الرحمن بن محمد السخاوي (المتوفى: 902ه)	ShamelaY19	23177	0.43716
		مسند الحميدي	أبو بكر عبد الله بن الزبير بن عيسى بن عبيد الله القرشي الأسدي الحميدي المكي (المتوفى: 219هـ)	ShamAY	8493	0.43707
		عمدة الرعاية بتحشية شرح الوقاية	الإمام محمد عبد الحي اللكنوي (ت1304هـ)	ShamAY	33182	0.43697
		مجلس من أمالي ابن الأنباري	محمد بن القاسم بن محمد بن بشار، أبو بكر الأنباري (المتوفى: 328هـ)	ShamAY	26738	0.43689
		 منائح الكرم 	 علي بن تاج الدين السنجاري 	ABLibrary	9226	0.43687
		الدّارس في تاريخ المدارس [ج ٢]	عبد القادر بن محمّد النعيمي الدمشقي	Rafed	3342	0.43684
		الإحاطة في أخبار غرناطة [ج ٣]	أبي عبد الله محمّد بن عبد الله بن سعيد بن أحمد السلماني [ لسان الدين بن الخطيب ]	Rafed	2349	0.43684
		طبقات الشافعية للإسنوي	عبد الرحيم بن الحسن بن علي الإسنوي الشافعيّ، أبو محمد، جمال الدين (المتوفى: 772هـ)	ShamAY	34637	0.43681
		كتاب المباني لم يعد مجهول المؤلف	السالم الشنقيطي	ShamAY	34523	0.43674
		 العوالم ، الإمام الكاظم ( ع ) 	 الشيخ عبد الله البحراني 	ABLibrary	7619	0.43666
		شرح (التبصرة والتذكرة = ألفية العراقي)	أبو الفضل زين الدين عبد الرحيم بن الحسين بن عبد الرحمن بن أبي بكر بن إبراهيم العراقي (المتوفى: 806هـ)	ShamAY	1779	0.43665
		عوالم العلوم والمعارف والاحوال (الجزء 24) في احوال الامام الهادي عليه السلام	محمد باقر بن مرتضي موحد ابطحي اصفهاني	Ghbook	15789	0.43663
		أحاديث حياة البرزخ في الكتب التسعة .. جمعاً وتخريجاً ودراسة	محمد بن حيدر بن مهدي بن حسن	ShamAY	35024	0.4366
		الأمصار ذوات الآثار	محمد بن أحمد الذهبي	Masaha	4754	0.43653
		مجلسان من أمالي الجوهري_3	الحسن بن علي بن محمد، أبو محمد الجوهري (المتوفى: 454ه)	ShamelaY19	29770	0.43645
		تاريخ الطبري = تاريخ الرسل والملوك، وصلة تاريخ الطبري	محمد بن جرير بن يزيد بن كثير بن غالب الآملي، أبو جعفر الطبري (المتوفى: 310هـ)	ShamAY	9783	0.43643
		أخبار الوافدين من الرجال من أهل البصرة والكوفة على معاوية بن أبي سفيان	العباس بن بكار (أو ابن الوليد بن بكار) الضبي (المتوفى: 222هـ)	ShamAY	6718	0.43638
		مسائل علي بن جعفر و مستدركاتها	علي بن جعفر(ع)	Masaha	1007	0.43629
		مباني الخلافة والسياسة الدينية وغاياتها	الشيخ المقري محمد طيب بن الحافظ محمد أحمد القاسمي الديوبندي النانتوي الصديقي (المتوفى: 1403هـ)	ShamAY	34343	0.43619
		الدعاء للضبي	أبو عبد الرحمن محمد بن فضيل بن غزوان بن جرير الضبي مولاهم الكوفي (المتوفى: 195ه)	Sham19Y	23102	0.43617
		بغية النقاد النقلة فيما أخل به كتاب «البيان» وأغفله أو ألم به فما تممه ولا كمله	أبو عبد الله محمد بن أبي بكر بن خلف بن فرج بن صاف المراكشي المالكي المعروف بابن المواق (المتوفى: 642 ه)	Sham19Y	16636	0.43611
		تفسير نور الثقلين [ج ٣]	الشيخ عبد علي بن جمعة العروسي الحويزي	Rafed	2880	0.43608
		إبطال التأويلات	أبو يعلى ابن الفراء	ShamelaY19	22921	0.436
		جواهر المطالب في مناقب الامام علي بن ابي طالب عليه السلام	شمس الدين ابوالبركات محمد بن احمد دمشقي باعوني شافعي	Ghbook	9273	0.43599
		ينابيع المودة لذو القربى‏ - الجزء1	سليمان بن ابراهيم القندوزي	Masaha	3223	0.43594
		نفس المهموم في مصيبة سيدنا الحسين المظلوم و يليه نفثة المصدور فيما يتجدد به حزن العاشور	الشيخ عباس القمي	Masaha	3103	0.43589
		ما صح من آثار الصحابة في الفقه	زكريا بن غلام قادر الباكستاني	ShamAY	37984	0.43588
		إبطال التأويلات	أبو يعلى ابن الفراء	Sham19Y	22921	0.43582
		أحاديث يحتج بها الشيعة	عبد الرحمن محمد سعيد دمشقية	ShamAY	35281	0.4357
		بغية النقاد النقلة فيما أخل به كتاب «البيان» وأغفله أو ألم به فما تممه ولا كمله	أبو عبد الله محمد بن أبي بكر بن خلف بن فرج بن صاف المراكشي المالكي المعروف بابن المواق (المتوفى: 642 هـ)	ShamAY	32459	0.43569
		 العوالم ، الإمام علي بن الحسين ( ع ) 	 الشيخ عبد الله البحراني 	ABLibrary	7615	0.43566
		 سرور أهل الإيمان في علامات ظهور صاحب الزمان ( عج ) 	 السيد بهاء الدين علي النيلي النجفي 	ABLibrary	7545	0.43565
		فتح الابواب ، بين ذوي الالباب و بين رب الارباب ، في الاستخارة و ما فيها من وجوه ...	سيد رضي الدين علي بن موسي بن طاووس ابن طاووس	Ghbook	2583	0.43557
		الأحاديث الطوال للطبراني - ط المكتب الإسلامي	سليمان بن أحمد الطبراني	ShamAY	33724	0.43551
		دراسات فقهية في مسائل خلافية	الشيخ نجم الدين الطبسي	Masaha	5102	0.43551
		تاريخ الخلفاء - مطبعة السعادة	عبد الرحمن بن أبي بكر السيوطي	ShamAY	33820	0.43548
		آكام المرجان في أحكام الجان	محمد بن عبد الله الشبلي الدمشقيّ الحنفي، أبو عبد الله، بدر الدين ابن تقي الدين (المتوفى: 769هـ)	ShamAY	6451	0.4352
		المراجعات	السيد عبد الحسين شرف الدين	Masaha	407	0.43516
		حديث أبي الفضل الزهري	عبيد الله بن عبد الرحمن بن محمد بن عبيد الله بن سعد بن إبراهيم بن عبد الرحمن بن عوف العوفي، الزهري، القرشي، أبو الفضل البغدادي (المتوفى: 381هـ)	ShamAY	1273	0.43513
		العواصم من القواصم في تحقيق مواقف الصحابة بعد وفاة النبي صلى الله عليه وسلم	القاضي محمد بن عبد الله أبو بكر بن العربي المعافري الاشبيلي المالكي (المتوفى: 543هـ)	ShamAY	30897	0.43512
		مجالس العلماء للزجاجي	عبد الرحمن بن إسحاق البغدادي النهاوندي الزجاجي، أبو القاسم (المتوفى: 337هـ)	ShamAY	26676	0.43509
		إبطال التأويلات لأخبار الصفات	القاضي أبو يعلى ، محمد بن الحسين بن محمد بن خلف ابن الفراء (المتوفى : 458هـ)	ShamAY	22921	0.43505
		شذرات الذهب في أخبار من ذهب	عبد الحي بن أحمد بن محمد ابن العماد العَكري الحنبلي، أبو الفلاح (المتوفى: 1089هـ)	ShamAY	12398	0.43503
		المقاصد الحسنة في بيان كثير من الأحاديث المشتهرة على الألسنة	شمس الدين أبو الخير محمد بن عبد الرحمن بن محمد السخاوي (المتوفى: 902هـ)	ShamAY	23177	0.43501
		كلمه الامام الحسين ( عليه السلام ) 	حسن شيرازي	Ghbook	5940	0.43497
		الجامع لعلوم الإمام أحمد - علل الحديث	إبراهيم النحاس	ShamelaY19	20868	0.43492
		تفسير نور الثقلين [ج ١]	الشيخ عبد علي بن جمعة العروسي الحويزي	Rafed	3049	0.43491
		الجامع لعلوم الإمام أحمد - العقيدة	خالد الرباط، سيد عزت عيد، محمد أحمد عبد التواب [بمشاركة الباحثين بدار الفلاح]	ShamelaY19	20879	0.43489
		الجزء الأول من حديث سفيان بن عيينة رواية علي بن حرب الطائي	سفيان بن عيينة (198 هـ)	ShamAY	33714	0.43483
		اللمعة ببيان أن صلاة العيد لا تجزئ عن صلاة الجمعة	أبو محمد أحمد محمد شحاته الألفى السكندرى	ShamAY	1989	0.43482
		مناهج الأخيار في شرح الاستبصار - الجزء1	السيد احمد العلوي العاملي	Masaha	1315	0.43482
		المنهيات	محمد بن علي بن الحسن بن بشر، أبو عبد الله، الحكيم الترمذي (المتوفى: نحو 320هـ)	ShamAY	25950	0.43481
		نوادر المخطوطات	عبد السلام محمد هارون (المتوفى: 1408ه)	ShamelaY19	21514	0.43481
		صحيفة أبي الزبير عن جابر	صالح بن أحمد رضا	ShamAY	37247	0.4348
		 الكامل في التاريخ 	 ابن الأثير 	ABLibrary	8252	0.43477
		الغدير في الكتاب والسنّة والأدب [ج ١١]	الشيخ عبد الحسين أحمد الأميني النجفي	Rafed	2024	0.43474
		نسخة أبي العباس طاهر بن محمد بن الحكم التميمي - مخطوط	أبو العباس طاهر بن محمد بن الحكم التميمي	ShamAY	32874	0.43471
		التبصرة - ت عبد الواحد	ابن الجوزي	ShamAY	38311	0.43465
		وفيات الأعيان وأنباء أبناء الزمان	أبو العباس شمس الدين أحمد بن محمد بن إبراهيم بن أبي بكر ابن خلكان البرمكي الإربلي (المتوفى: 681هـ)	ShamAY	1000	0.43462
		الردة مع نبذة من فتوح العراق وذكر المثنى بن حارثة الشيباني	محمد بن عمر بن واقد السهمي الأسلمي بالولاء، المدني، أبو عبد الله، الواقدي (المتوفى: 207هـ)	ShamAY	12222	0.4346
		الردة مع نبذة من فتوح العراق وذكر المثنى بن حارثة الشيباني	محمد بن عمر بن واقد السهمي الأسلمي بالولاء، المدني، أبو عبد الله، الواقدي (المتوفى: 207ه)	Sham19Y	12222	0.43455
		الخلفاء الإثنا عشر	الدكتور الشيخ جعفر الباقري [ سامي صبيح علي ]	Rafed	1322	0.43455
		تراثنا ـ العدد [ 62 ]	مؤسسة آل البيت عليهم السلام لإحياء التراث ـ قم	Rafed	3250	0.43455
		الموجز في مراجع التراجم والبلدان والمصنفات وتعريفات العلوم	محمود محمد الطناحي، أبو أروى (المتوفى: 1419هـ)	ShamAY	9847	0.43454
		نوادر المخطوطات	عبد السلام محمد هارون (المتوفى: 1408هـ)	ShamAY	21514	0.43453
		سرور أهل الإيمان	السيد بهاء الدين علي بن عبد الكريم النيلي النجفي	Rafed	739	0.43451
		العواصم من القواصم في تحقيق مواقف الصحابة بعد وفاة النبي صلى الله عليه وسلم	القاضي محمد بن عبد الله أبو بكر بن العربي المعافري الاشبيلي المالكي (المتوفى: 543ه)	Sham19Y	30897	0.43449
		ناسخ الحديث ومنسوخه للأثرم	أَبُو بَكْرٍ أَحْمَدُ بنُ مُحَمَّدِ بنِ هَانِئ الإِسْكَافيُّ الأَثْرَم الطَّائِيُّ وَقِيْلَ: الكَلْبِيّ (المتوفى: 273هـ)	ShamAY	1337	0.43434
		من وافق اسمه كنية أبيه للأزدي	أبو الفتح محمد بن الحسين بن أحمد بن عبد الله بن بريدة الموصلي الأزدي (المتوفى: 374ه)	ShamelaY19	26920	0.43427
		الحجة الغراء على شهادة الزهراء(ع)	الشيخ جعفر السبحاني	Masaha	228	0.43422
		من هو الافضل بعد الرسول ( صلي الله عليه و آله و سلم ) ؟	خليفه عبيد كلباني عماني	Ghbook	7719	0.4342
		الأربعون حديثا في المهدي	أبو نعيم الأصبهاني	ShamAY	35231	0.43407
		الرد على من يقول القرآن مخلوق	أبو بكر أحمد بن سلمان بن الحسن بن إسرائيل بن يونس النجاد (المتوفى: 348هـ)	ShamAY	6415	0.43407
		الحديث المقلوب تعريفه، وفوائده، وحكمه، والمصنفات فيه	د. محمد بن عمر بن سالم بازمول	ShamAY	37301	0.43402
		حديث الثقلين تواتره ـ فقهه	السيّد علي الحسيني الميلاني	Rafed	193	0.43395
		نزول سوره هل اتي	آيت الله علي حسيني ميلاني	Ghbook	4798	0.43385
		أعلام الحنابلة في أصول الفقه	الدكتور إبراهيم عبد اللَّه آل إبراهيم	ShamAY	34185	0.43376
		 المسائل والرسائل المروية عن الإمام أحمد بن حنبل في العقيدة 	 عبد الإله بن سلمان بن سالم الأحمدي 	ABLibrary	8599	0.43366
		جزء فيه شروط النصارى وبذيله أحاديث لأبي محمد عبد الوهاب بن أحمد الكلابي	عبد الله بن أحمد بن ربيعة بن زبر الربعي، أبو محمد (المتوفى: 329ه)	Sham19Y	27091	0.43359
		خصائص الأئمة(ع)	الشريف الرضي	Masaha	4685	0.43357
		المسائل التي حلف عليها أحمد بن حنبل	أبو الحسين ابن أبي يعلى، محمد بن محمد (المتوفى: 526هـ)	ShamAY	6117	0.43356
		الزهور المقتطفة من تاريخ مكة المشرفة	محمد بن أحمد الفاسي	Masaha	4654	0.43352
		حديث إسحاق الدبري عن عبد الرزاق	أبو يعقوب إسحاق بن إبراهيم بن عباد الصنعاني الدبري (المتوفى: 285ه)	ShamelaY19	30427	0.43342
		مناظرة ابن شاقلا الحنبلي المتوفى سنة 369 هـ لأبي سليمان الدمشقي المتكلم في الصفات الخبرية	ابن شاقلا الحنبلي	ShamAY	35745	0.43338
		بحار الأنوار [ج ١٥]	الشيخ محمّد باقر بن محمّد تقي المجلسي	Rafed	855	0.43335
		أحاديث منتخبة من كتاب أمارات النبوة	إبراهيم بن يعقوب بن إسحاق السعدي الجوزجاني، أبو إسحاق (المتوفى: 259هـ)	ShamAY	4096	0.4333
		تاريخ الإسلام ووفيات المشاهير والأعلام [ج ٥١]	شمس الدين محمّد بن أحمد بن عثمان الذّهبي	Rafed	3664	0.43329
		اعتقاد الأئمة الأربعة	محمد بن عبد الرحمن الخميس	ShamelaY19	22273	0.43317
		العقائد الاسلامية [ج ٤]	مركز المصطفى للدراسات الإسلامية	Rafed	88	0.43314
		تحية المسجد	محمد ضياء الرحمن الأعظمي	ShamAY	10052	0.43309
		شرح كتاب الحج من صحيح مسلم - عبد الكريم الخضير	عبد الكريم الخضير	ShamelaY19	23422	0.43308
		تاريخ الشحر وأخبار القرن العاشر	محمد بن عمر طيب بافقية	Masaha	4137	0.43305
		من له كتاب عن يوم الجمل	مشتاق طالب محمد	Masaha	442	0.43299
		الأمالي في آثار الصحابة لعبد الرزاق الصنعاني	أبو بكر عبد الرزاق بن همام بن نافع الحميري اليماني الصنعاني (المتوفى: 211ه)	ShamelaY19	25782	0.43283
		مسند محمّد بن قيس البجلي حول قضايا أمير المؤمنين وغيرها	الناشر: المركز العالمي للدّراسات الإسلامية	Rafed	1757	0.43268
		صفة الجنة للضياء المقدسي	ضياء الدين أبو عبد الله محمد بن عبد الواحد المقدسي (المتوفى: 643هـ)	ShamAY	12740	0.4326
		تحفة الأحباب وبغية الطّلاب	نور الدين علي بن أحمد بن عمر بن خلف بن محمود السخاوي الحنفي	Rafed	2179	0.4325
		طعنة في قلب علي رضي الله عنه	إبراهيم عبد الفتاح المتناوي	ShamAY	35837	0.43232
		 منتخب الأنوار في تاريخ الأئمة الأطهار ( ع ) 	 محمد بن همام الإسكافي 	ABLibrary	7792	0.43225
		التقريب والتيسير لمعرفة سنن البشير النذير في أصول الحديث	أبو زكريا محيي الدين يحيى بن شرف النووي (المتوفى: 676هـ)	ShamAY	5586	0.43215
		100 ضحكة وابتسامة للنبي صلى الله عليه وسلم	أبو إسلام أحمد بن علي	ShamAY	37454	0.43196
		محض الصواب في فضائل أمير المؤمنين عمر بن الخطاب	يوسف بن حسن بن أحمد بن حسن ابن عبد الهادي الصالحي، جمال الدين، ابن المبرد الحنبلي (المتوفى: 909هـ)	ShamAY	12062	0.4319
		كتاب الحج من كتب عبد العزيز بن عبد الله بن أبي سلمة الماجشون	أبو عبد الله، وأبو الأصبغ الماجشون عبد العزيز بن عبد الله التيمي ابن أبي سلمة ميمون - وقيل: دينار - التيمي مولاهم، المدني (المتوفى: 164ه)	ShamelaY19	26922	0.4319
		شرح كتاب الحج من صحيح مسلم - عبد الكريم الخضير	عبد الكريم الخضير	Sham19Y	23422	0.43189
		مشيخة ابن حذلم	أبو الحسن القاضي أحمد بن سليمان بن أيوب بن داود بن عبد الله بن حذلم الأسدي الدمشقي الأوزاعي (المتوفى: 347ه)	ShamelaY19	29933	0.43172
		 الكامل في التاريخ 	 ابن الأثير 	ABLibrary	8248	0.4317
		تاريخ الخلفاء	عبد الرحمن بن أبي بكر، جلال الدين السيوطي (المتوفى: 911هـ)	ShamAY	11997	0.43164
		مجالس من أمالي أبي الحسن القزويني رواية الدينوري - مخطوط	أبو الحسن القزويني	ShamAY	32789	0.43162
		شرح كتاب الحج من صحيح مسلم - عبد الكريم الخضير	عبد الكريم الخضير	ShamAY	66	0.43158
		الفتن لحنبل بن إسحاق	أبو علي حنبل بن إسحاق بن حنبل بن هلال بن أسد الشيباني (المتوفى: 273هـ)	ShamAY	13046	0.43156
		 اعتقادات فرق المسلمين والمشركين 	 فخر الدين الرازي 	ABLibrary	8341	0.43153
		تحبير الوريقات بشرح الثلاثيات	أبو وداعة وليد بن صبحى الصعيدى	ShamelaY19	36582	0.43151
		رسالة في حديث عليكم بسنّتي وسنّة الخلفاء الراشدين	السيّد علي الحسيني الميلاني	Rafed	217	0.43151
		الأحاديث التي ظاهرها التعارض في فتح الباري من بداية كتاب المناقب إلى كتاب التفسير باب {ربنا اكشف عنا العذاب إنا مؤمنون} (حم الدخان)	أحمد سالم عبد العزيز	ShamAY	38639	0.43146
		صفة النبي صلى الله عليه وسلم وصفة أخلاقه وسيرته وأدبه وخفض جناحه	محمد بن هارون بن شعيب، أبو علي الأنصاري الدمشقي (المتوفى: 353هـ)	ShamAY	26430	0.43142
		علم الرجال وأهميته	عبد الرحمن بن يحيى المعلمي اليماني (المتوفى : 1386هـ)	ShamAY	35872	0.43136
		تحبير الوريقات بشرح الثلاثيات	أبو وداعة وليد بن صبحى الصعيدى	ShamAY	606	0.43135
		جزء حديثي في أحاديث حذيفة في الفتن	عبد الباسط بن يوسف الغريب	ShamAY	33050	0.43115
		البلدان	أحمد بن أبي يعقوب اسحاق بن جعفر بن وهب بن واضح [ اليعقوبي ]	Rafed	2154	0.43113
		 تحفة الأحباب وبغية الطلاب 	 علي بن أحمد السخاوي 	ABLibrary	9021	0.4311
		الرجال لابن داود	الحسن بن علي بن داود الحلي	Masaha	4647	0.43106
		التحقيق العجيب في التثويب	الإمام محمد عبد الحي اللكنوي (ت1304هـ)	ShamAY	36005	0.431
		مفهوم الحديث المنكر في سنن الإمام أبي داود السجستاني	عبد العزيز الهليل	ShamAY	34035	0.43093
		التذكار في أفضل الأذكار من القرآن الكريم	أبو عبد الله عبد الله محمد بن أحمد القرطبي المفسر (671 هـ)	ShamAY	33729	0.43091
		مع الدكتور السّالوس في آية التطهير	السيّد علي الحسيني الميلاني	Rafed	3621	0.43091
		لاميّة في النحو	زين الدين شعبان بن محمد القرشي الآثاري	Rafed	2601	0.43089
		وسائل الشيعة [ج ١٤]	محمد بن الحسن الحرّ العاملي [ العلامة الشيخ حرّ العاملي ]	Rafed	306	0.43086
		تراثنا ـ العدد [ 24 ]	مؤسسة آل البيت عليهم السلام لإحياء التراث ـ قم	Rafed	2744	0.43079
		الطّرائف في معرفة مذاهب الطوائف	السيّد رضي الدين أبو القاسم علي بن موسى بن جعفر بن طاووس الحسني الحلّي [ السيّد بن طاووس ]	Rafed	3590	0.43074
		أنصار الحسين	محمّد مهدي شمس الدين	Rafed	1732	0.43066
		بحار الأنوار [ج ٤٩]	الشيخ محمّد باقر بن محمّد تقي المجلسي	Rafed	1003	0.43063
		إنارة الدجى في مغازي خير الورى صلى الله عليه وآله وسلم	حسن بن محمد المشاط المالكي (المتوفى: 1399هـ)	ShamAY	9772	0.43062
		سرور أهل الإيمان في علامات ظهور صاحب الزمان (عج)	علي بن عبد الكريم النيلي	Masaha	2219	0.43058
		من قتله الحسين شيعة الكوفة	آيت الله علي حسيني ميلاني	Ghbook	9557	0.43055
		الإمام ابن خزيمة ومنهجه في مختلف الحديث في صحيحه	هاني الجليس	ShamAY	37335	0.43051
		فهرسة علي بن خليفة المساكني	أبو الحسن علي بن خليفة بن رزق الله بن عبد الواحد بن علي المساكني (المتوفى: 1172هـ)	ShamAY	10732	0.43049
		 بحار الأنوار 	 العلامة المجلسي 	ABLibrary	793	0.43048
		طوالات الأخبار لأبي موسى المديني - مخطوط (ن)	محمد بن عمر بن أحمد بن عمر بن محمد الأصبهاني المديني، أبو موسى (المتوفى: 581ه)	ShamelaY19	21646	0.43046
		 مسند الإمام الصادق ( ع ) 	 الشيخ عزيز الله عطاردي 	ABLibrary	7720	0.43044
		عشاريات السيوطي	عبد الرحمن بن أبي بكر، جلال الدين السيوطي (المتوفى: 911ه)	ShamelaY19	30315	0.4304
		تراثنا ـ العددان [ 50 و 51 ]	مؤسسة آل البيت عليهم السلام لإحياء التراث ـ قم	Rafed	3188	0.4304
		الامام الحسن العسكري ( عليه السلام ) من المهد الي اللحد	محمد كاظم قزويني	Ghbook	6220	0.43039
		ائمه اهل البيت عليهم السلام	علي آل محسن	Ghbook	2602	0.43033
		دحض شبهات على التوحيد من سوء الفهم لثلاثة أحاديث	عبد الله بن عبد الرحمن بن عبد العزيز بن عبد الرحمن بن عبد الله بن سلطان بن خميس الملقب بـ"أبابطين" (المتوفى: 1282هـ)	ShamAY	11181	0.43024
		فلاح السائل و نجاح المسائل	السيد علي بن موسى بن طاووس	Masaha	1037	0.4302
		مجمع الزوائد ومنبع الفوائد	أبو الحسن نور الدين علي بن أبي بكر بن سليمان الهيثمي (المتوفى: 807هـ)	ShamAY	1530	0.43014
		الحسن والحسين	الواحدي :: محمد رضا	ShamAY	35873	0.43001
		أشراط الساعة وذهاب الأخيار وبقاء الأشرار لعبد الملك بن حبيب	عبد الملك بن حبيب بن حبيب بن سليمان بن هارون السلمي الإلبيري القرطبي، أبو مروان (المتوفى: 238ه)	ShamelaY19	26569	0.42983
		حديث إسحاق الدبري عن عبد الرزاق	أَبُو يَعْقُوْب إِسْحَاق بن إِبْرَاهِيْم بنِ عَبَّاد الصَّنْعَانِيّ الدَّبَرِي (المتوفى: 285هـ)	ShamAY	30427	0.42981
		 مجموع بلدان اليمن وقبائلها 	 محمد بن أحمد الحجري اليماني 	ABLibrary	9177	0.42973
		النقول الصريحة شرح حديث الدين النصيحة	أبو يوسف محمد زايد	ShamAY	35957	0.42969
		جزء فيه شروط النصارى وبذيله أحاديث لأبي محمد عبد الوهاب بن أحمد الكلابي	عبد الله بن أحمد بن ربيعة بن زبر الربعي، أبو محمد (المتوفى: 329ه)	ShamelaY19	27091	0.42968
		الفوائد المجموعة في الأحاديث الموضوعة	محمد بن علي بن محمد الشوكاني (المتوفى: 1250ه)	Sham19Y	2671	0.42959
		نصوص امامة الحجة بن الحسن المنتظر ( عجل الله فرجه الشريف )	محمد سعيد طباطبائي حكيم	Ghbook	4358	0.42949
		نشأة الشيعة الامامية	نبيلة عبد المنعم داوود	Masaha	1752	0.42947
		ما رواه الأساطين في عدم المجيء إلى السلاطين	عبد الرحمن بن أبي بكر، جلال الدين السيوطي (المتوفى: 911هـ)	ShamAY	191	0.42932
		أثر روايات القصاص والإخباريين في تأليف كتاب السير والمغازي لمحمد بن إسحاق المتوفى سنة (151هـ/ 768م)	فلاح فقه يوسف الميراني	ShamAY	37462	0.42922
		اعتقاد الأئمة الأربعة	محمد بن عبد الرحمن الخميس	Sham19Y	22273	0.42919
		القبس في شرح موطأ مالك بن أنس	القاضي محمد بن عبد الله أبو بكر بن العربي المعافري الاشبيلي المالكي (المتوفى: 543هـ)	ShamAY	31712	0.42916
		تذكرة المؤتسي فيمن حدث ونسي	عبد الرحمن بن أبي بكر، جلال الدين السيوطي (المتوفى: 911هـ)	ShamAY	6021	0.42912
		تفسير القرآن العظيم [ج ٧]	أبي الفداء اسماعيل بن عمر ابن كثير الدمشقي	Rafed	3413	0.42908
		عقيدة محمد بن عبد الوهاب السلفية وأثرها في العالم الإسلامي	صالح بن عبد الله العبود	ShamAY	12039	0.42906
		الفوائد المجموعة في الأحاديث الموضوعة	محمد بن علي بن محمد الشوكاني (المتوفى: 1250هـ)	ShamAY	2671	0.42905
		الآثار لمحمد بن الحسن.	الامام الحافظ ابي عبد الله محمد بن الحسن الشيباني	ShamAY	1332	0.42895
		مجيء (أبو) في موضع نصب أو جر على الحكاية	إبراهيم بن عبد الله المديهش	ShamelaY19	145428	0.42883
		حديث أبي اليمان	الحكم بن نافع البهرانى، أبو اليمان الحمصى (المتوفى: 222ه)	ShamelaY19	29704	0.42875
		مكانة أهل الحديث ومآثرهم وآثارهم الحميدة في الدين	ربيع بن هادي المدخلي	ShamAY	33005	0.42869
		المزار الكبير	الشيخ أبو عبد الله محمّد بن جعفر المشهدي	Rafed	1318	0.42866
		تأريخ بيهق	فريد خراسان علي بن زيد البيهقي	Rafed	2199	0.42866
		الحديث الحسن بين الحد والحجية	محمد أحمد جلمد	ShamAY	37341	0.42864
		زيادات واستدراكات ألحقها محققا النعت الأكمل بالكتاب من وفاة المؤلف حتى نهاية القرن الرابع عشر الهجري	محمد مطيع الحافظ	ShamelaY19	147072	0.42859
		الموسوعه الرجاليه القسم الثاني ترتيب الرجال اسانيد كتب الاربعه	آيت الله العظمي ميرزا جواد تبريزي	Ghbook	12791	0.42856
		قلائد الجمان في فرائد شعراء هذا الزمان، المشهور ب «عقود الجمان في شعراء هذا الزمان»	كمال الدين أبو البركات المبارك بن الشعار الموصلي (المتوفى: 654 ه)	ShamelaY19	20990	0.42848
		نشر المحاسن اليمانية في خصائص اليمن ونسب القحطانية	عبد الرحمن بن علي ابن ديبع	Masaha	4524	0.42826
		تنبيهات على كتب تخريج كتاب التوحيد	ناصر الفهد	ShamAY	33079	0.42807
		زهير بن القين	شعبه التحقيق في قسم الشوون الفكريه والثقافيه في العتبه الحسينيه المقدسه	Ghbook	12294	0.42806
		سبيل المستبصرين إلى الصراط المستقيم	د. صلاح الدين الحسيني	Masaha	520	0.42802
		الدعاء للضبي	أبو عبد الرحمن محمد بن فضيل بن غزوان بن جرير الضبي مولاهم الكوفي (المتوفى: 195هـ)	ShamAY	23102	0.42795
		تاريخ الفقه الاسلامي و ادواره	آيت الله العظمي جعفر سبحاني	Ghbook	8999	0.42793
		مسألة في قص الشارب	أبو الفضل زين الدين العراقي (806 هـ)	ShamAY	34317	0.42791
		اللمعة ببيان أن صلاة العيد لا تجزئ عن صلاة الجمعة	أبو محمد أحمد محمد شحاته الألفى السكندرى	Sham19Y	96734	0.42789
		 مكاتيب الأئمة ( ع ) 	 علي الأحمدي الميانجي 	ABLibrary	7779	0.42786
		أدب النساء الموسوم بكتاب العناية والنهاية	عبد الملك بن حبيب بن حبيب بن سليمان بن هارون السلمي الإلبيري القرطبي، أبو مروان (المتوفى: 238ه)	ShamelaY19	26808	0.42783
		 عبقات الأنوار في إمامة الأئمة الأطهار ( فارسي ) 	 السيد حامد النقوي 	ABLibrary	8500	0.42774
		تفسير نور الثقلين [ج ٥]	الشيخ عبد علي بن جمعة العروسي الحويزي	Rafed	2885	0.4277
		سبيل المستبصرين	الدكتور السيد صلاح الدين الحسيني	Rafed	1242	0.42757
		بحار الأنوار [ج ٣٦]	الشيخ محمّد باقر بن محمّد تقي المجلسي	Rafed	956	0.4275
		القول الجازم في سقوط الحد بنكاح المحارم	الإمام محمد عبد الحي اللكنوي (ت1304هـ)	ShamAY	36009	0.42748
		الشهيد بن الصديق عبد الله بن أبي بكر رضي الله عنه	نضال دويكات	ShamAY	35885	0.42747
		 موسوعة التاريخ الإسلامي 	 الشيخ محمد هادي اليوسفي الغروي 	ABLibrary	7854	0.42747
		 الذريعة 	 آقا بزرگ الطهراني 	ABLibrary	850	0.42746
		التنبيهات المجملة على المواضع المشكلة	صلاح الدين أبو سعيد خليل بن كيكلدي بن عبد الله الدمشقي العلائي (المتوفى: 761هـ)	ShamAY	10322	0.42739
		الامام الحسن العسكري عليه السلام والدالامام المهدي الموعود عجل الله تعالي فرجه ا...	علي كوراني	Ghbook	15138	0.42738
		الثغر البسام في ذكر من ولى قضاة الشام	الواحدي :: ابن طولون	ShamAY	35856	0.42729
		عصر الشيعة	علي كوراني	Ghbook	15117	0.42724
		من حديث المطيري عن أبي منصور الخلنجي - مخطوط	أبي بكر محمد بن جعفر الصيرفي المطيري	ShamAY	32816	0.42719
		كتاب بغداد	أبو الفضل أحمد بن أبي طاهر ابن طيفور (المتوفى: 280هـ)	ShamAY	5880	0.42717
		العقد التمام فيمن زوجه النبي عليه الصلاة والسلام	يوسف بن حسن بن أحمد بن حسن ابن عبد الهادي الصالحي، جمال الدين، ابن ابن المبرد الحنبلي (المتوفى: 909ه)	ShamelaY19	22341	0.42711
		نفح الطّيب [ج ٣]	الشيخ أحمد بن محمد المقري التلمساني	Rafed	2799	0.4271
		امل الآمل في احوال علماء جبل عامل	محمد بن حسن حر عاملي	Ghbook	7175	0.42709
		المنثور من الحكايات والسؤالات لابن طاهر المقدسي	أبو الفضل محمد بن طاهر بن علي بن أحمد المقدسي الشيباني، المعروف بابن القيسراني (المتوفى: 507ه)	ShamelaY19	26876	0.42702
		 مسند الإمام الكاظم ( ع ) 	 الشيخ عزيز الله عطاردي 	ABLibrary	7737	0.42698
		 الدارس في تاريخ المدارس 	 عبد القادر بن محمد النعيمي الدمشقي 	ABLibrary	9062	0.42694
		حياه الامام علي الهادي ( عليه السلام ) - دراسه و تحليل	باقر شريف قرشي	Ghbook	4040	0.42685
		الخبر الثابت.	يوسف بن هاشم بن عابد اللحياني.	ShamAY	37261	0.4268
		الفردوس بمأثور الخطاب	شيرويه بن شهردار بن شيرو يه بن فناخسرو، أبو شجاع الديلميّ الهمذاني (المتوفى: 509هـ)	ShamAY	6072	0.42679
		مرآة العقول [ج ٦]	الشيخ محمّد باقر بن محمّد تقي المجلسي	Rafed	1020	0.42677
		بهجة المحافل وبغية الأماثل في تلخيص المعجزات والسير والشمائل	يحيى بن أبى بكر بن محمد بن يحيى العامري الحرضي (المتوفى: 893ه)	Sham19Y	9780	0.42676
		الإلمام بأحاديث الأحكام (ومعه حاشية شمس الدين بن عبد الهادي)	تقي الدين أبو الفتح محمد بن علي بن وهب بن مطيع القشيري، المعروف بابن دقيق العيد (المتوفى: 702 هـ)	ShamAY	32411	0.42674
		بهجة المحافل و بغية الأماثل - الجزء1	عماد الدين يحيى بن أبي بكر العامري‏	Masaha	1946	0.42662
		منائح الكرم في أخبار مكة والبيت وولاة الحرم [ج ١]	علي بن تاج الدين بن تقي الدين السنجاري	Rafed	2689	0.42651
		اذا شئت النجاه فزر حسينا	مصطفي الخاتمي	Ghbook	12313	0.42632
		تراثنا ـ العددان [ 59 و 60 ]	مؤسسة آل البيت عليهم السلام لإحياء التراث ـ قم	Rafed	3248	0.42629
		فضائل أمير المؤمنين علي(ع)	د. جواد كاظم منشد النصر الله	Masaha	501	0.42619
		 عبقات الأنوار في إمامة الأئمة الأطهار ( فارسي ) 	 السيد حامد النقوي 	ABLibrary	8499	0.42607
		تأويل الآيات الظاهرة في فضائل العترة الطاهرة	السيد عبد الحسين شرف الدين	Masaha	1951	0.42606
		أحاديث السري بن يحيى	السرى بن يحيى بن إياس بن حرملة بن إياس الشيبانى المحلمى، أبو الهيثم، ويقال أبو يحيى، البصرى (المتوفى: 167ه)	ShamelaY19	29701	0.42604
		الإكتفا [ج ١]	أبي الربيع سليمان بن موسى بن سالم الحميري الكلاعي الأندلسي	Rafed	2513	0.42577
		الشيعه و القرآن	خليفه عبيد كلباني عماني	Ghbook	7569	0.42566
		اللمعة ببيان أن صلاة العيد لا تجزئ عن صلاة الجمعة	أبو محمد أحمد محمد شحاته الألفى السكندرى	ShamelaY19	96734	0.42564
		 البلدان 	 اليعقوبي 	ABLibrary	8970	0.42543
		اعتقاد الأئمة الأربعة	محمد بن عبد الرحمن الخميس	ShamAY	2	0.42538
		أبو بكر الصديق أول الخلفاء الراشدين ط إحياء الكتب العربية	محمد رضا (المتوفى: 1369هـ)	ShamAY	21515	0.42537
		بهجة المحافل وبغية الأماثل في تلخيص المعجزات والسير والشمائل	يحيى بن أبى بكر بن محمد بن يحيى العامري الحرضي (المتوفى: 893هـ)	ShamAY	9780	0.42536
		عجالة الإملاء المتيسرة من التذنيب	إبراهيم بن محمد بن محمود بن بدر، برهان الدين، أبو إسحاق الحلبي القبيباتي الشافعي الناجي (المتوفى: 900ه)	ShamelaY19	97928	0.4253
		 تاريخ افريقية والمغرب 	 الرقيق القيرواني 	ABLibrary	8983	0.42529
		بناء المقالة الفاطمية في نقض الرسالة العثمانية	السيد علي بن موسى بن طاووس	Masaha	509	0.42529
		الورع لأحمد رواية المروزي	أبو عبد الله أحمد بن محمد بن حنبل بن هلال بن أسد الشيباني (المتوفى: 241هـ)	ShamAY	6785	0.42524
		بقيع الغرقد في دراسة شاملة	محمد أمين الأميني	Masaha	3954	0.42523
		الكشف والبيان [ج ٥]	أبو إسحاق أحمد [ الثّعلبي ]	Rafed	1667	0.42513
		تثقيف الامه : بسير اولاد الائمه عليهم السلام	علي حيدر المؤيد	Ghbook	16501	0.42504
		الجامع لعلوم الإمام أحمد - التفسير وعلوم القرآن	خالد الرباط، سيد عزت عيد [بمشاركة الباحثين بدار الفلاح]	ShamAY	38861	0.42501
		 المختصر الكبير في سيرة النبي محمد ( ص ) 	 ابن جماعة 	ABLibrary	7699	0.42494
		الكامل في اللغة والأدب	محمد بن يزيد المبرد، أبو العباس (المتوفى: 285ه)	Sham19Y	8505	0.42493
		النص علي امير المومنين عليه السلام	سيد علي عاشور	Ghbook	7128	0.42491
		الإرشاد في معرفة حجج الله على العباد - الجزء1	الشيخ المفيد	Masaha	1842	0.42488
		موسوعة كربلاء [ج ٢]	الدكتور لبيب بيضون	Rafed	3230	0.42472
		أبو بكر الصديق أول الخلفاء الراشدين ط إحياء الكتب العربية	محمد رضا (المتوفى: 1369ه)	ShamelaY19	21515	0.42469
		الاربعينيات للمعصومين الاربعه عشر عليهم السلام	علي حيدر المؤيد	Ghbook	16364	0.42464
		اختلاف الحديث (مطبوع ملحقا بالأم للشافعي)	الشافعي أبو عبد الله محمد بن إدريس بن العباس بن عثمان بن شافع بن عبد المطلب بن عبد مناف المطلبي القرشي المكي (المتوفى: 204هـ)	ShamAY	9348	0.4246
		 تاريخ اليمن ( تاريخ طبق الحلوى وصحاف المن والسلوى ) 	 عبد الله بن علي الوزير 	ABLibrary	9014	0.42459
		الصحيح من سيرة النبي الأعظم صلّى الله عليه وآله [ج ٣٥]	السيد جعفر مرتضى العاملي	Rafed	2650	0.42453
		مجمع الزوائد ومنبع الفوائد	نور الدين علي بن أبي بكر الهيثمي	ShamAY	34120	0.42446
		الأحكام والْمَسائل الْمُتعلقة بِالْجُمعة	يحي الحجوري	ShamAY	36479	0.42443
		تراثنا ـ العدد [ 26 ]	مؤسسة آل البيت عليهم السلام لإحياء التراث ـ قم	Rafed	2764	0.42427
		العلاقة الحميمة بين الصحابة وآل البيت (رضي الله عنهم أجمعين)	الواحدي :: سليمان الخراشي	ShamAY	36683	0.4242
		اجازات الحديث	محمدباقر بن محمدتقي علامه مجلسي	Ghbook	7061	0.42417
		كشف النقاب عن مؤلفات الأصحاب	سليمان بن عبد الرحمن بن حمدان (1322 - 1397 ه)	ShamelaY19	147066	0.42406
		مجموعة بحوث ندوة السنة النبوية	مجموعة من المؤلفين	ShamAY	37346	0.42402
		العباس ابن اميرالمؤمنين حامل لواء الحسين عليهم السلام	سيد علي جمال أشرف	Ghbook	16570	0.42402
		البلدان	احمد بن اسحاق يعقوبي	Ghbook	11079	0.424
		المحرّر الوجيز في تفسير الكتاب العزيز [ج ٦]	أبي محمّد عبدالحقّ بن غالب بن عطيّة الأندلسي	Rafed	3303	0.42395
		رجال خاقاني	علي خاقاني	Ghbook	7068	0.42392
		قلائد الجمان في فرائد شعراء هذا الزمان، المشهور بـ «عقود الجمان في شعراء هذا الزمان»	كمال الدين أبو البركات المبارك بن الشعار الموصلي (المتوفى: 654 هـ)	ShamAY	38967	0.42387
		موقف الإمامين البخاري ومسلم من اشتراط اللقيا والسماع في السند المعنعن بين المتعاصرين	خالد بن منصور بن عبد الله الدريس	ShamAY	9836	0.42387
		مجموعة رسائل علمية	أبو عبد الرحمن مقبل بن هادي بن مقبل بن قائدة (اسم رجل) الهمداني الوادعي (المتوفى: 1422ه)	ShamelaY19	96787	0.42368
		فِقْهُ أَهْلِ العِرَاقِ وحَدِيثُهُم	محمد زاهد الكوثري	ShamAY	37573	0.42362
		الكامل في اللغة والأدب	محمد بن يزيد المبرد، أبو العباس (المتوفى: 285هـ)	ShamAY	8505	0.42362
		تفسير نور الثقلين [ج ٢]	الشيخ عبد علي بن جمعة العروسي الحويزي	Rafed	2879	0.42362
		 دمية القصر وعصرة أهل العصر 	 علي بن الحسن بن علي بن أبي الطيب الباخرزي 	ABLibrary	961	0.42361
		موسوعة مواقف السلف في العقيدة والمنهج والتربية (أكثر من 9000 موقف لأكثر من 1000 عالم على مدى 15 قرنًا)	أبو سهل محمد بن عبد الرحمن المغراوي	ShamAY	456	0.4236
		تحفة المودود بأحكام المولود	محمد بن أبي بكر بن أيوب بن سعد شمس الدين ابن قيم الجوزية (المتوفى: 751هـ)	ShamAY	6266	0.42359
		الرسول القائد	محمود شيت خطاب (المتوفى: 1419هـ)	ShamAY	9824	0.42357
		الطرق الحكمية في السياسة الشرعية ط عالم الفوائد	أبو عبد الله محمد بن أبي بكر بن أيوب ابن قيم الجوزية (691 - 751)	ShamAY	38510	0.42354
		 الذريعة 	 آقا بزرگ الطهراني 	ABLibrary	844	0.42354
		إنارة الدجى في مغازي خير الورى(ص)	القاضي حسن بن محمد المشاط	Masaha	1879	0.42354
		الجمع بين الصحيحين البخاري ومسلم	محمد بن فتوح بن عبد الله بن فتوح بن حميد الأزدي الميورقي الحَمِيدي أبو عبد الله بن أبي نصر (المتوفى: 488هـ)	ShamAY	5567	0.42344
		تراثنا ـ العددان [ 53 و 54 ]	مؤسسة آل البيت عليهم السلام لإحياء التراث ـ قم	Rafed	3238	0.42334
		حجة الوداع	آيت الله العظمي جعفر سبحاني	Ghbook	11230	0.42331
		إجلاء الحقيقة في سيرة عائشة الصديقة	ياسين الخليفة الطيب المحجوب	Sham19Y	36047	0.42329
		الفروق على مذهب الإمام أحمد بن حنبل	معظم الدين أبو عبد الله السامري (535 - 616 ه)	ShamelaY19	18562	0.42327
		 تاريخ صنعاء 	 اسحاق بن يحيى الطبري الصنعاني 	ABLibrary	8993	0.42323
		عقيدة الحافظ تقي الدين عبد الغني بن عبد الواحد المقدسي	عبد الغني بن عبد الواحد بن علي بن سرور المقدسي الجماعيلي الدمشقي الحنبلي، أبو محمد، تقي الدين (المتوفى: 600هـ)	ShamAY	11279	0.42299
		 الموسوعة الكبرى عن فاطمة الزهراء ( س ) 	 اسماعيل الأنصاري الزنجاني الخوئيني 	ABLibrary	7823	0.42292
		رسالة لطيفة في أحاديث متفرقة ضعيفة	محمد بن أحمد بن عبد الهادي المقدسي (744 هـ)	ShamAY	34119	0.42279
		الحسين في طريقه إلى الشهادة	علي بن الحسين الهاشمي	Rafed	1915	0.42271
		تخريج أحاديث أصول البزدوي	لقاسم بن قطلوبغا الحنفي (ت879هـ)	ShamAY	33075	0.4227
		تاريخ الإسلام ووفيات المشاهير والأعلام [ج ٥٠]	شمس الدين محمّد بن أحمد بن عثمان الذّهبي	Rafed	3663	0.42265
		الشيعة والتشيع - فرق وتاريخ	إحسان إلهي ظهير الباكستاني (المتوفى: 1407ه)	ShamelaY19	37478	0.42256
		المقالات والفرق	سعد بن عبدالله أبي خلف الأشعري القمي	Rafed	3816	0.42253
		إجلاء الحقيقة في سيرة عائشة الصِّدِّيقة	ياسين الخليفة الطيب المحجوب	ShamAY	518	0.4225
		التاريخ المعتبر في أنباء من غبر «وهو كتاب جامع لتاريخ الأنبياء وتاريخ الإسلام وتراجم أئمته العظام إلى مبتدأ القرن العاشر الهجري»	مجير الدين العليمي عبد الرحمن بن محمد بن عبد الرحمن المقدسي الحنبلي (المولود بالقدس سنة 860 ه والمتوفى بها سنة 928 ه)	ShamelaY19	127698	0.42244
		تفسير نور الثقلين [ج ٤]	الشيخ عبد علي بن جمعة العروسي الحويزي	Rafed	2884	0.42242
		الوضاعون وأحاديثهم الموضوعة من كتاب الغدير للشيخ الأميني	السيد رامي يوزبكي	Masaha	483	0.42237
		أحاديث السري بن يحيى	السرى بن يحيى بن إياس بن حرملة بن إياس الشيبانى المحلمى، أبو الهيثم، ويقال أبو يحيى، البصرى (المتوفى: 167هـ)	ShamAY	29701	0.42233
		الفوائد الرجاليه	محمد باقر بن محمداكمل ( وحيد بهبهاني )	Ghbook	7065	0.4223
		ملاذ الاخيار في فهم تهذيب الاخبار	محمد بن حسن شيخ طوسي ( شيخ الطائفه )	Ghbook	10766	0.42229
		تربه الحسين عليه السلام	علي شهرستاني	Ghbook	13179	0.42229
		موجز علم السيره النبويه	نبيل قدوري الحسني	Ghbook	12328	0.42224
		بحار الأنوار [ج ٦٦]	الشيخ محمّد باقر بن محمّد تقي المجلسي	Rafed	1069	0.42222
		سفينه البحار و مدينه الحكم و الاثار مع تطبيق النصوص الوارده فيها علي بحار الانوا...	عباس قمي	Ghbook	12046	0.42215
		رسالة في حديث الوصية بالثقلين(الكتاب والسنة)	السيد علي الحسيني الميلاني	Masaha	283	0.4221
		نَظْم علوم الحديث المُسماة: «أقصى الأمل والسُّول في علم حديث الرسول صلى الله عليه وسلم»	شهاب الدين محمد بن أحمد الخُوَيِّي الشافعي (المتوفى 693 هـ)	ShamAY	38994	0.42209
		حديث بشر بن مطر	بشر بن مطر بن ثابت أبو أحمد الدقاق الواسطي (المتوفى: 262هـ)	ShamAY	29709	0.42203
		الجواب الجليل عن حكم بلد الخليل	ابن حجر العسقلاني (852 هـ)	ShamAY	34291	0.42193
		الكلام على حديث امرأتي لا ترد يد لامس لابن حجر - مخطوط (ن)	أبو الفضل أحمد بن علي بن محمد بن أحمد بن حجر العسقلاني (المتوفى: 852هـ)	ShamAY	11057	0.42179
		الأربعون حديثاً في الإمام المهدي	الحافظ أبي نعيم الأصبهاني	Masaha	50	0.42174
		 نفس المهموم في مصيبة سيدنا الحسين المظلوم ( يليه نفثة المصدور فيما يتجدد به حزن العاشور ) 	 الشيخ عباس القمي 	ABLibrary	7873	0.42164
		كتاب الأعلام بأعلام بيت الله الحرام	محمّد بن أحمد بن محمّد النهرواني	Rafed	2400	0.42157
		خصائص الائمه عليهم السلام : خصائص اميرالمومنين عليه السلام 	محمد بن الحسين شريف رضي ( سيد رضي )	Ghbook	2497	0.42152
		 عبقات الأنوار في إمامة الأئمة الأطهار ( فارسي ) 	 السيد حامد النقوي 	ABLibrary	8491	0.42138
		 إنارة الدجى في مغازي خير الورى ( ص ) 	 القاضي حسن بن محمد المشاط 	ABLibrary	7428	0.42138
		الكواكب السائرة بأعيان المئة العاشرة	نجم الدين محمد بن محمد الغزي (المتوفى: 1061هـ)	ShamAY	10912	0.42136
		مع الدكتور السالوس في آيه التطهير	آيت الله علي حسيني ميلاني	Ghbook	4816	0.42132
		محمد صلى اللّه عليه وسلم	محمد رضا (المتوفى: 1369هـ)	ShamAY	12935	0.4213
		أمير المؤمنين الحسن بن علي بن أبي طالب رضي الله عنه - شخصيته وعصره	عَلي محمد محمد الصَّلاَّبي	ShamAY	333	0.4213
		الإشارة في معرفة الأصول والوجازة في معنى الدليل	أبو الوليد سليمان بن خلف الباجي الأندلسي (المتوفى: سنة 474 ه)	ShamelaY19	20983	0.42119
		إعلام النبلاء بتاريخ حلب الشهباء [ج ٧]	محمد راغب بن محمود بن هاشم الطبّاخ الحلبي	Rafed	2397	0.42119
		حديث أبي اليمان	الحكم بن نافع البهرانى، أبو اليمان الحمصى (المتوفى: 222هـ)	ShamAY	29704	0.4211
		من أسماء النبي الأمين محمد - أحمد في الكتاب العربي المبين	أبو يوسف محمد زايد	ShamAY	37407	0.4211
		الاحاديث المقلوبه في مناقب الصحابه	آيت الله علي حسيني ميلاني	Ghbook	7522	0.42107
		الشيعة والتشيع - فرق وتاريخ	إحسان إلهي ظهير الباكستاني (المتوفى: 1407هـ)	ShamAY	686	0.42105
		موسوعه ام المومنين السيده خديجه عليها السلام في مصادر اهل السنه	ناصر رفيعي	Ghbook	16492	0.42103
		تاريخ عمان	سرحان بن سعيد الأزكوي العماني	Rafed	2178	0.42102
		جزء فيه تحرير الجواب عن ضرب الدواب	محمد بن عبد الرحمن بن محمد السخاوي (831 - 902)	ShamAY	36522	0.42101
		بحار الأنوار [ج ٥٠]	الشيخ محمّد باقر بن محمّد تقي المجلسي	Rafed	1005	0.42096
		تحفة المودود بأحكام المولود (دار الكتب العلمية)	ابن القيم	ShamAY	34423	0.42089
		العقد التمام فيمن زوجه النبي عليه الصلاة والسلام	يوسف بن حسن بن أحمد بن حسن ابن عبد الهادي الصالحي، جمال الدين، ابن ابن المبرد الحنبلي (المتوفى: 909ه)	Sham19Y	22341	0.42087
		خلاصة سير سيد البشر	أبو العباس، أحمد بن عبد الله بن محمد، محب الدين الطبري (المتوفى: 694هـ)	ShamAY	6583	0.42084
		جهود العلماء في تصنيف السيرة النبوية في القرنين الثامن والتاسع الهجريين	عبد الحميد بن علي فقيهي	ShamAY	11139	0.42083
		معجم الأدباء أو إرشاد الأريب إلى معرفة الأديب	أبو عبد الله ياقوت بن عبد الله الرومي الحموي	ShamAY	34599	0.42079
		الإمام علي الهادي عليه السلام سيرة وتاريخ	مركز الرسالة	Masaha	1667	0.42074
		 خلاصة عبقات الأنوار 	 السيد حامد النقوي 	ABLibrary	88	0.42059
		الآثار لمحمد بن الحسن الشيباني - ط النوادر	محمد بن الحسن الشيباني (189 هـ)	ShamAY	33987	0.42058
		القراءات والاحرف السبعة	عبدالرسول الغفاري	Ghbook	14944	0.42052
		الاكتفاء بما تضمنه من مغازي رسول الله - صلى الله عليه وسلم - والثلاثة الخلفاء	سليمان بن موسى بن سالم بن حسان الكلاعي الحميري، أبو الربيع (المتوفى: 634هـ)	ShamAY	9770	0.4205
		التحصين لأسرار ما زاد من كتاب اليقين‏	السيد علي بن موسى بن طاووس	Masaha	4805	0.4205
		تاريخ النجف الأشرف - الجزء1	عبد الزراق حرز الدين	Masaha	3386	0.42041
		مُعجَمُ أعلام الجزائِر - مِن صَدر الإسلام حَتّى العَصر الحَاضِر	عادل نويهض	ShamAY	1943	0.42038
		الإعجاز والإيجاز	عبد الملك بن محمد بن إسماعيل أبو منصور الثعالبي (المتوفى: 429ه)	Sham19Y	23741	0.42036
		إستقصاء الإعتبار [ج ١]	الشيخ محمّد بن الحسن بن الشّهيد الثّاني	Rafed	549	0.42031
		أشرف الوسائل إلى فهم الشمائل (ومعه: جواهر الدرر في مناقب ابن حجر)	أحمد بن محمد بن علي بن حجر الهيتمي السعدي الأنصاري، شهاب الدين شيخ الإسلام، أبو العباس (المتوفى: 974ه)	ShamelaY19	122255	0.42028
		الممنتقي من موسوعة ( وضوء النبي ) صلي الله عليه و آله	علي شهرستاني	Ghbook	16152	0.42023
		شرح طيبة النشر في القراءات العشر	محمد بن محمد بن محمد، أبو القاسم، محب الدين النُّوَيْري (المتوفى: 857هـ)	ShamAY	1527	0.42022
		مشيخة ابن حذلم	أبو الحسن القاضي أحمد بن سليمان بن أيوب بن داود بن عبد الله بن حَذْلَم الأسدي الدمشقي الأوزاعي (المتوفى: 347هـ)	ShamAY	29933	0.42014
		العَرْفُ الوَرْدِي في أخبار المَهْدِي	السيوطي	ShamAY	36053	0.42006
		حوارات في اصل العقيده	سعد حميد	Ghbook	11223	0.42003
		وسيلة الإسلام بالنبي عليه الصلاة والسلام	أحمد بن حسين بن علي بن الخطيب، أبو العباس القسنطيني، ابن قنفذ (المتوفى: 810ه)	Sham19Y	6587	0.41991
		الغصن الداني في ترجمة وحياة الشيخ عبد الرحمن التنلاني	أبو عبد الله محمد عبد القادر بن محمد بن المختار بن أحمد العالم القبلوي الجزائري المالكي الشهير بالشيخ باي بلعالم (المتوفى: 1430هـ)	ShamAY	1690	0.41981
		تاريخ أهل البيت‏	ابن أبي الثلج‏	Masaha	1950	0.41981
		مختصر تاريخ دمشق لابن عساكر	محمد بن مكرم بن على، أبو الفضل، جمال الدين ابن منظور الانصاري الرويفعى الإفريقى (المتوفى: 711هـ)	ShamAY	3118	0.41975
		المراجعات	عبدالحسين شرف الدين	Ghbook	2	0.41975
		الإعلام بتخيير المصلي بمكان وضع اليدين بعد تكبيرة الإحرام	خالد الشايع	ShamAY	36185	0.41972
		تاريخ الطبري: تاريخ الامم و الملوك	طبري ، ابوجعفر محمد بن جرير بن يزيد ( قرن 3و4 ق ) ( صاحب تاريخ طبري معروف - سني مذهب )	Ghbook	9678	0.41972
		حديث خطبه علي ، بنت ابي جهل	آيت الله علي حسيني ميلاني	Ghbook	4814	0.4197
		الذريعه الي تصانيف الشيعه 	آقا بزرگ تهراني	Ghbook	7179	0.41968
		تاريخ الإسلام ووفيات المشاهير والأعلام [ج ١٠]	شمس الدين محمّد بن أحمد بن عثمان الذّهبي	Rafed	3354	0.41964
		نهاية الأرب في معرفة أنساب العرب	أبو العباس أحمد بن علي القلقشندي (المتوفى: 821هـ)	ShamAY	31382	0.41962
		ترتيب خلاصه الاقوال في معرفه الرجال	حسن بن يوسف بن مطهر علامه حلي	Ghbook	13986	0.41955
		الإعجاز والإيجاز	عبد الملك بن محمد بن إسماعيل أبو منصور الثعالبي (المتوفى: 429هـ)	ShamAY	23741	0.41951
		 معرفة الإمام 	 السيد محمد حسين الطهراني 	ABLibrary	8890	0.41947
		وضوء النبي [ج ٢]	السيد علي الشهرستاني	Rafed	1871	0.41944
		شرح سنن أبي داود لابن رسلان	شهاب الدين أبو العباس أحمد بن حسين بن علي بن رسلان المقدسي الرملي الشافعي (المتوفى: 844 ه)	ShamelaY19	131521	0.41939
		 بحار الأنوار 	 العلامة المجلسي 	ABLibrary	742	0.41934
		الإمام الحسن العسكري عليه السلام سيرة وتاريخ	علي موسى الكعبي	Rafed	263	0.41932
		تشييد المراجعات [ج ١]	السيّد علي الحسيني الميلاني	Rafed	189	0.41929
		السيرة النبوية كما جاءت في الأحاديث الصحيحة	أبو عمر، محمد بن حمد الصوياني	ShamAY	31746	0.41928
		انصار الحسين عليه السلام: الثوره والثوار	محمد علي الحلو	Ghbook	12285	0.41927
		جزءٌ فيه شروط النصارى وبذيله أحاديث لأبي محمد عبد الوهاب بن أحمد الكلابي	عبد الله بن أحمد بن ربيعة بن زبر الربعي، أبو محمد (المتوفى: 329هـ)	ShamAY	27091	0.41925
		حديث الثقلين	آيت الله علي حسيني ميلاني	Ghbook	7626	0.41925
		مراه المراد في تحقيق مشتبهات رجال الاسناد	احمدبن مصطفي بن احمد الخمسئي السلطاني القزويني الخوئيني	Ghbook	15651	0.41924
		السيرة النبوية كما جاءت في الأحاديث الصحيحة	أبو عمر، محمد بن حمد الصوياني	Sham19Y	123668	0.41917
		التبصرة لابن الجوزي	جمال الدين أبو الفرج عبد الرحمن بن علي بن محمد الجوزي (المتوفى: 597ه)	ShamelaY19	26351	0.41916
		الورع لأحمد - العلمية	أحمد بن محمد بن حنبل الشيباني أبو عبدالله	ShamAY	33617	0.41914
		الإمام الحسن العسكري عليه السلام سيرة وتاريخ	علي موسى الكعبي	Masaha	1664	0.41913
		 تحفة الازهار وزلال الانهار في نسب ابناء الائمة الاطهار ( ع ) 	 ضامن بن شدقم الحسيني المدني 	ABLibrary	7460	0.4191
		 الموسوعة الكبرى عن فاطمة الزهراء ( س ) 	 اسماعيل الأنصاري الزنجاني الخوئيني 	ABLibrary	7833	0.41901
		فضل أبي بكر الصديق رضي الله عنه	تقي الدين أبو العباس أحمد بن عبد الحليم بن عبد السلام بن عبد الله بن أبي القاسم بن محمد ابن تيمية الحراني الحنبلي الدمشقي (المتوفى: 728ه)	ShamelaY19	22808	0.419
		أسباب النزول في ضوء روايات أهل البيت	السيد مجيب الرفيعي	Masaha	141	0.41891
		الغصن الداني في ترجمة وحياة الشيخ عبد الرحمن التنلاني	أبو عبد الله محمد عبد القادر بن محمد بن المختار بن أحمد العالم القبلوي الجزائري المالكي الشهير بالشيخ باي بلعالم (المتوفى: 1430ه)	ShamelaY19	96179	0.4189
		التكميل لما فات تخريجه من إرواء الغليل	صالح بن عبد العزيز بن محمد بن إبراهيم آل الشيخ	Sham19Y	9105	0.41886
		 أعيان الشيعة 	 السيد محسن الأمين 	ABLibrary	82	0.41882
		تاريخ عمان المقتبس من كتاب كشف الغمة الجامع لأخبار الأمة	سرحان بن سعيد الأزكوي	Masaha	4139	0.41876
		البلدان لليعقوبي‏	أحمد بن إسحاق اليعقوبي	Masaha	3714	0.41861
		عمدة الأحكام الكبرى	عبد الغني بن عبد الواحد بن علي بن سرور المقدسي الجماعيلي الدمشقي الحنبلي، أبو محمد، تقي الدين (المتوفى: 600 هـ)	ShamAY	32373	0.41856
		حسن المحاضرة في أخبار مصر والقاهرة [ج ١]	جلال الدين عبد الرحمن بن أبي بكر السيوطي	Rafed	2158	0.41851
		جزء سعدان	سعدان بن نصر بن منصور، أبو عثمان الثقفي المخرمي البزاز (المتوفى: 265ه)	ShamelaY19	26816	0.4185
		المقنع في علوم الحديث	ابن الملقن سراج الدين أبو حفص عمر بن علي بن أحمد الشافعي المصري (المتوفى: 804ه)	Sham19Y	5976	0.41848
		الروايات التفسيرية في فتح الباري	عبد المجيد الشيخ عبد الباري	ShamAY	7447	0.41846
		الإعجاز والإيجاز	عبد الملك بن محمد بن إسماعيل أبو منصور الثعالبي (المتوفى: 429ه)	ShamelaY19	23741	0.41843
		منتخب الأنوار في تاريخ الأئمة الأطهار(ع)	محمد بن همام الاسكافي	Masaha	3292	0.4184
		مختصر سنن أبي داود للمنذري ت حلاق	الحافظ عبد العظيم بن عبد القوي المنذري (المتوفى: 656 ه)	Sham19Y	20944	0.41839
		معجم البلدان [ج ٣]	شهاب الدين أبي عبدالله ياقوت بن عبدالله الحموي الرومي البغدادي	Rafed	3110	0.41836
		مختصر سنن أبي داود للمنذري ت حلاق	الحافظ عبد العظيم بن عبد القوي المنذري (المتوفى: 656 ه)	ShamelaY19	20944	0.41831
		الامام الكاظم عليه السلام سيد بغداد و حاميها وشفيعها	علي كوراني	Ghbook	12354	0.41825
		الروايات المتعارضة في غزوة بدر جمعاً وتوثيقاً	محمد بن محمد العواجي	ShamAY	37433	0.41821
		 حسن المحاضرة في أخبار مصر والقاهرة 	 جلال الدين السيوطي 	ABLibrary	9035	0.41821
		شرح الأخبار في فضائل الأئمة الأطهار [ج ٢]	القاضي النعمان بن محمّد التميميّ المغربي	Rafed	788	0.41815
		التبصرة لابن الجوزي	جمال الدين أبو الفرج عبد الرحمن بن علي بن محمد الجوزي (المتوفى: 597ه)	Sham19Y	26351	0.41808
		شذرات من كتب مفقودة في التاريخ	استخرجها وحققها الدكتور إحسان عباس (المتوفى: 1424هـ)	ShamAY	1023	0.41803
		المقنع في علوم الحديث	ابن الملقن سراج الدين أبو حفص عمر بن علي بن أحمد الشافعي المصري (المتوفى: 804هـ)	ShamAY	5976	0.41802
		فوائد ابن الباغبان (مطبوع ضمن كتاب جمهرة الأجزاء الحديثية)	أَبُو الخَيْرِ مُحَمَّدُ بنُ أَحْمَدَ بنِ مُحَمَّدِ بنِ عُمَرَ بنِ القَاسِمِ بنِ عَبْدِ اللهِ بنِ عَلِيِّ بنِ إِسْحَاقَ بنِ سندَارَ الأَصْبَهَانِيُّ، المُقَدِّرُ، المُهَنْدِسُ، المُؤَذِّنُ، الصُّوْفِيُّ، شُهِرَ بِالبَاغْبَانِ. (المتوفى: 559هـ)	ShamAY	9592	0.41795
		 بهجة المحافل وبغية الأماثل 	 عماد الدين يحيى بن أبي بكر العامري 	ABLibrary	7442	0.41792
		الحسن بن علي بن أبي طالب رضي الله عنه	علي محمد محمد الصلابي	ShamAY	35786	0.41791
		 بحار الأنوار 	 العلامة المجلسي 	ABLibrary	748	0.41791
		نهاية الأرب في معرفة أنساب العرب	أبو العباس أحمد بن علي القلقشندي (المتوفى: 821ه)	Sham19Y	31382	0.41787
		تدوين السنة النبوية في القرنين الثاني والثالث للهجرة	محمد بن صادق بنكيران	ShamAY	11090	0.41784
		الدارس في تاريخ المدارس	عبد القادر بن محمد النعيمي الدمشقي (المتوفى: 927هـ)	ShamAY	8880	0.4178
		الروايات التفسيرية في فتح الباري	عبد المجيد الشيخ عبد الباري	Sham19Y	7447	0.41776
		عمدة الأحكام الكبرى	عبد الغني بن عبد الواحد بن علي بن سرور المقدسي الجماعيلي الدمشقي الحنبلي، أبو محمد، تقي الدين (المتوفى: 600 ه)	Sham19Y	11194	0.41776
		مختصر التحفة الاثني عشرية	الألوسي، محمود شكري	ShamAY	529	0.41774
		 مناحل الشفا ومناهل الصفا بتحقيق كتاب شرف المصطفى ( ص ) 	 عبد الملك الخركوشي النيسابوري 	ABLibrary	7587	0.41769
		تذكرة الأعيان‌	الشيخ جعفر السبحاني	Masaha	3519	0.41765
		وسائل الشيعة [ج ٢٢]	محمد بن الحسن الحرّ العاملي [ العلامة الشيخ حرّ العاملي ]	Rafed	339	0.41762
		حديث الاقتداء بالشيخين ( ابي بكر و عمر )	آيت الله علي حسيني ميلاني	Ghbook	4795	0.41761
		أبو هريرة راوية الإسلام	الدكتور محمد عجاج خطيب	ShamAY	208	0.41758
		العين حق	محمد بن عبد المعطي	ShamelaY19	29566	0.41751
		تراثنا ـ العددان [ 7 و 8 ]	مؤسسة آل البيت عليهم السلام لإحياء التراث ـ قم	Rafed	2637	0.41747
		منتخب الصحاح	محمد باقربن محمدنقي شفتي بيدآبادي	Ghbook	13081	0.41738
		كشف الظنون عن أسامي الكتب والفنون	مصطفى بن عبد الله كاتب جلبي القسطنطيني المشهور باسم حاجي خليفة أو الحاج خليفة (المتوفى: 1067ه)	Sham19Y	2118	0.41734
		التخريج عند المحدثين معانيه ومصادره ووظائفه	دخيل بن صالح اللحيدان	ShamAY	34023	0.4173
		مقدمة إملاء الاستذكار للحافظ أبي عمر ابن عبد البر القرطبي - سلسلة لقاء العشر الأواخر بالمسجد الحرام (31)	صدر الدين، أبو طاهر السِّلَفي أحمد بن محمد بن أحمد بن محمد بن إبراهيم سِلَفَه الأصبهاني (المتوفى: 576 هـ)	ShamAY	32529	0.41728
		أدب النساء الموسوم بكتاب العناية والنهاية	عبد الملك بن حَبِيب بن حبيب بن سليمان بن هارون السلمي الإلبيري القرطبي، أبو مروان (المتوفى: 238هـ)	ShamAY	26808	0.41726
		معارج الوصول إلى معرفة آل الرسول و البتول‏	جمال الدين محمد بن يوسف الزرندي الحنفي‏	Masaha	2855	0.41726
		مجالس العلماء للزجاجي	عبد الرحمن بن إسحاق البغدادي النهاوندي الزجاجي، أبو القاسم (المتوفى: 337ه)	ShamelaY19	26676	0.41721
		 دراسات فقهية في مسائل خلافية 	 الشيخ نجم الدين الطبسي 	ABLibrary	982	0.41713
		التنبيه على أوهام أبي علي في أماليه	أبو عبيد عبد الله بن عبد العزيز بن محمد البكري الأندلسي (المتوفى: 487 هـ)	ShamAY	6752	0.4171
		التبصرة لابن الجوزي	جمال الدين أبو الفرج عبد الرحمن بن علي بن محمد الجوزي (المتوفى: 597هـ)	ShamAY	26351	0.41709
		معجم البلدان [ج ١]	شهاب الدين أبي عبدالله ياقوت بن عبدالله الحموي الرومي البغدادي	Rafed	2619	0.41703
		الادباء من آل ابي طالب عليه السلام	سيدمهدي رجايي	Ghbook	15557	0.417
		 تاريخ بيهق 	 علي بن زيد البيهقي 	ABLibrary	8988	0.41695
		الصّلاة خير من النوم شرعة أم بدعة	السيد علي الشهرستاني	Rafed	3846	0.41693
		الشيع و النص	جاسم  هاتو الموسوي	Ghbook	10553	0.41686
		الفوائد الرجاليه	محمد اسماعيل بن الحسين بن محمدرضا مازندراني خواجوئي	Ghbook	9012	0.41681
		نداءات القرآن لبني الإنسان	أبو يوسف محمد زايد	ShamAY	33121	0.41679
		تراثنا ـ العددان [ 66 و 67 ]	مؤسسة آل البيت عليهم السلام لإحياء التراث ـ قم	Rafed	3298	0.41679
		تاريخ الشّحر وأخبار القرن العاشر	محمّد بن عمر الطيّب بافقيه	Rafed	2219	0.41676
		أصول كشف ما يظن فيه التعارض في الأدلة وتطبيقاتها من كلام أئمة السلف	علي بن خضير الخضير	ShamAY	37550	0.41669
		نهاية الأرب في معرفة أنساب العرب	أبو العباس أحمد بن علي القلقشندي (المتوفى: 821ه)	ShamelaY19	31382	0.41654
		مسائل الإمام أحمد رواية أبي داود سليمان بن الأشعث السجستاني	السجستاني، أبو داود	ShamAY	34273	0.41647
		تنبيه اللاهي على تحريم الملاهي	الأنصاري، إسماعيل	ShamAY	36241	0.41641
		الامام الكاظم عليه السلام سيّد بغداد	الشيخ علي الكوراني العاملي	Rafed	3081	0.41641
		صفحات مشرقة من حياة السلف، سفيان بن سعيد الثوري	أبو ياسر محمد بن مطر بن عثمان آل مطر الزهراني (المتوفى: 1427هـ)	ShamAY	31643	0.4164
		غزوة فتح مكة في ضوء السنة المطهرة	عبد الرحمن بن سعيد بن علي بن وهف القحطاني (المتوفى: 1422ه)	ShamelaY19	96511	0.41633
		الثاني من حديث سفيان بن عيينة للطائي	على بن حرب بن محمد بن على الطائى، أبو الحسن الموصلى (المتوفى: 265هـ)	ShamAY	29708	0.4162
		كتاب لمحات الأنوار ونفحات الأزهار وري الظمآن لمعرفة ما ورد من الآثار في ثواب قارئ القرآن	محمد بن عبد الواحد بن إبراهيم الغافقي (549 - 619 هـ)	ShamAY	34080	0.41613
		فضل أهل البيت وعلو مكانتهم عند أهل السنة والجماعة	عبد المحسن بن حمد بن عبد المحسن بن عبد الله بن حمد العباد البدر	ShamAY	11233	0.41602
		بيوت الصحابة حول المسجد النبوي	محمد إلياس عبد الغني	ShamAY	38407	0.41586
		بحار الأنوار [ج ١٠١]	الشيخ محمّد باقر بن محمّد تقي المجلسي	Rafed	1461	0.41584
		معجم البلدان	شهاب الدين أبو عبد الله ياقوت بن عبد الله الرومي الحموي (المتوفى: 626ه)	Sham19Y	23735	0.4158
		قتله الامام الحسين ( عليه السلام ) و الجزاء الدنيوي	آيت الله العظمي سيد محمد حسيني شيرازي	Ghbook	7774	0.41574
		الموسوعة في صحيح السيرة النبوية - العهد المكي	أبو إبراهيم، محمد إلياس عبد الرحمن الفالوذة	ShamAY	31748	0.41572
		الرد على من زعم أن الخضر حي	الواحدي :: علي بن نايف الشحود	ShamAY	36092	0.41568
		عمر بن عبد العزيز معالم التجديد والإصلاح الراشدي على منهاج النبوة	عَلي محمد محمد الصَّلاَّبي	ShamAY	299	0.41551
		مرآة العقول [ج ١٧]	الشيخ محمّد باقر بن محمّد تقي المجلسي	Rafed	1056	0.41543
		وسيلة الإسلام بالنبي عليه الصلاة والسلام	أحمد بن حسين بن علي بن الخطيب، أبو العباس القسنطيني، ابن قنفذ (المتوفى: 810هـ)	ShamAY	6587	0.41535
		قوت المغتذين بفتح المقتدين	الإمام محمد عبد الحي اللكنوي (ت1304هـ)	ShamAY	36023	0.41534
		الكافي [ج ١٣]	أبو جعفر محمّد بن يعقوب الكليني الرازي	Rafed	1133	0.41531
		ثلاث تراجم نفيسة للأئمة الأعلام ابن تيمية والحافظ علم الدين البزرالي والحافظ جمال الدين المزي	شمس الدين أبو عبد الله محمد بن أحمد بن عثمان بن قَايْماز الذهبي (المتوفى: 748هـ)	ShamAY	6653	0.41529
		معجم البلدان	شهاب الدين أبو عبد الله ياقوت بن عبد الله الرومي الحموي (المتوفى: 626هـ)	ShamAY	23735	0.41525
		الخراج - المطبعة السلفية	أبو يوسف يعقوب بن إبراهيم	ShamAY	34334	0.41524
		الأثر الخالد في الولد والوالد	السيد علي العلوي	Masaha	503	0.4152
		تاريخ الأمم و الملوك‏‏‏ - الجزء1	ابن جرير الطبري	Masaha	1963	0.41514
		المنثور من الحكايات والسؤالات لابن طاهر المقدسي	أبو الفضل محمد بن طاهر بن علي بن أحمد المقدسي الشيباني، المعروف بابن القيسراني (المتوفى: 507هـ)	ShamAY	26876	0.415
		منازل الأئمة الأربعة أبي حنيفة ومالك والشافعي وأحمد	أبو زكريا يحيى بن إبراهيم بن أحمد بن محمد أبو بكر بن أبي طاهر الأزدي السلماسي (المتوفى: 550هـ)	ShamAY	12089	0.41499
		تاريخ الإسلام ووفيات المشاهير والأعلام [ج ٧]	شمس الدين محمّد بن أحمد بن عثمان الذّهبي	Rafed	3337	0.41487
		العشرة من مرويات صالح بن أحمد وزياداتها	يوسف بن حسن بن أحمد بن حسن ابن عبد الهادي الصالحي، جمال الدين، ابن المبرد الحنبلي (المتوفى: 909هـ)	ShamAY	9387	0.41486
		نزهة الأبصار في مناقب الأنصار لابن الفراء	القاضي أبو بكر عتيق بن الفراء الغساني الأندلسي (698 هـ)	ShamAY	33595	0.41483
		التلخيص الحبير في تخريج أحاديث الرافعي الكبير	أبو الفضل أحمد بن علي بن محمد بن أحمد بن حجر العسقلاني (المتوفى: 852هـ)	ShamAY	1581	0.41482
		الفتنة ووقعة الجمل	سيف بن عمر الأسدي التَّمِيمي (المتوفى: 200هـ)	ShamAY	7536	0.41479
		الإمام عليّ الهادي عليه السلام سيرة وتاريخ	علي موسى الكعبي	Rafed	616	0.41473
		 كتاب المقالات والفرق 	 أبي خلف سعد الأشعري القمي 	ABLibrary	8639	0.41466
		عوالي الليث بن سعد	زين الدين أبو العدل قاسم بن قطلوبغا السودوني (نسبة إلى معتق أبيه سودون الشيخوني) الجمالي الحنفي (المتوفى: 879ه)	Sham19Y	5676	0.41454
		جزء في مسح الوجه بعد الدعاء	بكر بن عبد الله أبو زيد	ShamAY	34323	0.41448
		تراثنا ـ العددان [ 69 و 70 ]	مؤسسة آل البيت عليهم السلام لإحياء التراث ـ قم	Rafed	3300	0.41448
		نيل الابتهاج بتطريز الديباج	أحمد بابا بن أحمد بن الفقيه الحاج أحمد بن عمر بن محمد التكروري التنبكتي السوداني، أبو العباس (المتوفى: 1036 هـ)	ShamAY	32462	0.4144
		إعتاب الكتاب	ابن الأبار، محمد بن عبد الله بن أبي بكر القضاعي البلنسي (المتوفى: 658هـ)	ShamAY	8190	0.41436
		اتمام النعمه بتصحيح حديث (علي باب دار الحكمه)	حسن حسيني آل مجدد شيرازي	Ghbook	7514	0.4143
		أكثر مدة الحمل د سعد الخثلان	سعد الخثلان	ShamAY	36698	0.41423
		التذكير ببعض أحكام العمامة	خالد الغرباني	ShamAY	36669	0.41421
		 خلاصة عبقات الأنوار 	 السيد حامد النقوي 	ABLibrary	92	0.41399
		ابوبكر بن ابي قحافه	علي خليلي	Ghbook	7095	0.41393
		ناس لا يحبهم القهار من الكتاب والسنة والاثار	أبو يوسف محمد زايد	ShamAY	35121	0.41389
		الحفظ وأثره في قبول الحديث ـ دراسة تأصيلية تطبيقية	أحمد بكري الطاهر	ShamAY	35905	0.41384
		أسماء خيل العرب وأنسابها وذكر فرسانها	الحسن بن أحمد بن محمد الأعرابي، أبو محمد الأسود الغندجاني (المتوفى: نحو 430ه)	ShamelaY19	120141	0.41384
		سلسلة الآثار الصحيحة أو الصحيح المسند من أقوال الصحابة والتابعين	أبو عبد الله الداني بن منير آل زهوي	ShamAY	32422	0.41378
		الإماء الشواعر	علي بن الحسين بن محمد بن أحمد بن الهيثم المرواني الأموي القرشي، أبو الفرج الأصبهاني (المتوفى: 356هـ)	ShamAY	9221	0.41377
		 منائح الكرم 	 علي بن تاج الدين السنجاري 	ABLibrary	9225	0.41363
		أشراط الساعة وذهاب الأخيار وبقاء الأشرار لعبد الملك بن حبيب	عبد الملك بن حَبِيب بن حبيب بن سليمان بن هارون السلمي الإلبيري القرطبي، أبو مروان (المتوفى: 238هـ)	ShamAY	26569	0.41361
		أدوار الفقه الإمامي‌	الشيخ جعفر السبحاني	Masaha	3486	0.41361
		 الدارس في تاريخ المدارس 	 عبد القادر بن محمد النعيمي الدمشقي 	ABLibrary	9061	0.41358
		تراثنا ـ العدد [ 57 ]	مؤسسة آل البيت عليهم السلام لإحياء التراث ـ قم	Rafed	3241	0.41357
		منهج المتقدمين في التدليس	ناصر الفهد	ShamAY	37353	0.41352
		مختصر سنن أبي داود للمنذري ت حلاق	الحافظ عبد العظيم بن عبد القوي المنذري (المتوفى: 656 هـ)	ShamAY	38878	0.41346
		أبو هريرة راوية الإسلام	الدكتور محمد عجاج خطيب	ShamelaY19	29967	0.41345
		الفرقان في تفسير القرآن بالقرآن والسنّة [ج ٩]	الشيخ محمد الصادقي	Rafed	3020	0.41328
		اغتيال الخليفه ابي بكر و عائشه 	نجاح الطائي	Ghbook	7520	0.4132
		عجَالة الإملاءِ المتَيسرةِ من التذنيب	إبراهيم بن محمد بن محمود بن بدر، برهان الدين، أبو إسحاق الحلبي القبيباتي الشافعيّ الناجي (المتوفى: 900هـ)	ShamAY	31584	0.41311
		شباب الصحابة	الواحدي :: محمد الدويش	ShamAY	34806	0.41305
		شرح منهاج الكرامه في معرفه الامامه	آيت الله علي حسيني ميلاني	Ghbook	4777	0.413
		 التذكرة في أحوال الموتى وأمور الآخرة 	 القرطبي 	ABLibrary	8377	0.41297
		 كتاب الإعلام بأعلام بيت الله الحرام 	 محمد بن أحمد النهرواني 	ABLibrary	9161	0.41282
		معجم البلدان - الجزء1	ياقوت الحموي	Masaha	2942	0.41277
		عجالة الإملاء المتيسرة من التذنيب	إبراهيم بن محمد بن محمود بن بدر، برهان الدين، أبو إسحاق الحلبي القبيباتي الشافعي الناجي (المتوفى: 900ه)	Sham19Y	97928	0.41276
		تاريخ ابن الوردي	عمر بن مظفر بن عمر بن محمد ابن أبي الفوارس، أبو حفص، زين الدين ابن الوردي المعري الكندي (المتوفى: 749ه)	Sham19Y	6624	0.41272
		التكميل لما فات تخريجه من إرواء الغليل	صالح بن عبد العزيز بن محمد بن إبراهيم آل الشيخ	ShamAY	9105	0.41271
		العين حق	محمد بن عبد المعطي	ShamAY	38904	0.4127
		مرآة العقول [ج ٤]	الشيخ محمّد باقر بن محمّد تقي المجلسي	Rafed	1013	0.4127
		المعجب في تلخيص أخبار المغرب من لدن فتح الأندلس إلى آخر عصر الموحدين	عبد الواحد بن علي التميمي المراكشي، محيي الدين (المتوفى: 647هـ)	ShamAY	8559	0.41258
		ابحاث عقائدية تفسيرية فقهية: امهات الائمة عليهم السلام وزوجاتهم	نجاح الطائي	Ghbook	15946	0.41244
		الباعث على إنكار البدع والحوادث	أبو القاسم شهاب الدين عبد الرحمن بن إسماعيل بن إبراهيم المقدسي الدمشقي المعروف بأبي شامة (المتوفى: 665هـ)	ShamAY	6276	0.41243
		وصف الفردوس لعبد الملك بن حبيب	عبد الملك بن حبيب الأندلسي	ShamAY	33596	0.41243
		الخرائج و الجرائح (الامام المهدي عجل الله تعالي فرجه الشريف)	قطب الدين سعيد بن هبة الله راوندي	Ghbook	6600	0.41222
		الدّارس في التاريخ المدارس [ج ١]	عبد القادر بن محمّد النعيمي الدمشقي	Rafed	2211	0.41221
		غزوة فتح مكة في ضوء السنة المطهرة	عبد الرحمن بن سعيد بن علي بن وهف القحطاني (المتوفى: 1422ه)	Sham19Y	96511	0.4122
		كمال الدين و تمام النعمة - الجزء1	الشيخ الصدوق	Masaha	2494	0.4122
		تفسير الحبري‏	حسين بن حكم الكوفي الحبري‏	Masaha	1957	0.4122
		صحيح وضعيف تاريخ الطبري	الإمام أبو جعفر بن جرير الطبري (224 - 310 ه)	ShamelaY19	145435	0.41208
		أحاديث وقصص لا تثبت انتشرت عبر البريد الإلكتروني	عبد الله بن زقيل	ShamAY	33089	0.41202
		رسالة في الاحاديث المقلوبة في مناقب الصحابة	السيّد علي الحسيني الميلاني	Rafed	221	0.41198
		أحوال الإمام الزاهد أبي عمر محمد بن أحمد بن محمد بن قدامة بن نصر المقدسي رحمه الله تعالى	الضياء المقدسي (643 هـ)	ShamAY	34572	0.41193
		بر الوالدين للبخاري - ط البخاري ت الشرقاوي	أبو عبد الله محمد بن إسماعيل البخاري	ShamAY	38121	0.41188
		الكلام على حديث الإستلقاء لأبي موسى المديني - مخطوط (ن)	محمد بن عمر بن أحمد بن عمر بن محمد الأصبهاني المديني، أبو موسى (المتوفى: 581هـ)	ShamAY	21633	0.41188
		موسوعه الامام العسكري ( عليه السلام )	محمد حسيني قزويني	Ghbook	6237	0.41184
		الإعلام بالكتب المصنفة في احاديث الأاحكام	أبو يعلى البيضاوي	ShamAY	37334	0.41181
		شرح جزء من كتاب الطهارة من سنن النسائي للشيخ العباد	عبد المحسن العباد	ShamAY	35964	0.41165
		 بحار الأنوار 	 العلامة المجلسي 	ABLibrary	759	0.4116
		نفحات الأزهار في خلاصة عبقات الأنوار [ج ١]	السيّد علي الحسيني الميلاني	Rafed	426	0.41159
		النقد الصحيح لما اعترض من أحاديث المصابيح	صلاح الدين أبو سعيد خليل بن كيكلدي بن عبد الله الدمشقي العلائي (المتوفى: 761هـ)	ShamAY	8602	0.41158
		الأغصان الندية شرح الخلاصة البهية بترتيب أحداث السيرة النبوية	أبو أسماء محمد بن طه	ShamelaY19	122394	0.41156
		نظرة في كتاب البداية والنهاية	العلامة الأميني	Rafed	3617	0.41151
		خلاصة الأثر في أعيان القرن الحادي عشر	محمد أمين بن فضل الله بن محب الدين بن محمد المحبي الحموي الأصل، الدمشقي (المتوفى: 1111ه)	Sham19Y	6678	0.41149
		فلاح السائل	السيّد رضي الدين أبو القاسم علي بن موسى بن جعفر بن طاووس الحسني الحلّي [ السيّد بن طاووس ]	Rafed	1744	0.41149
		الكافي [ج ٤]	أبو جعفر محمّد بن يعقوب الكليني الرازي	Rafed	992	0.41147
		تاريخ ابن الوردي	عمر بن مظفر بن عمر بن محمد ابن أبي الفوارس، أبو حفص، زين الدين ابن الوردي المعري الكندي (المتوفى: 749هـ)	ShamAY	6624	0.41145
		إزالة الشبهة عن حديث التربة	عبد القادر بن حبيب الله السندي	ShamelaY19	22821	0.41139
		القلائد الجوهريّة في تاريخ الصالحيّة	أبي عبد الله شمس الدين محمّد بن علي بن طولون الدمشقي الصالحي [ ابن طولون ]	Rafed	2313	0.41138
		العواصم من القواصم في تحقيق مواقف الصحابة بعد وفاة النبي صلى الله عليه وسلم	القاضي محمد بن عبد الله أبو بكر بن العربي المعافري الاشبيلي المالكي (المتوفى: 543ه)	ShamelaY19	30897	0.41134
		طرق التخريج بحسب الراوي الأعلى	دخيل بن صالح اللحيدان	ShamAY	4067	0.41132
		 القلائد الجوهرية في تاريخ الصالحية 	 محمد بن طولون الصالحي 	ABLibrary	9159	0.41126
		فتح الأبواب	السيد علي بن موسى بن طاووس	Masaha	1034	0.41126
		ترتيب المدارك وتقريب المسالك	أبو الفضل القاضي عياض بن موسى اليحصبي (المتوفى: 544هـ)	ShamAY	31215	0.41123
		خصائص الائمة عليهم السلام ( خصائص امير المؤمنين عليه السلام )	أبي الحسن محمّد بن الحسين بن موسى الموسوي البغدادي	Rafed	236	0.41119
		البرهان في تفسير القرآن	هاشم بن سليمان بحراني	Ghbook	2694	0.41119
		مناقب آل أبي طالب - الجزء1	ابن شهر آشوب المازندراني	Masaha	3007	0.41103
		أخبار النعمان بن بشير الأنصاري - رضي الله عنه - من روايات أبي الفرج الأصفهاني [في ميزان النقد العلمي]	محمد علي كاتبي	ShamAY	35852	0.411
		الإمام علي الهادي عليه السلام	الشيخ علي الكوراني العاملي	Rafed	1232	0.41097
		شرح سنن أبي داود للعباد	عبد المحسن بن حمد بن عبد المحسن بن عبد الله بن حمد العباد البدر	ShamAY	113	0.41087
		 مآثر الكبراء تاريخ سامراء 	 الشيخ ذبيح الله المحلاتي 	ABLibrary	9175	0.41079
		ثمرات الأعواد [ج ٢]	علي بن الحسين الهاشمي الخطيب	Rafed	1621	0.41074
		تعريب‏ تاريخ سجستان	مجهول	Masaha	4659	0.41059
		شرح سنن أبي داود للعباد	عبد المحسن بن حمد بن عبد المحسن بن عبد الله بن حمد العباد البدر	ShamelaY19	37052	0.41057
		إحقاق الحقّ وإزهاق الباطل [ج ١٩]	السيّد نور الله الحسيني المرعشي التستري	Rafed	2759	0.41031
		كشف الظنون عن أسامي الكتب والفنون	مصطفى بن عبد الله كاتب جلبي القسطنطيني المشهور باسم حاجي خليفة أو الحاج خليفة (المتوفى: 1067هـ)	ShamAY	38843	0.41029
		تفسير الصراط المستقيم	آيت الله العظمي سيد حسين طباطبايي بروجردي	Ghbook	10769	0.41026
		غزوة فتح مكة في ضوء السنة المطهرة	عبد الرحمن بن سعيد بن علي بن وهف القحطاني (المتوفى: 1422هـ)	ShamAY	1863	0.41015
		خلاصة الأثر في أعيان القرن الحادي عشر	محمد أمين بن فضل الله بن محب الدين بن محمد المحبي الحموي الأصل، الدمشقي (المتوفى: 1111هـ)	ShamAY	6678	0.41014
		مطالع الأنوار على صحاح الآثار	إبراهيم بن يوسف بن أدهم الوهراني الحمزي، أبو إسحاق ابن قرقول (المتوفى: 569هـ)	ShamAY	31713	0.41013
		مجموع بلدان اليمن وقبائلها [ج ٢]	محمّد بن أحمد الحجري اليماني	Rafed	2491	0.41011
		حكم بناء الكنائس والمعابد الشركية في بلاد المسلمين	إسماعيل بن محمد بن ماحي السعدي الأنصاري (المتوفى: 1417ه)	ShamelaY19	30828	0.41008
		فقه عمل اليوم والليلة	أبو محمد عبد الله بن مانع بن غلاب الغبيوي الروقي العتيبي	ShamAY	32516	0.41006
		فقه عمل اليوم والليلة	أبو محمد عبد الله بن مانع بن غلاب الغبيوي الروقي العتيبي	Sham19Y	17865	0.41004
		الروح ط دار الفكر العربي	محمد بن أبي بكر بن أيوب بن سعد شمس الدين ابن قيم الجوزية (المتوفى: 751هـ)	ShamAY	34432	0.40998
		شرح تفسير ابن كثير - الراجحي	عبد العزيز بن عبد الله بن عبد الرحمن الراجحي	ShamelaY19	37048	0.40995
		البدرُ التمام شرح بلوغ المرام	الحسين بن محمد بن سعيد اللاعيّ، المعروف بالمَغرِبي (المتوفى: 1119 هـ)	ShamAY	32509	0.40987
		الجامع لعلوم الإمام أحمد - شرح الأحاديث والآثار	إبراهيم النحاس	ShamelaY19	20866	0.40984
		مآثر الكبراء في تأريخ سامرّاء [ج ٣]	الشيخ ذبيح الله المحلاتي	Rafed	2372	0.40972
		بغية الراوي في ترجمة الإمام النواوي	الإمام كمال الدين أبي عبد الله محمد بن محمد بن عبد الرحمن الشافعي المعروف بابن إمام الكاملية (874 هـ)	ShamAY	34635	0.40963
		تاريخ المدينة	محمد بن أحمد النهرواني	Masaha	4776	0.40955
		الكلام على وصول القراءة للميت لابن سرور المقدسي	محمد بن إبراهيم بن عبد الواحد بن علي، أبو عبد الله شمس الدين ابن أبي السرور المقدسي الحنبلي (المتوفى: 676هـ)	ShamAY	26924	0.40946
		مرآة الجنان وعبرة اليقظان في معرفة ما يعتبر من حوادث الزمان	أبو محمد عفيف الدين عبد الله بن أسعد بن علي بن سليمان اليافعي (المتوفى: 768هـ)	ShamAY	9091	0.40943
		جزء بكر بن بكار - مطبوع ضمن جمهرة الأجزاء الحديثية	بَكْرُ بنُ بَكَّارٍ أَبُو عَمْرٍو القَيْسِيُّ البَصْرِيُّ (المتوفى: 207هـ)	ShamAY	11475	0.40939
		 معرفة الإمام 	 السيد محمد حسين الطهراني 	ABLibrary	8889	0.40932
		وفاء الوفا بأخبار دار المصطفى [ج ٣]	نور الدين علي بن أحمد السّمهودي	Rafed	2520	0.40923
		الغدير في الكتاب والسنّة والأدب [ج ١٠]	الشيخ عبد الحسين أحمد الأميني النجفي	Rafed	2021	0.40917
		الإبانة عن معاني القراءات	أبو محمد مكي بن أبي طالب حَمّوش بن محمد بن مختار القيسي القيرواني ثم الأندلسي القرطبي المالكي (المتوفى: 437هـ)	ShamAY	8676	0.40908
		من تكلم فيه الدارقطني في كتاب السنن من الضعفاء والمتروكين والمجهولين (فيه أكثر من مائتي ترجمة ليست في سنن الدارقطني المطبوع)	محمد بن عبد الرحمن بن محمد بن أحمد بن التقي سليمان بن حمزة المقدسي ثم الصالحي ناصر الدين المعروف بابن زريق (المتوفى: 803ه)	Sham19Y	13244	0.40908
		الغنية عن الكلام وأهله	الخطابي	ShamAY	33606	0.40902
		غريب الحديث	أبو عبيد القاسم بن سلام الهروي	ShamelaY19	32196	0.40902
		إعلام الورى بأعلام الهدى - الجزء1	الشيخ ابو علي الفضل بن الحسن الطبرسي	Masaha	673	0.409
		إزالة الشبهة عن حديث التربة	عبد القادر بن حبيب الله السندي	ShamAY	22821	0.40892
		مسائل حرب الكرماني من كتاب النكاح إلى نهاية الكتاب - ت فايز حابس	أبو محمد حرب بن إسماعيل بن خلف الكرماني (المتوفى: 280 ه)	Sham19Y	12527	0.4089
		عصر الخلافة الراشدة محاولة لنقد الرواية التاريخية وفق منهج المحدثين	أكرم بن ضياء العمري	ShamAY	31726	0.40882
		عون المعبود شرح سنن أبي داود (ط. المكبتة السلفية)	أبو الطيب محمد شمس الحق العظيم آبادي	ShamAY	33531	0.4088
		الكلام الجليل فيما يتعلق بالمنديل	الإمام محمد عبد الحي اللكنوي (ت1304هـ)	ShamAY	36011	0.40868
		من وافق اسمه كنية أبيه للأزدي	أبو الفتح محمد بن الحسين بن أحمد بن عبد الله بن بريدة الموصلي الأزدي (المتوفى: 374هـ)	ShamAY	26920	0.40863
		كمال الدّين وتمام النّعمة	أبي جعفر محمّد بن علي بن الحسين بن بابويه القمّي [ الشيخ الصدوق ]	Rafed	262	0.40858
		الفواكه العذاب في الرد على من لم يحكم السنة والكتاب	حمد بن ناصر بن عثمان بن معمر النجدي التميمي الحنبلي (المتوفى: 1225ه)	Sham19Y	1	0.40851
		معجم البلدان	شهاب الدين أبو عبد الله ياقوت بن عبد الله الرومي الحموي (المتوفى: 626ه)	ShamelaY19	23735	0.40836
		عقلاء المجانين لابن حبيب النيسابوري	أبو القاسم الحسن بن محمد بن حبيب النيسابوري (المتوفى: 406هـ)	ShamAY	1593	0.40822
		مسائل حرب الكرماني من كتاب النكاح إلى نهاية الكتاب - ت فايز حابس	أبو محمد حرب بن إسماعيل بن خلف الكرماني (المتوفى: 280 هـ)	ShamAY	32504	0.40818
		مستعذب الإخبار بأطيب الأخبار	أبو مدين بن أحمد بن محمد بن عبد القادر بن علي الفاسي (المتوفى: بعد 1132هـ)	ShamAY	23675	0.40817
		أبراج الزجاج في سيرة الحجاج	عبد الرحمن بن سعيد بن علي بن وهف القحطاني (المتوفى: 1422ه)	ShamelaY19	96451	0.40811
		نفحات الأزهار في خلاصة عبقات الأنوار [ج ٨]	السيّد علي الحسيني الميلاني	Rafed	437	0.40805
		استقصاء الاعتبار في شرح الاستبصار - الجزء1	الشيخ البهائي	Masaha	1130	0.40803
		القول الوافر في صلاة المسافر	قاسم ضاهر	ShamAY	36672	0.408
		إتحاف القاري بدرر البخاري	أم الليث	ShamAY	35991	0.40792
		تقسيم الحديث إلى صحيح، وحسن، وضعيف بين واقع المحدثين ومغالطات المتعصبين "رد على أبي غدة، ومحمد عوامة"	ربيع بن هادي المدخلي	ShamAY	37315	0.40786
		الامام الصادق ( عليه السلام ) علم و عقيده	رمضان لاوند	Ghbook	7121	0.40785
		بقيع الغرقد	الشيخ محمّد أمين الأميني	Rafed	2315	0.40776
		الجوهر السامي في ترجمه العلامه السيدعلي الامامي	محمدرضا شفتي	Ghbook	12790	0.40775
		عشاريات السيوطي	عبد الرحمن بن أبي بكر، جلال الدين السيوطي (المتوفى: 911ه)	Sham19Y	30315	0.40772
		الموسوعة في صحيح السيرة النبوية - العهد المكي	أبو إبراهيم، محمد إلياس عبد الرحمن الفالوذة	ShamelaY19	123671	0.4076
		عمدة الأخبار في مدينة المختار	مؤلف أخبار الدولة العباسية	ShamAY	38419	0.40755
		نور اليقين في سيرة سيد المرسلين	محمد بن عفيفي الباجوري، المعروف بالشيخ الخضري (المتوفى: 1345هـ)	ShamAY	23692	0.40754
		الحج والعمرة في القرآن الكريم	بهجت بن فاضل	ShamAY	36668	0.40747
		 الروح 	 ابن قيم الجوزية 	ABLibrary	8444	0.40747
		نور الأبصار في مناقب آل بيت النبي المختار(ص)	محمد محمد حسن شراب‏	Masaha	3033	0.40736
		جهود المحدثين في بيان علل الحديث	أبو عمر علي بن عبد الله بن شديد الصياح المطيري	ShamAY	11140	0.40733
		عوالي الليث بن سعد	زين الدين أبو العدل قاسم بن قطلوبغا السودوني (نسبة إلى معتق أبيه سودون الشيخوني) الجمالي الحنفي (المتوفى: 879هـ)	ShamAY	5676	0.40726
		القدر، مرويات و مسائل ـ من كتاب اللالكائي	حمود السلامه	ShamAY	35756	0.40725
		التذكرة في أحوال الموتى وأمور الآخرة - ط العصرية	أبو عبد الله محمد بن أحمد بن أبي بكر بن فرح الأنصاري الخزرجي شمس الدين القرطبي (المتوفى: 671هـ)	ShamAY	33760	0.40724
		وسائل الشيعة [ج ١٣]	محمد بن الحسن الحرّ العاملي [ العلامة الشيخ حرّ العاملي ]	Rafed	305	0.40724
		مقتطفات من تاريخ المدينه المنوره	آيت الله العظمي سيد محمد حسيني شيرازي	Ghbook	7831	0.40722
		نور اليقين في سيرة سيد المرسلين	محمد بن عفيفي الباجوري، المعروف بالشيخ الخضري (المتوفى: 1345ه)	Sham19Y	23692	0.4072
		حياة الشيخ محمد بن عبد الوهاب وحقيقة دعوته	سليمان بن عبد الرحمن الحقيل	ShamAY	11171	0.40718
		قطف الثمر بشيء من سيرة أمير المؤمنين عمر	عبد الرحمن بن عبد الله السحيم	ShamAY	35803	0.40715
		حسرة العالم بوفاة سيد العالم	الإمام محمد عبد الحي اللكنوي (ت1304هـ)	ShamAY	35783	0.40703
		مستدرك الوسائل [ج ٢]	الشيخ حسين النوري الطبرسي [ المحدّث النوري ]	Rafed	1124	0.407
		عقد الدرر في اخبار المنتظر ( عليه السلام )	يوسف بن يحيي بن علي بن عبدالعزيز مقدسي شافعي سلمي	Ghbook	6666	0.40697
		عقيلة قريش آمنة بنت الحسين عليهما السلام	السيد محمد علي الحلو	Rafed	1364	0.40695
		الخراج لأبي يوسف	أبو يوسف يعقوب بن إبراهيم بن حبيب بن سعد بن حبتة الأنصاري (المتوفى : 182هـ)	ShamAY	26333	0.40691
		عوالم العلوم والمعارف والاحوال (الجزء 26) في احوال امام زمان عجل الله تعالي فرجه...	محمد باقر بن مرتضي موحد ابطحي اصفهاني	Ghbook	15276	0.40691
		التهذيب الموضوعي لحلية الأولياء، للحافظ أبي نعيم الأصبهاني	د. محمد بن عبد الله الهبدان	ShamAY	35248	0.40685
		حياة الصحابة	محمد يوسف بن محمد إلياس بن محمد إسماعيل الكاندهلوي (المتوفى: 1384ه)	Sham19Y	8528	0.40676
		الإرشاد في معرفة حجج الله على العباد [ج ١]	محمّد بن محمّد النعمان العكبري [ الشيخ المفيد ]	Rafed	266	0.40674
		حديث العثماني للديباجي (مطبوع ضمن كتاب جمهرة الأجزاء الحديثية)	أَبُو مُحَمَّدٍ عَبْدُ اللهِ بنُ عَبْدِ الرَّحْمَنِ بنِ يَحْيَى بنِ إِسْمَاعِيْلَ بنِ عَلِيِّ بنِ مُحَمَّدِ بنِ إِسْمَاعِيْلَ بنِ الوَلِيْدِ بنِ عَمْرِو بنِ مُحَمَّدِ بنِ خَالِدِ ابنِ الدِّيْبَاجِ مُحَمَّدِ بنِ عَبْدِ اللهِ بنِ عَمْرِو ابنِ الشَّهِيْدِ عُثْمَانَ بنِ عَفَّانَ الأُمَوِيُّ، العُثْمَانِيُّ، الدِّيْبَاجِيُّ، الإِسْكَنْدَرَانِيُّ (المتوفى: 572هـ)	ShamAY	9450	0.4067
		حياة الشيخ محمد بن عبد الوهاب وحقيقة دعوته	سليمان بن عبد الرحمن الحقيل	Sham19Y	11171	0.40658
		مرآة العقول [ج ٩]	الشيخ محمّد باقر بن محمّد تقي المجلسي	Rafed	1026	0.40653
		غاية المقال فيما يتعلق بالنعال	الإمام محمد عبد الحي اللكنوي (ت1304هـ)	ShamAY	36022	0.40645
		معجم ابن الأعرابي	أبو سعيد بن الأعرابي أحمد بن محمد بن زياد بن بشر بن درهم البصري الصوفي (المتوفى: 340ه)	ShamelaY19	21494	0.4064
		منهج الرواية وميزان الدراية في الحديث الشريف لمعرفة الصحيح والحسن والضعيف	أ . توفيق عمر سيّدي	ShamAY	37329	0.40639
		أقضية رسول الله صلى الله عليه وآله وسلم	محمد بن الفرج القرطبي المالكي، أبو عبد الله، ابن الطلاع، ويقال الطلاعي (المتوفى: 497هـ)	ShamAY	9769	0.40637
		أبو بكر الصديق أول الخلفاء الراشدين ت شيحا	محمد رضا (المتوفى: 1369هـ)	ShamAY	7472	0.40635
		مسند عائشة لابن أبي داود	أبو بكر بن أبي داود، عبد الله بن سليمان بن الأشعث الأزدي السجستاني (المتوفى: 316هـ)	ShamAY	13167	0.40629
		الكافي [ج ٢]	أبو جعفر محمّد بن يعقوب الكليني الرازي	Rafed	825	0.40628
		سلسلة الأحاديث الصحيحة وشيء من فقهها وفوائدها	أبو عبد الرحمن محمد ناصر الدين، بن الحاج نوح بن نجاتي بن آدم، الأشقودري الألباني (المتوفى: 1420ه)	Sham19Y	9442	0.40626
		الحلقة (1) الحديث الصحيح لذاته	أ. توفيق عمر سيّدي	ShamAY	37342	0.40624
		 ناسخ التواريخ ( زندگانى پيامبر ) ( فارسي ) 	 لسان الملك سپهر 	ABLibrary	7870	0.40622
		شرح تفسير ابن كثير - الراجحي	عبد العزيز بن عبد الله بن عبد الرحمن الراجحي	ShamAY	112	0.40621
		شرح الزرقاني على الموطأ - العلمية	محمد بن عبد الباقي بن يوسف الزرقاني ـ سنة الوفاة 1122	ShamAY	33529	0.4062
		حديث "عليكم بسنتي و سنه الخلفاء الراشدين" و نقد آن	آيت الله علي حسيني ميلاني	Ghbook	4817	0.40612
		تحصيل المرام في أخبار البيت الحرام والمشاعر العظام ومكة والحرم وولاتها الفخام‏  - الجزء1	محمد بن أحمد المالكي المكي	Masaha	4442	0.40607
		الغدير في الكتاب والسنّة والأدب [ج ٢]	الشيخ عبد الحسين أحمد الأميني النجفي	Rafed	2000	0.40606
		رساله في حديث الوصيه بالثقلين الكتاب والسنه	آيت الله علي حسيني ميلاني	Ghbook	7742	0.40601
		العبارة المختصرة في علة حديث إن هذه الحشوش محتضرة (أصله محاضرة ألقيت على طلبة الدراسات العليا)	أبو ذر عبد القادر بن مصطفى بن عبد الرزاق المحمدي	ShamAY	31660	0.40595
		عيون الأخبار	أبو محمد عبد الله بن مسلم بن قتيبة الدينوري (المتوفى: 276هـ)	ShamAY	23790	0.40594
		معجم الأدباء = إرشاد الأريب إلى معرفة الأديب	شهاب الدين أبو عبد الله ياقوت بن عبد الله الرومي الحموي (المتوفى: 626هـ)	ShamAY	9788	0.40579
		اللباب في تسلية المصاب	أبو الحسن علاء الدين علي بن أيوب بن منصور المقدسي (ت 746هـ)	ShamAY	35003	0.40576
		فضل أبي بكر الصديق رضي الله عنه	تقي الدين أبو العَباس أحمد بن عبد الحليم بن عبد السلام بن عبد الله بن أبي القاسم بن محمد ابن تيمية الحراني الحنبلي الدمشقي (المتوفى: 728هـ)	ShamAY	22808	0.40568
		نظره في كتاب البدايه و النهايه	عبدالحسين اميني ( علامه اميني )	Ghbook	7726	0.40552
		قرب الإسناد (ط - الحديثة)	عبد الله بن جعفر الحميري	Masaha	690	0.40549
		تسلية أهل المصائب	محمد بن محمد بن محمد، شمس الدين المنبجي (المتوفى: 785هـ)	ShamAY	21502	0.40541
		سلسلة الأحاديث الصحيحة وشيء من فقهها وفوائدها	أبو عبد الرحمن محمد ناصر الدين، بن الحاج نوح بن نجاتي بن آدم، الأشقودري الألباني (المتوفى: 1420هـ)	ShamAY	9442	0.4054
		الامام علي الهادي عليه السلام	علي كوراني	Ghbook	15137	0.40529
		مجموعة رسائل علمية	أبو عبد الرحمن مقبل بن هادي بن مقبل بن قائدة (اسم رجل) الهمداني الوادعي (المتوفى: 1422ه)	Sham19Y	96787	0.40524
		معرفة ما يجب لآل البيت النبوي من الحق على من عداهم	تقي الدين احمد بن علي المقريزي	Rafed	235	0.40523
		عشاريات السيوطي	عبد الرحمن بن أبي بكر، جلال الدين السيوطي (المتوفى: 911هـ)	ShamAY	30315	0.40521
		تسلية أهل المصائب	محمد بن محمد بن محمد، شمس الدين المنبجي (المتوفى: 785ه)	ShamelaY19	21502	0.40519
		أسانيد التفسير للشيخ الطريفي	عبد العزيز الطريفي	ShamAY	36806	0.40511
		حياة الصحابة	محمد يوسف بن محمد إلياس بن محمد إسماعيل الكاندهلوي (المتوفى: 1384هـ)	ShamAY	8528	0.40503
		مئه و عشر آيات نزلت في حق علي ( عليه السلام )	آيت الله العظمي حسيني	Ghbook	7960	0.40503
		نزول القرآن على سبعة أحرف	مناع بن خليل القطان (المتوفى: 1420هـ)	ShamAY	1206	0.40487
		أبراج الزجاج في سيرة الحجاج	عبد الرحمن بن سعيد بن علي بن وهف القحطاني (المتوفى: 1422ه)	Sham19Y	96451	0.40463
		بهجة المجالس وأنس المجالس	أبو عمر يوسف بن عبد الله بن محمد بن عبد البر بن عاصم النمري القرطبي (المتوفى: 463هـ)	ShamAY	558	0.40456
		الخراج لأبي يوسف	أبو يوسف القاضي	ShamelaY19	26333	0.40453
		مجموعة رسائل علمية	أَبِو عَبد الرَّحمَن مُقْبلُ بنُ هَادِي بنِ مُقْبِلِ بنِ قَائِدَةَ (اسم رجل) الهَمْدَاني الوادعِيُّ (المتوفى: 1422هـ)	ShamAY	2002	0.40447
		تقسيم الحديث إلى صحيح، وحسن، وضعيف بين واقع المحدثين ومغالطات المتعصبين	ربيع بن هادي المدخلي	ShamAY	33034	0.40441
		الشيعة وأهل البيت	إحسان إلهي ظهير الباكستاني (المتوفى: 1407ه)	Sham19Y	37552	0.40437
		الرسول القائد	محمود شيت خطاب	Ghbook	12005	0.40432
		الإعلام ب حرمة أهل العلم والإسلام	محمد بن أحمد بن إسماعيل المقدم	ShamelaY19	96617	0.40429
		مصر و اهل البيت (عليهم السلام)	علي كوراني	Ghbook	15120	0.40423
		السُّنَنُ وَالأحْكَامُ عَن المُصْطَفَى عَلَيهِ أَفْضَل الصَّلاَة والسَّلاَم	ضياء الدين أبو عبد الله محمد بن عبد الواحد المقدسي (المتوفى: 643هـ)	ShamAY	31613	0.40415
		حكم بناء الكنائس والمعابد الشركية في بلاد المسلمين	إسماعيل بن محمد بن ماحي السعدي الأنصاري (المتوفى: 1417هـ)	ShamAY	30828	0.40413
		غاية المطلوب وأعظم المنة فيما يغفر الله به الذنوب ويوجب الجنة	الواحدي :: ابن الديبع الشيباني	ShamAY	33741	0.40413
		حادي الأرواح إلى بلاد الأفراح	محمد بن أبي بكر بن أيوب بن سعد شمس الدين ابن قيم الجوزية (المتوفى: 751هـ)	ShamAY	11147	0.404
		موسوعة كربلاء [ج ١]	الدكتور لبيب بيضون	Rafed	3226	0.40399
		طبقات المعتزلة	أحمد بن يحيى بن مرتضى	Rafed	3802	0.40385
		جواب بعض الخدم لأهل النعم عن تصحيف حديث احتجم	يوسف بن حسن بن أحمد بن حسن ابن عبد الهادي الصالحي، جمال الدين، ابن المبرد الحنبلي (المتوفى: 909هـ)	ShamAY	9420	0.40375
		تراثنا ـ العدد [ 20 ]	مؤسسة آل البيت عليهم السلام لإحياء التراث ـ قم	Rafed	2740	0.40365
		الأحرف السبعة للقرآن	عثمان بن سعيد بن عثمان بن عمر أبو عمرو الداني (المتوفى: 444هـ)	ShamAY	5526	0.40364
		موسوعة عبد الله بن عبّاس [ج ٨]	السيد محمد مهدي السيد حسن الموسوي الخرسان	Rafed	1184	0.40364
		مجموع رسائل الإمام المنصور بالله عبدالله بن حمزه [ج ١]	المنصور بالله عبدالله بن حمزة	Rafed	3419	0.40364
		التفسير بالبيان المتصل في القرآن الكريم	بسمة بنت عبد الله الكنهل	ShamelaY19	148082	0.40359
		تأويل مختلف الحديث	أبو محمد عبد الله بن مسلم بن قتيبة الدينوري (المتوفى: 276هـ)	ShamAY	7292	0.40345
		تاريخ ابن معين (رواية عثمان الدارمي)	أبو زكريا يحيى بن معين بن عون بن زياد بن بسطام بن عبد الرحمن المري بالولاء، البغدادي (المتوفى: 233هـ)	ShamAY	148	0.4034
		بحار الأنوار [ج ٨٢]	الشيخ محمّد باقر بن محمّد تقي المجلسي	Rafed	1114	0.4034
		 بغية الحائر في أولاد الإمام الباقر ( ع ) 	 السيد حسين الزرباطي 	ABLibrary	820	0.40337
		العلم لزهير بن حرب	أبو خيثمة زهير بن حرب النسائي (المتوفى: 234هـ)	ShamAY	7777	0.40336
		الأحاديث والآثار الواردة في أحكام القرآن للكيا الهراسي، تخريجا ودراسة	صالح البهلال	ShamAY	33082	0.40335
		ضبط من غبر فيمن قيده ابن حجر (مطبوع ضمن مجموع رسائل ابن عبد الهادي)	يوسف بن حسن بن أحمد بن حسن ابن عبد الهادي الصالحي، جمال الدين، ابن المِبْرَد الحنبلي (المتوفى: 909 هـ)	ShamAY	32313	0.40327
		 تاريخ عمان ( مقتبس من كتاب كشف الغمة الجامع لأخبار الأمة ) 	 سرحان بن سعيد الأزكوي العماني 	ABLibrary	8995	0.40326
		 وفاء الوفاء بأخبار دار المصطفى ( ص ) 	 نورالدين علي بن أحمد السمهودي 	ABLibrary	7886	0.40324
		الدر النظيم فى مناقب الأئمة اللهاميم‏	يوسف بن حاتم‏ الشامي	Masaha	4573	0.40323
		معجم ابن الأعرابي	أبو سعيد بن الأعرابي أحمد بن محمد بن زياد بن بشر بن درهم البصري الصوفي (المتوفى: 340هـ)	ShamAY	915	0.40321
		مقرر السيرة للصف الثالث الإعدادي بقطر	مجموعة من المؤلفين	ShamAY	34437	0.40316
		تنبيه الغافلين بأحاديث سيد الأنبياء والمرسلين للسمرقندي	أبو الليث نصر بن محمد بن أحمد بن إبراهيم السمرقندي (المتوفى: 373هـ)	ShamAY	10488	0.40316
		الإنصاف في مسائل دام فيها الخلاف - الجزء1	الشيخ جعفر السبحاني	Masaha	4944	0.40303
		الجامع لأحكام القرآن = تفسير القرطبي	أبو عبد الله محمد بن أحمد بن أبي بكر بن فرح الأنصاري الخزرجي شمس الدين القرطبي (المتوفى: 671هـ)	ShamAY	495	0.40296
		الشيعة وأهل البيت	إحسان إلهي ظهير الباكستاني (المتوفى: 1407هـ)	ShamAY	959	0.4029
		 المناقب ( كتاب عتيق ) 	 السيد محمد العلوي 	ABLibrary	7781	0.40282
		دور علي بن أبي طالب - رضي الله عنه - في غزوات وسرايا النبي -	عبد العزيز سليمان السلومي	ShamAY	37441	0.40277
		 مستعذب الإخبار بأطيب الأخبار 	 أبي مدين بن أحمد بن محمد الفاسي 	ABLibrary	7701	0.40276
		البحر المحيط الثجاج في شرح صحيح الإمام مسلم بن الحجاج	محمد بن علي بن آدم بن موسى الإتيوبي الولوي	ShamelaY19	148870	0.40274
		الجامع لأحكام القرآن = تفسير القرطبي	أبو عبد الله محمد بن أحمد بن أبي بكر بن فرح الأنصاري الخزرجي شمس الدين القرطبي (المتوفى: 671ه)	ShamelaY19	20855	0.40266
		 العوالم ، الإمام علي بن أبي طالب ( ع ) 	 الشيخ عبد الله البحراني 	ABLibrary	7611	0.40264
		أبراج الزجاج في سيرة الحجاج	عبد الرحمن بن سعيد بن علي بن وهف القحطاني (المتوفى: 1422هـ)	ShamAY	1798	0.40263
		 تهذيب الاسرار في أصول التصوف 	 عبد الملك الخركوشي النيسابوري 	ABLibrary	8703	0.40259
		المسند للدارمي - ط التأصيل	أبو محمد عبد الله بن عبد الرحمن الدارمي	ShamAY	38095	0.40248
		شرح شواهد المغني	عبد الرحمن بن أبي بكر، جلال الدين السيوطي (المتوفى: 911 هـ)	ShamAY	32346	0.4024
		تدوين السنة ومنزلتها	عبد المنعم السيد نجم	ShamAY	10057	0.40239
		الشيعه و التشيع	آيت الله العظمي سيد محمد حسيني شيرازي	Ghbook	7750	0.40234
		رجال السنة في الميزان	الشيخ محمد حسن المظفر	Masaha	634	0.40232
		 في رحاب أهل البيت ( ع ) 	 لجنة بحوث المجمع العالمي لأهل البيت ( ع ) 	ABLibrary	8553	0.4023
		العصيريه في احكام الخمر و سائر المسكرات و العصر العنبي و النمري و الزبيبي	محمد باقربن محمدنقي شفتي بيدآبادي	Ghbook	13080	0.40222
		معجم المطبوعات العربية والمعربة	يوسف بن إليان بن موسى سركيس (المتوفى: 1351هـ)	ShamAY	1242	0.40221
		حياه اولي النهي : حياه الامام الحسن العسكري عليه السلام	محمد رضا حكيمي حائري	Ghbook	6230	0.40219
		في رحاب العقيدة - الجزء1	السيد محمد سعيد الطباطبائي الحكيم	Masaha	609	0.40217
		شفاء الغرام بأخبار البلد الحرام	محمد بن أحمد بن علي، تقي الدين، أبو الطيب المكي الحسني الفاسي (المتوفى: 832هـ)	ShamAY	8362	0.40213
		عوالم العلوم (الجزء 57) في فضل الدّعاء وآدابه وشرائطه	محمد باقر بن مرتضي موحد ابطحي اصفهاني	Ghbook	15278	0.40211
		علي خاصف النعل النبي صلوات الله عليهما	الشيخ ماجد بن احمد العطيه	Ghbook	12281	0.40189
		الرد على من أنكر رفع اليدين في الدعاء	الواحدي :: ابن ناصر الدين الدمشقي	ShamAY	34292	0.40185
		مجلة جامعة أم القرى 19 - 24	مجموعة من المؤلفين	Sham19Y	1190	0.40184
		بحار الأنوار [ج ٢]	الشيخ محمّد باقر بن محمّد تقي المجلسي	Rafed	501	0.40182
		لوائح الأنوار السنية ولواقح الأفكار السنية «شرح قصيدة ابن أبي داود الحائية في عقيدة أهل الآثار السلفية»	محمد بن أحمد بن سالم السفاريني الحنبلي	ShamAY	38505	0.40178
		مجلة جامعة أم القرى 19 - 24	مجموعة من المؤلفين	ShamAY	1190	0.40161
		مستدرك الوسائل [ج ٩]	الشيخ حسين النوري الطبرسي [ المحدّث النوري ]	Rafed	1151	0.40158
		أنساب الخيل في الجاهلية والإسلام وأخبارها	أبو المنذر هشام بن محمد أبي النضر ابن السائب ابن بشر الكلبي (المتوفى: 204ه)	Sham19Y	9249	0.40157
		 التذكرة في أحوال الموتى وأمور الآخرة 	 القرطبي 	ABLibrary	8376	0.40157
		فرح الأسماع برخص السماع	محمد بن أحمد بن محمد بن داود بن سلامة اليزلتيني، التونسي القاهري، المالكي، الوفائي، الشاذلي، ويعرف بابن زغدان (أبو عبد الله، أبو المواهب) (المتوفى: 882هـ)	ShamAY	1598	0.40156
		التمييز في تلخيص تخريج أحاديث شرح الوجيز المشهور بـ التلخيص الحبير	أبو الفضل أحمد بن علي بن محمد بن أحمد بن حجر العسقلاني (المتوفى: 852هـ)	ShamAY	31733	0.40154
		المرشد الوجيز إلى علوم تتعلق بالكتاب العزيز	المقدسي، أبو شامة	ShamelaY19	22676	0.40148
		 عبقات الأنوار في إمامة الأئمة الأطهار ( فارسي ) 	 السيد حامد النقوي 	ABLibrary	8498	0.40133
		تخريج أحاديث وآثار كتاب في ظلال القرآن ، لسيد قطب - رحمه الله -	علوي بن عبد القادر السَّقَّاف	ShamAY	2615	0.40128
		موسوعة الأذان بين الأصالة والتحريف [ج ١]	السيد علي الشهرستاني	Rafed	3627	0.40124
		الأذان بين الإصالة والتحريف	السيد علي الشهرستاني	Rafed	1587	0.40117
		البراهين المعتبرة في هدم قواعد المبتدعة	عبد العزيز بن محمد المديهش (المتوفى: 1350 ه)	ShamelaY19	145434	0.40114
		أحاديث الاستفتاح رواية ودراية	عبد الرحمن بن عبد الكريم الزيد	ShamAY	36461	0.40101
		تفسير نور الثقلين - الجزء1	الشيخ عبد علي العروسي	Masaha	41	0.4009
		تراجم الرجال - الجزء1	السيد أحمد الحسيني	Masaha	549	0.40085
		الإنصاف في مسائل دام فيها الخلاف [ج ١]	الشيخ جعفر السبحاني	Rafed	688	0.40081
		عيون الأخبار	أبو محمد عبد الله بن مسلم بن قتيبة الدينوري (المتوفى: 276ه)	ShamelaY19	23790	0.40078
		بحار الأنوار [ج ٣٧]	الشيخ محمّد باقر بن محمّد تقي المجلسي	Rafed	958	0.40072
		محنة فاطمة(ع) بعد وفاة رسول الله(ص)	الشيخ عبد الله الناصر	Masaha	518	0.4007
		فضائل الشام	محمد بن أحمد بن عبد الهادي المقدسي الحنبلي (744 هـ)	ShamAY	34310	0.40068
		طوالات الأخبار لأبي موسى المديني - مخطوط (ن)	محمد بن عمر بن أحمد بن عمر بن محمد الأصبهاني المديني، أبو موسى (المتوفى: 581هـ)	ShamAY	21646	0.40065
		كتاب الرجال	تقي الدين الحسن بن علي بن داود الحلي	Rafed	82	0.40065
		البلدان لليعقوبي	أحمد بن إسحاق (أبي يعقوب) بن جعفر بن وهب بن واضح اليعقوبي (المتوفى: بعد 292هـ)	ShamAY	10808	0.40055
		منتهى السؤل على وسائل الوصول إلى شمائل الرسول صلى الله عليه وآله وسلم	عبد الله بن سعيد بن محمد عبادي اللّحجي الحضرميّ الشحاري، ثم المراوعي، ثم المكي (المتوفى: 1410هـ)	ShamAY	23683	0.40053
		اجتماع الجيوش الإسلامية على حرب المعطلة والجهمية	أبو عبد الله محمد بن أبي بكر بن أيوب ابن قيم الجوزية (691 - 751)	Sham19Y	18632	0.40041
		إستقصاء الإعتبار [ج ٧]	الشيخ محمّد بن الحسن بن الشّهيد الثّاني	Rafed	576	0.40041
		الاكتفاء بما تضمنه من مغازي رسول الله(ص) و الثلاثة الخلفاء - الجزء1	أبو الربيع الحميري الكلاعي‏	Masaha	1852	0.40036
		قَلائِدِ المُرْجَان فِي تَخْرِيج حَدِيث إذا اجْتَمَعَ عِيدَان	فوزي الأثري	ShamAY	33070	0.40035
		الزهد	الحسين بن سعيد الكوفي الأهوازي	Masaha	505	0.40029
		السيوف البواتر لمن يقدم صلاة الصبح على الفجر الآخر	عبد الله بن عمر بن أبي بكر بن يحيى العلوي الحضرمي الشافعي (المتوفى: 1265ه)	ShamelaY19	38162	0.40019
		العواصم من القواصم في تحقيق مواقف الصحابة بعد وفاة النبي صلى الله عليه وسلم	القاضي محمد بن عبد الله أبو بكر بن العربي المعافري الإشبيلي المالكي (المتوفى: 543هـ)	ShamAY	8314	0.40016
		كشف الحق او الاربعون	محمد صادق خاتون آبادي	Ghbook	16334	0.40016
		منتهى السؤل على وسائل الوصول إلى شمائل الرسول(ص) - الجزء1	عبد الله بن سعيد محمد العبادي	Masaha	3288	0.4001
		عقلاء المجانين والموسوسين	الحسن بن إسمعيل بن محمد، أبو محمد الضراب المصري (المتوفى: 392ه)	Sham19Y	27093	0.39995
		تراثنا ـ العدد [ 23 ]	مؤسسة آل البيت عليهم السلام لإحياء التراث ـ قم	Rafed	2743	0.39994
		الوسيط في تفسير القرآن المجيد	أبو الحسن علي بن أحمد بن محمد بن علي الواحدي، النيسابوري، الشافعي (المتوفى: 468ه)	ShamelaY19	21821	0.39993
		الناهية عن طعن أمير المؤمنين معاوية	عبد العزيز بن أحمد بن الحامد القرشي الفريهاري الملتاني أبو عبد الرحمن (المتوفى: بعد 1239ه)	ShamelaY19	36080	0.39992
		نسخة نبيط بن شريط الأشجعي (نبيط بن شريط: له صحبة)	اللكي	ShamelaY19	26556	0.3999
		مرشد الزوّار إلى قبور الأبرار [ج ١]	موفق الدين بن عثمان	Rafed	2657	0.3999
		 بحار الأنوار 	 العلامة المجلسي 	ABLibrary	782	0.39989
		منتهى السؤل على وسائل الوصول إلى شمائل الرسول صلى الله عليه وآله وسلم	عبد الله بن سعيد بن محمد عبادي اللحجي الحضرمي الشحاري، ثم المراوعي، ثم المكي (المتوفى: 1410ه)	ShamelaY19	23683	0.39982
		جزء سعدان	سعدان بن نصر بن منصور، أبو عثمان الثقفي المخرمي البزاز (المتوفى: 265هـ)	ShamAY	1365	0.39979
		فرسان الهيجاء [ج ١]	الشيخ ذبيح الله المحلاتي	Rafed	1541	0.39976
		في رحاب الامام المهدي(عج)	عبدالرحيم مبارك	Ghbook	14043	0.39971
		إِحْكَامُ النَّظَرِ فِي أَحْكَامِ النَّظَرِ بِحَاسَّةِ البَصَرِ	علي بن محمد بن عبد الملك الكتامي الحميري الفاسي، أبو الحسن ابن القطان (المتوفى: 628 هـ)	ShamAY	32285	0.39968
		حلية المحاضرة	محمد بن الحسن بن المظفر الحاتمي، أبو علي (المتوفى: 388هـ)	ShamAY	5372	0.39965
		 الرسالة القشيرية 	 ابو القاسم عبد الكريم القشيري 	ABLibrary	8711	0.39964
		شرح فروع الكافي - الجزء1	الشيخ محمد هادي المازندراني	Masaha	1423	0.39947
		الأغصان الندية شرح الخلاصة البهية بترتيب أحداث السيرة النبوية	أبو أسماء محمد بن طه	ShamAY	31718	0.39946
		 مجموع بلدان اليمن وقبائلها 	 محمد بن أحمد الحجري اليماني 	ABLibrary	9178	0.39946
		عقد الدرر في أخبار المنتظر وهو المهدي عليه السلام	يوسف بن يحيى بن علي بن عبد العزيز المقدسي السلمي الشافعي (المتوفى: بعد 658هـ)	ShamAY	9799	0.39944
		 معجم ما كتب عن الرسول ( ص ) وأهل بيته ( ع ) 	 عبد الجبار الرفاعي 	ABLibrary	7765	0.39939
		روايات الجامع الصحيح ونسخه «دراسة نظرية تطبيقية»	دكتور جمعة فتحي عبد الحليم	ShamAY	32213	0.39937
		العقد التمام فيمن زوجه النبي عليه الصلاة والسلام	يوسف بن حسن بن أحمد بن حسن ابن عبد الهادي الصالحي، جمال الدين، ابن ابن المِبْرَد الحنبلي (المتوفى: 909هـ)	ShamAY	22341	0.39936
		فصل الخطاب في الرد على أبي تراب	التويجري، حمود بن عبد الله	ShamAY	37751	0.39932
		مكاتيب الأئمة(ع) - الجزء1	الشيخ علي الأحمدي الميانجي	Masaha	3303	0.39931
		تاريخ عثمان بن سعيد الدارمي عن أبي زكريا يحيى بن معين - ط الفاروق	أبو سعيد عثمان بن سعيد بن خالد الدارمي	ShamAY	34154	0.39916
		رسالة في حديث الوصية بالثقلين الكتاب والسنّة	السيّد علي الحسيني الميلاني	Rafed	224	0.39913
		قصة الفتنة	راغب السرجاني	ShamAY	37130	0.39912
		اللهوف على قتلى الطفوف‏	السيد علي بن موسى بن طاووس	Masaha	2860	0.39903
		منهج الإمام البخاري في تصحيح الأحاديث وتعليلها ( من خلال الجامع الصحيح )	أبو بكر كافي	ShamAY	16232	0.39897
		دراسات فقهية في مسائل خلافية	نجم الدين طبسي	Ghbook	9550	0.39888
		ذم التأويل	أبو محمد موفق الدين عبد الله بن أحمد بن محمد بن قدامة الجماعيلي المقدسي ثم الدمشقي الحنبلي، الشهير بابن قدامة المقدسي (المتوفى: 620هـ)	ShamAY	6425	0.39885
		المسائل والرسائل المرويّة عن الإمام أحمد بن حنبل في العقيدة [ج ٢]	الناشر: دار طيبة للنشر والتوزيع	Rafed	3697	0.39885
		نشأة الشيعة الامامية	نبيلة عبد المنعم داود	Rafed	164	0.39881
		الصحيحان في الميزان	آيت الله علي حسيني ميلاني	Ghbook	4796	0.39878
		سؤالات محمد بن عثمان بن أبي شيبة لعلي بن المديني - ط المعارف = تراجم	محمد بن عثمان بن أبي شيبة	ShamAY	38204	0.39877
		الأغصان الندية شرح الخلاصة البهية بترتيب أحداث السيرة النبوية	أبو أسماء محمد بن طه	Sham19Y	122394	0.39877
		حلية المحاضرة	محمد بن الحسن بن المظفر الحاتمي، أبو علي (المتوفى: 388ه)	Sham19Y	5372	0.39871
		مصادر الحافظ ابن الفرضي في كتابه" تاريخ العلماء والرواة "	د. حمد بن صالح السحيباني	ShamAY	35881	0.3987
		 مجموع رسائل الإمام المنصور بالله عبدالله بن حمزة 	 المنصور بالله عبد الله بن حمزة بن سليمان 	ABLibrary	8588	0.39862
		سؤالات الترمذي للبخاري حول أحاديث في جامع الترمذي	يوسف بن محمد الدّخيل النجدي ثم المدني (المتوفى: 1431هـ)	ShamAY	2754	0.39856
		العقائد الاسلامية [ج ٢]	مركز المصطفى للدراسات الإسلامية	Rafed	86	0.39855
		خاتمة مستدرك الوسائل [ج ٦]	الشيخ حسين النوري الطبرسي [ المحدّث النوري ]	Rafed	1469	0.39851
		الثغور الباسمة في مناقب سيدتنا فاطمة بنت رسول الله صلى الله عليه وسلم	جلال الدين السيوطي (911)	ShamAY	34634	0.39849
		المصطفى من أذكار المصطفى صلى الله عليه وسلم	خالد بن محمد الدبيخي	ShamAY	35004	0.39844
		المنية والأمل	القاضى عبد الجبار بن أحمد بن عبد الجبار الهمذاني المعتزلي (المتوفى: 415 هـ)	ShamAY	37746	0.39842
		الأحاديث القدسية	جمال محمد علي الشقيري	ShamelaY19	36348	0.39826
		الإحاطة في أخبار غرناطة [ج ٢]	أبي عبد الله محمّد بن عبد الله بن سعيد بن أحمد السلماني [ لسان الدين بن الخطيب ]	Rafed	2348	0.39822
		تراثنا ـ العدد [ 28 ]	مؤسسة آل البيت عليهم السلام لإحياء التراث ـ قم	Rafed	2768	0.39809
		منهج الإمام البخاري	أبو بكر كافي	Sham19Y	16232	0.39806
		البلغة في تراجم أئمة النحو واللغة	مجد الدين أبو طاهر محمد بن يعقوب الفيروزآبادى (المتوفى: 817ه)	Sham19Y	9984	0.39801
		الأحاديث القدسية	جمال محمد علي الشقيري	ShamAY	87	0.398
		عدد المخرجين لحرب الامام الحسين عليه السلام	حسن صدر	Ghbook	15405	0.39794
		إيمان أبي طالب	محمّد بن محمّد النعمان العكبري [ الشيخ المفيد ]	Rafed	1569	0.3979
		القول الجلي في حل لبس النساء الحلي	الشوكاني	ShamAY	34336	0.39783
		نسخة الزبير بن عدي	الزبير بن عدي أبو عدي الهمداني اليامي الكوفي، قاضي الري (المتوفى: 131ه)	ShamelaY19	29699	0.39783
		شرح شواهد المغني	جلال الدين عبد الرحمن بن أبي بكر السيوطي	Rafed	2896	0.3978
		شواهد التنزيل لمن خص بالتفضيل	عيدروس بن احمد السقاف ابن رويش اندونيسي	Ghbook	8385	0.39778
		أخبار الشيعة وأحوال رواتها	الألوسي، محمود شكري	ShamAY	35891	0.39757
		كتاب "بداية المجتهد وكفاية المقتصد" لابن رشد ودوره في تربية ملكة الاجتهادـ)	محمد بولوز	ShamAY	34805	0.39751
		صحيح السيرة النبوية للعلي	إبراهيم بن محمد بن حسين العلي الشبلي الجنيني (المتوفى: 1425هـ)	ShamAY	32186	0.39746
		صفة الصفوة - ط المعرفة ت فاخوري وقلعه جي	عبد الرحمن بن علي بن محمد أبو الفرج ابن الجوزي	ShamAY	33757	0.39746
		نفحات الازهار في خلاصه عبقات الانوار	آيت الله علي حسيني ميلاني	Ghbook	4758	0.39745
		موسوعة كربلاء - الجزء1	د. لبيب بيضون‏	Masaha	3107	0.39741
		عوالم العلوم (الجزء 56) في الاذكار والصلوات	محمد باقر بن مرتضي موحد ابطحي اصفهاني	Ghbook	15277	0.39729
		سؤالات محمد بن عثمان بن أبي شيبة لعلي بن المديني - ط الفاروق	محمد بن عثمان بن أبي شيبة	ShamAY	34146	0.3972
		اجتماع الجيوش الإسلامية على حرب المعطلة والجهمية	أبو عبد الله محمد بن أبي بكر بن أيوب ابن قيم الجوزية (691 - 751)	ShamAY	38641	0.39718
		أنساب الخيل في الجاهلية والإسلام وأخبارها	أبو المنذر هشام بن محمد أبي النضر ابن السائب ابن بشر الكلبي (المتوفى: 204هـ)	ShamAY	9249	0.39713
		برد الأكباد عند فقد الأولاد لابن ناصر الدين	ابن ناصر الدين (842 هـ)	ShamAY	34300	0.39712
		البلغة في تراجم أئمة النحو واللغة	مجد الدين أبو طاهر محمد بن يعقوب الفيروزآبادى (المتوفى: 817هـ)	ShamAY	9984	0.39711
		من هو الصدّيق ؟ ومن هي الصدّيقة ؟	السيد علي الشهرستاني	Rafed	1369	0.39709
		المحاسن و المساوي	ابراهيم بن محمد البيهقي	Masaha	2349	0.39706
		القول الصراح في البخاري وصحيحه الجامع	شيخ الشريعة الإصبهاني	Rafed	3573	0.39698
		شبهة الغلو عند الشيعة	الدكتور عبدالرسول الغفار	Rafed	102	0.39694
		 سلسلة المسائل الفقهية 	 الشيخ السبحاني 	ABLibrary	9586	0.39694
		ضوابط الجرح والتعديل مع دراسة تحليلية لترجمة إسرائيل بن يونس	عبد العزيز بن محمد آل عبد اللطيف	ShamAY	37316	0.39693
		ذم القضاء وتقلد الأحكام	عبد الرحمن بن أبي بكر، جلال الدين السيوطي (المتوفى: 911ه)	ShamelaY19	36040	0.39675
		بحار الأنوار [ج ٤٢]	الشيخ محمّد باقر بن محمّد تقي المجلسي	Rafed	969	0.39674
		 الكوثر في أحوال فاطمة بنت النبي الأعظم ( ع ) 	 السيد محمد باقر الموسوي 	ABLibrary	7689	0.39657
		دلائل الامامه ( الامام المجتبي عليه السلام )	طبري امامي ( صغير ) ابوجعفر محمد بن جرير بن رستم ( قرن 4و5 ق ) ( صاحب دلائل الامامه )	Ghbook	6074	0.39642
		مراقد أهل البيت في القاهرة ومعه كتاب حياة الأرواح بعد الموت‏	محمد زكي إبراهيم	Masaha	4093	0.39641
		الكواكب الدراري في شرح صحيح البخاري	محمد بن يوسف بن علي بن سعيد، شمس الدين الكرماني (المتوفى: 786هـ)	ShamAY	31908	0.39637
		مراقد أهل البيت في القاهرة	محمّد زكي إبراهيم	Rafed	2470	0.39637
		الوسيط في تفسير القرآن المجيد	أبو الحسن علي بن أحمد بن محمد بن علي الواحدي، النيسابوري، الشافعي (المتوفى: 468هـ)	ShamAY	21821	0.39627
		تاريخ بغداد أو مدينة السّلام [ج ٢٢]	محبّ الدين أبي عبدالله محمّد بن محمود بن الحسن [ ابن النجّار البغدادي ]	Rafed	2983	0.39623
		ذم القضاء وتقلد الأحكام	عبد الرحمن بن أبي بكر، جلال الدين السيوطي (المتوفى: 911هـ)	ShamAY	1009	0.39615
		الحور العين	نشوان بن سعيد الحميرى اليمني (المتوفى: 573 هـ)	ShamAY	22885	0.39602
		نتاج الفكر في أحكام الذكر	أبو محمد عبد الله بن مانع بن غلاب الغبيوي الروقي العتيبي	ShamAY	32012	0.39601
		إعلام النبلاء بتاريخ حلب الشهباء [ج ١]	محمد راغب بن محمود بن هاشم الطبّاخ الحلبي	Rafed	2341	0.39596
		البر والصلة لابن الجوزي	جمال الدين أبو الفرج عبد الرحمن بن علي بن محمد الجوزي (المتوفى: 597هـ)	ShamAY	9379	0.39592
		إستقصاء الإعتبار [ج ٣]	الشيخ محمّد بن الحسن بن الشّهيد الثّاني	Rafed	567	0.39589
		إيمان أبي طالب	الشيخ المفيد	Masaha	189	0.39587
		تحفة الإخوان بما جاء في الموالاة والمعاداة والحب والبغض والهجران	حمود بن عبد الله بن حمود بن عبد الرحمن التويجري (المتوفى: 1413ه)	Sham19Y	38161	0.39583
		بحوث في الملل والنّحل [ج ٨]	الشيخ جعفر السبحاني	Rafed	205	0.3958
		قبس من غياث سلطان الورى	السيد علي بن موسى بن طاووس	Masaha	1038	0.39578
		تاريخُ اهل البيت	السيد محمد رضا الحسيني	Masaha	523	0.39577
		سؤالات محمد بن عثمان بن أبي شيبة لعلي بن المديني	علي بن عبد الله بن جعفر السعدي بالولاء المديني، البصري، أبو الحسن (المتوفى: 234ه)	Sham19Y	5947	0.39575
		تنزيه الأصحاب عن تنقص أبي تراب	حمود بن عبد الله بن حمود بن عبد الرحمن التويجري (المتوفى: 1413ه)	ShamelaY19	23067	0.39562
		العتره في الكتاب و السنه و الصلاه عليهم	محمد حسن نائيني	Ghbook	5280	0.39558
		التفسير النبوي مُقَدِّمَةٌ تَأْصِيْلِيَّةٌ مَعَ دِرَاسَةٍ حَدِيثِيَّةٍ لِأَحَادِيْثِ التَّفْسِيْرِ النَّبَوِيِّ الصَّريح	خالد بن عبد العزيز الباتلي	ShamAY	32142	0.39548
		قانون التأويل	القاضي محمد بن عبد الله أبو بكر بن العربي المعافري الاشبيلي المالكي (المتوفى: 543ه)	ShamelaY19	97927	0.39544
		الزهور المقتطفة من تاريخ مكّة المشرّفة	تقي الدين محمّد بن أحمد الحسني الفاسي المكّي	Rafed	2374	0.39536
		المقتطفات	عيدروس بن احمد السقاف ابن رويش اندونيسي	Ghbook	8356	0.39526
		صلاة المسافر	محمد ضياء الرحمن الأعظمي	Sham19Y	12270	0.39524
		اعلام الوري 	طبرسي ( معروف ) ، امين الاسلام ابوعلي فضل بن حسن ( صاحب مجمع البيان و اعلام الوري و... )	Ghbook	2363	0.39516
		تراثنا ـ العدد [ 17 ]	مؤسسة آل البيت عليهم السلام لإحياء التراث ـ قم	Rafed	2737	0.39511
		 المسائل والرسائل المروية عن الإمام أحمد بن حنبل في العقيدة 	 عبد الإله بن سلمان بن سالم الأحمدي 	ABLibrary	8600	0.39509
		طلوع سعد السعود - الجزء1	إسماعيل بن عودة المزاري	Masaha	4204	0.39499
		بحار الأنوار [ج ٤٨]	الشيخ محمّد باقر بن محمّد تقي المجلسي	Rafed	986	0.39492
		أقضية رسول الله صلّى الله عليه وآله وسلّم	محمّد بن فرج المالكي القرطبي	Rafed	2547	0.39489
		 نور الأبصار في مناقب آل بيت النبي المختار ( ص ) 	 مؤمن بن حسن مؤمن الشبلنجي 	ABLibrary	7879	0.39489
		صفة الصفوة	جمال الدين أبو الفرج عبد الرحمن بن علي بن محمد الجوزي (المتوفى: 597هـ)	ShamAY	12031	0.39483
		روائع المخطوطات الفارسيه المصوره بدارالكتب المصريه	هبه نايل بركات	Ghbook	10391	0.39478
		الناهية عن طعن أمير المؤمنين معاوية	عبد العزيز بن أحمد بن الحامد القرشي الفريهاري الملتاني أبو عبد الرحمن (المتوفى: بعد 1239هـ)	ShamAY	526	0.39477
		 أدوار الفقه الإمامي 	 الشيخ السبحاني 	ABLibrary	9774	0.39475
		تراثنا ـ العدد [ 65 ]	مؤسسة آل البيت عليهم السلام لإحياء التراث ـ قم	Rafed	3279	0.39471
		عقلاء المجانين والموسوسين	الحسن بن إسمعيل بن محمد، أبو محمد الضراب المصري (المتوفى: 392ه)	ShamelaY19	27093	0.39464
		شرح مقدمة سنن ابن ماجه	عبد الكريم الخضير	ShamelaY19	27247	0.39461
		تحفة الإخوان بما جاء في الموالاة والمعاداة والحب والبغض والهجران	حمود بن عبد الله بن حمود بن عبد الرحمن التويجري (المتوفى: 1413ه)	ShamelaY19	38161	0.3946
		الرواشح السماوية في شرح الأحاديث الإمامية	السيد محمد باقر الميرداماد	Masaha	4682	0.39457
		ترتيب المدارك وتقريب المسالك	أبو الفضل القاضي عياض بن موسى اليحصبي (المتوفى: 544ه)	ShamelaY19	31215	0.39456
		ذيل لب اللباب في تحرير الأنساب	أحمد بن أحمد بن محمد بن أحمد ابن إبراهيم العجمي الشافعي الوفائي المصري الأزهري، شهاب الدين (المتوفى: 1086ه)	ShamelaY19	96236	0.3945
		كتاب الأذكياء	جمال الدين أبو الفرج عبد الرحمن بن علي بن محمد الجوزي (المتوفى: 597هـ)	ShamAY	6938	0.39446
		سلسلة اعرف الحق تعرف اهله	آيت الله علي حسيني ميلاني	Ghbook	9633	0.39446
		بحار الأنوار [ج ٥٣]	الشيخ محمّد باقر بن محمّد تقي المجلسي	Rafed	1016	0.39444
		الحلل الإبريزية من التعليقات البازية على صحيح البخاري	ابن باز	ShamelaY19	20872	0.39443
		بحار الأنوار [ج ٤٤]	الشيخ محمّد باقر بن محمّد تقي المجلسي	Rafed	975	0.39441
		تاريخ الأندلس من الفتح حتّى السقوط	إسماعيل بن إبراهيم بن أمير المؤمنين	Rafed	2220	0.39441
		أشرف الوسائل إلى فهم الشّمائل (ومعه: جواهر الدّرر في مناقب ابن حجر)	أحمد بن محمد بن علي بن حجر الهيتمي السعدي الأنصاري، شهاب الدين شيخ الإسلام، أبو العباس (المتوفى: 974هـ)	ShamAY	31701	0.39438
		السرايا والبعوث النبوية حول المدينة ومكة	بريك بن محمد بريك أبو مايلة العمري	ShamAY	7641	0.39424
		صلاة المسافر	محمد ضياء الرحمن الأعظمي	ShamAY	12270	0.39424
		بحار الأنوار [ج ٣٥]	الشيخ محمّد باقر بن محمّد تقي المجلسي	Rafed	953	0.3942
		شرح مقدمة سنن ابن ماجه	عبد الكريم الخضير	Sham19Y	27247	0.39418
		الثالث من الفوائد المنتقاة للحربي	علي بن عمر بن محمد بن الحسين ابن شاذان، أبو الحسن السكري الحربي الصيرفي الكيال (المتوفى: 386هـ)	ShamAY	29979	0.39417
		صفة الصفوة	جمال الدين أبو الفرج عبد الرحمن بن علي بن محمد الجوزي (المتوفى: 597ه)	Sham19Y	12031	0.39416
		الشيعة وأهل البيت	إحسان إلهي ظهير الباكستاني (المتوفى: 1407ه)	ShamelaY19	37552	0.39413
		موسوعة عبد الله بن عبّاس [ج ١٠]	السيد محمد مهدي السيد حسن الموسوي الخرسان	Rafed	1199	0.39413
		أصول الإيمان لمحمد بن عبد الوهاب - ت الجوابرة	محمد بن عبد الوهاب بن سليمان التميمي النجدي (المتوفى: 1206هـ)	ShamAY	1395	0.3941
		 مناحل الشفا ومناهل الصفا بتحقيق كتاب شرف المصطفى ( ص ) 	 عبد الملك الخركوشي النيسابوري 	ABLibrary	7589	0.39408
		التقييد والإيضاح شرح مقدمة ابن الصلاح	أبو الفضل زين الدين عبد الرحيم بن الحسين بن عبد الرحمن بن أبي بكر بن إبراهيم العراقي (المتوفى: 806هـ)	ShamAY	7581	0.39403
		 تحصيل المرام في أخبار البيت الحرام 	 محمد بن أحمد المالكي ( الصباغ ) 	ABLibrary	9020	0.39401
		الرسالة الوافية لمذهب أهل السنة في الاعتقادات وأصول الديانات	عثمان بن سعيد بن عثمان بن عمر أبو عمرو الداني (المتوفى: 444ه)	ShamelaY19	26713	0.39396
		شرح مقدمة سنن ابن ماجه	عبد الكريم الخضير	ShamAY	81	0.39395
		 حادي الأرواح إلى بلاد الأفراح 	 ابن قيم الجوزية 	ABLibrary	8407	0.39391
		المجالس الوعظية في شرح أحاديث خير البرية صلى الله عليه وسلم من صحيح الإمام البخاري	شمس الدين محمد بن عمر بن أحمد السفيري الشافعي (المتوفى: 956ه)	Sham19Y	9823	0.39387
		المحاسن والمساوئ	إبراهيم بن محمد البيهقي (المتوفى: نحو 320هـ)	ShamAY	564	0.39386
		مرآة العقول [ج ١٣]	الشيخ محمّد باقر بن محمّد تقي المجلسي	Rafed	1034	0.39373
		الأثر المشهور عن الإمام مالك رحمه الله في صفة الاستواء دراسة تحليلية	عبد الرزاق بن عبد المحسن البدر	ShamAY	8712	0.39354
		مقدمات في علم القراءات	محمد أحمد مفلح القضاة، أحمد خالد شكرى، محمد خالد منصور (معاصر)	ShamelaY19	38076	0.3935
		المزار الكبير (للمشهدي)	الشيخ محمد بن جعفر الحائري	Masaha	1025	0.3935
		أخبار المدينة	ابن زبالة	ShamAY	38434	0.39342
		أحكام المحبوسين في الفقه الجعفري	الشيخ محمد باقر الخالصي	Masaha	4899	0.39342
		الهداية في الأصول و الفروع المقدمة	الشيخ الصدوق	Masaha	714	0.39336
		الدراية في تخريج أحاديث الهداية	أبو الفضل أحمد بن علي بن محمد بن أحمد بن حجر العسقلاني (المتوفى : 852هـ)	ShamAY	5908	0.39329
		قادتنا كيف نعرفهم	آيت الله علي حسيني ميلاني	Ghbook	4759	0.39325
		 الإنصاف في مسائل دام فيها الخلاف 	 الشيخ السبحاني 	ABLibrary	9554	0.39323
		ملاحظات حول كتاب عقيدة السلف والخلف	عبد القادر بن حبيب الله السندي	ShamAY	3785	0.3932
		البلغة في تراجم أئمة النحو واللغة = التراجم	مجد الدين أبو طاهر محمد بن يعقوب الفيروزآبادى (المتوفى: 817 هـ)	ShamAY	38208	0.39316
		منظومة مصباح الراوي في علم الحديث	عبد الله بن فودي	ShamAY	37293	0.39311
		التوضيح لشرح الجامع الصحيح	ابن الملقن سراج الدين أبو حفص عمر بن علي بن أحمد الشافعي المصري (المتوفى: 804ه)	Sham19Y	13252	0.39311
		 أقضية رسول الله ( ص ) 	 ابن الطلاع القرطبي 	ABLibrary	7420	0.39311
		التوضيح لشرح الجامع الصحيح	ابن الملقن سراج الدين أبو حفص عمر بن علي بن أحمد الشافعي المصري (المتوفى: 804هـ)	ShamAY	31764	0.39306
		تكمله أمل الآمل - الجزء1	السيد حسن الصدر	Masaha	3401	0.39306
		 منتهى السؤل على وسائل الوصول إلى شمائل الرسول ( ص ) 	 عبد الله بن سعيد محمد عبادي اللحجي 	ABLibrary	7798	0.393
		عقائد الإماميّة الإثنى عشريّة [ج ٣]	السيد إبراهيم الموسوي الزنجاني	Rafed	3539	0.39297
		البيان والتبيين - ط صعب	أبو عثمان عمرو بن بحر الجاحظ	ShamAY	33779	0.39294
		عبقرية الإمام مسلم في ترتيب أحاديث مسنده الصحيح	حمزة عبد الله المليباري	ShamAY	37279	0.39285
		أمنا عائشة ملكة الطهر	نصر الصنقري	ShamAY	35842	0.39285
		المجالس الوعظية في شرح أحاديث خير البرية صلى الله عليه وسلم من صحيح الإمام البخاري	شمس الدين محمد بن عمر بن أحمد السفيري الشافعي (المتوفى: 956هـ)	ShamAY	9823	0.39282
		إعلام النبلاء بتاريخ حلب الشهباء [ج ٦]	محمد راغب بن محمود بن هاشم الطبّاخ الحلبي	Rafed	2381	0.39276
		الحور العين	نشوان بن سعيد الحميرى اليمني (المتوفى: 573 ه)	ShamelaY19	22885	0.39241
		تاج العروس [ج ٨]	محبّ الدين أبي فيض السيد محمّد مرتضى الحسيني الواسطي الزبيدي الحنفي	Rafed	1500	0.39239
		حديث رزية يوم الخميس في الصحيحين - دراسة نقدية تحليلة	أبو ذر عبد القادر بن مصطفى بن عبد الرزاق المحمدي	ShamAY	520	0.39238
		صلاة التراويح	محمد ضياء الرحمن الأعظمي	ShamAY	12266	0.39234
		حديث رزية يوم الخميس في الصحيحين - دراسة نقدية تحليلة	أبو ذر عبد القادر بن مصطفى بن عبد الرزاق المحمدي	ShamelaY19	36055	0.39231
		بحوث في تاريخ السنة المشرفة	أكرم بن ضياء العمري	ShamAY	8674	0.39224
		النجم الثاقب في أحوال الإمام الحجة الغائب(عج) - الجزء2	المحدث الشيخ حسين النوري	Masaha	491	0.39221
		إستقصاء الإعتبار [ج ٥]	الشيخ محمّد بن الحسن بن الشّهيد الثّاني	Rafed	569	0.39218
		ذيل لب اللباب في تحرير الأنساب	أحمد بن أحمد بن محمد بن أحمد ابن إبراهيم العجمي الشافعيّ الوفائي المصري الأزهري، شهاب الدين (المتوفى: 1086هـ)	ShamAY	1734	0.39217
		الدليل إلى المتون العلمية	عبد العزيز بن إبراهيم بن قاسم	ShamAY	9816	0.39212
		 المنية والأمل 	 القاضي عبد الجبار الهمذاني 	ABLibrary	8652	0.39212
		البيان والإعراب عما بأرض مصر من الأعراب	أحمد بن علي بن عبد القادر، أبو العباس الحسيني العبيدي، تقي الدين المقريزي (المتوفى: 845هـ)	ShamAY	9226	0.39211
		كلام السالفين الصالحين فيما يكون عليه المعتكفين	أبو كفاح الدين أحمد بن محمد السعيد سبط الإمام المجدد أبو الفتح القشيرى ابن دقيق العيد	ShamAY	36449	0.39207
		التقوى «تعريفها وفضلها ومحذوراتها وقصص من أحوالها»	عمر بن سليمان بن عبد الله الأشقر العتيبي (المتوفى: 1433هـ)	ShamAY	32092	0.392
		حسان بن ثابت وشعره في الغدير	الشيخ عبد الحسين الأميني النجفي	Masaha	236	0.39198
		حديث الثقلين	خليفه عبيد كلباني عماني	Ghbook	7627	0.39198
		الوجيز في حكم تجويد الكتاب العزيز	د. محمد بن سيدي محمد محمد الأمين	ShamelaY19	21557	0.39195
		البيان والتبيين - ط الخانجي	أبو عثمان عمرو بن بحر الجاحظ	ShamAY	33801	0.39193
		كتاب المزار	السيد مهدي القزويني	Rafed	2257	0.39191
		مدرسة الكذابين في رواية التاريخ الإسلامي و تدوينه	خالد كبير علال	ShamAY	37321	0.3918
		مجموع حول عبد الله بن سبأ	مجموعة من المؤلفين	ShamAY	35701	0.39177
		موسوعه  الامام الصادق عليه السلام	آيت الله سيد محمد كاظم قزويني	Ghbook	15045	0.39166
		 موسوعة كربلاء 	 لبيب بيضون 	ABLibrary	7863	0.39164
		لباب الآداب لأسامة بن منقذ	أبو المظفر مؤيد الدولة مجد الدين أسامة بن مرشد بن علي بن مقلد بن نصر بن منقذ الكناني الكلبي الشيزري (المتوفى: 584هـ)	ShamAY	10496	0.3916
		غزوة مؤتة والسرايا والبعوث النبوية الشمالية	بريك بن محمد بريك أبو مايلة العمري	ShamAY	11323	0.3916
		الذّريعة إلى تصانيف الشّيعة [ج ٣]	الشيخ آقا بزرك الطهراني	Rafed	442	0.39158
		صون المنطق والكلام عن فني المنطق والكلام (مطبوع معه: جهد القريحة في تجريد النصيحة)	جلال الدين السيوطي	ShamelaY19	151019	0.39157
		خطبة الكتاب المؤمل للرد إلى الأمر الأول	أبو القاسم شهاب الدين عبد الرحمن بن إسماعيل بن إبراهيم المقدسي الدمشقي المعروف بأبي شامة (المتوفى: 665ه)	Sham19Y	14447	0.39146
		زينب الكبري	الشيخ جعفر النقدي	Masaha	3360	0.39145
		شم العوارض في ذم الروافض	علي بن (سلطان) محمد، أبو الحسن نور الدين الملا الهروي القاري (المتوفى: 1014ه)	ShamelaY19	37559	0.39139
		الفرائض للثوري	أبو عبد الله سفيان بن سعيد بن مسروق الثوري الكوفي (المتوفى: 161ه)	ShamelaY19	26488	0.39138
		تراثنا ـ العدد [ 14 ]	مؤسسة آل البيت عليهم السلام لإحياء التراث ـ قم	Rafed	2728	0.39136
		ضياء السالكين في أحكام المسافرين	يحي الحجوري	ShamAY	36589	0.39131
		عنوان الدراية فيمن عرف من العلماء في المائة السابعة ببجاية	أحمد بن أحمد بن عبد الله بن محمد، أبو العباس الغبريني (المتوفى: 714ه)	ShamelaY19	96611	0.3912
		دار الحديث الأشرفية معلم حضاري للأمة في مسيرة ثمانية قرون	الشيخ محمد مجير الخطيب الحسني	ShamAY	37117	0.39119
		غزوة مؤتة والسرايا والبعوث النبوية الشمالية	بريك بن محمد بريك أبو مايلة العمري	Sham19Y	11323	0.39113
		الإتحاف بحب الأشراف‏	جمال الدين شبراوي	Masaha	1840	0.39107
		منتخب الأنوار المضيئة في ذكر القائم الحجة(ع)	علي بن عبد الكريم النيلي	Masaha	3293	0.39103
		مستدرك الوسائل [ج ١١]	الشيخ حسين النوري الطبرسي [ المحدّث النوري ]	Rafed	1169	0.3909
		مسند الامام النقي الهادي ( عليه السلام )	عزيزالله عطاردي قوچاني	Ghbook	4046	0.39084
		حسن السمت في الصمت	عبد الرحمن بن أبي بكر، جلال الدين السيوطي (المتوفى: 911ه)	ShamelaY19	36951	0.39083
		 شبهة الغلو عند الشيعة 	 عبد الرسول غفار 	ABLibrary	8451	0.39079
		قراءة في المسار الأموي	الشيخ عبد الحسين الأميني النجفي	Masaha	376	0.39074
		الرحيق المختوم (مع بعض التعديلات والزيادات من د علاء الدين زعتري وغسان محمد رشيد الحموي)	صفي الرحمن المباركفوري (المتوفى: 1427ه)	Sham19Y	9900	0.39067
		لواعج الاشجان في مقتل الحسين عليه السلام	السيد محسن الأمين	Masaha	2352	0.39064
		مناقب الشيخين في التفسير و الحديث عرض و نقد: محاضرات الشيخ نجم الدين الطبسي	نجم الدين طبسي	Ghbook	16274	0.39064
		اختلاف الحديث - ط الوفاء	محمد بن إدريس الشافعي	ShamAY	34043	0.39063
		حديث أبي بكر الأنباري_2	محمد بن جعفر بن محمد بن الهيثم، أبو بكر الأنباري، البُنْدار (المتوفى: 360هـ)	ShamAY	29867	0.39062
		نكت النهاية - الجزء1	المحقق الحلي	Masaha	1046	0.39057
		لواعج الأشجان في مقتل الحسين عليه السلام	السيّد محسن الأمين العاملي	Rafed	3215	0.39048
		الوجيز في شرح قراءات القرأة الثمانية أئمة الأمصار الخمسة	أبو علي الحسن بن علي بن إبراهيم بن يزداد الأَهْوَازي (المتوفى: 446هـ)	ShamAY	1113	0.39035
		 بحار الأنوار 	 العلامة المجلسي 	ABLibrary	769	0.39035
		عنوان الدّراية فيمن عُرف من العلماء في المائة السَّابعة ببجايَة	أحمد بن أحمد بن عبد الله بن محمد، أبو العباس الغِبْرِيني (المتوفى: 714هـ)	ShamAY	1951	0.39034
		اللآلي المنثورة في الأحاديث المشهورة للزركشي	الزركشي، بدر الدين	ShamAY	33924	0.39032
		موسوعة كتب الحج	مجموعة من المؤلفين	ShamAY	36415	0.39021
		البكاء في الكتاب والسنة، بحث مقدم للحصول على التفرغ العلمي	رقية بنت محمد المحارب	ShamAY	7862	0.39006
		شَمُّ العَوارِضِ في ذمِّ الرُّوَافِضِ	علي بن (سلطان) محمد، أبو الحسن نور الدين الملا الهروي القاري (المتوفى: 1014هـ)	ShamAY	1071	0.38988
		مشارع الأشواق إلى مصارع العشاق ومثير الغرام إلى دار السلام	أحمد بن أبراهيم ابن النحاس :: ابن النحاس الدمشقي الدمياطي	ShamAY	36364	0.38987
		المهدي المنتظر في الفكر الإسلامي	مؤسسة الرسالة	Masaha	447	0.38979
		مستدرك الوسائل [ج ٣]	الشيخ حسين النوري الطبرسي [ المحدّث النوري ]	Rafed	1134	0.38977
		الإيقاظ من الهجعة بالبرهان على الرجعة	محمد بن الحسن الحرّ العاملي [ العلامة الشيخ حرّ العاملي ]	Rafed	300	0.38973
		تنقيح المناظرة في تصحيح المخابرة	أبو عبد الله، محمد بن إبراهيم بن سعد الله بن جماعة الكناني الحموي الشافعي، بدر الدين (المتوفى: 733هـ)	ShamAY	10103	0.38968
		حُسْنُ السَّمْتِ فِي الصَّمْتِ	عبد الرحمن بن أبي بكر، جلال الدين السيوطي (المتوفى: 911هـ)	ShamAY	362	0.38961
		مستدرك الوسائل [ج ١٢]	الشيخ حسين النوري الطبرسي [ المحدّث النوري ]	Rafed	1192	0.38957
		حسن المحاضرة في تاريخ مصر والقاهرة	عبد الرحمن بن أبي بكر، جلال الدين السيوطي (المتوفى : 911هـ)	ShamAY	3283	0.38954
		الروضة من الكافي - الجزء8	ثقة الإسلام أبي جعفر الكليني	Masaha	8	0.3895
		شرح حديث جابر في الحج	عبد العزيز الطريفي	ShamAY	35965	0.38949
		البكاء في الكتاب والسنة، بحث مقدم للحصول على التفرغ العلمي	رقية بنت محمد المحارب	Sham19Y	7862	0.38946
		المهذب فيما وقع في القرآن من المعرب	عبد الرحمن بن أبي بكر، جلال الدين السيوطي (المتوفى: 911ه)	ShamelaY19	26097	0.38942
		نهي الصحبة عن النزول بالركبة (ومعه أبحاث أخرى في مسألة السجود بتقديم اليدين أم الركبتين)	أبو إسحاق الحويني الأثري حجازي محمد شريف (بحث نهي الصحبة فقط)	Sham19Y	9495	0.38938
		الأمصار ذوات الآثار	شمس الدين محمّد بن أحمد بن عثمان الذّهبي	Rafed	2180	0.38937
		تراثنا ـ العدد [ 15 ]	مؤسسة آل البيت عليهم السلام لإحياء التراث ـ قم	Rafed	2729	0.38933
		تراثنا ـ العددان [ 43 و 44 ]	مؤسسة آل البيت عليهم السلام لإحياء التراث ـ قم	Rafed	2816	0.38925
		الفصل في الملل والأهواء والنّحل [ج ٣]	أبي محمد علي بن أحمد [ ابن حزم الأندلسي الظاهري ]	Rafed	3703	0.3892
		الرحيق المختوم (مع بعض التعديلات والزيادات من د علاء الدين زعتري وغسان محمد رشيد الحموي)	صفي الرحمن المباركفوري (المتوفى: 1427هـ)	ShamAY	9900	0.38919
		الحديقة الهلالية شرح دعاء الهلال من الصحيفة السجّاديّة	محمّد بن الحسين العاملي	Rafed	285	0.38918
		أسانيد آية الرجم	حمد بن إبراهيم العثمان	ShamAY	33080	0.38916
		جامع الأخبار	محمد بن محمد الشعيري	Masaha	4579	0.38913
		الهجرة إلى الثقلين	محمد گوزل الآمدي	Masaha	477	0.3891
		خطبة الكتاب المؤمل للرد إلى الأمر الأول	أبو القاسم شهاب الدين عبد الرحمن بن إسماعيل بن إبراهيم المقدسي الدمشقي المعروف بأبي شامة (المتوفى: 665هـ)	ShamAY	31992	0.38909
		كلمه الامام الجواد ( عليه السلام )	حسن شيرازي	Ghbook	6478	0.38908
		تاريخ مدينة صنعاء	أحمد بن عبد الله بن محمّد الرازي	Rafed	2317	0.38904
		المولود في بيت الله الحرام: علي بن أبي طالب عليه السلام أم حكيم بن حزام؟	نبيل قدوري الحسني	Ghbook	12327	0.38898
		بحار الأنوار [ج ٤١]	الشيخ محمّد باقر بن محمّد تقي المجلسي	Rafed	966	0.38893
		التتمه في تواريخ الائمه عليهم السلام	تاج الدين بن علي بن احمد حسيني عاملي	Ghbook	9192	0.38892
		الذّريعة إلى تصانيف الشّيعة [ج ٢٤]	الشيخ آقا بزرك الطهراني	Rafed	503	0.38879
		فضائل الصحابة - محمد حسن عبد الغفار	محمد حسن عبد الغفار	Sham19Y	37678	0.38877
		الغدير في الكتاب العزيز	الشيخ عبد الحسين الأميني النجفي	Masaha	366	0.38865
		الاربعون حديثا في اثبات امامه اميرالمومنين عليه السلام 	عبدالله بحراني اصفهاني	Ghbook	15555	0.38864
		سكب الرذاذ على سيرة سعد بن معاذ		ShamAY	35823	0.38852
		 بحار الأنوار 	 العلامة المجلسي 	ABLibrary	776	0.3885
		رؤوس الفتنة في الثورة على الخليفة الشهيد عثمان بن عفان	خالد كبير علال	ShamAY	37129	0.38849
		البشري في ذكر من حظي برويه  الحجه  الكبري (عجل الله تعالي فرجه)	موسسه پيام امام هادي عليه السلام	Ghbook	14747	0.38845
		إعلام النبلاء بتاريخ حلب الشهباء  - الجزء1	محمد راغب الطباخ	Masaha	4237	0.38844
		 حالة أهل الحقيقة مع الله تعالى 	 أحمد بن علي الرفاعي الكبير 	ABLibrary	8724	0.38839
		شرح المنظومة البيقونية ليوسف جودة	يوسف بن جودة يس يوسف الداودي	ShamAY	38517	0.38834
		وصيه للوارث	آيت الله العظمي جعفر سبحاني	Ghbook	5058	0.38831
		القرآن و فضائل اهل بيت (عليهم السلام)	محمد صالحي انديمشكي	Ghbook	9973	0.38831
		الوجيز في حكم تجويد الكتاب العزيز	د. محمد بن سيدي محمد محمد الأمين	Sham19Y	21557	0.38827
		نهي الصحبة عن النزول بالركبة (ومعه أبحاث أخرى في مسألة السجود بتقديم اليدين أم الركبتين)	أبو إسحاق الحويني الأثري حجازي محمد شريف (بحث نهي الصحبة فقط)	ShamAY	9495	0.38823
		الذّريعة إلى تصانيف الشّيعة [ج ٢١]	الشيخ آقا بزرك الطهراني	Rafed	496	0.38811
		ديوان جرير بشرح محمد بن حبيب	جرير	ShamelaY19	133412	0.3881
		مثير الأحزان	مدرسة الإمام المهدي « عج »	Rafed	1742	0.3881
		منتقى من صحيح السيرة		ShamAY	37411	0.388
		الإعلام بوجوب التثبت في رواية الحديث وحكم العمل بالحديث الضعيف	سليمان العلوان	ShamAY	37320	0.38798
		تراثنا ـ العددان [ 38 و 39 ]	مؤسسة آل البيت عليهم السلام لإحياء التراث ـ قم	Rafed	2798	0.38797
		تراجم الرجال الجزء - الجزء2	السيد أحمد الحسيني	Masaha	550	0.38797
		دلائل الصدق لنهج الحق - الجزء1	الشيخ محمد حسن المظفر	Masaha	274	0.38797
		موسوعة طبقات الفقهاء	آيت الله العظمي جعفر سبحاني	Ghbook	9007	0.38791
		نسخة وكيع عن الأعمش	أبو سفيان وكيع بن الجراح بن مليح بن عدي بن فرس بن سفيان بن الحارث بن عمرو ابن عبيد بن رؤاس الرؤاسي (المتوفى: 197هـ)	ShamAY	23118	0.38789
		المتكلمون في الرجال (مطبوع ضمن مجموعة «أربع رسائل في علوم الحديث» )	شمس الدين أبو الخير محمد بن عبد الرحمن بن محمد بن أبي بكر بن عثمان بن محمد السخاوي (المتوفى: 902هـ)	ShamAY	26111	0.38786
		مقالتان في الغدير	آيت الله علي حسيني ميلاني	Ghbook	13964	0.3878
		القَولُ البَدِيعُ في الصَّلاةِ عَلَى الحَبِيبِ الشَّفِيعِ	شمس الدين أبو الخير محمد بن عبد الرحمن بن محمد السخاوي (المتوفى: 902هـ)	ShamAY	1391	0.38779
		إتحاف الوري بأخبار أم القري‏  - الجزء1	عمر بن محمد بن فهد	Masaha	4387	0.38773
		تذكره الاعيان	آيت الله العظمي جعفر سبحاني	Ghbook	9008	0.38771
		مستدرك الوسائل [ج ٤]	الشيخ حسين النوري الطبرسي [ المحدّث النوري ]	Rafed	1137	0.38769
		الكافي [ج ١١]	أبو جعفر محمّد بن يعقوب الكليني الرازي	Rafed	1130	0.38768
		مصطلحات المذاهب الفقهية وأسرار الفقه المرموز	مريم محمد صالح الظفيري	ShamAY	31807	0.38762
		الكلام على حديث إن امرأتي لا ترد يد لامس لابن حجر	ابن حجر العسقلاني	ShamAY	35242	0.38759
		عقلاء المجانين والموسوسين	الحسن بن إسمعيل بن محمد، أبو محمد الضّرّاب المصري (المتوفى: 392هـ)	ShamAY	27093	0.38758
		الإمام أبو جعفر الباقر عليه السلام سيرة وتاريخ	علي موسى الكعبي	Rafed	784	0.3875
		تربية ملكة الاجتهاد من خلال بداية المجتهد لابن رشد	محمد بولوز	ShamAY	37559	0.38738
		الوافي - الجزء1	الفيض الكاشاني	Masaha	1326	0.38733
		المحرر في الحديث	شمس الدين محمد بن أحمد بن عبد الهادي الحنبلي (المتوفى : 744هـ)	ShamAY	5918	0.38731
		تاريخ التراث العربي (علوم القرآن والحديث - التدوين التاريخي - الفقه - العقائد)	الدكتور فؤاد سزكين	ShamelaY19	143160	0.38731
		 تاريخ النجف ( اليتيمة الغروية والتحفة النجفية ) 	 السيد حسين البراقي النجفي 	ABLibrary	9011	0.38726
		غريب الحديث لابن قتيبة	أبو محمد عبد الله بن مسلم بن قتيبة الدينوري (المتوفى: 276ه)	Sham19Y	7012	0.38725
		عمدة الأحكام من كلام خير الأنام صلى الله عليه وسلم	عبد الغني بن عبد الواحد بن علي بن سرور المقدسي الجماعيلي الدمشقي الحنبلي، أبو محمد، تقي الدين (المتوفى: 600ه)	Sham19Y	6075	0.38716
		نشوة الطرب في تاريخ جاهلية العرب	ابن سعيد الأندلسي	ShamAY	28174	0.38715
		قيس بن سعد بن عبادة الأنصاري وشعره في الغدير	الشيخ عبد الحسين الأميني النجفي	Masaha	380	0.38713
		معجم المؤلفين - الجزء1	عمر كحالة	Masaha	2837	0.38711
		النكت العلمية على الروضة الندية	أبو عبد الرحمن عبد الله بن صالح العبيلان	ShamAY	32417	0.38685
		نظرة في كتاب منهاج السنّة النبويّة لابن تيميّة الحرّاني	العلامة الأميني	Rafed	3418	0.38682
		ما قاله الثقلان في أولياء الرحمن	عبد الله بن جوران الخضير	ShamAY	36175	0.38679
		حديث الضب الذي تكلم بين يدي النبي للطبراني	سليمان بن أحمد بن أيوب بن مطير اللخمي الشامي، أبو القاسم الطبراني (المتوفى: 360ه)	Sham19Y	28925	0.38679
		كتاب السبعة في القراءات	أحمد بن موسى بن العباس التميمي، أبو بكر بن مجاهد البغدادي (المتوفى: 324ه)	Sham19Y	5530	0.38667
		ولايه الامام علي ( عليه السلام ) في الكتاب و السنه	مرتضي عسكري	Ghbook	7737	0.38665
		المهذب فيما وقع في القرآن من المعرب	عبد الرحمن بن أبي بكر، جلال الدين السيوطي (المتوفى: 911هـ)	ShamAY	26097	0.38662
		الهداية الكبرى‏	حسين بن حمدان الخصيبي‏	Masaha	2865	0.38656
		نشوة الطرب في تاريخ جاهلية العرب	ابن سعيد الأندلسي	ShamelaY19	28174	0.38648
		كشف الغمة في معرفة الأئمة - الجزء1	المحدث الإربلي	Masaha	2491	0.38646
		مشيخة أبي الحسن السكري	علي بن عمر بن محمد بن الحسين ابن شاذان، أبو الحسن السكري الحربي الصيرفي الكيال (المتوفى: 386هـ)	ShamAY	30075	0.38644
		عيون المعجزات	الشيخ حسين بن عبد الوهاب	Masaha	2311	0.38636
		العرش وما روي فيه - محققا	أبو جعفر محمد بن عثمان بن أبي شيبة العبسي (المتوفى : 297هـ)	ShamAY	12444	0.38627
		 الأمصار ذوات الآثار 	 الذهبي 	ABLibrary	8938	0.38624
		عيون المعجزات	الشيخ حسين بن عبد الوهاب	Rafed	1720	0.38622
		 المواعظ والإعتبار في ذكر الخطط والآثار ( ط لندن ) 	 المقريزي 	ABLibrary	9238	0.38622
		تحفة الأبرار بنكت الأذكار للنووي	عبد الرحمن بن أبي بكر، جلال الدين السيوطي (المتوفى: 911هـ)	ShamAY	21560	0.38617
		الرسالة الوافية لمذهب أهل السنة في الاعتقادات وأصول الديانات	عثمان بن سعيد بن عثمان بن عمر أبو عمرو الداني (المتوفى: 444هـ)	ShamAY	26713	0.38615
		إتحاف النبلاء ببيان تسمية العلماء	الشيخ سامي المسيطير	ShamAY	35809	0.38614
		إيضاح الدلالة في تخريج وتحقيق حديث: ((لا اعتكاف إلا في المساجد الثلاثة))	محمد بن عبد الوهاب الوصابي	ShamAY	33090	0.38611
		القرط على الكامل، وهي الطرر والحواشي علي الكامل للمبرد	أبو الحسن علي بن إبراهيم بن محمد بن عيسي بن سعد الخير الأنصاري (المتوفى: 571هـ)	ShamAY	670	0.38598
		فتحُ المغيث في التعليقِ على تيسيرِ مصطلحِ الحديثِ	محمود الطحان	ShamAY	37300	0.38597
		مختصر السواك لأبي الخير القزويني - مخطوط	أبو الخير أحمد بن إسماعيل الطالقاني القزويني	ShamAY	38070	0.38583
		حوار مع الصوفية		ShamAY	35386	0.38579
		 بحار الأنوار 	 العلامة المجلسي 	ABLibrary	796	0.38576
		غريب الحديث لابن قتيبة	أبو محمد عبد الله بن مسلم بن قتيبة الدينوري (المتوفى: 276هـ)	ShamAY	7012	0.38574
		الفتح المبين بشرح الأربعين	أحمد بن محمد بن علي بن حجر الهيتمي السعدي الأنصاري، شهاب الدين شيخ الإسلام، أبو العباس (المتوفى: 974 هـ)	ShamAY	32377	0.38572
		ردود أهل العلم على الطاعنين في حديث السحر وبيان بعد محمد رشيد رضا عن السلفية	أبو عبد الرحمن مقبل بن هادي بن مقبل بن قائدة (اسم رجل) الهمداني الوادعي (المتوفى: 1422ه)	ShamelaY19	96785	0.38572
		عبدالله بن سبأ وإمامة علي رضى الله عنه	علي السلمان	ShamAY	35700	0.3857
		إعلام الخلف [ج ٣]	صادق العلائي	Rafed	3060	0.38569
		الإمام الشعبي وعنايته بالسنة	سليمان الجار الله	ShamAY	34021	0.38567
		المنمق في أخبار قريش	محمد بن حبيب بن أمية بن عمرو الهاشمي، بالولاء، أبو جعفر البغدادي (المتوفى: 245هـ)	ShamAY	12212	0.38566
		فضائل الصحابة - محمد حسن عبد الغفار	محمد حسن عبد الغفار	ShamAY	715	0.38561
		القول الصّراح في البخاري وصحيحه الجامع	الميرزا فتح الله بن محمّد جواد الإصبهاني	Rafed	571	0.38554
		اتباع السنن واجتناب البدع	ضياء الدين أبو عبد الله محمد بن عبد الواحد المقدسي (المتوفى: 643هـ)	ShamAY	178	0.38547
		التنبيه بالمعلوم	محمد بن الحسن الحرّ العاملي [ العلامة الشيخ حرّ العاملي ]	Rafed	174	0.38544
		الأثر الخالد في الولد والوالد	السيد علي بن الحسين العلوي	Rafed	4	0.38542
		تراثنا ـ العددان [ 91 و 92 ]	مؤسسة آل البيت عليهم السلام لإحياء التراث ـ قم	Rafed	3883	0.38532
		كتاب السبعة في القراءات	أحمد بن موسى بن العباس التميمي، أبو بكر بن مجاهد البغدادي (المتوفى: 324هـ)	ShamAY	5530	0.38531
		حديث الضب الذي تكلم بين يدي النبي للطبراني	سليمان بن أحمد بن أيوب بن مطير اللخمي الشامي، أبو القاسم الطبراني (المتوفى: 360ه)	ShamelaY19	28925	0.38517
		الامام الثاني عشر (عجل الله تعالي فرجه الشريف) 	محمد سعيد موسوي	Ghbook	6577	0.38516
		المسالك في شرح موطأ مالك	القاضي محمد بن عبد الله أبو بكر بن العربي المعافري الاشبيلي المالكي (المتوفى: 543ه)	ShamelaY19	123665	0.38514
		التنبيه والإيقاظ لما في ذيول تذكرة الحفاظ	أحمد رافع بن محمد الحسيني القاسمي الطهطاوي الحنفي (المتوفى: 1355هـ)	ShamAY	1116	0.38505
		 تاريخ مدينة صنعاء ( ويليه كتاب الاختصاص للعرشاني ) 	 أحمد بن عبد اللّه الرازي 	ABLibrary	8998	0.38504
		عوالي الحارث بن أبي أسامة	أبو محمد الحارث بن محمد بن داهر التميمي البغدادي الخصيب المعروف بابن أبي أسامة (المتوفى: 282هـ)	ShamAY	9808	0.385
		مطلع الأنوار ونزهة البصائر والأبصار	أبو بكر محمد بن محمد بن علي بن خميس المالقي (المتوفى: بعد 639هـ)	ShamAY	9271	0.38492
		تذكرة المحتاج إلى أحاديث المنهاج (تخريج منهاج الأصول للبيضاوي)	ابن الملقن سراج الدين أبو حفص عمر بن علي بن أحمد الشافعي المصري (المتوفى: 804ه)	Sham19Y	9569	0.38488
		 الكامل في التاريخ 	 ابن الأثير 	ABLibrary	8253	0.38484
		البدر الطالع بمحاسن من بعد القرن السابع	محمد بن علي بن محمد بن عبد الله الشوكاني اليمني (المتوفى: 1250هـ)	ShamAY	6671	0.3848
		الكوثر الجاري إلى رياض أحاديث البخاري	أحمد بن إسماعيل بن عثمان بن محمد الكوراني الشافعي ثم الحنفي المتوفى 893 هـ	ShamAY	32588	0.38457
		 الزهور المقتطفة من تاريخ مكة المشرفة 	 محمد بن أحمد الفاسي 	ABLibrary	9116	0.38453
		الوجيز في حكم تجويد الكتاب العزيز	د. محمد بن سيدي محمد محمد الأمين	ShamAY	21557	0.3845
		وصول الأخيار إلى اصول الأخبار	الشيخ حسين بن عبد الصمد العاملي	Rafed	1816	0.38442
		تراثنا ـ العددان [ 45 و 46 ]	مؤسسة آل البيت عليهم السلام لإحياء التراث ـ قم	Rafed	2830	0.38429
		جزء من حديث خيثمة الأطرابلسي	أبو الحسن خيثمة بن سليمان بن حيدرة بن سليمان القرشي الشامي الأطرابلسي (المتوفى: 343ه)	ShamelaY19	29862	0.38425
		 الذريعة 	 آقا بزرگ الطهراني 	ABLibrary	860	0.38425
		تراثنا ـ العددان [ 55 و 56 ]	مؤسسة آل البيت عليهم السلام لإحياء التراث ـ قم	Rafed	3240	0.38424
		احياء الميت بفضائل اهل البيت ( عليهم السلام )	جلال الدين عبدالرحمن بن ابي بكر سيوطي	Ghbook	9198	0.38424
		 معرفة الإمام 	 السيد محمد حسين الطهراني 	ABLibrary	8884	0.38422
		جزء من حديث خيثمة الأطرابلسي	أبو الحسن خيثمة بن سليمان بن حيدرة بن سليمان القرشي الشامي الأطرابلسي (المتوفى: 343هـ)	ShamAY	29862	0.3842
		تحفة الأبرار بنكت الأذكار للنووي	عبد الرحمن بن أبي بكر، جلال الدين السيوطي (المتوفى: 911ه)	ShamelaY19	21560	0.3842
		بقيع الغرقد في دراسه شامله	محمد امين پوراميني	Ghbook	3342	0.38406
		شرح كتاب الفتن من صحيح البخاري - عبد الكريم الخضير	عبد الكريم الخضير	ShamelaY19	21741	0.38405
		مقدمات في علم القراءات	محمد أحمد مفلح القضاة، أحمد خالد شكرى، محمد خالد منصور (معاصر)	ShamAY	1230	0.38401
		أبو داوود حياته وسننه	محمد بن لطفي الصباغ	ShamAY	37358	0.38399
		 بحوث في الملل والنحل 	 الشيخ السبحاني 	ABLibrary	8362	0.38389
		حول سماع الميت و ادراكه	خليفه عبيد كلباني عماني	Ghbook	7638	0.38381
		إمداد السقاة بدلو الرواة = إخبار المنتوى بحقيقة من روى	عمر الحدوشي	ShamAY	35213	0.38376
		فضائل الصحابة - محمد حسن عبد الغفار	محمد حسن عبد الغفار	ShamelaY19	37678	0.38374
		 في رحاب أهل البيت ( ع ) 	 لجنة بحوث المجمع العالمي لأهل البيت ( ع ) 	ABLibrary	8567	0.3837
		مجموع كتب ورسائل الإمام القاسم بن إبراهيم الرسي ( 169 ـ 246 هـ ) [ج ١]	القاسم بن ابراهيم بن اسماعيل بن ابراهيم بن الحسن بن الحسن بن علي بن أبي طالب عليهم السلام	Rafed	3477	0.38369
		إنباء الأمراء بأنباء الوزراء	شمس الدين محمد بن علي بن خمارويه بن طولون الدمشقي الصالحي الحنفي (المتوفى: 953ه)	Sham19Y	120145	0.38356
		تاويل الايات الظاهره	علي استرآبادي	Ghbook	2480	0.38351
		البيان في عدّ آي القرآن	عثمان بن سعيد بن عثمان بن عمر أبو عمرو الداني (المتوفى: 444هـ)	ShamAY	5542	0.3835
		الفواكه العذاب في الرد على من لم يحكم السنة والكتاب	حمد بن ناصر بن عثمان بن معمر النجدي التميمي الحنبلي (المتوفى: 1225هـ)	ShamAY	1	0.38348
		جزء في كلام العلماء على الحديث المنسوب للنبي صلى الله عليه وسلم في تواجده وتمزيق ردائه عندما أنشد عنده: قد لسعت حية الهوى كبدي	محمد بن عبد الهادي المقدسي (744 هـ)	ShamAY	33571	0.38338
		المقداد ابن الأسود الكندي أوّل فارس في الإسلام	الشيخ محمد جواد آل الفقيه	Masaha	1732	0.38331
		تأسيس الأحكام بشرح عمدة الأحكام على ما صح عن خير الأنام	أحمد النجمي	ShamAY	35958	0.3833
		الإمام محمد الجواد عليه السلام سيرة وتاريخ	السيد عدنان الحسيني	Masaha	672	0.3833
		مختصر سيرة الرسول صلى الله عليه وسلم لمحمد بن عبد الوهاب	محمد بن عبد الوهاب بن سليمان التميمي النجدي (المتوفى: 1206ه)	ShamelaY19	31465	0.38321
		و لاول مره في تاريخ العالم	آيت الله العظمي سيد محمد حسيني شيرازي	Ghbook	7967	0.38313
		مفحمات الأقران في مبهمات القرآن	عبد الرحمن بن أبي بكر، جلال الدين السيوطي (المتوفى: 911 ه)	ShamelaY19	26582	0.38312
		تراثنا ـ العدد [ 3 ]	مؤسسة آل البيت عليهم السلام لإحياء التراث ـ قم	Rafed	2507	0.38298
		آكام النفائش بأداء الأذكار بلسان فارس	الإمام محمد عبد الحي اللكنوي (ت1304هـ)	ShamAY	36002	0.38294
		الذّريعة إلى تصانيف الشّيعة [ج ٢٠]	الشيخ آقا بزرك الطهراني	Rafed	490	0.38291
		موسوعة عبد الله بن عبّاس [ج ٤]	السيد محمد مهدي السيد حسن الموسوي الخرسان	Rafed	1172	0.38287
		أحكام النساء - مستخلصا من كتب الألباني	أبو مالك محمد بن حامد بن عبد الوهاب	ShamelaY19	38213	0.38282
		تعدد روايات الكتاب الحديثي وأثره	محمد بن عمر بازمول	ShamAY	34028	0.38281
		سؤالات محمد بن عثمان بن أبي شيبة لعلي بن المديني	علي بن عبد الله بن جعفر السعدي بالولاء المديني، البصري، أبو الحسن (المتوفى: 234هـ)	ShamAY	5947	0.38281
		مشيخة أبي الحسن السكري	علي بن عمر بن محمد بن الحسين ابن شاذان، أبو الحسن السكري الحربي الصيرفي الكيال (المتوفى: 386ه)	Sham19Y	30075	0.38278
		فلاح السائل و نجاح المسائل	حسن بن يوسف بن مطهر علامه حلي	Ghbook	4627	0.38276
		رسالة في القرآن وكلام الله	أبو محمد موفق الدين عبد الله بن أحمد بن محمد بن قدامة الجماعيلي المقدسي ثم الدمشقي الحنبلي، الشهير بابن قدامة المقدسي (المتوفى: 620هـ)	ShamAY	11218	0.38275
		بحار الأنوار [ج ١٩]	الشيخ محمّد باقر بن محمّد تقي المجلسي	Rafed	870	0.38275
		تفسير كنز الدّقائق وبحر الغرائب [ج ٤]	الشيخ محمّد بن محمّد رضا القمّي المشهدي	Rafed	2092	0.38264
		الشذا الفياح من علوم ابن الصلاح رحمه الله تعالى	إبراهيم بن موسى بن أيوب، برهان الدين أبو إسحاق الأبناسي، ثم القاهري، الشافعي (المتوفى: 802هـ)	ShamAY	7349	0.38262
		 الموسوعة الكبرى عن فاطمة الزهراء ( س ) 	 اسماعيل الأنصاري الزنجاني الخوئيني 	ABLibrary	7822	0.38253
		بحار الأنوار [ج ٢٠]	الشيخ محمّد باقر الإيرواني	Rafed	886	0.38247
		الكاشف في معرفة من له رواية في الكتب الستة	شمس الدين أبو عبد الله محمد بن أحمد بن عثمان بن قَايْماز الذهبي (المتوفى: 748هـ)	ShamAY	2171	0.38246
		 كشف الغمة في معرفة الأئمة ( ط . ق ) 	 علي بن أبي الفتح الإربلي 	ABLibrary	7908	0.38243
		بحار الأنوار [ج ٨٧]	الشيخ محمّد باقر بن محمّد تقي المجلسي	Rafed	1157	0.38239
		التوكل	القاضي أبو يعلى، محمد بن الحسين بن محمد بن خلف المعروف بـ ابن الفراء (المتوفى: 458 هـ)	ShamAY	32487	0.3823
		غريب الحديث لابن قتيبة - ط العلمية	الدِّينَوري، ابن قتيبة	ShamAY	34682	0.38229
		إنباء الأمراء بأنباء الوزراء	شمس الدين محمد بن علي بن خمارويه بن طولون الدمشقي الصالحي الحنفي (المتوفى: 953هـ)	ShamAY	31706	0.38222
		جواب الحافظ أبى محمد عبد العظيم المنذري المصري عن أسئلة فى الجرح والتعديل	عبد العظيم بن عبد القوي بن عبد الله، أبو محمد، زكي الدين المنذري (المتوفى: 656هـ)	ShamAY	9863	0.38217
		دراسة الأحاديث والآثار الواردة في ابتداء رمي الجمار أيام التشريق	عبد العزيز بن محمد السعيد	ShamAY	33222	0.38215
		الذّريعة إلى تصانيف الشّيعة [ج ٥]	الشيخ آقا بزرك الطهراني	Rafed	444	0.38213
		طبقات المحدثين بأصبهان والواردين عليها [ج ١]	أبي محمّد عبدالله بن محمّد بن جعفر بن حيّان [ أبي الشيخ الأنصاري ]	Rafed	2428	0.38204
		تذكرة المحتاج إلى أحاديث المنهاج (تخريج منهاج الأصول للبيضاوي)	ابن الملقن سراج الدين أبو حفص عمر بن علي بن أحمد الشافعي المصري (المتوفى: 804هـ)	ShamAY	9569	0.38202
		روايات اليماني	نجم الدين طبسي	Ghbook	12899	0.38193
		أصل صفة صلاة النبي صلى الله عليه وسلم	محمد ناصر الدين الألباني (المتوفى: 1420هـ)	ShamAY	9875	0.3819
		عمدة الأحكام من كلام خير الأنام صلى الله عليه وسلم	عبد الغني بن عبد الواحد بن علي بن سرور المقدسي الجماعيلي الدمشقي الحنبلي، أبو محمد، تقي الدين (المتوفى: 600هـ)	ShamAY	6075	0.38188
		جامع الأخبار	الشيخ محمّد بن محمّد السبزواري	Rafed	407	0.38183
		نظرة في كتاب البداية والنهاية	الشيخ عبد الحسين الأميني النجفي	Masaha	469	0.38182
		جزء في التهنئة في الأعياد وغيرها لابن حجر	ابن حجر العسقلاني (852 هـ)	ShamAY	34301	0.38174
		مستدرك الوسائل [ج ١٥]	الشيخ حسين النوري الطبرسي [ المحدّث النوري ]	Rafed	1222	0.38171
		مفحمات الأقران في مبهمات القرآن	عبد الرحمن بن أبي بكر، جلال الدين السيوطي (المتوفى: 911 هـ)	ShamAY	26582	0.38166
		المناقب و المثالب‏	القاضي نعمان المغربي‏	Masaha	2875	0.38165
		معجم المؤلفين	عمر رضا كحالة	Sham19Y	3901	0.38154
		مختصر التبيين لهجاء التنزيل	أبو داود، سليمان بن نجاح بن أبي القاسم الأموي بالولاء، الأندلسي (المتوفى: 496ه)	ShamelaY19	29988	0.3815
		المقداد ابن الأسود الكندي أوّل فارس في الإسلام	الشيخ محمد جواد الفقيه	Rafed	44	0.38149
		 مع الركب الحسيني 	 مجموعة مؤلفين 	ABLibrary	7746	0.38147
		تحفة النبلاء في جماعة النساء	الإمام محمد عبد الحي اللكنوي (ت1304هـ)	ShamAY	36016	0.38142
		 بحار الأنوار 	 العلامة المجلسي 	ABLibrary	770	0.38134
		 معرفة الإمام 	 السيد محمد حسين الطهراني 	ABLibrary	8894	0.38125
		صلاه ابي بكر في مرض النبي ( صلي الله عليه و آله )	آيت الله علي حسيني ميلاني	Ghbook	4799	0.38122
		الأصل للشيباني ط قطر	أبو عبد الله محمد بن الحسن بن فرقد الشيباني (المتوفى: 189 هـ)	ShamAY	32375	0.38115
		فوائد أحمد بن عبدالله بن نصر بن بجير	أَحْمَد بْن عَبْد اللَّه بْن نصر بْن بجير بْن عَبْد اللَّه بْن صالح بْن أسامة أَبُو الْعَبَّاس الذهلي (المتوفى: 322هـ)	ShamAY	27099	0.38114
		حديث تحليلي	طارق الطواري	ShamAY	35985	0.38112
		 بحار الأنوار 	 العلامة المجلسي 	ABLibrary	791	0.38102
		أدب الكتاب للصولي	أبو بكر محمد بن يحى الصولي (المتوفى: 335هـ)	ShamAY	1601	0.38098
		 تاريخ الأندلس من الفتح حتى السقوط 	 اسماعيل بن ابراهيم 	ABLibrary	8985	0.38098
		تدوين السنة النبوية نشأته وتطوره من القرن الأول إلى نهاية القرن التاسع الهجري	أبو ياسر محمد بن مطر بن عثمان آل مطر الزهراني (المتوفى: 1427هـ)	ShamAY	11091	0.38094
		المرأة في حياة إمام الدعوة الشيخ محمد بن عبدالوهاب (مطبوع ضمن بحوث ندوة دعوة الشيخ محمد بن عبد الوهاب، الجزء الأول)	حمد بن محمد بن جاسر آل جاسر (المتوفى: 1421هـ)	ShamAY	8548	0.3809
		سيرة عمر بن عبد العزيز على ما رواه الإمام مالك بن أنس وأصحابه	عبد الله بن عبد الحكم بن أعين بن ليث بن رافع، أبو محمد المصري (المتوفى: 214هـ)	ShamAY	6656	0.3809
		الحديقه الهلاليه شرح دعاء الهلال من صحيفه السجاديه	بهاءالدين محمد بن حسين شيخ بهائي	Ghbook	14627	0.38089
		سلم الوصول إلى طبقات الفحول	مصطفى بن عبد الله القسطنطيني العثماني المعروف ب «كاتب جلبي» وب «حاجي خليفة» (المتوفى 1067 ه)	ShamelaY19	19199	0.38086
		التطريف في التصحيف	عبد الرحمن بن أبي بكر، جلال الدين السيوطي (المتوفى: 911هـ)	ShamAY	6001	0.38081
		منتخب الانوار المضيئه - في  ذكر القائم الحجه ( عليه السلام )	علي بن عبدالكريم بهاءالدين نيلي	Ghbook	2617	0.3808
		نور اللمعة في خصائص الجمعة	عبد الرحمن بن أبي بكر، جلال الدين السيوطي (المتوفى: 911هـ)	ShamAY	10747	0.38077
		الضعفاء الصغير للبخاري ت أبي العينين	محمد بن إسماعيل بن إبراهيم بن المغيرة البخاري، أبو عبد الله (المتوفى: 256هـ)	ShamAY	8632	0.38075
		الامام محمّد الجواد عليه السلام .. سيرة وتاريخ	السيد عدنان الحسيني	Rafed	1201	0.38072
		إتحاف الجماعة بما جاء في الفتن والملاحم وأشراط الساعة	حمود بن عبد الله بن حمود بن عبد الرحمن التويجري (المتوفى: 1413هـ)	ShamAY	8573	0.38068
		الغدير في الكتاب والسنّة والأدب [ج ١]	الشيخ عبد الحسين أحمد الأميني النجفي	Rafed	350	0.38066
		 بقيع الغرقد 	 الشيخ محمد أمين الأميني 	ABLibrary	8968	0.38064
		المهدي (عج)	السيد صدر الدين الصدر	Masaha	2368	0.38056
		معجم مؤرخي الشيعةحتى نهاية القرن السابع الهجري	صائب عبد الـحميد	Masaha	425	0.38055
		الكافي [ج ١]	أبو جعفر محمّد بن يعقوب الكليني الرازي	Rafed	372	0.38051
		 الذريعة 	 آقا بزرگ الطهراني 	ABLibrary	863	0.38046
		الاشتقاق	أبو بكر محمد بن الحسن بن دريد الأزدي (المتوفى: 321هـ)	ShamAY	9211	0.3804
		الإحاطة في أخبار غرناطة [ج ١]	أبي عبد الله محمّد بن عبد الله بن سعيد بن أحمد السلماني [ لسان الدين بن الخطيب ]	Rafed	2344	0.38035
		 نظرة في كتاب منهاج السنة النبوية ( من فيض الغدير ) 	 الشيخ الأميني 	ABLibrary	8666	0.38028
		أحكام النساء - مستخلصا من كتب الألباني	أبو مالك محمد بن حامد بن عبد الوهاب	ShamAY	1551	0.38027
		تمام الكلام في تخصيص المواظبة على الدعاء بعد السلام	أبو إبراهيم عادل المرشود	ShamAY	33209	0.38017
		المجرد في أسماء رجال سنن ابن ماجه	الحافظ الذهبي (المتوفى: 748 ه)	ShamelaY19	151009	0.3801
		تذكرة الراشد برد تبصرة الناقد	الإمام محمد عبد الحي اللكنوي (ت1304هـ)	ShamAY	36018	0.38008
		النكت على مقدمة ابن الصلاح للزركشي	أبو عبد الله بدر الدين محمد بن عبد الله بن بهادر الزركشي الشافعي (المتوفى: 794ه)	Sham19Y	5978	0.38006
		كتاب الإعلام بأعلام بيت الله الحرام‏  - الجزء1	محمد بن أحمد النهرواني	Masaha	4217	0.38004
		مشرق الشمسين و إكسير السعادتين مع تعليقات الخواجوئى	الشيخ البهائي	Masaha	1208	0.38
		مقدمة ابن الصلاح = معرفة أنواع علوم الحديث - ت فحل	عثمان بن عبد الرحمن، أبوعمرو، تقي الدين المعروف بابن الصلاح (المتوفى: 643ه)	ShamelaY19	23799	0.37996
		الذّريعة إلى تصانيف الشّيعة [ج ١٠]	الشيخ آقا بزرك الطهراني	Rafed	456	0.37993
		حقيقة معاوية رضي الله عنه	محمد بن طاهر البرزنجي	ShamAY	35750	0.37992
		المغرب في حلى المغرب	أبو الحسن على بن موسى بن سعيد المغربي الأندلسي (المتوفى: 685هـ)	ShamAY	6633	0.37983
		الصحابة المعتزلون للفتنة الكبرى -مواقفهم منها ، و دورهم في الحد منها	الدكتور خالد كبير علال	ShamAY	37127	0.37982
		قصص الأنبياء	أبو الفداء إسماعيل بن عمر بن كثير القرشي البصري ثم الدمشقي (المتوفى: 774ه)	Sham19Y	932	0.37981
		تفسير البيان [ج ٦]	السيّد محمّد حسين الطباطبائي	Rafed	3774	0.37977
		سلسلة الأحاديث الضعيفة والموضوعة وأثرها السيئ في الأمة	أبو عبد الرحمن محمد ناصر الدين، بن الحاج نوح بن نجاتي بن آدم، الأشقودري الألباني (المتوفى: 1420هـ)	ShamAY	12762	0.37973
		الغدير	عبدالحسين اميني ( علامه اميني )	Ghbook	9638	0.3797
		مستدرك الوسائل [ج ١٦]	الشيخ حسين النوري الطبرسي [ المحدّث النوري ]	Rafed	1223	0.37969
		الجوهر النقي على سنن البيهقي	علاء الدين علي بن عثمان بن إبراهيم بن مصطفى المارديني، أبو الحسن، الشهير بابن التركماني (المتوفى: 750هـ)	ShamAY	1184	0.37966
		بحار الأنوار [ج ٩٧]	الشيخ محمّد باقر بن محمّد تقي المجلسي	Rafed	1285	0.37966
		تحفة الأنفس وشعار سكّان الأندلس	علي بن عبد الرحمن بن هذيل الأندلسي	Rafed	2353	0.37965
		تراثنا ـ العددان [ 89 و 90 ]	مؤسسة آل البيت عليهم السلام لإحياء التراث ـ قم	Rafed	3681	0.37961
		الزيارة	الشيخ عبد الحسين الأميني النجفي	Masaha	512	0.37959
		الكاشف في معرفة من له رواية في الكتب الستة	شمس الدين أبو عبد الله محمد بن أحمد بن عثمان بن قَايْماز الذهبي (المتوفى: 748هـ)	ShamAY	38033	0.37957
		الغدير في الكتاب والسنّة والأدب [ج ٦]	الشيخ عبد الحسين أحمد الأميني النجفي	Rafed	2011	0.37953
		الدرّ النظيم في مناقب الأئمّة اللهاميم	الشيخ جمال الدين يوسف بن حاتم الشامي	Rafed	695	0.3794
		الذّريعة إلى تصانيف الشّيعة [ج ٢٥]	الشيخ آقا بزرك الطهراني	Rafed	510	0.37939
		مشيخة أبي الحسن السكري	علي بن عمر بن محمد بن الحسين ابن شاذان، أبو الحسن السكري الحربي الصيرفي الكيال (المتوفى: 386ه)	ShamelaY19	30075	0.37937
		الفتح الرباني لترتيب مسند الإمام أحمد بن حنبل الشيباني ومعه بلوغ الأماني من أسرار الفتح الرباني	أحمد بن عبد الرحمن بن محمد البنا الساعاتي (المتوفى: 1378 ه)	ShamelaY19	124910	0.37936
		تاريخ بغداد أو مدينة السّلام [ج ٢٤]	مصطفى عبد القادر عطا	Rafed	2985	0.37933
		موسوعه كلمات الامام الحسين ( عليه السلام ) 	محمود شريفي	Ghbook	5993	0.37933
		سلسلة الأحاديث الضعيفة والموضوعة وأثرها السيئ في الأمة	أبو عبد الرحمن محمد ناصر الدين، بن الحاج نوح بن نجاتي بن آدم، الأشقودري الألباني (المتوفى: 1420ه)	Sham19Y	12762	0.3793
		النكت على مقدمة ابن الصلاح للزركشي	أبو عبد الله بدر الدين محمد بن عبد الله بن بهادر الزركشي الشافعي (المتوفى: 794هـ)	ShamAY	5978	0.37928
		الدر المنظوم من كلام المصطفى المعصوم صلى الله عليه وسلم	علاء الدين مغلطاي البكجري الحنفي (المولود سنة 689 ه، والمتوفى سنة 762 ه)	ShamelaY19	32381	0.37928
		حادي الأرواح (دار الكتب العلمية)	محمد بن أبي بكر أيوب الزرعي أبو عبد الله	ShamAY	34425	0.37924
		مرآه الكتب	علي بن موسي ثقه السلام تبريزي	Ghbook	7085	0.37922
		مشاهداتي في المملكة العربية السعودية	أبو عبد الرحمن مقبل بن هادي بن مقبل بن قائدة (اسم رجل) الهمداني الوادعي (المتوفى: 1422ه)	ShamelaY19	96788	0.3792
		كتاب الواضحة في السنن	عبد الملك بن حَبِيب	ShamAY	35251	0.37917
		فقه السيرة النبوية لمنير الغضبان	منير محمد الغضبان (المتوفى: 1435هـ)	ShamAY	31835	0.37914
		الأسئلة الفائقة بالأجوبة اللائقة	ابن حجر العسقلاني (852 هـ)	ShamAY	34286	0.37912
		مجموع رسائل الحافظ ابن عبد الهادي	شمس الدين أبو عبد الله محمد بن أحمد بن عبد الهادي المقدسي الحنبلي (704 - 744 ه)	ShamelaY19	20647	0.3791
		إعلام الورى بأعلام الهدى [ج ١]	الشيخ أبي علي الفضل بن الحسن الطبرسي	Rafed	106	0.3791
		أدوار علم الفقه وأطواره‏	الشيخ علي كاشف الغطاء	Masaha	2377	0.37905
		قصص الأنبياء	أبو الفداء إسماعيل بن عمر بن كثير القرشي البصري ثم الدمشقي (المتوفى: 774هـ)	ShamAY	932	0.37902
		البكاء علي الحسين عليه السلام في مصادر الفريقين	حسن بن محمد بن جمعه المطوري	Ghbook	12307	0.37897
		كتاب الحج	معاوية بن عمار دهني	Ghbook	10937	0.37895
		تاريخ الإسلام ووفيات المشاهير والأعلام [ج ١١]	شمس الدين محمّد بن أحمد بن عثمان الذّهبي	Rafed	3365	0.37893
		أقضية رسول الله(ص)	ابن طلاع القرطبي‏	Masaha	1838	0.37893
		نور اليقين في سيرة سيد المرسلين	محمد بن عفيفي الباجوري، المعروف بالشيخ الخضري (المتوفى: 1345ه)	ShamelaY19	23692	0.37892
		تبليغ سورة البراءة	الشيخ عبد الحسين الأميني النجفي	Masaha	217	0.37892
		تنزيه الأصحاب عن تنقص أبي تراب	حمود بن عبد الله بن حمود بن عبد الرحمن التويجري (المتوفى: 1413هـ)	ShamAY	23067	0.3789
		الأنوار ومحاسن الأشعار	أبو الحسن علي بن محمد بن المطهر العدوي المعروف بالشمشاطي (المتوفى: 377هـ)	ShamAY	601	0.37885
		تحفة الإخوان بما جاء في الموالاة والمعاداة والحب والبغض والهجران	حمود بن عبد الله بن حمود بن عبد الرحمن التويجري (المتوفى: 1413هـ)	ShamAY	1263	0.37879
		بحار الأنوار [ج ٢٨]	الشيخ محمّد باقر بن محمّد تقي المجلسي	Rafed	908	0.37875
		 الذريعة 	 آقا بزرگ الطهراني 	ABLibrary	857	0.37874
		الأمثال والحكم	أبو الحسن علي بن محمد بن محمد بن حبيب البصري البغدادي، الشهير بالماوردي (المتوفى: 450 هـ)	ShamAY	32482	0.37861
		تحقيق الآمال في جواز إخراج صدقة الفطر بالمال	السيد أحمد الصديق الغماري (ت1380هـ)	ShamAY	36439	0.37861
		التّمحيص	أبي علي محمد بن همام الاسكافي	Rafed	103	0.37849
		منسك الحج	محمد بن عبد الوهاب بن سليمان التميمي النجدي (المتوفى: 1206هـ)	ShamAY	12092	0.37846
		الشفا بتعريف حقوق المصطفى - مذيلا بالحاشية المسماة مزيل الخفاء عن ألفاظ الشفاء	أبو الفضل القاضي عياض بن موسى اليحصبي (المتوفى: 544هـ)	ShamAY	1753	0.37843
		المسائل العشر في الغيبة	الشيخ المفيد	Masaha	419	0.37842
		زهر الأداب وثمر الألباب - العلمية	أبو إسحاق إبراهيم بن علي الحصري القيرواني	ShamAY	33784	0.37832
		شرح طيبة النشر في القراءات العشر	محمد بن محمد بن محمد، أبو القاسم، محب الدين النويري (المتوفى: 857ه)	ShamelaY19	38740	0.37826
		نخب المناقب لال ابي طالب عليهم  السلام	ابن شهرآشوب مازندراني	Ghbook	15655	0.37825
		أحاديث القراءة الواردة في صلاتي الظهر والعصر	إبراهيم بن علي بن عبيد العبيد	ShamAY	12171	0.37818
		الثالث من الفوائد المنتقاة للحربي	علي بن عمر بن محمد بن الحسين ابن شاذان، أبو الحسن السكري الحربي الصيرفي الكيال (المتوفى: 386ه)	ShamelaY19	29979	0.37812
		منهاج التحرك عند الامام الهادي ( عليه السلام )	علي نجف	Ghbook	4048	0.37809
		الإحاطة في أخبار غرناطة	محمد بن عبد الله بن سعيد السلماني اللوشي الأصل، الغرناطي الأندلسي، أبو عبد الله، الشهير بلسان الدين ابن الخطيب (المتوفى: 776ه)	Sham19Y	11682	0.37805
		غاية السول في سيرة الرسول	عبد الباسط بن خليل بن شاهين الملطي، ثم القاهري، زين الدين (المتوفى: 920هـ)	ShamAY	6591	0.37803
		 السفينة القادرية 	 عبد القادر الجيلاني 	ABLibrary	8720	0.378
		بهجة النفوس والأسرار [ج ١]	الشيخ أبي محمّد عفيف الدين عبد الله بن عبد الملك المرجاني	Rafed	2177	0.37798
		شرح كتاب الفتن من صحيح البخاري - عبد الكريم الخضير	عبد الكريم الخضير	ShamAY	64	0.37789
		عيون المعجزات	حسين بن عبدالوهاب شعراني	Ghbook	9499	0.37789
		نظم درر السمطين في فضائل المصطفى و المرتضى و البتول و السبطين(ع)	محمد بن عز الدين الزرندي‏	Masaha	3104	0.37785
		الفرائض للثوري	أبو عبد الله سفيان بن سعيد بن مسروق الثوري الكوفي (المتوفى: 161هـ)	ShamAY	26488	0.37784
		دراسة في الروايات التي نسبت الشرك للرسول (صلى الله عليه وآله وسلم)	حسين الشرهاني	ShamAY	33085	0.37783
		كتاب الرؤيا	حمود بن عبد الله بن حمود بن عبد الرحمن التويجري (المتوفى: 1413ه)	ShamelaY19	20824	0.37778
		الإمام موسى الكاظم عليه السلام سيرة وتاريخ	علي موسى الكعبي	Rafed	782	0.37776
		الرصف لما روي عن النبي - صلى الله عليه وسلم - من الفعل والوصف ويليه شرح الغريب	محمد بن محمد بن عبد الله العاقولي (733 - 797 ه)	ShamelaY19	127700	0.37758
		الإقناع لابن المنذر	أبو بكر محمد بن إبراهيم بن المنذر النيسابوري (المتوفى: 319هـ)	ShamAY	12843	0.37753
		معجم المؤلفين	عمر بن رضا بن محمد راغب بن عبد الغني كحالة الدمشق (المتوفى: 1408هـ)	ShamAY	3901	0.37753
		الإحاطة في أخبار غرناطة  - الجزء1	ابن الخطيب محمد بن عبد الله	Masaha	4735	0.37749
		الداء والدواء = الجواب الكافي ط عالم الفوائد	أبو عبدالله محمد بن أبي بكر بن أيوب ابن قيم الجوزية (691 - 751)	ShamAY	38516	0.37744
		الإقناع لابن المنذر	أبو بكر محمد بن إبراهيم بن المنذر النيسابوري (المتوفى: 319ه)	Sham19Y	12843	0.37744
		مَصَاعِدُ النَّظَرِ للإشْرَافِ عَلَى مَقَاصِدِ السِّوَرِ	إبراهيم بن عمر بن حسن الرباط بن علي بن أبي بكر البقاعي (المتوفى: 885هـ)	ShamAY	1404	0.37739
		المراح في المزاح	محمد بن محمد بن محمد الغزي العامري الدمشقي، أبو البركات، بدر الدين ابن رضي الدين (المتوفى: 984هـ)	ShamAY	4126	0.37739
		الإكتفا [ج ٢]	أبي الربيع سليمان بن موسى بن سالم الحميري الكلاعي الأندلسي	Rafed	2526	0.37735
		الشواهد الشعرية في مؤلّفات المحقّق الكركي	الشيخ محمد الحسون	Masaha	322	0.37735
		 بحار الأنوار 	 العلامة المجلسي 	ABLibrary	777	0.37734
		 الإمام الجنيد سيد الطائفتين 	 الشيخ أحمد فريد المزيدي 	ABLibrary	8690	0.37729
		الأساس في السنة وفقهها - السيرة النبوية	سعيد حوّى (المتوفى 1409 هـ)	ShamAY	38484	0.37717
		تاريخ المستبصر، صفة بلاد اليمن ومكة وبعض الحجاز	يوسف بن يعقوب ابن مجاور	Masaha	4138	0.37713
		المزار	السيد مهدي القزويني	Masaha	3949	0.37712
		 الذريعة 	 آقا بزرگ الطهراني 	ABLibrary	845	0.37705
		الإحاطة في أخبار غرناطة	محمد بن عبد الله بن سعيد السلماني اللوشي الأصل، الغرناطي الأندلسي، أبو عبد الله، الشهير بلسان الدين ابن الخطيب (المتوفى: 776هـ)	ShamAY	11682	0.37704
		الإسراء والمعراج وذكر أحاديثهما وتخريجها وبيان صحيحها	أبو عبد الرحمن محمد ناصر الدين، بن الحاج نوح بن نجاتي بن آدم، الأشقودري الألباني (المتوفى: 1420هـ)	ShamAY	7540	0.37701
		 بحار الأنوار 	 العلامة المجلسي 	ABLibrary	787	0.37693
		سنن سعيد بن منصور	أبو عثمان سعيد بن منصور بن شعبة الخراساني الجوزجاني (المتوفى: 227هـ)	ShamAY	13122	0.37685
		حقوق آل البيت عليهم السلام في الكتاب و السنه باتفاق الامه	محمد حسين حاج عاملي	Ghbook	7130	0.37682
		سلسله النقد و التحقيق الحق المبين	آيت الله علي حسيني ميلاني	Ghbook	4788	0.37679
		نداءات رب العالمين للنبي خاتم المرسلين	أبو يوسف محمد زايد	ShamAY	33122	0.37675
		مستدرك الوسائل [ج ١٨]	الشيخ حسين النوري الطبرسي [ المحدّث النوري ]	Rafed	1229	0.3767
		المبشرون بالجنة	توفيق عمر سيدي	ShamAY	35164	0.37669
		الإلمام بأحاديث الأحكام	تقي الدين أبو الفتح محمد بن علي بن وهب بن مطيع القشيري، المعروف بابن دقيق العيد (المتوفى: 702هـ)	ShamAY	5919	0.37669
		 الكوثر في أحوال فاطمة بنت النبي الأعظم ( ع ) 	 السيد محمد باقر الموسوي 	ABLibrary	7686	0.37659
		تراثنا ـ العددان [ 87 و 88 ]	مؤسسة آل البيت عليهم السلام لإحياء التراث ـ قم	Rafed	3638	0.37657
		الأساس في السنة وفقهها - السيرة النبوية	سعيد حوى (المتوفى 1409 ه)	ShamelaY19	18332	0.37653
		إجماع العلماء على الهجر والتحذير من أهل الأهواء	خَالد بن ضَحَوي الظَّفيري	ShamAY	35711	0.3765
		بحار الأنوار [ج ١٠٠]	الشيخ محمّد باقر بن محمّد تقي المجلسي	Rafed	1416	0.3765
		قضاء حقوق المؤمنين	الشيخ أبو علي بن طاهر الصوري	Rafed	229	0.37645
		من مشاهير الصحابة رضي الله عنهم	علي بن نايف الشحود	ShamAY	35793	0.37644
		نسخة نبيط بن شريط الأشجعي (نبيط بن شريط: له صحبة)	اللُّكِّيُّ	ShamAY	26556	0.37641
		مستدرك عوالم العلوم و المعارف‏ - الجزء11-1	الشيخ عبد الله البحراني الأصفهاني‏	Masaha	2228	0.3764
		كشف المخبوء في تخريج حديث التسمية عند الوضوء	الواحدي :: أبو إسحق الحويني	ShamAY	36063	0.37638
		الإمام الباقر عليه السلام وأثره في التّفسير	الدكتور حكمت عبيد الخفاجي	Rafed	4051	0.37638
		 معرفة الإمام 	 السيد محمد حسين الطهراني 	ABLibrary	8887	0.37633
		الدولَة الأمويَّة عَواملُ الازدهارِ وَتَداعيات الانهيار	عَلي محمد محمد الصَّلاَّبي	ShamAY	942	0.37624
		 الدر النظيم 	 يوسف بن حاتم الشامي المشغري العاملي 	ABLibrary	980	0.3762
		 تاريخ الشحر وأخبار القرن العاشر 	 محمد بن عمر الطيب بافقيه 	ABLibrary	8992	0.37613
		نظام الحكومة النبوية - الجزء1	عبد الحي الكتاني‏	Masaha	3105	0.37613
		الهدايا لشيعة أئمة الهدى - الجزء1	محمد مجذوب التبريزي	Masaha	4847	0.37612
		حديث الغدير و شبهه شكوي جيش اليمن	محمد حسيني قزويني	Ghbook	11221	0.37611
		الرحيق المختوم	صفي الرحمن المباركفوري (المتوفى: 1427هـ)	ShamAY	9820	0.37604
		من تكلم فيه وهو موثوق أو صالح الحديث	شمس الدين أبو عبد الله محمد بن أحمد بن عثمان بن قَايْماز الذهبي (المتوفى: 748هـ)	ShamAY	12095	0.37589
		العقد المذهب في طبقات حملة المذهب	ابن الملقن سراج الدين أبو حفص عمر بن علي بن أحمد الشافعي المصري (المتوفى: 804 ه)	Sham19Y	16664	0.37588
		من عيب على مسلم إخراج حديثه والإجابة عنه	ربيع بن هادي المدخلي	ShamAY	32999	0.37576
		أنيس الفضلاء من سير أعلام النبلاء فوائد - وطرائف - ونُكت - وأخبار	محمد المنصور بن إبراهيم	ShamAY	35866	0.37575
		زهر الآداب وثمر الألباب	إبراهيم بن علي بن تميم الأنصاري، أبو إسحاق الحُصري القيرواني (المتوفى: 453هـ)	ShamAY	10768	0.3757
		التماس السعد في الوفاء بالوعد	شمس الدين أبو الخير محمد بن عبد الرحمن بن محمد السخاوي (المتوفى: 902هـ)	ShamAY	5675	0.37568
		شبهات حول الصحابة ذو النورين عثمان	ابن تيمية	ShamAY	37807	0.37567
		زهر الآداب وثمر الألباب	إبراهيم بن علي بن تميم الأنصاري، أبو إسحاق الحصري القيرواني (المتوفى: 453ه)	Sham19Y	10768	0.37565
		الإمامة و السياسة - الجزء1	ابن قتيبة	Masaha	3372	0.37552
		اجتماع الجيوش الإسلامية على حرب المعطلة والجهمية	أبو عبد الله محمد بن أبي بكر بن أيوب ابن قيم الجوزية (691 - 751)	ShamelaY19	18632	0.37551
		سلوة الكئيب بوفاة الحبيب صلى الله عليه وسلم	محمد بن عبد الله (أبي بكر) بن محمد ابن أحمد بن مجاهد القيسي الدمشقي الشافعي، شمس الدين، الشهير بابن ناصر الدين (المتوفى: 842هـ)	ShamAY	6594	0.37549
		ذخائر العقبى في مناقب ذوي القربى	محب الدين أحمد بن عبد الله الطبري (المتوفى: 694هـ)	ShamAY	1001	0.37537
		 الكوثر في أحوال فاطمة بنت النبي الأعظم ( ع ) 	 السيد محمد باقر الموسوي 	ABLibrary	7688	0.3753
		السُّنّةُ النبويةُ وأثرُها في اختلافِ الفقهاء	علي بن نايف الشحود	ShamAY	37299	0.37529
		تفسير الثعالبي = الجواهر الحسان في تفسير القرآن	أبو زيد عبد الرحمن بن محمد بن مخلوف الثعالبي (المتوفى: 875ه)	ShamelaY19	23618	0.37526
		أسماء خيل العرب وأنسابها وذكر فرسانها	الحسن بن أحمد بن محمد الأعرابي، أبو محمد الأسود الغندجاني (المتوفى: نحو 430هـ)	ShamAY	31704	0.37519
		حديث أبي بكر الأنباري_2	محمد بن جعفر بن محمد بن الهيثم، أبو بكر الأنباري، البندار (المتوفى: 360ه)	ShamelaY19	29867	0.37519
		حياه اولي النهي : الامام التاسع محمد الجواد عليه السلام 	محمد رضا حكيمي حائري	Ghbook	6486	0.37517
		المقرر على أبواب المحرر	يوسف بن ماجد بن أبي المجد المقدسي الحنبلي	ShamelaY19	22884	0.37511
		معجم المؤلفين - ط المثنى = التراجم	عمر بن رضا بن محمد راغب بن عبد الغني كحالة الدمشق (المتوفى: 1408هـ)	ShamAY	38195	0.37507
		 الذريعة 	 آقا بزرگ الطهراني 	ABLibrary	861	0.37504
		معاملة الحكام في ضوء الكتاب والسنة	عبد السلام بن برجس آل عبد الكريم	ShamAY	36557	0.37499
		البُرهان في تبرئة أبي هريرة من البُهتان	عبد الله الناصر	ShamAY	35748	0.37492
		 مجموع كتب ورسائل الإمام القاسم بن إبراهيم الرسي 	 القاسم بن إبراهيم الرسي 	ABLibrary	8591	0.37482
		كشف الغمه في معرفه الائمه ( عليه السلام )	علي بن عيسي اربلي	Ghbook	16214	0.37482
		عبد الله بن سبأ اليهودي اليماني بين الحقيقة والخيال	د. سامي عطا حسن	ShamAY	35684	0.3748
		السِّيرةُ النَّبَويَّةُ الصَّحيْحَةُ مُحَاوَلَةٌ لِتَطبِيْقِ قَوَاعِدِ المُحَدِّثيْنَ فِيْ نَقْدِ روَايَاتِ السِّيْرَةِ النَّبَويَّةِ	د. أكرم ضياء العمري	ShamAY	31719	0.37478
		 المزار 	 السيد مهدي القزويني 	ABLibrary	9186	0.37478
		الرحيق المختوم‏	صفي الرحمان المباركفوري	Masaha	2026	0.37476
		من حديث ابن حذلم	أبو الحسن القاضي أحمد بن سليمان بن أيوب بن داود بن عبد الله بن حَذْلَم الأسدي الدمشقي الأوزاعي (المتوفى: 347هـ)	ShamAY	29651	0.37475
		تحفة الوفد بما ورد في سورتي الخلع والحفد	أبو يعلى البيضاوي	ShamAY	36875	0.37464
		جمع الجوامع المعروف ب «الجامع الكبير»	جلال الدين السيوطي (849 - 911 ه)	ShamelaY19	127677	0.3746
		وقعة النهروان أو الخوارج	علي بن الحسين الهاشمي	Rafed	212	0.37449
		تراثنا ـ العدد [ 61 ]	مؤسسة آل البيت عليهم السلام لإحياء التراث ـ قم	Rafed	3249	0.37447
		استدراك وتعقيب على تحقيق كتاب" السبعة في القراءات" بتحقيق الدكتور شوقي ضيف وعلى ما كتب عن مؤلفه أبي بكر بن مجاهد (ت 324هـ).	د. خلف حسين صالح الجبوري	ShamAY	35915	0.37446
		 الكوثر في أحوال فاطمة بنت النبي الأعظم ( ع ) 	 السيد محمد باقر الموسوي 	ABLibrary	7690	0.37445
		كمال الدين و تمام النعمه	محمد بن علي بن بابويه شيخ صدوق	Ghbook	2648	0.37444
		عناية الأمة بالقرآن الكريم عبر العصور د. محمد العمر	د . محمد العمر	ShamAY	36856	0.37442
		تراثنا ـ العددان [ 77 و 78 ]	مؤسسة آل البيت عليهم السلام لإحياء التراث ـ قم	Rafed	3582	0.37442
		التمحيص	محمد بن همام الاسكافي	Masaha	1669	0.3743
		التوضيح الأبهر لتذكرة ابن الملقن في علم الأثر	شمس الدين أبو الخير محمد بن عبد الرحمن بن محمد بن أبي بكر بن عثمان بن محمد السخاوي (المتوفى: 902هـ)	ShamAY	8663	0.37429
		غرر الأخبار و درر الآثار في مناقب أبي الأئمة الأطهار(ع)	الشيخ حسن الديلمي	Masaha	2310	0.37426
		قمع الدجاجلة الطاعنين في معتقد أئمة الإسلام الحنابلة	عبد العزيز بن فيصل الراجحي	ShamelaY19	30885	0.37425
		المرأة في حياة إمام الدعوة الشيخ محمد بن عبدالوهاب (مطبوع ضمن بحوث ندوة دعوة الشيخ محمد بن عبد الوهاب، الجزء الأول)	حمد بن محمد بن جاسر آل جاسر (المتوفى: 1421ه)	Sham19Y	8548	0.37425
		من هو الصديق ؟و من هي الصديقة ؟	علي شهرستاني	Ghbook	16149	0.37418
		الأربعون حديثاً عن الإمام الرضا في الإمام المهدي عليهما السلام	الشيخ محمّد جواد المروّجي الطبسي	Rafed	882	0.37408
		الإِعلامُ بـ حُرمةِ أهلِ العلمِ والإِسلامِ	محمد بن أحمد بن إسماعيل المقدم	ShamAY	1972	0.37406
		تفسير العيّاشي‏  - الجزء1	محمد بن مسعود العياشى	Masaha	4648	0.37405
		نظره في كتاب منهاج السنه النبويه	عبدالحسين اميني ( علامه اميني )	Ghbook	4583	0.37402
		الصراع بين الأمويين ومبادئ الاسلام	د. نوري جعفر	Masaha	1724	0.37396
		العقد المذهب في طبقات حملة المذهب	ابن الملقن سراج الدين أبو حفص عمر بن علي بن أحمد الشافعي المصري (المتوفى: 804 هـ)	ShamAY	32426	0.37388
		 الموسوعة الكبرى عن فاطمة الزهراء ( س ) 	 اسماعيل الأنصاري الزنجاني الخوئيني 	ABLibrary	7824	0.37388
		الوفيات والأحداث	عضو ملتقى أهل الحديث / الباحث - غفر الله له -	ShamAY	1577	0.37384
		شرح عقيدة السلف وأصحاب الحديث - الراجحي	عبد العزيز بن عبد الله بن عبد الرحمن الراجحي	ShamelaY19	37012	0.37381
		المهدي المنتظر في الفكر الإسلامي	الناشر: مركز الرسالة	Rafed	22	0.37377
		الصراع بين الأمويين ومبادئ الاسلام	الدكتور نوري جعفر	Rafed	79	0.37369
		صحيح السيرة النبوية	محمد ناصر الدين الألباني (المتوفى: 1420هـ)	ShamAY	592	0.37364
		الفخر المتوالي فيمن انتسب للنبي صلى الله عليه وسلم من الخدم والموالي	شمس الدين أبو الخير محمد بن عبد الرحمن بن محمد بن أبي بكر بن عثمان بن محمد السخاوي (المتوفى: 902هـ)	ShamAY	6585	0.37334
		 مجموع بلدان اليمن وقبائلها 	 محمد بن أحمد الحجري اليماني 	ABLibrary	9179	0.37334
		نثر الدرّ المكنون	السيد محمد بن علي الاهدلي الحسيني اليمني الازهري	Rafed	2557	0.37333
		مرآة العقول [ج ٢٦]	الشيخ محمّد باقر بن محمّد تقي المجلسي	Rafed	1117	0.37332
		 الذريعة 	 آقا بزرگ الطهراني 	ABLibrary	856	0.3733
		المنار المنيف في الصحيح والضعيف = نقد المنقول والمحك المميز بين المردود والمقبول	محمد بن أبي بكر بن أيوب بن سعد شمس الدين ابن قيم الجوزية (المتوفى: 751هـ)	ShamAY	8566	0.37327
		ثمار القلوب في المضاف والمنسوب	عبد الملك بن محمد بن إسماعيل أبو منصور الثعالبي (المتوفى: 429هـ)	ShamAY	32557	0.37321
		الشريف الرضي وشعره في الغدير	الشيخ عبد الحسين الأميني النجفي	Masaha	311	0.37321
		الكشف والبيان [ج ٣]	أبو إسحاق أحمد [ الثّعلبي ]	Rafed	1649	0.3732
		الإنباء في تاريخ الخلفاء	محمد بن علي بن محمد المعروف بابن العمراني (المتوفى: 580هـ)	ShamAY	12289	0.37319
		الوثائق الرسميه لثوره الامام الحسين عليه السلام 	عبد الكريم الحسيني القزويني	Ghbook	12347	0.37313
		الموسوعة الكبرى عن فاطمة الزهراء(ع) - الجزء1	إسماعيل الأنصاري الزنجاني	Masaha	2889	0.37282
		 مناحل الشفا ومناهل الصفا بتحقيق كتاب شرف المصطفى ( ص ) 	 عبد الملك الخركوشي النيسابوري 	ABLibrary	7588	0.37279
		المدخل إلى دراسة الفقه الإسلامي	الدكتور صلاح محمد سالم أبو الحاج	ShamAY	37533	0.37276
		 بحار الأنوار 	 العلامة المجلسي 	ABLibrary	744	0.37267
		شرح علل الترمذي لابن رجب - ط الرشد	ابن رجب الحنبلي	ShamAY	34011	0.37265
		أدب المجالسة وحمد اللسان وفضل البيان وذم العي وتعليم الإعراب	أبو عمر يوسف بن عبد الله بن محمد بن عبد البر بن عاصم النمري القرطبي (المتوفى: 463ه)	Sham19Y	6780	0.37263
		 تحفة الأنفس وشعار سكان الأندلس 	 علي بن عبد الرحمن الأندلسي 	ABLibrary	9022	0.37258
		 البيان والتبيين 	 الجاحظ 	ABLibrary	824	0.37255
		بحار الأنوار [ج ٩٥]	الشيخ محمّد باقر بن محمّد تقي المجلسي	Rafed	1249	0.3725
		الأحاديث والآثار الواردة في قنوت الوتر	الواحدي :: محمد بن عمر بازمول	ShamAY	36478	0.37247
		 قلائد الأجياد 	 عبد الرحمن بن ابراهيم الحسني الحنبلي 	ABLibrary	9158	0.37239
		الخصائص الكبرى	عبد الرحمن بن أبي بكر، جلال الدين السيوطي (المتوفى: 911ه)	Sham19Y	6590	0.37231
		شرح وتعليق على الباب الثامن من المدخل إلى الصحيح للحاكم أبي عبدالله (ذكر من عيب على مسلم)	ربيع بن هادي المدخلي	ShamAY	37351	0.37229
		الحج - العلوان	الواحدي :: سليمان العلوان	ShamAY	36666	0.37226
		روضات الجنات في احوال العلماء و السادات	محمد باقر الموسوي الخوانساري الاصبهاني	Ghbook	16245	0.37223
		آيات الغدير	مركز المصطفى للدراسات الإسلامية	Rafed	38	0.37221
		كتاب المواعظ والإعتبار بذكر الخطط والآثار المعروف بالخطط المقريزيّة [ج ٤]	تقي الدين احمد بن علي المقريزي	Rafed	2325	0.3722
		الشعائر الحسينية بين الافراط والتفريط	زهير قاسم عبد النبي التميمي	Ghbook	15253	0.37219
		الهجرة إلى الثقلين	محمّد گوزل الحسن الآمدي	Rafed	1224	0.37216
		تاج المفرق في تحلية علماء المشرق	خالد بن عيسى بن أحمد بن إبراهيم بن أبي خالد البلوي، أبو البقاء (المتوفى: بعد 767هـ)	ShamAY	478	0.37215
		الجامع لعلوم الإمام أحمد - شرح الأحاديث والآثار	إبراهيم النحاس	ShamAY	38859	0.37214
		مجلس في فضل يوم عرفة لابن ناصر الدين	ابن ناصر الدين (842 هـ)	ShamAY	33589	0.37214
		السبعة الذين يظلهم الله يوم القيامة يوم لا ظل إلا ظله	الزرقاني، محمد بن عبد الباقي	ShamAY	35907	0.37209
		حديث ردالشمس	آيت الله علي حسيني ميلاني	Ghbook	15922	0.37198
		معلمو المسجد النبوي الشريف	د. عمر بن حسن فلاته - أ. عبد الوهاب بن محمد زمان - أ. د. عدنان درويش جلون	ShamAY	38503	0.37189
		الشيعة والقرآن	إحسان إلهي ظهير الباكستاني (المتوفى: 1407ه)	ShamelaY19	37550	0.37185
		اللؤلؤ المكنون في سيرة النبي المأمون «دراسة محققة للسيرة النبوية»	موسى بن راشد العازمي	ShamelaY19	38114	0.37185
		 الذريعة 	 آقا بزرگ الطهراني 	ABLibrary	865	0.37181
		الرَّدُّ المُفْحِم على من اعتدَى علَى صحيح الإمام مسلم -رحمه الله-	ربيع بن هادي المدخلي	ShamAY	37308	0.37179
		 الدرجات الرفيعة في طبقات الشيعة 	 السيد علي خان المدني الشيرازي 	ABLibrary	919	0.37176
		كتاب الرؤيا	حمود بن عبد الله بن حمود بن عبد الرحمن التويجري (المتوفى: 1413هـ)	ShamAY	1008	0.37169
		مختصر التبيين لهجاء التنزيل	أبو داود، سليمان بن نجاح بن أبي القاسم الأموي بالولاء، الأندلسي (المتوفى: 496ه)	Sham19Y	29988	0.37168
		تنزيل السكينة على قناديل المدينة	السبكي، تقي الدين	ShamAY	36640	0.37165
		مختصر التبيين لهجاء التنزيل	أبو داود، سليمان بن نجاح بن أبي القاسم الأموي بالولاء، الأندلسي (المتوفى: 496هـ)	ShamAY	1465	0.37161
		صلاة النبي صلي الله عليه و آله و سلم وسلسلة المحدثات الداخلة فيها	علي شهرستاني	Ghbook	16155	0.37157
		قمع الدجاجلة الطاعنين في معتقد أئمة الإسلام الحنابلة	عبد العزيز بن فيصل الراجحي	ShamAY	30885	0.37155
		اللباب في الجمع بين السنة والكتاب	جمال الدين أبو محمد علي بن أبي يحيى زكريا بن مسعود الأنصاري الخزرجي المنبجي (المتوفى: 686هـ)	ShamAY	6226	0.37155
		تصحيح حديث إفطار الصائم قبل سفرة بعد الفجر	أبو عبد الرحمن محمد ناصر الدين، بن الحاج نوح بن نجاتي بن آدم، الأشقودري الألباني (المتوفى: 1420هـ)	ShamAY	11097	0.37151
		العبارة المختصرة في علة حديث إن هذه الحشوش محتضرة (أصله محاضرة ألقيت على طلبة الدراسات العليا)	أبو ذر عبد القادر بن مصطفى بن عبد الرزاق المحمدي	ShamelaY19	117137	0.3715
		الكافي [ج ٦]	أبو جعفر محمّد بن يعقوب الكليني الرازي	Rafed	995	0.37149
		ملاحظة سنية دمشقية حول كتاب الكافي	عبد الرحمن دمشقية	ShamAY	35687	0.37147
		حجية خبر الآحاد في العقائد والأحكام	ربيع بن هادي المدخلي	ShamAY	33016	0.37136
		اليمانيون قادمون	علي كوراني	Ghbook	15115	0.37127
		التراتيب الإدارية والعمالات والصناعات والمتاجر والحالة العلمية التي كانت على عهد تأسيس المدنية الإسلامية في المدينة المنورة العلمية	محمد عبد الحي بن عبد الكبير ابن محمد الحسني الإدريسي، المعروف بعبد الحي الكتاني (المتوفى: 1382ه)	ShamelaY19	23688	0.37123
		صفات الداعية إلى الله في الحديث النبوي	أحمد محجوب الجبوري	ShamAY	33504	0.37119
		الامام الحسين عليه السلام في بحار الانوار	سيد علي جمال أشرف	Ghbook	16505	0.37119
		الرد المفحم على من اعتدى على صحيح مسلم	ربيع بن هادي المدخلي	ShamAY	33014	0.37113
		تاج العروس [ج ١٨]	محبّ الدين أبي فيض السيد محمّد مرتضى الحسيني الواسطي الزبيدي الحنفي	Rafed	1591	0.37113
		 المعجم الموضوعي لاحاديث  الامام  المهدي عليه  السلام	علي كوراني	Ghbook	15785	0.37109
		 موسوعة التاريخ الإسلامي 	 الشيخ محمد هادي اليوسفي الغروي 	ABLibrary	7856	0.37102
		الأوراق قسم أخبار الشعراء	أبو بكر محمد بن يحيى بن عبد الله الصولي (المتوفى: 335هـ)	ShamAY	10532	0.37101
		المصنف لعبد الرزاق الصنعاني - ط التأصيل	عبد الرزاق بن همام الصنعاني	ShamAY	38048	0.37093
		معجم المعاجم	أحمد الشرقاوي إقبال (معاصر)	ShamAY	34708	0.37088
		كشف الغمه ( الامام الحسن المجتبي عليه السلام )	علي بن عيسي اربلي	Ghbook	6089	0.37087
		هل تزوج عمر بام كلثوم	خليفه عبيد كلباني عماني	Ghbook	7733	0.37082
		 إعلام النبلاء بتاريخ حلب الشهباء 	 محمد راغب الطباخ الحلبي 	ABLibrary	8955	0.37079
		شرح علل الترمذي	زين الدين عبد الرحمن بن أحمد بن رجب بن الحسن، السَلامي، البغدادي، ثم الدمشقي، الحنبلي (المتوفى: 795هـ)	ShamAY	9552	0.37077
		صفه بلاد اليمن و مكه و بعض الحجار: المسماة تاريخ المستبصر	يوسف بن يعقوب ابن مجاور	Ghbook	11110	0.37077
		الخصائص الكبرى	عبد الرحمن بن أبي بكر، جلال الدين السيوطي (المتوفى: 911هـ)	ShamAY	6590	0.37068
		كنز الفوائد [ج ٢]	أبي الفتح محمد بن علي بن عثمان الكراجكي الطرابلسي	Rafed	3897	0.37067
		دعوي السفاره في الغيبه الكبري (2)	محمد السند	Ghbook	8423	0.37064
		طبقات المعتزلة	أحمد بن يحيى بن المرتضى المهدي لدين اللّه (المتوفى: 840 هـ)	ShamAY	34646	0.37062
		النسخ بين المفسرين والاصوليين	عبدالرسول غفار	Ghbook	14952	0.37058
		التخويف من النار والتعريف بحال دار البوار	زين الدين عبد الرحمن بن أحمد بن رجب بن الحسن، السَلامي، البغدادي، ثم الدمشقي، الحنبلي (المتوفى: 795هـ)	ShamAY	4033	0.37054
		مستدرك الوسائل [ج ٦]	الشيخ حسين النوري الطبرسي [ المحدّث النوري ]	Rafed	1146	0.37054
		اهل البيت عليهم السلام سفينه النجاه	عادل علوي	Ghbook	4528	0.37052
		معجم المعاجم	أحمد الشرقاوي إقبال	Rafed	2969	0.3705
		 تاريخ الخميس في أحوال أنفس النفيس 	 الشيخ حسين بن الحسن الريار بكري 	ABLibrary	7447	0.3705
		تاريخ المستبصر	جمال الدين أبو الفتح يوسف بن يعقوب ابن محمد المعروف بابن المجاور الشيباني الدمشقي (المتوفى: 690ه)	Sham19Y	471	0.37046
		شخصيات من الحرمين الشريفين: مجموعه من الباحثين	مركز تحقيقات حج	Ghbook	11360	0.3704
		نور اليقين في سيرة سيد المرسلين - المعرفة	محمد بن عفيفي الخضري	ShamAY	34443	0.37037
		الزياره	عبدالحسين اميني ( علامه اميني )	Ghbook	4591	0.37037
		جمال القراء وكمال الإقراء	علي بن محمد بن عبد الصمد الهمداني المصري الشافعي، أبو الحسن، علم الدين السخاوي (المتوفى: 643ه)	Sham19Y	10460	0.37035
		المواهب اللدنية بالمنح المحمدية	أحمد بن محمد بن أبى بكر بن عبد الملك القسطلاني القتيبي المصري، أبو العباس، شهاب الدين (المتوفى: 923ه)	ShamelaY19	23685	0.37017
		كَشْفُ المنَاهِجِ وَالتَّنَاقِيحِ في تَخْريِجِ أحَادِيثِ المَصَابِيحِ	محمد بن إبراهيم بن إسحاق السلمي المُنَاوِي ثم القاهري، الشافعيّ، صدر الدين، أبو المعالي (المتوفى: 803هـ)	ShamAY	32165	0.37011
		حكم  الارجل في الوضوء 	آيت الله علي حسيني ميلاني	Ghbook	4793	0.37011
		الدراية في بيان ضوابط نقد الرواية عند الصحابة	أبو ذر عبد القادر بن مصطفى بن عبد الرزاق المحمدي	ShamAY	31816	0.37009
		رسالة في حديث اصحابي كالنجوم	السيّد علي الحسيني الميلاني	Rafed	215	0.37009
		تفسير القرآن العظيم [ج ١٠]	عبد الرحمن بن محمّد ابن إدريس الرازي ابن أبي حاتم	Rafed	1840	0.37003
		 بحار الأنوار 	 العلامة المجلسي 	ABLibrary	773	0.37002
		جمال القراء وكمال الإقراء	علي بن محمد بن عبد الصمد الهمداني المصري الشافعي، أبو الحسن، علم الدين السخاوي (المتوفى: 643هـ)	ShamAY	10460	0.36999
		وشائج الصلة المتميزة بين مذهبي الإمامين أبي حنيفة ومالك رحمهما الله	أ . د / محمد محروس المدرس الأعظمي	ShamAY	36248	0.36998
		 العوالم ، الإمام الحسين ( ع ) 	 الشيخ عبد الله البحراني 	ABLibrary	7614	0.36997
		رسالة في تواريخ النبيّ والآل عليهم السلام	الشيخ محمّد تقي التستري	Rafed	726	0.36991
		موسوعة عبد الله بن عبّاس [ج ٦]	السيد محمد مهدي السيد حسن الموسوي الخرسان	Rafed	1179	0.36991
		المقدمات الأساسية في علوم القرآن	عبد الله بن يوسف بن عيسى بن يعقوب اليعقوب الجديع العنزي	ShamAY	1157	0.36985
		بحار الأنوار [ج ٧٥]	الشيخ محمّد باقر بن محمّد تقي المجلسي	Rafed	1097	0.36978
		قطعة من شرح الشيخ عبد العزيز الطريفي لبلوغ المرام فرغها بعض الأخوة جزاهم الله خيرا	عبد العزيز بن مرزوق الطّريفي	ShamAY	147	0.36972
		النصائح الكافية لمن يتولّى معاوية	السيّد محمّد بن عقيل بن عبد الله بن عمر بن يحيى العلوي	Rafed	1820	0.3697
		مشرق الشمسين و اكسير السعادتين	بهاءالدين محمد بن حسين شيخ بهائي	Ghbook	9971	0.36954
		جامع الاخبار او معارج اليقين في اصول الدين	محمد بن محمد [ شعيري ]	Ghbook	14703	0.36954
		الرد على الطاعن في أبي هريرة رضي الله عنه	الحسن بن علي الكتاني	ShamAY	35749	0.36949
		مختصر سيرة الرسول صلى الله عليه وسلم لمحمد بن عبد الوهاب	محمد بن عبد الوهاب بن سليمان التميمي النجدي (المتوفى: 1206هـ)	ShamAY	31465	0.36948
		 شرح فروع الكافي 	 محمد هادي المازندراني 	ABLibrary	9343	0.36948
		الأمالي = شذور الأمالي = النوادر	أبو علي القالي، إسماعيل بن القاسم بن عيذون بن هارون بن عيسى بن محمد بن سلمان (المتوفى: 356هـ)	ShamAY	9160	0.36931
		مصادر تلقي السيرة النبوية	محمد أنور بن محمد علي البكري	Sham19Y	12068	0.36925
		العدد القوية لدفع المخاوف اليومية	رضي الدين الحلي	Masaha	1072	0.36919
		أعلام المغرب والأندلس في القرن الثامن	إسماعيل بن يوسف بن محمد بن نصر الخزرجي الأنصاري النصري، أبو الوليد، المعروف بابن الأحمر (المتوفى: 807ه)	ShamelaY19	120143	0.36918
		تاريخ المستبصر	جمال الدين أبو الفتح يوسف بن يعقوب ابن محمد المعروف بابن المجاور الشيباني الدمشقي (المتوفى: 690هـ)	ShamAY	471	0.36917
		مباحث في علم القراءات مع بيان أصول رواية حفص	محمد عباس الباز	ShamelaY19	38039	0.36913
		السنة قبل التدوين	محمد عجاج بن محمد تميم بن صالح بن عبد الله الخطيب	ShamelaY19	96178	0.36907
		 الزيارة ( من فيض الغدير ) 	 الشيخ الأميني ( اعداد تبريزي 1390 ه - ) 	ABLibrary	9426	0.369
		الفخري في الآداب السلطانية والدول الإسلامية	محمد بن علي بن طباطبا المعروف بابن الطقطقي (المتوفى: 709هـ)	ShamAY	12400	0.36891
		دعوة الإمام محمد بن عبد الوهاب سلفية لا وهابية	أحمد بن عبد العزيز بن عبد الله الحصين	Sham19Y	11189	0.36891
		 بحار الأنوار 	 العلامة المجلسي 	ABLibrary	779	0.36891
		المسالِك في شرح مُوَطَّأ مالك	القاضي محمد بن عبد الله أبو بكر بن العربي المعافري الاشبيلي المالكي (المتوفى: 543هـ)	ShamAY	31743	0.3689
		شرح عقيدة السلف وأصحاب الحديث - الراجحي	عبد العزيز بن عبد الله بن عبد الرحمن الراجحي	ShamAY	47	0.3689
		مصادر تلقي السيرة النبوية	محمد أنور بن محمد علي البكري	ShamAY	12068	0.36884
		 طبقات المعتزلة 	 الإمام أحمد المرتضى 	ABLibrary	8488	0.36881
		الفخري في الآداب السلطانية والدول الإسلامية	محمد بن علي بن طباطبا المعروف بابن الطقطقي (المتوفى: 709ه)	Sham19Y	12400	0.36879
		مرآة العقول [ج ٨]	الشيخ محمّد باقر بن محمّد تقي المجلسي	Rafed	1024	0.36879
		 مع الركب الحسيني 	 مجموعة مؤلفين 	ABLibrary	7747	0.36876
		الحميري وشعره في الغدير	الشيخ عبد الحسين الأميني النجفي	Masaha	241	0.36872
		العقد الفريد	أبو عمر، شهاب الدين أحمد بن محمد بن عبد ربه ابن حبيب ابن حدير بن سالم المعروف بابن عبد ربه الأندلسي (المتوفى: 328ه)	ShamelaY19	23789	0.36865
		رسالة في تواريخ النبي و الآل‏	الشيخ اسد الله التستري	Masaha	2200	0.36861
		العقد الفريد	أبو عمر، شهاب الدين أحمد بن محمد بن عبد ربه ابن حبيب ابن حدير بن سالم المعروف بابن عبد ربه الأندلسي (المتوفى: 328هـ)	ShamAY	23789	0.36857
		نواهد الأبكار وشوارد الأفكار = حاشية السيوطي على تفسير البيضاوي	عبد الرحمن بن أبي بكر، جلال الدين السيوطي (المتوفى: 911هـ)	ShamAY	21	0.36843
		الحلل الإبريزية من التعليقات البازية على صحيح البخاري	ابن باز	ShamAY	38863	0.36843
		الباعث على الخلاص من حوادث القصاص	زين الدين أبو الفضل عبد الرحيم بن الحسين العراقي (806 هـ)	ShamAY	34289	0.36835
		تعليق من أمالي ابن دريد	أبو بكر محمد بن الحسن بن دريد الأزدي (المتوفى: 321ه)	ShamelaY19	26237	0.36833
		عقائد الأئمة الأربعة في التوحيد	محمد بن عبدالرحمن الخميس	ShamAY	35550	0.36832
		تراثنا ـ العدد [ 19 ]	مؤسسة آل البيت عليهم السلام لإحياء التراث ـ قم	Rafed	2739	0.36831
		التيجان في ملوك حمير	عبد الملك بن هشام بن أيوب الحميري المعافري، أبو محمد، جمال الدين (المتوفى: 213ه) يرويه عن أسد بن موسى عن أبي إدريس ابن سنان عن جده لأمه وهب بن منبه رضي الله عنهم	ShamelaY19	37473	0.36827
		اجتماع الجيوش الإسلامية	محمد بن أبي بكر بن أيوب بن سعد شمس الدين ابن قيم الجوزية (المتوفى: 751ه)	ShamelaY19	21714	0.36825
		تاريخ معالم المدينة المنورة قديماً و حديثاً	احمد ياسين خياري	Masaha	3233	0.36823
		 رسالة في تواريخ النبي والآل ( ع ) 	 الشيخ محمد تقي التستري 	ABLibrary	7533	0.36819
		التيجَان في مُلوك حِمْيَرْ	عبد الملك بن هشام بن أيوب الحميري المعافري، أبو محمد، جمال الدين (المتوفى: 213هـ) يرويه عن أسد بن موسى عن أبي إدريس ابن سنان عن جده لأمه وهب بن منبه رضي الله عنهم	ShamAY	681	0.36815
		نزهة الجلساء في أشعار النساء	عبد الرحمن بن أبي بكر، جلال الدين السيوطي (المتوفى: 911هـ)	ShamAY	8200	0.36811
		التراتيب الإدارية والعمالات والصناعات والمتاجر والحالة العلمية التي كانت على عهد تأسيس المدنية الإسلامية في المدينة المنورة العلمية	محمد عَبْد الحَيّ بن عبد الكبير ابن محمد الحسني الإدريسي، المعروف بعبد الحي الكتاني (المتوفى: 1382هـ)	ShamAY	23688	0.3681
		وليد الكعبة	السيد محمد رضا الحسيني الجلالي	Rafed	3121	0.36803
		مختصر سيرة الرسول - مطابع الرياض	الواحدي :: محمد بن عبد الوهاب	ShamAY	34442	0.36797
		المواهب اللدنية بالمنح المحمدية - الجزء1	أحمد بن محمد القسطلاني‏	Masaha	3004	0.36797
		كنوز الذّهب في تاريخ حلب [ج ٢]	سبط ابن العجمي الحلبي	Rafed	2375	0.36796
		من حديث عبد الصمد الطستي	أبو الحسين عبد الصمد بن علي بن محمد بن مكرم البغدادي، الطستي، الوكيل (المتوفى: 346ه)	ShamelaY19	28853	0.36795
		رسالة في أن القرآن غير مخلوق ويليه رسالة الإمام أحمد إلى الخليفة المتوكل في مسألة القرآن	أبو إسحاق إبراهيم بن إسحاق بن إبراهيم بن بشير بن عبد الله البغدادي الحَرْبي (المتوفى: 285هـ)	ShamAY	6474	0.36794
		شرح السنة معتقد إسماعيل بن يحيى المزني	إسماعيل بن يحيى بن إسماعيل، أبو إبراهيم المزني (المتوفى: 264هـ)	ShamAY	6484	0.36785
		البيان بأن صلاة النافلة لم يشرع لها أذان	فريح بن صالح البهلال	ShamAY	36546	0.36784
		أسمى المطالب في سيرة أمير المؤمنين علي بن أبي طالب رضي الله عنه (شخصيته وعصره - دراسة شاملة)	عَلي محمد محمد الصَّلاَّبي	ShamAY	292	0.36774
		دعوة الإمام محمد بن عبد الوهاب سلفية لا وهابية	أحمد بن عبد العزيز بن عبد الله الحصين	ShamAY	1789	0.36772
		 الموسوعة الكبرى عن فاطمة الزهراء ( س ) 	 اسماعيل الأنصاري الزنجاني الخوئيني 	ABLibrary	7835	0.36772
		 المناقب والمثالب 	 القاضي النعمان المغربي 	ABLibrary	7786	0.36772
		الامام المهدي (عجل الله تعالي فرجه الشريف) و الايمان بالغيب 	آيت الله العظمي سيد محمد تقي مدرسي	Ghbook	6589	0.36772
		 بهجة النفوس والأسرار في تاريخ دار هجرة النبي المختار 	 عبد الله المرجاني 	ABLibrary	8972	0.36769
		الروح في الكلام على أرواح الأموات والأحياء بالدلائل من الكتاب والسنة	محمد بن أبي بكر بن أيوب بن سعد شمس الدين ابن قيم الجوزية (المتوفى: 751هـ)	ShamAY	6462	0.36765
		بحار الأنوار [ج ٦٢]	الشيخ محمّد باقر بن محمّد تقي المجلسي	Rafed	1060	0.36765
		العين والأثر في عقائد أهل الأثر	عبد الباقي بن عبد الباقي بن عبد القادر البعلي الأزهري الدمشقيّ، تقيّ الدين، ابن فَقِيه فُصَّة (المتوفى: 1071هـ)	ShamAY	8518	0.36752
		الإشاعة لأشراط الساعة	محمد بن رسول البرزنجي الحسيني (1040 ه - 1103 ه)	ShamelaY19	132618	0.3675
		 مقاتل الطالبيين ( فرزندان ابو طالب ) ( فارسي ) 	 أبي الفرج الأصفهاني ( مترجم : جواد فاضل ) 	ABLibrary	7770	0.3675
		الجزء الأول والثاني من حديث ابن المظفر - مخطوط	الواحدي	ShamAY	32751	0.36749
		الفرج بعد الشده	محسن بن علي التنوخي	Ghbook	16411	0.36743
		المِنَحُ الشَّافِيات بِشَرْحِ مُفْردَاتِ الإمَامِ أحْمَد	منصور بن يونس بن صلاح الدين ابن حسن بن إدريس البهوتى الحنبلى (المتوفى: 1051هـ)	ShamAY	31805	0.36736
		المهدي المنتظر من ولد الامام الحسن ام الامام الحسين؟ صلوات الله عليهم جميعا	مهدي حمد الفتلاوي	Masaha	3389	0.36733
		شرح الزرقاني على المواهب اللدنية بالمنح المحمدية	أبو عبد الله محمد بن عبد الباقي بن يوسف بن أحمد بن شهاب الدين بن محمد الزرقاني المالكي (المتوفى: 1122ه)	ShamelaY19	26568	0.36731
		تأريخ المستبصر	ابن المجاور	Rafed	2189	0.3672
		الاربعين في امامه الائمه الطاهرين	محمدطاهربن محمدحسين الشيرازي النجفي القمي	Ghbook	15554	0.36717
		صلة تاريخ الطبري	الواحدي :: القرطبي، عريب بن سعد	ShamAY	33813	0.36715
		اجتماع الجيوش الإسلامية	محمد بن أبي بكر بن أيوب بن سعد شمس الدين ابن قيم الجوزية (المتوفى: 751ه)	Sham19Y	21714	0.36711
		 جواهر العقدين في فضل الشرفين 	 علي بن عبد الله السمهودي 	ABLibrary	7481	0.36706
		كتب غريب القرآن الكريم	الدكتور حسين محمد نصار	ShamAY	11350	0.36705
		زوجات النبي(ص)	سعيد أيوب	Masaha	294	0.36705
		الإمام علي الرضا ورسالته في الطب النبوي	محمد علي البار	ShamAY	34804	0.36704
		اللّباب في علوم الكتاب [ج ١]	أبي حفص عمر بن علي بن عادل الدمشقي الحنبلي	Rafed	3089	0.36704
		اجتماع الجيوش الإسلامية	محمد بن أبي بكر بن أيوب بن سعد شمس الدين ابن قيم الجوزية (المتوفى: 751هـ)	ShamAY	21714	0.36699
		الإحتجاج [ج ١-٢]	أبي منصور أحمد بن علي بن أبي طالب الطبرسي	Rafed	1121	0.36694
		 بحار الأنوار 	 العلامة المجلسي 	ABLibrary	764	0.36691
		الحج في السنه	معاونية شوون التعليم و البحوث الاسلامية في الحج	Ghbook	3491	0.3669
		العدة في شرح العمدة في أحاديث الأحكام لابن العطار	علي بن إبراهيم بن داود بن سلمان بن سليمان، أبو الحسن، علاء الدين ابن العطار (المتوفى: 724 هـ)	ShamAY	32416	0.36687
		المنح الشافيات بشرح مفردات الإمام أحمد	منصور بن يونس بن صلاح الدين ابن حسن بن إدريس البهوتى الحنبلى (المتوفى: 1051ه)	Sham19Y	6538	0.36687
		تذكرة أولي النهى والعرفان بأيام الله الواحد الديان وذكر حوادث الزمان	إبراهيم بن عبيد آل عبد المحسن «من علماء أهل القصيم»	ShamelaY19	145210	0.36684
		لباب النقول في أسباب النزول	عبد الرحمن بن أبي بكر، جلال الدين السيوطي (المتوفى: 911هـ)	ShamAY	2247	0.36683
		الاقتراح في بيان الاصطلاح	تقي الدين أبو الفتح محمد بن علي بن وهب بن مطيع القشيري، المعروف بابن دقيق العيد (المتوفى: 702ه)	Sham19Y	5968	0.36679
		دلائل الامامه ( الامام السجاد عليه السلام )	طبري امامي ( صغير ) ابوجعفر محمد بن جرير بن رستم ( قرن 4و5 ق ) ( صاحب دلائل الامامه )	Ghbook	6381	0.36678
		تاج العروس [ج ٦]	محبّ الدين أبي فيض السيد محمّد مرتضى الحسيني الواسطي الزبيدي الحنفي	Rafed	1498	0.36676
		الوفيات والأحداث	عضو ملتقى أهل الحديث / الباحث - غفر الله له -	Sham19Y	1577	0.36675
		تعليق من أمالي ابن دريد	أبو بكر محمد بن الحسن بن دريد الأزدي (المتوفى: 321هـ)	ShamAY	26237	0.3667
		تحصيل المرام [ج ١-٢]	الشيخ محمّد بن أحمد بن سالم بن محمّد المالكي المكّي [ الصبّاغ ]	Rafed	3062	0.36668
		العقد الفريد - الجزء1	ابن عبد ربه	Masaha	2985	0.36667
		 أعيان الشيعة 	 السيد محسن الأمين 	ABLibrary	80	0.36666
		فوائد ابن دحيم	ابْنُ دُحَيْمٍ أَبُو جَعْفَرٍ مُحَمَّدُ بنُ عَلِيِّ بنِ دُحَيْمٍ الشَّيْبَانِيُّ، الكُوْفِيُّ (المتوفى: 352هـ)	ShamAY	30543	0.36664
		مجموع رسائل الشاب الصالح عبد الرحمن بن سعيد بن علي بن وهف القحطاني رحمه الله تعالى	عبد الرحمن بن سعيد بن علي بن وهف القحطاني (المتوفى: 1422ه)	ShamelaY19	96520	0.3666
		مطالع الدقائق في تحرير الجوامع والفوارق	جمال الدين الإسنوي	ShamelaY19	147671	0.3666
		 نثر الدر المكنون من فضائل اليمن الميمون 	 محمد بن علي الإهدلي 	ABLibrary	9292	0.36656
		مجموع رسائل الشاب الصالح عبد الرحمن بن سعيد بن علي بن وهف القحطاني رحمه الله تعالى	عبد الرحمن بن سعيد بن علي بن وهف القحطاني (المتوفى: 1422هـ)	ShamAY	1881	0.36654
		حياة الحيوان الكبرى	محمد بن موسى بن عيسى بن علي الدميري، أبو البقاء، كمال الدين الشافعي (المتوفى: 808هـ)	ShamAY	31575	0.36652
		طريق الوصول إلى الحقّ	محمد گوزل الآمدي	Masaha	331	0.36652
		المهذب في فضائل الخلفاء الراشدين	علي بن نايف الشحود	ShamAY	35790	0.36647
		الامام الباقر ( عليه السلام ) و اثره في التفسير	حكمت عبيد خفاجي	Ghbook	2845	0.36646
		المباحث العقدية في كتاب بصائر ذوي التمييز في لطائف الكتاب العزيز للفيروزآبادي	جاسم السامرائي	ShamAY	35771	0.36645
		حياة الحيوان الكبرى	محمد بن موسى بن عيسى بن علي الدميري، أبو البقاء، كمال الدين الشافعي (المتوفى: 808ه)	Sham19Y	10664	0.36645
		التذكرة بأحوال الموتى وأمور الآخرة	أبو عبد الله محمد بن أحمد بن أبي بكر بن فرح الأنصاري الخزرجي شمس الدين القرطبي (المتوفى: 671ه)	ShamelaY19	21536	0.3664
		معاوية بن أبي سفيان أمير المؤمنين وكاتب وحي النبي الأمين صلى الله عليه وسلم - كشف شبهات ورد مفتريات	شحاتة محمد صقر	ShamelaY19	36166	0.36636
		قراءة الإمام نافع عند المغاربة		ShamAY	36962	0.36632
		استشهاد الحسين رضوان الله عليه بين الحقائق والأوهام	عَلي محمد محمد الصَّلاَّبي	ShamAY	218	0.36632
		كتاب زواج عمر بن الخطاب من أم كلثوم بنت علي بن أبي طالب	أبو معاذ الإسماعيلي	ShamAY	33225	0.36628
		مباحث في علم القراءات مع بيان أصول رواية حفص	محمد عباس الباز	ShamAY	1495	0.36626
		المجتنى	أبو بكر محمد بن الحسن بن دريد الأزدي (المتوفى: 321هـ)	ShamAY	31930	0.36611
		المحرّر الوجيز في تفسير الكتاب العزيز [ج ١]	أبي محمّد عبدالحقّ بن غالب بن عطيّة الأندلسي	Rafed	3293	0.36608
		وقعة الجمل‏	ضامن بن شدقم الحسيني المدني‏	Masaha	4679	0.36608
		الأحكام الشرعية الصغرى «الصحيحة»	عبد الحق بن عبد الرحمن بن عبد الله بن الحسين بن سعيد إبراهيم الأزدي، الأندلسي الأشبيلي، المعروف بابن الخراط (المتوفى: 581 هـ)	ShamAY	32348	0.36603
		 الرحيق المختوم 	 صفي الرحمان مباركفوري 	ABLibrary	7530	0.36603
		بحار الأنوار [ج ١٠٤]	الشيخ محمّد باقر بن محمّد تقي المجلسي	Rafed	1529	0.36602
		مصنف عبد الرزاق الصنعاني	أبو بكر عبد الرزاق بن همام بن نافع الحميري اليماني الصنعاني (المتوفى: 211هـ)	ShamAY	31637	0.36599
		أدوار علم الفقه وأطواره	الشيخ علي كاشف الغطاء	Rafed	3601	0.36597
		الإكليل	ابن الحائك، أبو محمد الحسن بن أحمد بن يعقوب بن يوسف بن داود الشهير بالهمداني (المتوفى: 334هـ)	ShamAY	352	0.36596
		 تاريخ المستبصر 	 ابن المجاور 	ABLibrary	9001	0.36587
		 بحار الأنوار 	 العلامة المجلسي 	ABLibrary	795	0.36585
		تفسير ابن عطية = المحرر الوجيز في تفسير الكتاب العزيز	أبو محمد عبد الحق بن غالب بن عبد الرحمن بن تمام بن عطية الأندلسي المحاربي (المتوفى: 542ه)	ShamelaY19	23632	0.36582
		تحقيق القول بالعمل بالحديث الضعيف	د. عبد العزيز عبد الرحمن بن محمد العثيم	ShamAY	10050	0.36578
		نفحات الأزهار في خلاصة عبقات الأنوار [ج ١٢]	السيّد علي الحسيني الميلاني	Rafed	457	0.36571
		فلسفة الميثاق والولاية	السيد عبد الحسين شرف الدين	Masaha	345	0.36571
		قصص وعبر وعظات من سيرة الصحابيات	ماجد البنكاني	ShamAY	35114	0.3657
		نفح الطّيب [ج ٤]	الشيخ أحمد بن محمد المقري التلمساني	Rafed	2800	0.3657
		طوق الحمامة للسيوطي	عبد الرحمن بن أبي بكر، جلال الدين السيوطي (المتوفى: 911هـ)	ShamAY	5396	0.36569
		موجز التاريخ الإسلامي منذ عهد آدم عليه السلام (تاريخ ما قبل الإسلام) إلى عصرنا الحاضر 1417 هـ/96 - 97 م	أحمد معمور العسيري	ShamAY	814	0.36567
		دعوي السفاره في الغيبه الكبري	محمد السند	Ghbook	6655	0.36567
		السلف و السلفيون	نجم الدين طبسي	Ghbook	7558	0.36554
		مجموعة رسائل العلامة قاسم بن قطلوبغا	أبو الفداء زين الدين قاسم بن قُطْلُوْبَغَا السُّوْدُوْنِي الجمالي الحنفي (المتوفى: 879 هـ)	ShamAY	32450	0.36545
		تغليظ الملام على المتسرعين إلى الفتيا وتغيير الأحكام	حمود بن عبد الله بن حمود بن عبد الرحمن التويجري (المتوفى: 1413هـ)	ShamAY	32267	0.36544
		بحار الأنوار [ج ١٠٣]	الشيخ محمّد باقر بن محمّد تقي المجلسي	Rafed	1520	0.36539
		من هم قتله الحسين ( عليه السلام ) ؟	آيت الله علي حسيني ميلاني	Ghbook	4784	0.36529
		مرآة العقول [ج ٣]	الشيخ محمّد باقر بن محمّد تقي المجلسي	Rafed	1011	0.36527
		توثيق السنة في القرن الثاني الهجري أسسه واتجاهاته	رفعت بن فوزي عبد المطلب	ShamAY	22872	0.36525
		البيان الجلي في افضليه مولي المومنين علي عليه السلام 	عيدروس بن احمد السقاف ابن رويش اندونيسي	Ghbook	8351	0.36518
		الكنز الأكبر في الأمر بالمعروف والنهي عن المنكر [ضمن سلسلة لقاءات العشر برقم (252)]	تقي الدين أبو بكر بن عبد الله بن قاضي عجلون الدمشقي الشافعي (814 - 928 ه)	ShamelaY19	132427	0.36516
		معاوية بن أبي سفيان أمير المؤمنين وكاتب وحي النبي الأمين صَلَّى اللَّهُ عَلَيْهِ وَسَلَّمَ - كشف شبهات وردّ مفتريات	شحاتة محمد صقر	ShamAY	565	0.36506
		تراثنا ـ العدد [ 21 ]	مؤسسة آل البيت عليهم السلام لإحياء التراث ـ قم	Rafed	2741	0.36505
		 معرفة الإمام 	 السيد محمد حسين الطهراني 	ABLibrary	8892	0.36504
		عيون الغرر في فضائل الآيات والسور	مشتاق مظفر	Masaha	1742	0.36496
		صلاة الجماعة	محمد ضياء الرحمن الأعظمي	ShamelaY19	23074	0.36495
		 المواعظ والإعتبار في ذكر الخطط والآثار ( ط بيروت ) 	 المقريزي 	ABLibrary	9236	0.36495
		أمثال العرب ت إحسان عباس	المفضل بن محمد بن يعلى بن سالم الضبي (المتوفى: نحو 168هـ)	ShamAY	1034	0.36494
		المواهب اللدنية بالمنح المحمدية	أحمد بن محمد بن أبى بكر بن عبد الملك القسطلاني القتيبي المصري، أبو العباس، شهاب الدين (المتوفى: 923هـ)	ShamAY	23685	0.36494
		غزو البحار فضله، وأحكامه، وأشهر قادته المسلمين في القرن الهجري الأول	سامي صالح القحطاني	ShamAY	36117	0.36486
		فقه الإسلام «شرح بلوغ المرام من جمع أدلة الأحكام»	عبد القادر شيبة الحمد	Sham19Y	143640	0.36485
		الإيضاح والتبيين لما وقع فيه الأكثرون من مشابهة المشركين	حمود بن عبد الله بن حمود بن عبد الرحمن التويجري (المتوفى: 1413هـ)	ShamAY	32261	0.36481
		موجز التاريخ الإسلامي منذ عهد آدم عليه السلام (تاريخ ما قبل الإسلام) إلى عصرنا الحاضر 1417 ه/96 - 97 م	أحمد معمور العسيري	Sham19Y	73353	0.36479
		أعلام المغرب والأندلس في القرن الثامن	إسماعيل بن يوسف بن محمد بن نصر الخزرجي الأنصاري النصري، أبو الوليد، المعروف بابن الأحمر (المتوفى: 807هـ)	ShamAY	31705	0.36478
		 بحار الأنوار 	 العلامة المجلسي 	ABLibrary	754	0.36477
		خزانة التّواريخ النجديّة [ج ٤]	عبد الله بن عبد الرحمن بن صالح آل بسام	Rafed	2166	0.36476
		كشف المشكل من حديث الصحيحين	جمال الدين أبو الفرج عبد الرحمن بن علي بن محمد الجوزي (المتوفى: 597هـ)	ShamAY	5906	0.36473
		فتح الغفور في وضع الأيدي على الصدور	محمد حياة السندي (المتوفى: 1163هـ)	ShamAY	1596	0.36469
		إيضاح الوقف والابتداء	محمد بن القاسم بن محمد بن بشار، أبو بكر الأنباري (المتوفى: 328ه)	Sham19Y	14255	0.36467
		تفسير ابن عطية = المحرر الوجيز في تفسير الكتاب العزيز	أبو محمد عبد الحق بن غالب بن عبد الرحمن بن تمام بن عطية الأندلسي المحاربي (المتوفى: 542هـ)	ShamAY	23632	0.36457
		التذكرة بأحوال الموتى وأمور الآخرة	أبو عبد الله محمد بن أحمد بن أبي بكر بن فرح الأنصاري الخزرجي شمس الدين القرطبي (المتوفى: 671هـ)	ShamAY	21536	0.36457
		دعاوي المناوئين لدعوة الشيخ محمد بن عبد الوهاب	عبد العزيز بن محمد بن علي آل عبد اللطيف	ShamAY	11186	0.36453
		التَّفْسِيرُ البَسِيْط	أبو الحسن علي بن أحمد بن محمد بن علي الواحدي، النيسابوري، الشافعي (المتوفى: 468هـ)	ShamAY	31808	0.36453
		جزء ابن جريج	ابن جريج	ShamAY	33605	0.36452
		تسفيه أدعياء التنزيه - عبد الله الخليفي	ابن الجوزي	ShamAY	35519	0.36448
		فضل الجلد عند فقد الولد للسيوطي	السيوطي	ShamAY	34817	0.36447
		دراسات في السنة النبوية	محمد ضياء الرحمن الأعظمي	ShamAY	23071	0.3644
		السِّيُوفُ البَواتِرُ لِمَنْ يُقَدِّمُ صَلَاةَ الصُّبْحِ عَلَى الفَجْرِ الآخِرِ	عبد الله بن عمر بن أبي بكر بن يحيى العلوي الحضرمي الشافعي (المتوفى: 1265هـ)	ShamAY	1269	0.36436
		النظرات الوقادة في خروج الحسين بن علي رضي الله عنه واستشهاده	مرزوق بن هياس آل مرزوق الزهراني	ShamelaY19	132392	0.36418
		الفصول المهمة في تأليف الأمة	السيد عبد الحسين شرف الدين	Masaha	670	0.3641
		أصول السنة لأحمد بن حنبل	أبو عبد الله أحمد بن محمد بن حنبل بن هلال بن أسد الشيباني (المتوفى: 241هـ)	ShamAY	6418	0.36406
		صلاة الجماعة	محمد ضياء الرحمن الأعظمي	Sham19Y	23074	0.36395
		بحار الأنوار [ج ٣٩]	الشيخ محمّد باقر بن محمّد تقي المجلسي	Rafed	962	0.36395
		أصول الحديث عند الإمام أبي حنيفة	أحمد يوسف أبو حلبية	ShamAY	37333	0.36394
		دراسات في السنة النبوية	محمد ضياء الرحمن الأعظمي	ShamelaY19	23071	0.36394
		أبو بكر الصديق أفضل الصحابة، وأحقهم بالخلافة	محمد بن عبد الرحمن بن محمد بن عبد الله بن عبد الرحمن بن محمد بن قاسم العاصمي الحنبلي (المتوفى: 1421ه)	ShamelaY19	25815	0.36394
		صلاة الجماعة	محمد ضياء الرحمن الأعظمي	ShamAY	23074	0.36391
		مواقف التابعين وأتباعهم في الدعوة إلى الله تعالى	د. سعيد بن علي بن وهف القحطاني	Sham19Y	96529	0.36389
		جامع العلوم والحكم في شرح خمسين حديثاً من جوامع الكلم	زين الدين عبد الرحمن بن أحمد بن رجب بن الحسن، السَلامي، البغدادي، ثم الدمشقي، الحنبلي (المتوفى: 795هـ)	ShamAY	10443	0.36388
		مواقف التابعين وأتباعهم في الدعوة إلى الله تعالى	د. سعيد بن علي بن وهف القحطاني	ShamelaY19	96529	0.36378
		تاريخ معالم المدينة المنورة قديماً وحديثاً	أحمد ياسين الخياري	Masaha	4660	0.36373
		تنبيه الحذاق على بطلان ما شاع بين الأنام من حديث النور المنسوب لمصنف عبد الرزاق	محمد أحمد عبد القادر الشنقيطي المدني	ShamAY	10098	0.36372
		المجالس السنيّة في مناقب ومناصب العترة النبويّة [ج ١-٤]	السيد محسن بن عبد الكريم الأمين	Rafed	1577	0.36366
		ذخائر العقبي في مناقب ذوي القربي	طبري ، محب الدين ، ابوالعباس احمد بن عبدالله ( قرن 7ق ) ( صاحب ذخائر العقبي و الرياض النضره - شافعي مذهب )	Ghbook	9222	0.36354
		هي الحقيقة	قاسم عبد السلام كتمبو	Rafed	1239	0.36352
		تنضيد العقود السنيه بتمهيد الدوله الحسنيه	سيدمهدي رجايي	Ghbook	15630	0.36347
		 مع الركب الحسيني 	 مجموعة مؤلفين 	ABLibrary	7748	0.36332
		الأصمعيات اختيار الأصمعي	الأصمعي أبو سعيد عبد الملك بن قريب بن علي بن أصمع (المتوفى: 216هـ)	ShamAY	6905	0.36328
		لا تخونوا الله والرسول	صباح علي البياتي	Masaha	387	0.36326
		مواقف الصحابة - رضي الله عنهم - في الدعوة إلى الله تعالى	د. سعيد بن علي بن وهف القحطاني	ShamelaY19	96530	0.36317
		جزء يعلى بن عباد شيوخه (ضمن مجموع مطبوع باسم الفوائد لابن منده!)	يعلى بن عباد (المتوفى: 230ه)	Sham19Y	9413	0.36316
		 بحار الأنوار 	 العلامة المجلسي 	ABLibrary	790	0.36316
		عثمان بن مظعون	الشيخ فارس الحسون	Masaha	337	0.36308
		مسائل الإمام أبي عبد الله أحمد بن حنبل	صالح بن أحمد	ShamAY	34272	0.36305
		مصادقة الإخوان‏	الشيخ الصدوق	Masaha	4673	0.36304
		إيضاح الوقف والابتداء	محمد بن القاسم بن محمد بن بشار، أبو بكر الأنباري (المتوفى: 328هـ)	ShamAY	32507	0.36301
		فتح الباري شرح صحيح البخاري	أحمد بن علي بن حجر أبو الفضل العسقلاني الشافعي	Sham19Y	1673	0.36297
		الثاقب في المناقب‏	ابن حمزة الطوسي	Masaha	1923	0.36291
		المذاكرة في ألقاب الشعراء	أبو المجد اسعد بن إبراهيم الشيباني الإربلي المعروف بمجد الدين النشابي الكاتب (المتوفى: 657هـ)	ShamAY	746	0.36289
		توثيق السنة في القرن الثاني الهجري أسسه واتجاهاته	رفعت بن فوزي عبد المطلب	ShamelaY19	22872	0.36289
		الآثار الواردة عن السلف في اليهود في تفسير الطبري	يوسف الحوشان	ShamAY	36751	0.36287
		نظره في كتاب الفصل في الملل و الاهواء و النحل	عبدالحسين اميني ( علامه اميني )	Ghbook	10562	0.36287
		الهادي والمهتدي	مرزوق بن هياس آل مرزوق الزهراني	ShamelaY19	36102	0.36286
		محرمات العلاقة الزوجية في القرآن الكريم	فهد الحبيشي	ShamAY	36360	0.36282
		آيات الغدير	مركز المصطفي للدراسات الاسلاميه - برعايه آيه الله السيستاني	Ghbook	2706	0.36273
		إثبات أن المحسن اسم من أسماء الله الحسنى	د. عبدالرزاق بن عبدالمحسن العباد البدر	ShamAY	35777	0.36269
		مفتاح الجنة في الاحتجاج بالسنة	عبد الرحمن بن أبي بكر، جلال الدين السيوطي (المتوفى: 911ه)	Sham19Y	4864	0.36268
		مع الغدير	واحد تحقيقات مركز تحقيقات رايانه اي قائميه اصفهان	Ghbook	60	0.36267
		نيل الأوطار	محمد بن علي بن محمد بن عبد الله الشوكاني اليمني (المتوفى: 1250هـ)	ShamAY	9242	0.36264
		المدينة المنورة معالم وحضارة	محمد السيد الوكيل	ShamAY	38493	0.36256
		موجز التاريخ الإسلامي منذ عهد آدم عليه السلام (تاريخ ما قبل الإسلام) إلى عصرنا الحاضر 1417 ه/96 - 97 م	أحمد معمور العسيري	ShamelaY19	73353	0.3624
		فتح الباري شرح صحيح البخاري	أحمد بن علي بن حجر أبو الفضل العسقلاني الشافعي	ShamAY	1673	0.36232
		رسالة إنقاذ الهالكين (تبحث في حكم أخذ الأجرة على تلاوة القرآن الكريم)	تقي الدين، محمد بن بير علي البركوي الرومي الحنفي (المتوفى: 981ه)	Sham19Y	9283	0.3623
		البيان والتبيين لضوابط ووسائل تمييز الرواة المهملين	محمد بن تركي التركي	ShamAY	35851	0.36226
		بحار الأنوار [ج ٢٢]	الشيخ محمّد باقر بن محمّد تقي المجلسي	Rafed	891	0.3622
		بحث مصطلحات الألقاب عند فقهاء المذاهب الأربعة "	عبد الحق حميش	ShamAY	37166	0.3621
		دليل النص بخبر الغدير على امامة امير المؤمنين عليه السلام	أبي الفتح محمّد بن علي الكراجكي	Rafed	191	0.3621
		موسوعة عبد الله بن عبّاس [ج ٣]	السيد محمد مهدي السيد حسن الموسوي الخرسان	Rafed	1168	0.36209
		ذكر نسب العيدروسي		ShamAY	37024	0.36208
		رسالة في صلاة ابى بكر	السيّد علي الحسيني الميلاني	Rafed	218	0.36198
		الغدير في الكتاب والسنّة والأدب [ج ٥]	الشيخ عبد الحسين أحمد الأميني النجفي	Rafed	2008	0.36193
		إنباء الأمراء بأنباء الوزراء	شمس الدين محمد بن علي بن خمارويه بن طولون الدمشقي الصالحي الحنفي (المتوفى: 953ه)	ShamelaY19	120145	0.36185
		حياة الحيوان الكبري - الجزء1	الدميري	Masaha	3368	0.36181
		 موسوعة التاريخ الإسلامي 	 الشيخ محمد هادي اليوسفي الغروي 	ABLibrary	7858	0.36178
		الغناء والمعازف في ضوء الكتاب والسنة وآثار الصحابة - رضي الله عنهم -	د. سعيد بن علي بن وهف القحطاني	ShamelaY19	96473	0.36169
		إستقصاء الإعتبار [ج ٤]	الشيخ محمّد بن الحسن بن الشّهيد الثّاني	Rafed	568	0.36167
		اختصار صحيح البخاري وبيان غريبه	أبو العباس القرطبي ضياء الدين أحمد بن عمر الأنصاري الأندلسي القرطبي (578 ه - 656 ه)	Sham19Y	127656	0.36166
		تحفة الأمراء في تاريخ الوزراء - ط العلمية	أبو الحسن هلال بن المحسن بن إبراهيم الصابي	ShamAY	33825	0.36164
		 الموسوعة الكبرى عن فاطمة الزهراء ( س ) 	 اسماعيل الأنصاري الزنجاني الخوئيني 	ABLibrary	7816	0.36163
		شعراء الغدير في القرن - الجزء7	الشيخ عبد الحسين الأميني النجفي	Masaha	313	0.36161
		الحجاب أدلة الموجبين وشبه المخالفين	مصطفى العدوي	ShamAY	36187	0.3616
		خاتمة مستدرك الوسائل [ج ٢]	الشيخ حسين النوري الطبرسي [ المحدّث النوري ]	Rafed	1462	0.36156
		تاج العروس [ج ٣]	محبّ الدين أبي فيض السيد محمّد مرتضى الحسيني الواسطي الزبيدي الحنفي	Rafed	1489	0.36154
		رسالة إنقاذ الهالكين (تبحث في حكم أخذ الأجرة على تلاوة القرآن الكريم)	تقي الدين، محمد بن بير علي البركوي الرومي الحنفي (المتوفى: 981هـ)	ShamAY	972	0.36153
		مستدرك الوسائل [ج ٨]	الشيخ حسين النوري الطبرسي [ المحدّث النوري ]	Rafed	1150	0.36151
		الاقتراح في بيان الاصطلاح	تقي الدين أبو الفتح محمد بن علي بن وهب بن مطيع القشيري، المعروف بابن دقيق العيد (المتوفى: 702هـ)	ShamAY	5968	0.36146
		النور السافر عن أخبار القرن العاشر	محي الدين عبد القادر بن شيخ بن عبد الله العَيْدَرُوس (المتوفى: 1038هـ)	ShamAY	6676	0.36132
		الإسراء والمعراج الرواية المتكاملة الصحيحة	محمد بن رزق طرهوني :: محمد بن رزق الطرهوني	ShamAY	37458	0.36129
		 بهجة المحافل وبغية الأماثل 	 عماد الدين يحيى بن أبي بكر العامري 	ABLibrary	7443	0.36123
		أقوال العلماء في صحة حديث الغدير	الشيخ عبد الحسين الأميني النجفي	Masaha	82	0.36123
		وقعة الجمل	ضامن بن شدقم بن علي الحسيني المدني	Rafed	241	0.36115
		الامام موسي بن جعفر عليه السلام في بحار الانوار	سيد علي جمال أشرف	Ghbook	16503	0.36115
		رسالة في المتعتين	السيد علي الحسيني الميلاني	Masaha	284	0.36109
		فقه الإسلام «شرح بلوغ المرام من جمع أدلة الأحكام»	عبد القادر شيبة الحمد	ShamelaY19	143640	0.36104
		 موسوعة الإمام العسكري ( ع ) 	 الشيخ أبو القاسم الخزعلي 	ABLibrary	7851	0.36089
		منحة الباري بشرح صحيح البخاري المسمى «تحفة الباري»	زكريا بن محمد بن أحمد بن زكريا الأنصاري، زين الدين أبو يحيى السنيكي المصري الشافعي (المتوفى: 926 هـ)	ShamAY	32556	0.36087
		ورثة الأنبياء	عبد الملك بن محمد القاسم	ShamelaY19	36550	0.36087
		التفسير من سنن سعيد بن منصور - مخرجا	أبو عثمان سعيد بن منصور بن شعبة الخراساني الجوزجاني (المتوفى: 227هـ)	ShamAY	13008	0.36082
		الكنز في القراءات العشر	أبو محمد، عبد الله بن عبد المؤمن بن الوجيه بن عبد الله بن على ابن المبارك التاجر الواسطي المقرئ تاج الدين ويقال نجم الدين (المتوفى: 741ه)	ShamelaY19	29864	0.36077
		شأن الدعاء	أبو سليمان حمد بن محمد بن إبراهيم بن الخطاب البستي المعروف بالخطابي (المتوفى: 388ه)	ShamelaY19	95700	0.36075
		الوفا بتعريف فضائل المصطفى - ط المعرفة	الواحدي :: ابن الجوزي	ShamAY	37387	0.36072
		الكوكب الوهاج شرح صحيح مسلم (المسمَّى:	محمد الأمين الهرري	ShamAY	38884	0.36071
		تنبيه الإخوان على الأخطاء في مسألة خلق القرآن	حمود بن عبد الله بن حمود بن عبد الرحمن التويجري (المتوفى: 1413ه)	Sham19Y	17324	0.36069
		رجال تركوا بصمات علي قسمات التاريخ	لطيف قزويني	Ghbook	7098	0.36064
		تحفة المحتاج إلى أدلة المنهاج (على ترتيب المنهاج للنووي)	ابن الملقن سراج الدين أبو حفص عمر بن علي بن أحمد الشافعي المصري (المتوفى: 804ه)	Sham19Y	5911	0.36057
		الإنقاذ من دعاوى الإنقاذ للتاريخ الإسلامي!! رد على حسن بن فرحان المالكي	سليمان بن حمد العودة	ShamAY	37125	0.36056
		الناسخ والمنسوخ لقتادة	قتادة بن دعامة بن قتادة بن عزيز، أبو الخطاب السدوسي البصري (المتوفى: 117هـ)	ShamAY	8491	0.36056
		 كنوز الذهب في تاريخ حلب 	 أبي ذر سبط ابن العجمي 	ABLibrary	9168	0.36055
		 تحصيل المرام في أخبار البيت الحرام 	 محمد بن أحمد المالكي ( الصباغ ) 	ABLibrary	9019	0.36055
		العواصم والقواصم في الذب عن سنة أبي القاسم	ابن الوزير، محمد بن إبراهيم بن علي بن المرتضى بن المفضل الحسني القاسمي، أبو عبد الله، عز الدين، من آل الوزير (المتوفى: 840ه)	Sham19Y	29677	0.36052
		الذخيره في العقبي في موده ذوي القربي	سيدمهدي رجايي	Ghbook	15611	0.36049
		تعليق مختصر على كتاب لمعة الاعتقاد الهادي إلى سبيل الرشاد	محمد بن صالح بن محمد العثيمين (المتوفى: 1421هـ)	ShamAY	11366	0.36044
		حياة الإمام محمّد الباقر عليه السلام دراسة وتحليل [ج ٢]	باقر شريف القرشي	Rafed	615	0.36042
		جمال الأسبوع بكمال العمل المشروع	السيد علي بن موسى بن طاووس	Masaha	701	0.36035
		البيان والتعريف في أسباب ورود الحديث الشريف	إبراهيم بن محمد بن محمد كمال الدين ابن أحمد بن حسين، برهان الدين ابن حَمْزَة الحُسَيْني الحنفي الدمشقيّ (المتوفى: 1120هـ)	ShamAY	6000	0.36033
		تحفة الأمراء في تاريخ الوزراء	أبو الحسن الهلال بن المحسن الصابي (المتوفى: 448هـ)	ShamAY	26106	0.36032
		تاريخ معالم المدينة المنورة قديماً وحديثاً	أحمد ياسين الخياري	ShamAY	38411	0.3603
		 الهدايا لشيعة أئمة الهدى ( شرح اصول الكافى ) 	 شرف الدين مجذوب التبريزي 	ABLibrary	7926	0.3602
		الصحوة (رحلتي الى الثقلين)	صباح علي البياتي	Masaha	327	0.36018
		مرآة العقول [ج ١٤]	الشيخ محمّد باقر بن محمّد تقي المجلسي	Rafed	1036	0.36004
		معاوية بن أبي سفيان - شخصيته وعصره	عَلي محمد محمد الصَّلاَّبي	ShamAY	342	0.35999
		القراءات المتواترة وأثرها في الرسم القرآني والأحكام الشرعية	محمد الحبش	ShamAY	1490	0.35997
		الكنز في القراءات العشر	أبو محمد، عبد الله بن عبد المؤمن بن الوجيه بن عبد الله بن على ابن المبارك التّاجر الواسطيّ المقرئ تاج الدين ويقال نجم الدين (المتوفى: 741هـ)	ShamAY	1455	0.35994
		بحار الأنوار [ج ٢٥]	الشيخ محمّد باقر بن محمّد تقي المجلسي	Rafed	897	0.35993
		الكنز في القراءات العشر	أبو محمد، عبد الله بن عبد المؤمن بن الوجيه بن عبد الله بن على ابن المبارك التاجر الواسطي المقرئ تاج الدين ويقال نجم الدين (المتوفى: 741ه)	Sham19Y	29864	0.35986
		البكاء علي الميت	محمد جواد طبسي	Ghbook	11208	0.35986
		أقسام الأرضين في الشريعة الإسلامية وأحكامها وتبيان حكم الإسلام في أرض فلسطين	أمين شومانا	ShamAY	36543	0.35985
		مفتاح الجنة في الاحتجاج بالسنة	عبد الرحمن بن أبي بكر، جلال الدين السيوطي (المتوفى: 911هـ)	ShamAY	4864	0.35984
		بحار الأنوار [ج ٨٤]	الشيخ محمّد باقر بن محمّد تقي المجلسي	Rafed	1145	0.35979
		عوالم العلوم و المعارف و الاحوال ، من الآيات و الاخبار و الاقوال	محمد باقر بن مرتضي موحد ابطحي اصفهاني	Ghbook	3785	0.3597
		نور القبس	أبو المحاسن يوسف بن أحمد بن محمود اليغموري (المتوفى: 673هـ)	ShamAY	678	0.35968
		الدفاع عن حديث الجارية		ShamAY	35483	0.35964
		الإيضاح والتبيين لما وقع فيه الأكثرون من مشابهة المشركين	الواحدي :: التويجري، حمود بن عبد الله	ShamAY	36119	0.35964
		التوسط والاقتصاد في أن الكفر يكون بالقول أو العمل أو الاعتقاد	علوي بن عبد القادر السَّقَّاف	ShamAY	22891	0.35963
		اجتماع الجيوش الإسلامية على غزو المعطلة والجهمية ـ ط ابن تيمية	الواحدي :: ابن القيم	ShamAY	33845	0.3596
		سند زيارة عاشوراء	السيد ياسين الموسوي	Rafed	4057	0.35958
		إسعاد الاخصا بذكر صحيح فضائل الشام والمسجد الأقصى	أبو عبد الرحمن السلفي المقدسي هشام بن فهمي بن موسى العارف	ShamAY	37116	0.35954
		علي امامنا و امامكم ابوبكر	محمد رضي رضوي	Ghbook	7652	0.35951
		رسائل وأبحاث عبد العزيز الشاعر	أبو عمر عبد العزيز بن توفيق الشاعر	ShamAY	34729	0.35949
		العواصم والقواصم في الذب عن سنة أبي القاسم	ابن الوزير، محمد بن إبراهيم بن علي بن المرتضى بن المفضل الحسني القاسمي، أبو عبد الله، عز الدين، من آل الوزير (المتوفى: 840هـ)	ShamAY	3	0.35943
		موسوعة عبد الله بن عبّاس [ج ٢]	السيد محمد مهدي السيد حسن الموسوي الخرسان	Rafed	1165	0.35943
		نسخة السري بن سهل	السري بن سهل الجنديسابوري (المتوفى: 346ه)	ShamelaY19	28851	0.35942
		السلف الصالح	مركز الأبحاث العقائدية	Masaha	149	0.35941
		تحفة المحتاج إلى أدلة المنهاج (على ترتيب المنهاج للنووي)	ابن الملقن سراج الدين أبو حفص عمر بن علي بن أحمد الشافعي المصري (المتوفى: 804هـ)	ShamAY	5911	0.35936
		 نظرة في كتاب السنة والشيعة ( من فيض الغدير ) 	 الشيخ الأميني 	ABLibrary	8663	0.35931
		مستدرك الوسائل [ج ١٣]	الشيخ حسين النوري الطبرسي [ المحدّث النوري ]	Rafed	1194	0.35927
		مسكّن الفؤاد عند فقه الاحبة والاولاد	الشيخ زين الدين علي بن أحمد الجبعي العاملي	Rafed	254	0.35926
		لباب النقول في أسباب النزول	عبد الرحمن بن أبي بكر بن محمد السيوطي أبو الفضل	ShamAY	34090	0.35923
		ايضاح المدارك في الإفصاح عن العواتك للزبيدي	مرتضى الزبيدي :: الزبيدي، مرتضى	ShamAY	36056	0.35922
		محمد بن عبد الوهاب وأئمة الدعوة النجدية وموقفهم من آل البيت عليهم السلام		ShamAY	35584	0.35921
		طبائع النساء وما جاء فيها من عجائب وأخبار وأسرار	أبو عمر، شهاب الدين أحمد بن محمد بن عبد ربه ابن حبيب ابن حدير بن سالم المعروف بابن عبد ربه الأندلسي (المتوفى: 328ه)	Sham19Y	6945	0.35919
		النكت في المسائل المختلف فيها بين الشافعي وأبي حنيفة للشيرازي (التطوع - الاعتكاف)	الشيرازي، أبو إسحاق	ShamAY	36430	0.35914
		فوائد ابن دحيم	ابن دحيم أبو جعفر محمد بن علي بن دحيم الشيباني، الكوفي (المتوفى: 352ه)	ShamelaY19	30543	0.359
		القطره من بحار مناقب النبي والعتره عليهم السلام	احمد مستنبط	Ghbook	11371	0.35893
		 قضايا اميرالمومنين عليه السلام 	ابي اسحاق ابراهيم بن هاشم الكوفي القمي	Ghbook	16057	0.35893
		حياة السلف بين القول والعمل	أحمد بن ناصر الطيار	Sham19Y	17505	0.35886
		حياة السلف بين القول والعمل	أحمد بن ناصر الطيار	ShamAY	32296	0.35875
		بحار الأنوار [ج ٧٦]	الشيخ محمّد باقر بن محمّد تقي المجلسي	Rafed	1099	0.35874
		ضعيف الأدب المفرد للإمام البخاري	محمد بن إسماعيل بن إبراهيم بن المغيرة البخاري، أبو عبد الله (المتوفى: 256ه)	Sham19Y	1346	0.35873
		مصابيح السنة	محيي السنة، أبو محمد الحسين بن مسعود بن محمد بن الفراء البغوي الشافعي (المتوفى: 516 هـ)	ShamAY	32569	0.35872
		موسوعة الأسئلة العقائديّة [ج ١]	مركز الأبحاث العقائديّة	Rafed	1348	0.35866
		 شرح أصول الكافي 	 صدر الدين محمد الشيرازي ( صدر المتألهين ) 	ABLibrary	7916	0.35866
		التنكيل بما في تأنيب الكوثري من الأباطيل	عبد الرحمن بن يحيى بن علي بن محمد المعلمي العتمي اليماني (المتوفى: 1386هـ)	ShamAY	12767	0.35865
		التفسير من سنن سعيد بن منصور - مخرجا	أبو عثمان سعيد بن منصور بن شعبة الخراساني الجوزجاني (المتوفى: 227ه)	Sham19Y	13008	0.35862
		طلوع سعد السّعود [ج ١]	الآغا بن عودة المزاري	Rafed	2391	0.3586
		زيارات ذبيح آل محمد صلوات الله عليهم و سلم العاشورائيه	حيدر تربتي كربلايي	Ghbook	11956	0.3586
		فرحة الأديب في الرد على ابن السيرافي شرح أبيات سيبويه (يتعقب المؤلف على ابن السيرافي (المتوفى: 368 هـ) , في شرحه لبعض أبيات كتاب سيبويه (المتوفى: 180 هـ))	أبو محمد الحسن بن أحمد الأعرابي الملقب بالأسود الغندجاني (المتوفى: نحو 430هـ)	ShamAY	640	0.35858
		مسند أبي حنيفة رواية الحصكفي	أبو حنيفة النعمان بن ثابت بن زوطي بن ماه (المتوفى: 150ه)	ShamelaY19	29120	0.35847
		أشعار أولاد الخلفاء وأخبارهم	أبو بكر محمد بن يحيى بن عبد الله الصولي (المتوفى: 335هـ)	ShamAY	7822	0.35846
		نقد «نصوص حديثية في الثقافة العامة» جمع وتصنيف محمد المنتصر الكتاني أستاذ الحديث	محمد ناصر الدين الألباني	ShamelaY19	133363	0.3584
		الفتح السماوي بتخريج أحاديث القاضي البيضاوي	زين الدين محمد المدعو بعبد الرؤوف بن تاج العارفين بن علي المناوي (المتوفى: 1031هـ)	ShamAY	8635	0.35834
		المهدي حقيقة ... لاخرافة	محمد بن اسماعيل	Masaha	2499	0.35822
		العبّاس ابوالفضل ابن أمير المؤمنين عليه السلام سماته وسيرته	السيد محمد رضا الحسيني الجلالي	Rafed	3251	0.35821
		الغدير في الكتاب والسنّة والأدب [ج ٩]	الشيخ عبد الحسين أحمد الأميني النجفي	Rafed	2018	0.35818
		النعيم المقيم لعترة النبأ العظيم‏	شرف الدين الموصلي	Masaha	3299	0.35815
		حديث أبي الحسين بن المظفر	أبو الحسين محمد بن المظفر (المتوفى: 379هـ)	ShamAY	29739	0.35814
		فدائيون من عصر الرسول	أحمد عبد اللطيف الجدع	ShamAY	4270	0.35808
		 الموسوعة الكبرى عن فاطمة الزهراء ( س ) 	 اسماعيل الأنصاري الزنجاني الخوئيني 	ABLibrary	7817	0.35808
		خزانة التّواريخ النجديّة [ج ٧]	عبد الله بن عبد الرحمن بن صالح آل بسام	Rafed	2169	0.35798
		أدب المجالسة وحمد اللسان وفضل البيان وذم العي وتعليم الإعراب	أبو عمر يوسف بن عبد الله بن محمد بن عبد البر بن عاصم النمري القرطبي (المتوفى: 463هـ)	ShamAY	6780	0.35792
		الوافي	محمد بن مرتضي فيض كاشاني	Ghbook	10697	0.35789
		روائع التفسير (الجامع لتفسير الإمام ابن رجب الحنبلي)	زين الدين عبد الرحمن بن أحمد بن رجب بن الحسن، السَلامي، البغدادي، ثم الدمشقي، الحنبلي (المتوفى: 795هـ)	ShamAY	10463	0.35781
		تسهيل الوصول إلى معرفة أسباب النزول	الناشر: دار المعرفة للطباعة والنشر والتوزيع	Rafed	3744	0.35777
		الرسالة الباهرة للإمام ابن حزم الظاهري	أبو محمد علي بن أحمد بن سعيد بن حزم الأندلسي (المتوفى: 456هـ)	ShamAY	37500	0.35772
		الغرامية في مصطلح الحديث	أبو العباس أحمد بن فرح الإشبيلي (624 - 699 ه)	ShamelaY19	36127	0.35767
		مسند زيد بن علي	زيد بن علي	Masaha	544	0.35762
		مستدرك الوسائل [ج ٧]	الشيخ حسين النوري الطبرسي [ المحدّث النوري ]	Rafed	1147	0.35761
		صلاه ابي بكر في مرض النبي ( صلي الله عليه و آله )	آيت الله علي حسيني ميلاني	Ghbook	7743	0.35756
		الشكوى والعتاب وما وقع للخلان والأصحاب	[ينسب ل]عبد الملك بن محمد بن إسماعيل أبو منصور الثعالبي (المتوفى: 429ه)	ShamelaY19	22892	0.3575
		مطالع الدقائق في تحرير الجوامع والفوارق	جمال الدين الإسنوي	Sham19Y	147671	0.35743
		من عجائب الدعاء - الجزء الأول (قصص لقوم دعوا الله فاستجاب لهم من المتقدمين والمعاصرين)	خالد بن سليمان بن علي الربعي	ShamelaY19	36095	0.35738
		نظرة في كتاب السنّة والشيعة لمحمّد رشيد رضا	العلامة الأميني	Rafed	3526	0.35738
		حصول البغية للسائل هل لأحد في الجنة لحية للناجي	برهان الدين الناجي الدمشقي الشافعي (900 هـ)	ShamAY	34302	0.35737
		الطرق السلمية في تغير الحاكم الفاسد	يحيى بن علي جغمان	ShamelaY19	37529	0.3573
		بحار الأنوار [ج ٩٢]	الشيخ محمّد باقر بن محمّد تقي المجلسي	Rafed	1187	0.35728
		الشكوى والعتاب وما وقع للخلان والأصحاب	[ينسب لـ]عبد الملك بن محمد بن إسماعيل أبو منصور الثعالبي (المتوفى: 429هـ)	ShamAY	22892	0.35726
		أنوار الحُجَج في أسرار الحجج	الواحدي :: الملا على القاري	ShamAY	35033	0.35725
		أثر تاريخ النص الحديثي في توجيه المعاني عند شراح الحديث دراسة تطبيقية	يوسف بن جودة الداودي	ShamelaY19	36115	0.35724
		الصلاه خير من النوم	المجمع العالمي لاهل البيت عليهم السلام	Ghbook	7572	0.35724
		بحار الأنوار [ج ٤٣]	الشيخ محمّد باقر بن محمّد تقي المجلسي	Rafed	972	0.35722
		مِنْ عَجَائِبِ الدُّعاء - الجزء الأول (قصَصٌ لِقَوْم دعوا اللهَ فَاسْتَجاب لَهُمْ مِن المُتقدِّمينَ والمُعاصِرين)	خالد بن سليمان بن علي الربعي	ShamAY	530	0.35713
		أحكام النساء	الواحدي :: ابن الجوزي	ShamAY	34338	0.35709
		مقدمة ابن الصلاح = معرفة أنواع علوم الحديث - ت عتر	عثمان بن عبد الرحمن، أبوعمرو، تقي الدين المعروف بابن الصلاح (المتوفى: 643هـ)	ShamAY	125	0.35702
		تحقيق المذهب من أن النبي صلى الله عليه وسلم كتب	الواحدي :: أبو الوليد الباجي	ShamAY	36507	0.357
		تحفة الأمراء في تاريخ الوزراء	أبو الحسن الهلال بن المحسن الصابي (المتوفى: 448ه)	ShamelaY19	26106	0.35689
		 الإكليل من أخبار اليمن وأنساب حمير 	 الحسن الهمداني ( ابن الحائك ) 	ABLibrary	8963	0.3568
		في آيتي الشوري و ما يتعلق بنظريه الشوري	خليفه عبيد كلباني عماني	Ghbook	7511	0.35679
		جهود الإمام الزرقاني في إبراز دلائل إعجاز القرآن الكريم والدفاع عنه		ShamAY	36992	0.35677
		 بحار الأنوار 	 العلامة المجلسي 	ABLibrary	792	0.35677
		لوامع الدرر في هتك أستار المختصر [شرح «مختصر خليل» للشيخ خليل بن إسحاق الجندي المالكي (ت: 776 ه)]	محمد بن محمد سالم المجلسي الشنقيطي (1206 - 1302 ه)	ShamelaY19	149697	0.35671
		الإلمام بشرح عمدة الأحكام	الشيخ إسماعيل الأنصاري	ShamelaY19	151007	0.35671
		مناظرات [ج ٣]	الشيخ عبد الله الحسن	Rafed	1504	0.35671
		تأملات في دعوة الشيخ محمد بن عبد الوهاب	عبد الله بن عبد المحسن بن عبد الرحمن التركي	ShamAY	11085	0.35663
		الدارس في تاريخ المدارس	عبدالقادر بن محمد نعيمي دمشقي	Ghbook	11369	0.35661
		 طلوع سعد السعود 	 الآغا بن عودة المزاري 	ABLibrary	9134	0.35656
		كنوز في الرقية والطب النبوي	أبو أحمد كمال مختار إسماعيل	ShamAY	34907	0.35653
		تراجم موجزة للأعلام	موقع وزارة الأوقاف المصرية	ShamAY	435	0.35644
		الغاية في اختصار النهاية	عز الدين عبد العزيز بن عبد السلام السلمي (المتوفى: 660 ه)	ShamelaY19	127703	0.35643
		الشفا بتعريف حقوق المصطفى - محذوف الأسانيد	عياض بن موسى بن عياض بن عمرون اليحصبي السبتي، أبو الفضل (المتوفى: 544هـ)	ShamAY	23645	0.35634
		الإصابة في تمييز الصحابة - الجزء1	ابن حجر العسقلاني‏	Masaha	1844	0.35634
		آيات الغدير	مركز المصطفى	Masaha	22	0.35634
		 إعلام النبلاء بتاريخ حلب الشهباء 	 محمد راغب الطباخ الحلبي 	ABLibrary	8961	0.3563
		أهل البيت عليهم السلام في المكتبة العربية	السيد عبد العزيز الطباطبائي	Masaha	1942	0.35629
		كشف اليقين فى فضائل أمير المؤمنين(ع)	العلامة الحلي	Masaha	4583	0.35627
		 الموسوعة الكبرى عن فاطمة الزهراء ( س ) 	 اسماعيل الأنصاري الزنجاني الخوئيني 	ABLibrary	7832	0.35626
		أعيان العصر وأعوان النصر	صلاح الدين خليل بن أيبك الصفدي (المتوفى: 764هـ)	ShamAY	131	0.35621
		حديث السنة عن القرآن فضائل وأحكام وآداب	د. محمد بن عبد الله القناص	ShamAY	36641	0.35615
		التذكرة في أحوال الموتى وأمور الآخرة - ط العلمية	الواحدي :: القرطبي، شمس الدين	ShamAY	33749	0.35611
		الوثائق الرسميّة لثورة الإمام الحسين	عبد الكريم الحسيني القزويني	Rafed	1542	0.35604
		كنز الفوائد [ج ١]	أبي الفتح محمد بن علي بن عثمان الكراجكي الطرابلسي	Rafed	3896	0.35598
		بحار الأنوار [ج ٢١]	الشيخ محمّد باقر بن محمّد تقي المجلسي	Rafed	889	0.35597
		مجلس في ختم كتاب الشفا بتعريف حقوق المصطفى صلى الله عليه وسلم	محمد بن عبد الله (أبي بكر) بن محمد ابن أحمد بن مجاهد القيسي الدمشقي الشافعي، شمس الدين، الشهير بابن ناصر الدين (المتوفى: 842ه)	ShamelaY19	27088	0.3559
		دروس وعبر من غزوة أحد أربعون درساً من غزوة أحد	أمير بن محمد المدري	ShamAY	37399	0.35587
		مَنْ تَكلَّم فيه الدَّارقطني في كتاب السنن من الضعفاء والمتروكين والمجهولين (فيه أكثر من مائتي ترجمة ليست في سنن الدارقطني المطبوع)	محمد بن عبد الرحمن بن محمد بن أحمد بن التقي سليمان بن حمزة المقدسي ثم الصالحي ناصر الدين المعروف بابن زريق (المتوفى: 803هـ)	ShamAY	31760	0.35579
		لطائف الذخيرة وطرائف الجزيرة (مستخلص من كتاب الذخيرة لابن بسام)	أسعد (أبو المكارم) بن مهذب (الملقب بالخطير أبي سعيد) بن مينا بن زكريا، ابن مماتي (المتوفى: 606هـ)	ShamAY	5392	0.35565
		مأساة الزهراء(ع) الجزء الثاني	السيد جعفر مرتضى العاملي	Masaha	395	0.3556
		بهجة النفوس والأسرار [ج ٢]	الشيخ أبي محمّد عفيف الدين عبد الله بن عبد الملك المرجاني	Rafed	2290	0.35557
		الإمام المنتظر عليه السلام من ولادته إلى دولته	السيد علي الحسيني الصدر	Rafed	1014	0.3555
		امتنان العلي بعدم زكاة الحلي	فريح بن صالح البهلال	ShamAY	33201	0.35549
		تراجم موجزة للأعلام	موقع وزارة الأوقاف المصرية	Sham19Y	435	0.35547
		 حياة الإمام محمد الباقر ( ع ) 	 الشيخ باقر شريف القرشي 	ABLibrary	7504	0.35546
		 المواهب اللدنية بالمنح المحمدية 	 الشيخ أحمد بن محمد القسطلانى 	ABLibrary	7802	0.35545
		دروس تمهيدية في القواعد الرجالية	الشيخ محمّد باقر الإيرواني	Rafed	2818	0.35538
		زوجات النبي		ShamAY	34593	0.35535
		 خزانة التواريخ النجدية 	 عبد الله بن عبد الرحمن آل بسام 	ABLibrary	9046	0.35531
		مسند أبي حنيفة رواية الحصكفي	أبو حنيفة النعمان بن ثابت بن زوطي بن ماه (المتوفى: 150هـ)	ShamAY	29120	0.35527
		لا تخونوا الله والرسول	صباح علي البيّاتي	Rafed	1213	0.35526
		سلسلة الذهب فيما رواه الشافعي عن مالك عن نافع عن ابن عمر	أبو الفضل أحمد بن علي بن محمد بن أحمد بن حجر العسقلاني (المتوفى: 852ه)	Sham19Y	6023	0.3552
		الفتنة في عهد الخلفاء الراشدين رضي الله عنهم برؤية موضوعية	علي بن نايف الشحود	ShamAY	35789	0.35513
		أحكام التيمم	يحي الحجوري	ShamAY	36464	0.35509
		مواقف الصحابة - رضي الله عنهم - في الدعوة إلى اللَّه تعالى	د. سعيد بن علي بن وهف القحطاني	ShamAY	1894	0.35506
		ضَعيفُ التَّرْغِيب وَالتَّرْهِيب	محمد ناصر الدّين الألباني	ShamAY	32121	0.35501
		الثاقب في المناقب	عماد الدين ابي جعفر محمدبن علي طوسي ابن حمزه	Ghbook	5226	0.3549
		معجم المؤلفات الأصولية المالكية المبثوثة في كشف الظنون وإيضاح المكنون وهدية العارفين	ترحيب بن ربيعان الدوسري	ShamAY	3622	0.35481
		القراءة خلف الإمام للبخاري - ط الصميعي	محمد بن إسماعيل البخاري	ShamAY	38117	0.35473
		لمعة الاعتقاد	أبو محمد موفق الدين عبد الله بن أحمد بن محمد بن قدامة الجماعيلي المقدسي ثم الدمشقي الحنبلي، الشهير بابن قدامة المقدسي (المتوفى: 620ه)	ShamelaY19	30855	0.35472
		عمرو بن العاص وشعره في الغدير	الشيخ عبد الحسين الأميني النجفي	Masaha	356	0.35472
		فضائل مصر المحروسة	أبو عمر محمد بن يوسف بن يعقوب الكندي المصري (المتوفى: بعد 355هـ)	ShamAY	405	0.35469
		تيسير الكريم المنان في سيرة عثمان بن عفان رضي الله عنه - شخصيته وعصره	عَلي محمد محمد الصَّلاَّبي	ShamAY	260	0.35464
		أحكام تمني الموت (مطبوع ضمن مؤلفات الشيخ محمد بن عبد الوهاب، الجزء الثالث)	محمد بن عبد الوهاب بن سليمان التميمي النجدي (المتوفى: 1206ه)	Sham19Y	7489	0.35464
		مناظرات [ج ٤]	الشيخ عبد الله الحسن	Rafed	213	0.35461
		عداله الصحابه	آيت الله العظمي جعفر سبحاني	Ghbook	5063	0.35454
		جمع القران في مراحله التاريخية من العصر النبوي إلى العصر الحديث	محمد شرعي أبو زيد	ShamAY	35912	0.35448
		أسباب النّزول القرآني	دكتور غازي عناية	Rafed	3393	0.35443
		 معرفة الإمام 	 السيد محمد حسين الطهراني 	ABLibrary	8891	0.35441
		المغانم المطابة في معالم طابة	الفيروزآبادي	ShamAY	38405	0.35431
		بلوغ غاية الأماني في الرد على مفتاح التيجاني	أحمد ولد الكوري العلوي الشنقيطي	ShamAY	35517	0.35429
		الإصابة في تمييز الصحابة	أبو الفضل أحمد بن علي بن محمد بن أحمد بن حجر العسقلاني (المتوفى: 852هـ)	ShamAY	9767	0.35429
		سبايا آل محمد صلي الله عليه وآله وسلم(دراسة في تاريخ سبي النساء وعلة إخراج الإما...	نبيل الحسني	Ghbook	15732	0.35427
		دروس موجزة في علمي الرجال والدراية	الشيخ جعفر السبحاني	Rafed	173	0.35424
		خزانة التّواريخ النجديّة [ج ٥]	عبد الله بن عبد الرحمن بن صالح آل بسام	Rafed	2167	0.35424
		تكمله امل الآمل	حسن صدر	Ghbook	7071	0.35422
		فضائل مصر المحروسة - ط الخانجي	عمر بن أبي عمر محمد بن يوسف بن يعقوب الكندي المصري (المتوفى: بعد 355هـ)	ShamAY	33805	0.35419
		كتب أحاديث الأحكام جمع ودراسة بلوغ المرام نموذجاً	عبد الله بن سفر عباده العبدلي الغامدي	ShamAY	37352	0.35419
		وليد الكعبه	محمد حسين حسيني جلالي	Ghbook	8343	0.35419
		إثارة الترغيب والتشويق إلى المساجد الثلاثة والبيت العتيق‏  - الجزء1	محمد بن إسحاق الخوارزمي	Masaha	4105	0.35406
		مختصر العلو للعلي العظيم للذهبي	شمس الدين أبو عبد الله محمد بن أحمد بن عثمان بن قَايْماز الذهبي (المتوفى: 748هـ)	ShamAY	7318	0.35389
		في رحاب الزياره الجامعه الكبيره	محمد السند	Ghbook	8408	0.35389
		شرح كتاب الصوم من صحيح البخاري	أبو محمد، عبد الله بن مانع بن غلاب الغبيوي الروقي العتيبي	Sham19Y	14539	0.35384
		اصحابي كالنجوم	آيت الله علي حسيني ميلاني	Ghbook	4803	0.35379
		مصطلح الحديث	محمد بن صالح بن محمد العثيمين (المتوفى: 1421ه)	ShamelaY19	21581	0.35375
		تحقيق فضل الصلاة على النبي صلى الله عليه وسلم	إسماعيل بن إسحاق القاضي الأزدي الجهضمي (المتوفى: 282هـ)	ShamAY	684	0.35373
		مطالع الأنوار على صحاح الآثار	إبراهيم بن يوسف بن أدهم الوهراني الحمزي، أبو إسحاق ابن قرقول (المتوفى: 569ه)	ShamelaY19	122402	0.35371
		هدي الساري مقدمة فتح الباري لابن حجر - ط المعرفة = التراجم	أحمد بن علي بن حجر أبو الفضل العسقلاني الشافعي	ShamAY	38211	0.35368
		صفة المفتي والمستفتي ت أبي جنة	نجم الدين أحمد بن حمدان بن شبيب بن حمدان الحراني الحنبلي (603 ه - 695 ه)	ShamelaY19	132972	0.35368
		التَّحبير لإيضَاح مَعَاني التَّيسير	محمد بن إسماعيل بن صلاح بن محمد الحسني، الكحلاني ثم الصنعاني، أبو إبراهيم، عز الدين، المعروف كأسلافه بالأمير (المتوفى: 1182هـ)	ShamAY	32163	0.35356
		مسائل أجاب عنها الحافظ ابن حجر العسقلاني	أبو الفضل أحمد بن علي بن محمد بن أحمد بن حجر العسقلاني (المتوفى: 852ه)	ShamelaY19	96277	0.35355
		منطق الأواني بفيض تراجم عيون أعيان آل الكتاني	الشريف محمد حمزة بن محمد علي الكتاني الحسني	ShamAY	35804	0.3535
		طبقات صلحاء اليمن/ المعروف بتاريخ البريهي	عبد الوهاب بن عبد الرحمن البريهي السكسكي اليمني (المتوفى: 904ه)	Sham19Y	6641	0.35347
		حديث التسبيح وفوائده النفيسة وعد التسبيح بالمسبحة للشيخ فريح	فريح بن صالح البهلال	ShamAY	33213	0.35343
		أحاديث معلولة في الصيام	عبد الله بن زقيل	ShamAY	35214	0.35342
		عوالي اللئالي العزيزية - الجزء1	ابن أبي جمهور	Masaha	1108	0.35337
		الانتصار لكتاب العزيز الجبار ولأصحاب محمد صلى الله عليه وسلم الأخيار رضي الله عنهم على أعدائهم الأشرار	ربيع بن هادي المدخلي	ShamAY	33026	0.35331
		فتح السلام شرح عمدة الأحكام، للحافظ ابن حجر العسقلاني مأخوذ من كتابه فتح الباري	عبد السلام العامر	ShamAY	32244	0.35331
		 مسند الإمام الباقر ( ع ) 	 الشيخ عزيز الله عطاردي 	ABLibrary	7710	0.35327
		رفع الاشتباه من مسائل المياه	أبو الفداء زين الدين قاسم بن قطلوبغا السودوني (نسبة إلى معتق أبيه سودون الشيخوني) الجمالي الحنفي (المتوفى: 879ه)	ShamelaY19	96853	0.3532
		تحقيق منيف الرتبة لمن ثبت له شريف الصحبة	صلاح الدين أبو سعيد خليل بن كيكلدي بن عبد الله الدمشقي العلائي (المتوفى: 761هـ)	ShamAY	11088	0.35319
		الإشراف على مذاهب العلماء لابن المنذر	أبو بكر محمد بن إبراهيم بن المنذر النيسابوري (المتوفى: 319هـ)	ShamAY	31666	0.35316
		 البكاء على الميت على ضوء السنة والسيرة 	 محمد جواد الطبسي 	ABLibrary	8370	0.35316
		أسلوب الحوار من خلال سيرة مصعب بن عمير - رضي الله عنه - وتطبيقاته التربوية	عدنان بن سليمان بن مسعد الجابري	ShamAY	31924	0.35309
		رفع الاشتباه من مسائل المياه	أبو الفداء زين الدين قاسم بن قُطْلُوْبَغَا السُّوْدُوْنِي (نسبة إلى معتق أبيه سودون الشيخوني) الجمالي الحنفي (المتوفى: 879هـ)	ShamAY	2014	0.35309
		المجالس الفاخرة في مآتم العترة الطاهرة	السيد عبدالحسين شرف الدين الموسوي	Rafed	912	0.35304
		نسخة الزبير بن عدي	الزُّبَيْرُ بنُ عَدِيٍّ أَبُو عَدِيٍّ الهَمْدَانِيُّ اليَامِيُّ الكُوْفِيُّ، قَاضِي الرَّيِّ (المتوفى: 131هـ)	ShamAY	29699	0.35303
		الجانب العاطفي في شخصية عمر بن الخطاب رضي الله عنه قبل خلافته	إبراهيم عبد الفتاح المتناوي	ShamAY	35874	0.35302
		من سب الصحابة ومعاوية فأُمه هاوية	المغراوي	ShamAY	35663	0.35299
		موسوعة عاشوراء	جواد محدثي	Rafed	3254	0.35299
		الكشف والبيان [ج ٢]	أبو إسحاق أحمد [ الثّعلبي ]	Rafed	1644	0.35294
		حلية العلماء في معرفة مذاهب الفقهاء ط الرسالة الحديثة	سيف الدين أبو بكر محمد بن أحمد الشاشي القفال	Sham19Y	146126	0.35291
		السنة قبل التدوين	محمد عجاج بن محمد تميم بن صالح بن عبد الله الخطيب	Sham19Y	96178	0.35289
		 معجم ما كتب عن الرسول ( ص ) وأهل بيته ( ع ) 	 عبد الجبار الرفاعي 	ABLibrary	7760	0.35289
		البيان والتبيين	عمرو بن بحر بن محبوب الكناني بالولاء، الليثي، أبو عثمان، الشهير بالجاحظ (المتوفى: 255هـ)	ShamAY	10614	0.35286
		نقد «نصوص حديثية في الثقافة العامة» جمع وتصنيف محمد المنتصر الكتاني أستاذ الحديث	محمد ناصر الدين الألباني	Sham19Y	133363	0.35282
		 مجموعة آثار السلمي 	 السلمي 	ABLibrary	8708	0.3528
		شبهات و اجوبه حول  القضيه  الفاطميه	نجم الدين طبسي	Ghbook	16283	0.35279
		بهجة الناظرين إلى تراجم المتأخرين من الشافعية البارعين	رضي الدين أبو البركات محمد بن أحمد بن عبد الله الغزي العامري الشافعي (المتوفى: 864 ه)	ShamelaY19	20578	0.35275
		التجلية لحكم الجلوس للتعزية	ظافر آل جبعان	ShamAY	36232	0.3527
		مقدمة ابن الصلاح = معرفة أنواع علوم الحديث - ت عتر	عثمان بن عبد الرحمن، أبوعمرو، تقي الدين المعروف بابن الصلاح (المتوفى: 643ه)	ShamelaY19	22870	0.35267
		البيان و التبيين - الجزء1	عمرو بن بحر الجاحظ	Masaha	3365	0.35261
		 بحار الأنوار 	 العلامة المجلسي 	ABLibrary	765	0.35259
		لوامع الدرر في هتك أستار المختصر [شرح «مختصر خليل» للشيخ خليل بن إسحاق الجندي المالكي (ت: 776 ه)]	محمد بن محمد سالم المجلسي الشنقيطي (1206 - 1302 ه)	Sham19Y	149697	0.35255
		موسوعة الاذان : اشهد ان عليا ولي الله في الاذان بين الشرعيه والابتداع	علي شهرستاني	Ghbook	16153	0.3525
		استنطاق آية الغار و إشكالية التنصيص الحديثي بين التثنية و التثليث	نبيل الحسني	Ghbook	15730	0.35249
		اللمع في أسباب ورود الحديث	عبد الرحمن بن أبي بكر، جلال الدين السيوطي (المتوفى: 911هـ)	ShamAY	976	0.35248
		هِدايةُ الِمرتابِ إلى فضائلِ الآلِ والأصحابِ		ShamAY	35642	0.35244
		طبائع النساء وما جاء فيها من عجائب وأخبار وأسرار	أبو عمر، شهاب الدين أحمد بن محمد بن عبد ربه ابن حبيب ابن حدير بن سالم المعروف بابن عبد ربه الأندلسي (المتوفى: 328هـ)	ShamAY	6945	0.35236
		أسباب ورود الحديث أو اللمع في أسباب الحديث	جلال الدين السيوطي	ShamAY	33525	0.35232
		ثمرات الأعواد [ج ١]	علي بن الحسين الهاشمي الخطيب	Rafed	1620	0.35225
		الخصال المكفرة للذنوب المتقدمة والمتأخرة- ت: عويضة	ابن حجر العسقلاني	ShamAY	33751	0.35218
		تراجم أعيان المدينة في القرن 12	مجهول	ShamAY	38214	0.35212
		العقائد الإسلامية - الجزء1	مركز المصطفى	Masaha	370	0.35209
		عقيدة أهل السنة والأثر في المهدي المنتظر	عبد المحسن بن حمد بن عبد المحسن بن عبد الله بن حمد العباد البدر	ShamAY	4226	0.35206
		 معجم ما كتب عن الرسول ( ص ) وأهل بيته ( ع ) 	 عبد الجبار الرفاعي 	ABLibrary	7761	0.35206
		الحماسة البصرية	علي بن أبي الفرج بن الحسن، صدر الدين، أبو الحسن البصري (المتوفى: 659ه)	Sham19Y	6901	0.35201
		الشيعة والقرآن	إحسان إلهي ظهير الباكستاني (المتوفى: 1407هـ)	ShamAY	957	0.35194
		الكافي [ج ٣]	أبو جعفر محمّد بن يعقوب الكليني الرازي	Rafed	981	0.35194
		شعب الإيمان لابن كثير	الحافظ عماد الدين أبي الفداء إسماعيل بن عمر بن كثير القرشي الدمشقي الشافعي	ShamAY	34307	0.35193
		التعريف بكتاب محنة الإمام أحمد بن حنبل	محمد نغش	Sham19Y	10302	0.35193
		مرآة العقول [ج ١٢]	الشيخ محمّد باقر بن محمّد تقي المجلسي	Rafed	1032	0.35192
		السنة قبل التدوين	محمد عجاج بن محمد تميم بن صالح بن عبد الله الخطيب	ShamAY	1688	0.35186
		عجالة المعرفة في اصول الدين	الشيخ ظهير الدين ابي الفضل محمد بن سعيد بن هبة الله بن الحسن الراوندي	Rafed	199	0.35181
		الروضة في فضائل أمير المؤمنين علي بن أبي طالب (عليهما السلام)	شاذان بن جبرئيل القمي‏	Masaha	2035	0.35175
		ردود ابن عربي على المتكلمين من خلال كتابه الفتوحات المكية	عادل شافي عيفان	ShamAY	37778	0.35173
		ذكر المدلسين	أبو عبد الرحمن أحمد بن شعيب بن علي الخراساني، النسائي (المتوفى: 303ه)	Sham19Y	25868	0.35169
		طبقات صلحاء اليمن/ المعروف بتاريخ البريهي	عبد الوهاب بن عبد الرحمن البريهي السكسكي اليمني (المتوفى: 904هـ)	ShamAY	6641	0.35166
		بحار الأنوار [ج ٥]	الشيخ محمّد باقر بن محمّد تقي المجلسي	Rafed	516	0.35165
		البغال	عمرو بن بحر بن محبوب الكناني بالولاء، الليثي، أبو عثمان، الشهير بالجاحظ (المتوفى: 255ه)	Sham19Y	10506	0.35164
		أعلام المهندسين فى الإسلام	أحمد بن إسماعيل بن محمد تيمور (المتوفى: 1348هـ)	ShamAY	34656	0.35163
		التحبير لإيضاح معاني التيسير	محمد بن إسماعيل بن صلاح بن محمد الحسني، الكحلاني ثم الصنعاني، أبو إبراهيم، عز الدين، المعروف كأسلافه بالأمير (المتوفى: 1182ه)	Sham19Y	14309	0.35162
		 معرفة الإمام 	 السيد محمد حسين الطهراني 	ABLibrary	8888	0.35159
		لماذا الاختلاف في الوضوء	السيد علي الشهرستاني	Rafed	1381	0.35157
		أكثر مدة الحمل	إبراهيم البشر	ShamAY	36697	0.35149
		فضائل الخمسه من الصحاح السته و غيرها من الكتب المعتبره عند اهل السنه والجماعه	مرتضي حسيني فيروز آبادي يزدي	Ghbook	10442	0.35137
		الرسالة - ط الوفاء ت: عبد المطلب	محمد بن إدريس الشافعي	ShamAY	34203	0.35136
		الأخبار الطوال - ط ليدن	الواحدي :: الدِّينَوري، أبو حنيفة	ShamAY	33842	0.35128
		تَارِيخِ جُهَيْنَةَ	عبد الكريم الخطيب	ShamAY	37133	0.35125
		الحماسة البصرية	علي بن أبي الفرج بن الحسن، صدر الدين، أبو الحسن البصري (المتوفى: 659هـ)	ShamAY	6901	0.35125
		الترغيب والترهيب من الحديث الشريف	عبد العظيم بن عبد القوي بن عبد الله، أبو محمد، زكي الدين المنذري (المتوفى: 656هـ)	ShamAY	32207	0.35124
		زاد المعاد في هدي خير العباد	محمد بن أبي بكر بن أيوب بن سعد شمس الدين ابن قيم الجوزية (المتوفى: 751ه)	ShamelaY19	21713	0.35118
		صوب الغمامة في إرسال طرف العمامة	كمال الدين محمد بن أبي شريف القدسي المتوفى سنة 905 هـ	ShamAY	36193	0.35093
		موسوعة عبد الله بن عبّاس [ج ١]	السيد محمد مهدي السيد حسن الموسوي الخرسان	Rafed	1161	0.35092
		الإيضاح	الفضل بن شاذان الأزدي النيسابوري	Rafed	1335	0.35087
		 مكاتيب الأئمة ( ع ) 	 علي الأحمدي الميانجي 	ABLibrary	7777	0.35085
		أبو بكر الصديق أفضَلُ الصَّحَابة، وَأحقّهم بالخِلافة	محمد بن عبد الرحمن بن محمد بن عبد الله بن عبد الرحمن بن محمد بن قاسم العاصمي الحنبلي (المتوفى: 1421هـ)	ShamAY	25815	0.35081
		رد البهتان عن معاوية بن أبي سفيان	أبو عبد الله الذهبي	ShamAY	35838	0.35077
		معجم الاحاديث الامام المهدي عليه السلام	موسسه المعارف الاسلاميه	Ghbook	16259	0.35075
		سبل الهدى والرشاد، في سيرة خير العباد، وذكر فضائله وأعلام نبوته وأفعاله وأحواله في المبدأ والمعاد	محمد بن يوسف الصالحي الشامي (المتوفى: 942هـ)	ShamAY	1693	0.35074
		الغاية في اختصار النهاية	عز الدين عبد العزيز بن عبد السلام السلمي (المتوفى: 660 ه)	Sham19Y	127703	0.35073
		 بحار الأنوار 	 العلامة المجلسي 	ABLibrary	763	0.35062
		منتهي المقال في احوال الرجال	ابوعلي حائري محمد بن اسماعيل مازندراني	Ghbook	9060	0.35058
		الترغيب والترهيب من الحديث الشريف	عبد العظيم بن عبد القوي بن عبد الله، أبو محمد، زكي الدين المنذري (المتوفى: 656ه)	Sham19Y	6847	0.35053
		مُعْجَمُ الجَرْح والتّعْديل لِرجَالِ السُّنَن الكُبْرَى، مَع دراسَة إضَافية لمنهج البَيْهَقي في نَقْد الرّوَاة في ضَوْء السُّنَن الكُبْرى	نجم عبد الرحمن خلف	ShamAY	31734	0.35052
		أثر تاريخ النص الحديثي في توجيه المعاني عند شراح الحديث دراسة تطبيقية	يوسف بن جودة الداودي	Sham19Y	36115	0.35052
		البغال	عمرو بن بحر بن محبوب الكناني بالولاء، الليثي، أبو عثمان، الشهير بالجاحظ (المتوفى: 255هـ)	ShamAY	10506	0.35051
		الإلمام بشرح عمدة الأحكام	الشيخ إسماعيل الأنصاري	Sham19Y	151007	0.35051
		 الذريعة 	 آقا بزرگ الطهراني 	ABLibrary	851	0.35048
		سيره الامام الحسين ( عليه السلام )	حسين الشاكري	Ghbook	5964	0.35045
		 بحار الأنوار 	 العلامة المجلسي 	ABLibrary	768	0.35041
		الإمام الحسن عليه السلام في مواجهة الانشقاق الأموي	السيّد سامي البدري	Rafed	1847	0.35038
		بحار الأنوار [ج ٩٤]	الشيخ محمّد باقر بن محمّد تقي المجلسي	Rafed	1218	0.35026
		زاد المعاد في هدي خير العباد	محمد بن أبي بكر بن أيوب بن سعد شمس الدين ابن قيم الجوزية (المتوفى: 751هـ)	ShamAY	21713	0.35025
		ردود أهل العلم على الطاعنين في حديث السحر وبيان بُعد محمد رشيد رضا عن السلفية	أَبِو عَبد الرَّحمَن مُقْبلُ بنُ هَادِي بنِ مُقْبِلِ بنِ قَائِدَةَ (اسم رجل) الهَمْدَاني الوادعِيُّ (المتوفى: 1422هـ)	ShamAY	2000	0.35024
		الفاضل	محمد بن يزيد بن عبد الأكبر الثمالى الأزدي، أبو العباس، المعروف بالمبرد (المتوفى: 285هـ)	ShamAY	10508	0.35012
		فصل المقال في شرح كتاب الأمثال	أبو عبيد عبد الله بن عبد العزيز بن محمد البكري الأندلسي (المتوفى: 487هـ)	ShamAY	1025	0.35012
		عرف الطيب من اخبار مكة و مدينة الحبيب	ابن جزري ( پدر ) ، ابوالخير شمس الدين محمد بن محمد ( صاحب "طيبه النشر في القراءات العشر" - شافعي مذهب )	Ghbook	9212	0.35005
		الموسوعة الموجزة في التاريخ الإسلامي	مجموعة من المؤلفين	ShamelaY19	36578	0.35
		الطرق السلمية في تغير الحاكم الفاسد	يحيى بن علي جغمان	ShamAY	694	0.34994
		إقامة الحجة على العالمين بنبوة خاتم النبيين	---	ShamAY	37417	0.34988
		فتاوي التيارات التكفيرية في جواز قتل المسلمين	سيد محمد يزداني	Ghbook	16053	0.34986
		الإصابة في تمييز الصحابة	أبو الفضل أحمد بن علي بن محمد بن أحمد بن حجر العسقلاني (المتوفى: 852ه)	Sham19Y	9767	0.34983
		المفاخر السنية في الأسانيد العلية القدسية	عبد الحميد قدس الخطيب	ShamAY	37634	0.3498
		الانْتِصار لِكتَابِ العَزيز الْجبَّار ولأصحابِ مُحَمَّد - صلى الله عليه وسلم - الأَخْيار - رضي الله عنهم - على أعدائهم الأشرار	ربيع بن هادي المدخلي	ShamAY	35656	0.34975
		السيرة النبوية والتاريخ الإسلامي	عبد الشافى محمد عبد اللطيف	ShamAY	9899	0.34974
		الموسوعة الموجزة في التاريخ الإسلامي	مجموعة من المؤلفين	ShamAY	602	0.34971
		جمال القراء وكمال الإقراء ت عبد الحق	علي بن محمد بن عبد الصمد الهمداني المصري الشافعي، أبو الحسن، علم الدين السخاوي (المتوفى: 643هـ)	ShamAY	1052	0.34968
		بحوث في الملل والنحل - الجزء1	الشيخ جعفر السبحاني	Masaha	658	0.34967
		جمال القراء وكمال الإقراء ت عبد الحق	علي بن محمد بن عبد الصمد الهمداني المصري الشافعي، أبو الحسن، علم الدين السخاوي (المتوفى: 643ه)	Sham19Y	37653	0.34966
		شبهات حول الصحابة معاوية بن أبي سفيان	محمد مال الله	ShamAY	37808	0.34964
		رؤية النبي صلى الله عليه وسلم لربه	محمد بن خليفة بن علي التميمي	ShamAY	11207	0.34962
		تاريخ طبق الحلوي وصحاف المن والسلوي المعروف بتاريخ اليمن‏	عبد الله بن علي الوزير	Masaha	4658	0.34957
		المنهل القدسي في فضل آية الكرسي	الواحدي	ShamAY	36899	0.34953
		آية التطهير ـ شبهات وردود	حسن عبد الله	Masaha	37	0.34953
		مشروع رد الشبهات المثارة حول الامام الحسين عليه السلام ونهضته المباركة	شعبه التحقيق في قسم الشوون الفكريه والثقافيه في العتبه الحسينيه المقدسه	Ghbook	15407	0.3495
		الامام علي ( عليه السلام ) في آراء الخلفاء	مهدي فقيه ايماني	Ghbook	7122	0.34947
		إحقاق الحق و إزهاق الباطل - الجزء1	الشهيد الثالث القاضي السيد التستري	Masaha	1883	0.34939
		الإمام على عليه السلام في آراء الخلفاء	الشيخ مهدي فقيه إيماني	Rafed	1753	0.34933
		من حياه الامام الحسين عليه السلام	آيت الله العظمي سيد محمد حسيني شيرازي	Ghbook	16074	0.34932
		مع الاثنى عشرية في الأصول والفروع [موسوعة شاملة]	د علي بن أحمد علي السالوس	Sham19Y	1507	0.34931
		فضائل الثقلين من كتاب توضيح الدلائل على ترجيح الفضائل‏	شهاب الدين أحمد الشافعي الإيجي‏	Masaha	2872	0.34926
		المحسن السّبط مولود أم سقط	السيد محمد مهدي السيد حسن الموسوي الخرسان	Rafed	59	0.34916
		بصائر في الفتن	محمد بن أحمد بن إسماعيل المقدم	ShamelaY19	98084	0.34911
		فصل الخطاب في سيرة ابن الخطاب	علي محمد محمد الصلابي	ShamAY	35787	0.34908
		تراثنا ـ العدد [ 29 ]	مؤسسة آل البيت عليهم السلام لإحياء التراث ـ قم	Rafed	2769	0.34905
		تمسك  العترة الطاهرة باقرآن  الكريم: دراسة تفصيلية حول الايات  التي تمسك بها  ال...	محمد جعفر طبسي	Ghbook	15964	0.34904
		المحسن السبط مولود أم سقط	السيد محمد مهدي الخرسان	Masaha	493	0.34903
		علي هامش  الفتنة : جدل  الراي و النص في  القرن  الاول  الهجري	عبدالرزاق صالحي	Ghbook	14550	0.34895
		مقالات الإسلاميّين واختلاف المصلّين	أبي الحسن علي بن إسماعيل الأشعري	Rafed	3845	0.34891
		الإشراف على مذاهب العلماء لابن المنذر	أبو بكر محمد بن إبراهيم بن المنذر النيسابوري (المتوفى: 319ه)	ShamelaY19	119492	0.34889
		الإصابة في تمييز الصحابة [ج ١]	أحمد بن علي بن حجر العسقلاني	Rafed	3386	0.34889
		كربلاء ، الثوره و الماساه	احمد حسين يعقوب اردني	Ghbook	7139	0.34875
		بحار الأنوار [ج ٨]	الشيخ محمّد باقر بن محمّد تقي المجلسي	Rafed	526	0.34873
		الرسالة القبرصية - نسخة أخرى مشكولة	الواحدي :: ابن تيمية	ShamAY	34378	0.34869
		الذّريعة إلى تصانيف الشّيعة [ج ١٦]	الشيخ آقا بزرك الطهراني	Rafed	471	0.34865
		البحث المسفر عن تحريم كل مسكر ومفتر	محمد بن علي بن محمد بن عبد الله الشوكاني اليمني (المتوفى: 1250هـ)	ShamAY	7566	0.34862
		وفاء الوفا بأخبار دار المصطفى [ج ٢]	نور الدين علي بن أحمد السّمهودي	Rafed	2519	0.34862
		عمدة الأحكام ت الزهيري	عبد الغني بن عبد الواحد بن علي بن سرور المقدسي الجماعيلي الدمشقي الحنبلي، أبو محمد، تقي الدين (المتوفى: 600هـ)	ShamAY	32112	0.34861
		مرآة العقول [ج ٥]	الشيخ محمّد باقر بن محمّد تقي المجلسي	Rafed	1018	0.34861
		 بحار الأنوار 	 العلامة المجلسي 	ABLibrary	781	0.3486
		 بحار الأنوار 	 العلامة المجلسي 	ABLibrary	780	0.34858
		التعريف بكتاب محنة الإمام أحمد بن حنبل	محمد نغش	ShamAY	10302	0.34856
		إدام القوت في ذكر بلدان حضر الموت	السيّد عبد الرحمن بن عبيد الله السقّاف	Rafed	2300	0.34856
		بحار الأنوار [ج ٦٥]	الشيخ محمّد باقر بن محمّد تقي المجلسي	Rafed	1066	0.34856
		دراسة حول قول أبي زرعة في سنن ابن ماجه	سعدي بن مهدي الهاشمي	ShamAY	23072	0.34851
		الإعلام بفوائد عمدة الأحكام	ابن الملقن سراج الدين أبو حفص عمر بن علي بن أحمد الشافعي المصري (المتوفى: 804هـ)	ShamAY	31785	0.34849
		المرأةُ والولايات السيادية	عبد الرحمن بن سعد الشثري	ShamAY	33173	0.34848
		ضعيف الأدب المفرد للإمام البخاري	محمد بن إسماعيل بن إبراهيم بن المغيرة البخاري، أبو عبد الله (المتوفى: 256هـ)	ShamAY	1346	0.34847
		مع الاثنى عشرية في الأصول والفروع [موسوعة شاملة]	د علي بن أحمد علي السالوس	ShamAY	1507	0.34842
		تفسير البيان الصافي لكلام الله الوافي [ج ٥]	الشيخ محمد حسن القبيسي العاملي	Rafed	3760	0.3484
		الإفصاحِ عَن شهادة المرأةِ في الإرضاعِ	الإمام محمد عبد الحي اللكنوي (ت1304هـ)	ShamAY	36003	0.34839
		الروضة في فضائل امير المؤمنين علي بن أبي طالب عليهما السلام	شاذان بن جبرئيل قمي	Ghbook	9568	0.34838
		شبهات وأباطيل حول معاوية ابن أبي سفيان		ShamAY	35662	0.34835
		الاجتهاد والتقليد	السيد روح الله الموسوي الخميني	Masaha	4908	0.34833
		الإمامة والنص	فيصل نور	ShamAY	35637	0.3483
		اللطائف والظرائف	عبد الملك بن محمد بن إسماعيل أبو منصور الثعالبي (المتوفى: 429هـ)	ShamAY	10509	0.34828
		 نفح الطيب من غصن الأندلس الرطيب 	 أحمد بن محمد المقري التلمساني 	ABLibrary	9299	0.34826
		صَحِيحُ الأثَر وجَمَيلُ العبر من سيرة خير البشر (صلى الله عليه وسلم)	محمد بن صامل السلمي	ShamAY	31716	0.34823
		مصادقه الاخوان	محمد بن علي بن بابويه شيخ صدوق	Ghbook	11908	0.34823
		عمّار بن ياسر	الشيخ محمد جواد الفقيه	Rafed	66	0.34812
		ثقة المسلم بالله تعالى في ضوء الكتاب والسنة	محمد بن إبراهيم بن سليمان الرومي	ShamAY	32097	0.3481
		ذخائر العقبى في مناقب ذوي القربى(ع) - الجزء1	أحمد بن عبد الله الطبري‏	Masaha	2195	0.34808
		الغناء والمعازف في ضوء الكتاب والسنة وآثار الصحابة - رضي الله عنهم -	د. سعيد بن علي بن وهف القحطاني	ShamAY	1822	0.348
		الإمام علي(ع) سيرة وتأريخ	اسلام الموسوي	Masaha	1666	0.34798
		 كنز الفوائد 	 أبي الفتح الكراجكي 	ABLibrary	7903	0.34797
		كشف الستر عن حكم الصلاة بعد الوتر	ابن حجر العسقلاني (852 هـ)	ShamAY	34313	0.34793
		رسالة في المتعتين	السيّد علي الحسيني الميلاني	Rafed	219	0.34789
		 معجم ما كتب عن الرسول ( ص ) وأهل بيته ( ع ) 	 عبد الجبار الرفاعي 	ABLibrary	7766	0.34784
		الفصول العشره في الغيبه	محمد بن  محمد بن نعمان شيخ مفيد	Ghbook	6616	0.34783
		كليات في علم الرجال	الشيخ جعفر السبحاني	Rafed	149	0.34781
		الأدب المفرد بالتعليقات	محمد بن إسماعيل بن إبراهيم بن المغيرة البخاري، أبو عبد الله (المتوفى: 256هـ)	ShamAY	9647	0.3478
		المهذب فيما وقع في القرآن من المعرب - العلمية	أبو الفضل جلال الدين عبد الرحمن أبي بكر السيوطي	ShamAY	34093	0.34779
		الخلاصة في معرفة الحديث	الحسين بن محمد بن عبد الله، شرف الدين الطيبي (المتوفى: 743 ه)	Sham19Y	17807	0.34763
		شرح كتاب الصوم من صحيح البخاري	أبو محمد، عبد الله بن مانع بن غلاب الغبيوي الروقي العتيبي	ShamAY	32003	0.34761
		إفادات من ملفّات التاريخ	محمّد سليم عرفة	Rafed	1203	0.34746
		الشرح الكبير (المطبوع مع المقنع والإنصاف)	شمس الدين أبو الفرج عبد الرحمن بن محمد بن أحمد بن قدامة المقدسي (المتوفى: 682 ه)	ShamelaY19	19188	0.34742
		حاشية السندي على سنن النسائي (مطبوع السنن)	عبد الرحمن بن أبي بكر، جلال الدين السيوطي (المتوفى: 911هـ)	ShamAY	360	0.34741
		 مقالات الإسلاميين واختلاف المصلين 	 أبو الحسن الأشعري 	ABLibrary	8637	0.34741
		الإجابات الجليّة عن الشُّبُهات الرافضية	عبدالرحمن بن عبدالله السحيم	ShamAY	35606	0.3474
		قاعدة جليلة في التوسل والوسيلة	تقي الدين أبو العباس أحمد بن عبد الحليم بن عبد السلام بن عبد الله بن أبي القاسم بن محمد ابن تيمية الحراني الحنبلي الدمشقي (المتوفى: 728هـ)	ShamAY	22649	0.34739
		الرد على شبهات المستعينين بغير الله	أحمد بن إبراهيم بن حمد بن محمد بن حمد بن عبد الله بن عيسى (المتوفى: 1327ه)	Sham19Y	7625	0.34718
		الدرر السنية في دراسة المقدمة الآجرومية	أبو بكر ماهر بن عبد الوهاب علوش	ShamAY	37049	0.34716
		الأربعون النووية (مع زيادات ابن رجب رحمهما الله)	محيي الدين النووي (631 - 676 ه) وابن رجب الحنبلي (736 - 795 ه)	ShamelaY19	147927	0.34714
		 الدر المنثور في التفسير بالمأثور 	 جلال الدين السيوطي 	ABLibrary	915	0.34714
		 فضائل مصر المحروسة 	 ابن الكندي 	ABLibrary	9154	0.3471
		 إتحاف الورى بأخبار أم القرى 	 عمر بن محمد ابن فهد 	ABLibrary	8941	0.34703
		حسن السلوك الحافظ دولة الملوك	محمد بن محمد بن عبد الكريم بن رضوان بن عبد العزيز البعلي شمس الدين، ابن الموصلي (المتوفى: 774ه)	Sham19Y	7241	0.347
		محاضرات في علوم الحديث	الدكتور ماهر ياسين الفحل	ShamAY	1841	0.34699
		دراسة حول قول أبي زرعة في سنن ابن ماجه	سعدي بن مهدي الهاشمي	ShamelaY19	23072	0.34696
		التحديد في الإتقان والتجويد لأبي عمرو الداني	عثمان بن سعيد بن عثمان بن عمر أبو عمرو الداني (المتوفى: 444 ه)	ShamelaY19	26458	0.34687
		من هو المهدي لعثمان الخميس	عثمان بن محمد الخميس	ShamAY	37758	0.34669
		أصل زيد الزراد	زيد الزراد	Masaha	536	0.34668
		صلح الحسن ( عليه السلام )	عبدالحسين شرف الدين	Ghbook	7135	0.34665
		ربيع الأبرار و نصوص الأخبار - الجزء1	ابو القاسم محمود بن عمر الزمخشري	Masaha	2979	0.34657
		صحح نسختك من تهذيب الكمال	عيد فهمي	Sham19Y	10884	0.34646
		التعليق الرشيق في التختم بالعقيق للناجي	إبراهيم بن محمد بن محمود بن بدر، برهان الدين، أبو إسحاق الحلبي القبيباتي الشافعي الناجي (المتوفى: 900ه)	Sham19Y	26961	0.34644
		الحوادث الجامعة والتجارب النافعة في المائة السابعة	كمال الدين عبد الرزاق بن أحمد المعروف بابن الفوطي (المتوفى: 723هـ)	ShamAY	37156	0.34643
		محمد بن عبد الوهاب مصلح مظلوم ومفترى عليه	مسعود الندوي	ShamAY	1510	0.3463
		الاربعون حديثا	السيد محمد صادق السيد محمدرضا الخرسان	Ghbook	12375	0.34626
		التعليق الكبير في المسائل الخلافية بين الأئمة ت الفريح	أبو يعلى الفراء محمد بن الحسين بن محمد بن خلف البغدادي الحنبلي (المولود ببغداد سنة 380 ه والمتوفى بها سنة 458 ه)	Sham19Y	127663	0.34621
		إتحاف الأحباب بما ثبت في مسألة الحجاب	عبد القادر بن حبيب الله السندي	ShamAY	4349	0.3462
		مصطلح الحديث	محمد بن صالح بن محمد العثيمين (المتوفى: 1421هـ)	ShamAY	21581	0.34619
		موسوعة المعلمي اليماني وأثره في علم الحديث المسماة «النكت الجياد المنتخبة من كلام شيخ النقاد ذهبي العصر العلامة عبد الرحمن بن يحي المعلمي اليماني»	أبو أنس إبراهيم بن سعيد الصبيحي	ShamAY	32308	0.34617
		حديث أبي الحسين بن المظفر	أبو الحسين محمد بن المظفر (المتوفى: 379ه)	Sham19Y	29739	0.34617
		أضواء على عقائد الشيعة الإماميّة وتأريخهم	الشيخ جعفر السبحاني	Rafed	3659	0.34615
		مصارع الشهداء ومقاتل السعداء	الشيخ سلمان آل عصفور	Masaha	1749	0.34614
		تفسير الامام الحسين عليه السلام	محمد علي الحلو	Ghbook	15679	0.34614
		الباعث الحثيث شرح اختصار علوم الحديث ط ابن الجوزي	عماد الدين أبو الفداء إسماعيل ابن كثير - أبو الأشبال أحمد محمد شاكر	ShamelaY19	150481	0.34607
		تفسير حدائق الروح والريحان في روابي علوم القرآن	الشيخ العلامة محمد الأمين بن عبد الله الأرمي العلوي الهرري الشافعي	ShamAY	32250	0.34605
		الجمعة .. آداب وأحكام - دراسة فقهية مقارنة	سامي الساعدي	ShamAY	36551	0.34603
		 عبقات الأنوار في إمامة الأئمة الأطهار ( فارسي ) 	 السيد حامد النقوي 	ABLibrary	8494	0.34603
		المفصل في أحاديث الفتن	الواحدي :: علي بن نايف الشحود	ShamAY	36094	0.34596
		كليات في علم الرجال	آيت الله العظمي جعفر سبحاني	Ghbook	12214	0.34596
		الخلاصة في معرفة الحديث	الحسين بن محمد بن عبد الله، شرف الدين الطيبي (المتوفى: 743 هـ)	ShamAY	32381	0.34594
		حكم تولي المرأة القضاء	إبراهيم بن علي السفياني	ShamAY	33170	0.34591
		تاريخ الأندلس من الفتح حتى السقوط من خلال مخطوط (تاريخ الأندلس)	إسماعيل بن إبراهيم	ShamAY	37137	0.3459
		سوابق عنوان المجد في تاريخ نجد	عثمان بن عبدالله ابن بشر	Rafed	2454	0.34588
		بحوث وتحقيقات (عبد العزيز الميمني)	عبد العزيز الميمني	ShamelaY19	19234	0.34585
		البلدان	أبي عبدالله أحمد بن محمد بن إسحاق الهمذاني [ ابن الفقيه ]	Rafed	3770	0.34584
		الروح - ط عالم الفوائد	ابن القيم	ShamAY	38394	0.34578
		مهمات حول الجهاد	صالح الفوزان	ShamelaY19	31295	0.34574
		الباعث الحثيث شرح اختصار علوم الحديث ط ابن الجوزي	عماد الدين أبو الفداء إسماعيل ابن كثير - أبو الأشبال أحمد محمد شاكر	Sham19Y	150481	0.34574
		 شرح بدء الأمالي 	 أحمد بن علي الرازي 	ABLibrary	8476	0.34574
		وطء المرأة في الموضع المحرم	طارق الطواري	ShamAY	36249	0.34572
		أدب الطّف أو شعراء الحسين عليه السلام [ج ٥]	جواد شبّر	Rafed	367	0.34571
		شهر رمضان	آيت الله العظمي سيد محمد حسيني شيرازي	Ghbook	7895	0.34567
		دعوة الشيخ محمد بن عبد الوهاب وأثرها في العالم الإسلامي	محمد بن عبد الله بن سليمان السلمان	ShamelaY19	30930	0.34565
		كاشفة الحال عن أحوال الاستدلال‏	ابن أبي جمهور	Masaha	4175	0.34563
		حكم الغناء	الواحدي :: عبد العزيز الطريفي	ShamAY	36339	0.34559
		فوائد أبي علي الصواف	محمد بن أحمد بن الحسن بن إسحاق ابن الصواف، أبو علي البغدادي (المتوفى: 359هـ)	ShamAY	13144	0.34554
		فتوح الشام	محمد بن عمر بن واقد السهمي الأسلمي بالولاء، المدني، أبو عبد الله، الواقدي (المتوفى: 207هـ)	ShamAY	12045	0.34545
		الامام الكاظم (عليه السلام) قدوه و اسوه	آيت الله العظمي سيد محمد تقي مدرسي	Ghbook	6411	0.34543
		الهجرة ومقدماتها	يحيى بن إبراهيم اليحيى	ShamAY	37437	0.3454
		الحجج البالغه في حقانيه التشيع	عطائي اصفهاني	Ghbook	13877	0.34537
		طرف من الأنباء و المناقب‏	السيد علي بن موسى بن طاووس	Masaha	2301	0.34533
		قواعد العلل وقرائن الترجيح	عادل بن عبد الشكور بن عباس الزرقي	ShamAY	9499	0.3453
		معاني القرآن للنحاس	أبو جعفر النحاس أحمد بن محمد (المتوفى: 338هـ)	ShamAY	940	0.34523
		شرح أصول السنة للإمام أحمد للشيخ عمر الحربي		ShamAY	35425	0.34519
		الذّريعة إلى تصانيف الشّيعة [ج ٧]	الشيخ آقا بزرك الطهراني	Rafed	448	0.34519
		الجمع بين الصحيحين لعبد الحق	أبو محمد عبد الحق بن عبد الرحمن الإشبيلي (المتوفى: 582 ه)	ShamelaY19	20638	0.34516
		موسوعه المناسبات الاسلاميه و العالميه	فيصل احمد البغلي	Ghbook	802	0.34508
		الفائزون بدعاء النبي صلى الله عليه وسلم	توفيق عمر سيدي	ShamAY	35161	0.34506
		ما هو نهج البلاغة	السيد هبة الدين الحسيني الشهرستاني	Rafed	4058	0.34504
		الفلاكة والمفلوكون	أحمد بن علي بن عبد الله، شهاب الدين الدلجي المصري (المتوفى: 838ه)	Sham19Y	36075	0.34495
		مجموعة الوثائق السياسية للعهد النبوي والخلافة الراشدة	محمد حميد الله الحيدر آبادي الهندي (المتوفى: 1424هـ)	ShamAY	23667	0.34491
		 إثارة الترغيب والتشويق ( ويليه زيارة بيت المقدس لابن تيمية ) 	 محمد بن اسحاق الخوارزمي 	ABLibrary	8947	0.3449
		منهج في الانتماء المذهبي	صائب عبد الـحميد	Masaha	446	0.34489
		علامات المهدي المنتظر في خطب الامام علي و رسائله و احاديثه	مهدي حمد الفتلاوي	Masaha	4063	0.34488
		عقد الجمان في تاريخ أهل الزمان - الجزء1	محمد محمد أمين	Masaha	4056	0.34481
		شقائق الاترنج في دقائق الغنج للسيوطي	الواحدي :: السيوطي	ShamAY	36061	0.34474
		غيبه المنتظر من منتخب الاثر	آيت الله العظمي لطف اللّه صافي گلپايگاني	Ghbook	11966	0.34472
		الاغتراب في أحكام الكلاب	الواحدي :: يوسف بن عبد الهادي	ShamAY	34288	0.34468
		سفينة البحار - الجزء1	الشيخ عباس القمي	Masaha	4042	0.34467
		العقيله زينب و الفواطم	حسين الشاكري	Ghbook	5931	0.34465
		الإشارة إلى سيرة المصطفى وتاريخ من بعده من الخلفا	مغلطاي بن قليج بن عبد الله البكجري المصري الحكري الحنفي، أبو عبد الله، علاء الدين (المتوفى: 762هـ)	ShamAY	31700	0.34451
		 تاريخ معالم المدينة المنورة قديما وحديثا 	 أحمد ياسين الخياري الحسيني المدني 	ABLibrary	9002	0.3445
		مجموعة الوثائق السياسية للعهد النبوي و الخلافة الراشدة	محمد بن يوسف الگنجي الشافعي‏	Masaha	2854	0.34448
		التشيّع	الدكتور محمد زين الدين	Rafed	789	0.34443
		نزهة الناظر في الجمع بين الأشباه و النظائر	يحيى بن سعيد الحلي	Masaha	1042	0.34443
		اجتماع الجيوش الإسلامية على غزو المعطلة والجهمية	محمد بن أبي بكر أيوب الزرعي ابن القيم أبو عبد الله	ShamAY	34408	0.3444
		أهل البيت عليهم السلام في المكتبة العربية	السيّد عبد العزيز الطباطبائي	Rafed	702	0.34431
		بحار الأنوار [ج ١٨]	الشيخ محمّد باقر بن محمّد تقي المجلسي	Rafed	861	0.34428
		بحوث في الملل والنّحل [ج ١]	الشيخ جعفر السبحاني	Rafed	40	0.34423
		المدينة بين الماضي والحاضر	إبراهيم العياشي	ShamAY	38447	0.34416
		الهفوات النادرة من المغفلين الملحوظين والسقطات البادرة من المغفلين المحظوظين	محمد بن هلال بن المحسن بن إبراهيم الصابئ، أبو الحسن (المتوفى: 480هـ)	ShamAY	1528	0.34416
		منهج جديد لدراسة الفقه المقارن	السيد علي الشهرستاني	Rafed	1360	0.34405
		معالم المدرستين [ج ١]	السيد مرتضى العسكري	Rafed	3469	0.34405
		الاعتقاد الخالص من الشك والانتقاد	علي بن إبراهيم بن داود بن سلمان بن سليمان، أبو الحسن، علاء الدين ابن العطار (المتوفى: 724هـ)	ShamAY	32187	0.34388
		أبو هريرة صاحب رسول الله صلى الله عليه وسلم وخادمه دراسة حديثة تاريخية هادفة	حارث الضاري	ShamAY	35808	0.34385
		كتاب المواعظ والإعتبار بذكر الخطط والآثار المعروف بالخطط المقريزيّة [ج ٢]	تقي الدين احمد بن علي المقريزي	Rafed	2320	0.34385
		موسوعة الأخلاق والزهد والرقائق	ياسر عبد الرحمن	Sham19Y	96918	0.34382
		الآداب الشرعية والمنح المرعية	محمد بن مفلح بن محمد بن مفرج، أبو عبد الله، شمس الدين المقدسي الرامينى ثم الصالحي الحنبلي (المتوفى: 763ه)	ShamelaY19	21582	0.34377
		مواقف التابعين وأتباعهم في الدعوة إلى اللَّه تعالى	د. سعيد بن علي بن وهف القحطاني	ShamAY	1891	0.34376
		خطبة السيدة عائشة في الدفاع عن أبيها	ابن الأنباري	ShamAY	35243	0.34374
		شبهات القرآنيين	عثمان بن معلم محمود بن شيخ علي	Sham19Y	11242	0.34371
		سلاح المؤمن في الدعاء والذكر	محمد بن محمد بن علي بن همام أبو الفتح، تقي الدين، المعروف بابن الإمام (المتوفى: 745ه)	Sham19Y	6843	0.34362
		السر المكتوم في الفرق بين المالين المحمود والمذموم ويليه جواب في الجمع بين حديثين، هما: دعاؤه صلى الله عليه وسلم لأنس بن مالك بكثرة المال والولد، وحديث دعائه بذلك على من لم يؤمن به ويصدقه	شمس الدين أبو الخير محمد بن عبد الرحمن بن محمد بن أبي بكر بن عثمان بن محمد السخاوي (المتوفى: 902هـ)	ShamAY	1500	0.34359
		صحح نسختك من تهذيب الكمال	عيد فهمي	ShamAY	10884	0.34354
		اعتقادات فرق المسلمين والمشركين	أبو عبد الله محمد بن عمر بن الحسن بن الحسين التيمي الرازي الملقب بفخر الدين الرازي خطيب الري (المتوفى: 606ه)	Sham19Y	6516	0.34351
		الفلاكة والمفلوكون	أحمد بن علي بن عبد الله، شهاب الدين الدَّلْجي المصري (المتوفى: 838هـ)	ShamAY	821	0.34348
		معاجز الامام الصادق ( عليه السلام )	هاشم البحراني	Ghbook	5019	0.34348
		آيه التطهير شبهات و ردود	حسن عبدالله	Ghbook	7507	0.34348
		قَانون التَّأويْل	القاضي محمد بن عبد الله أبو بكر بن العربي المعافري الاشبيلي المالكي (المتوفى: 543هـ)	ShamAY	2076	0.34347
		تفسير كنز الدّقائق وبحر الغرائب [ج ٦]	الشيخ محمّد بن محمّد رضا القمّي المشهدي	Rafed	3007	0.34347
		بحوث في الملل و النحل	آيت الله العظمي جعفر سبحاني	Ghbook	6746	0.34342
		 بحار الأنوار 	 العلامة المجلسي 	ABLibrary	783	0.3434
		 خزانة التواريخ النجدية 	 عبد الله بن عبد الرحمن آل بسام 	ABLibrary	9049	0.34339
		 بحار الأنوار 	 العلامة المجلسي 	ABLibrary	758	0.34338
		الشيعة هم أهل السنّة	الدكتور محمّد التيجاني السماوي	Rafed	1219	0.34337
		الامام زين العابدين علي بن الحسين بن اميرالمومنين علي بن ابي طالب عليهم السلام 	عبدالرزاق مقرم	Ghbook	6354	0.34334
		أباطيل يجب أن تمحى من التاريخ	أبو عبد الله الذهبي	ShamAY	37144	0.34332
		بحار الأنوار [ج ٩٩]	الشيخ محمّد باقر بن محمّد تقي المجلسي	Rafed	1405	0.34332
		الإمام علي ( عليه السلام ) سيرة وتأريخ	اسلام الموسوي	Rafed	128	0.34322
		تحريم ذبائح أهل الكتاب	الشيخ المفيد	Masaha	993	0.34322
		الذّريعة إلى تصانيف الشّيعة [ج ١٣]	الشيخ آقا بزرك الطهراني	Rafed	463	0.3432
		 كنز الفوائد 	 أبي الفتح الكراجكي 	ABLibrary	7902	0.34315
		سلسلة مصابيح الهدى	محمد حسان	Sham19Y	7700	0.34312
		تراثنا ـ العددان [ 73 و 74 ]	مؤسسة آل البيت عليهم السلام لإحياء التراث ـ قم	Rafed	3305	0.34311
		الانتهاض في ختم «الشفا» لعياض - سلسلة لقاء العشر الأواخر بالمسجد الحرام (32)	شمس الدين أبو الخير محمد بن عبد الرحمن بن محمد بن أبي بكر بن عثمان بن محمد السخاوي (المتوفى: 902 هـ)	ShamAY	32534	0.3431
		مستدرك الوسائل [ج ١٧]	الشيخ حسين النوري الطبرسي [ المحدّث النوري ]	Rafed	1227	0.3431
		أصول السنة للحميدي	الحُمَيْدي، أبو بكر	ShamAY	35652	0.34307
		الغدير في الكتاب والسنّة والأدب [ج ٨]	الشيخ عبد الحسين أحمد الأميني النجفي	Rafed	2017	0.34307
		تطور المذهب الاشعري في خراسان (334 - 485هـ / 945 - 1092م)	نور سعد محسن البياتي	ShamAY	37776	0.343
		مختصر صحيح البخاري تحقيق الشحود	ابن أبي جمرة الأندلسي رحمه الله	ShamAY	35250	0.34294
		اللطف واللطائف	عبد الملك بن محمد بن إسماعيل أبو منصور الثعالبي (المتوفى: 429ه)	Sham19Y	595	0.34289
		علوم الحديث ومصطلحه - عرضٌ ودراسة	د. صبحي إبراهيم الصالح (المتوفى: 1407هـ)	ShamAY	1700	0.34288
		 إتحاف الورى بأخبار أم القرى 	 عمر بن محمد ابن فهد 	ABLibrary	8943	0.34287
		اللطف واللطائف	عبد الملك بن محمد بن إسماعيل أبو منصور الثعالبي (المتوفى: 429هـ)	ShamAY	595	0.34283
		التعليق الرشيق في التختم بالعقيق للناجي	إبراهيم بن محمد بن محمود بن بدر، برهان الدين، أبو إسحاق الحلبي القبيباتي الشافعي الناجي (المتوفى: 900ه)	ShamelaY19	26961	0.34276
		فاطمه و المفضلات من النساء	عبداللطيف بغدادي	Ghbook	7138	0.34275
		غربة الإسلام	حمود بن عبد الله بن حمود بن عبد الرحمن التويجري (المتوفى: 1413هـ)	ShamAY	32000	0.34274
		 بهجة النفوس والأسرار في تاريخ دار هجرة النبي المختار 	 عبد الله المرجاني 	ABLibrary	8973	0.34274
		تراثنا ـ العدد [ 5 ]	مؤسسة آل البيت عليهم السلام لإحياء التراث ـ قم	Rafed	2621	0.34273
		تاج العروس [ج ٩]	محبّ الدين أبي فيض السيد محمّد مرتضى الحسيني الواسطي الزبيدي الحنفي	Rafed	1501	0.34271
		مجموعة أجزاء حديثية مسألة سبحان	أبو عبد الله إبراهيم بن محمد بن عرفة بن سليمان بن المغيرة بن حبيب العتكي الأزدي الواسطي المعروف بنِفْطَوَيْهِ (المتوفى: 323هـ)	ShamAY	12957	0.34269
		كلمه الامام الحسن ( عليه السلام )	حسن شيرازي	Ghbook	6090	0.34265
		موسوعة عبد الله بن عباس - الجزء1	السيد محمد مهدي الخرسان	Masaha	456	0.34263
		الفلاكة والمفلوكون	أحمد بن علي بن عبد الله، شهاب الدين الدلجي المصري (المتوفى: 838ه)	ShamelaY19	36075	0.34261
		لمعة الاعتقاد	أبو محمد موفق الدين عبد الله بن أحمد بن محمد بن قدامة الجماعيلي المقدسي ثم الدمشقي الحنبلي، الشهير بابن قدامة المقدسي (المتوفى: 620هـ)	ShamAY	30855	0.3426
		اختصار صحيح البخاري وبيان غريبه	أبو العباس القرطبي ضياء الدين أحمد بن عمر الأنصاري الأندلسي القرطبي (578 ه - 656 ه)	ShamelaY19	127656	0.3426
		منهج شيخ الإسلام محمد بن عبد الوهاب في التأليف	عبد المحسن بن حمد بن عبد المحسن بن عبد الله بن حمد العباد البدر	ShamAY	12101	0.34259
		سيره الائمه الاثني عشر ( عليهم السلام ) - الامام السجاد ( عليه السلام )	هاشم معروف الحسني	Ghbook	6385	0.34257
		السيوف المشرقة ومختصر الصواقع المحرقة	الألوسي، محمود شكري	ShamAY	1783	0.34253
		بحار الأنوار [ج ٧٠]	الشيخ محمّد باقر بن محمّد تقي المجلسي	Rafed	1082	0.34252
		موسوعة عبد الله بن عبّاس [ج ٩]	السيد محمد مهدي السيد حسن الموسوي الخرسان	Rafed	1198	0.34248
		مرآة الزمان في تواريخ الأعيان	شمس الدين أبو المظفر يوسف بن قزأوغلي بن عبد الله المعروف ب «سبط ابن الجوزي» (581 - 654 ه)	ShamelaY19	23644	0.34247
		موسوعة الأخلاق والزهد والرقائق	ياسر عبد الرحمن	ShamAY	2038	0.34243
		مجموعة الوثائق السياسية للعهد النبوي والخلافة الراشدة	محمد حميد الله الحيدر آبادي الهندي (المتوفى: 1424ه)	ShamelaY19	23667	0.3424
		فضائل مصر المحروسة	ابن الكندي	Rafed	2383	0.34239
		مرآة العقول في شرح أخبار آل الرسول - الجزء1	العلامة المجلسي	Masaha	1364	0.34239
		حديث أبي الحسين بن المظفر	أبو الحسين محمد بن المظفر (المتوفى: 379ه)	ShamelaY19	29739	0.34235
		الاصول التمهيديه في المعارف المهدويه	محمد علي الحلو	Ghbook	12283	0.34234
		أحكام تمني الموت (مطبوع ضمن مؤلفات الشيخ محمد بن عبد الوهاب، الجزء الثالث)	محمد بن عبد الوهاب بن سليمان التميمي النجدي (المتوفى: 1206هـ)	ShamAY	7489	0.34226
		سلاح المؤمن في الدعاء والذكر	محمد بن محمد بن علي بن همام أبو الفتح، تقيّ الدين، المعروف بابن الإِمَام (المتوفى: 745هـ)	ShamAY	6843	0.34214
		توثيق فقه الإماميّة من الصّحاح والسنن	السيد علي الشهرستاني	Rafed	1182	0.34212
		غربة الإسلام	الواحدي :: التويجري، حمود بن عبد الله	ShamAY	33333	0.34208
		صلاة الغائب - دراسة فقهية مقارنة	حسام الدين بن موسى محمد بن عفانة	ShamAY	982	0.34205
		لا جديد في أحكام الصلاة	بكر بن عبد الله أبو زيد بن محمد بن عبد الله بن بكر بن عثمان بن يحيى بن غيهب بن محمد (المتوفى: 1429ه)	ShamelaY19	29883	0.34199
		قبسات من حياة النبي صلي الله عليه و آله و اهل بيته عليهم السلام	حيدرعبدالكريم غدير	Ghbook	10935	0.34196
		سلسلة مصابيح الهدى	محمد بن إبراهيم بن إبراهيم بن حسان	ShamAY	7700	0.34193
		الانتصار لحزب الله الموحدين والرد على المجادل عن المشركين	عبد الله بن عبد الرحمن بن عبد العزيز بن عبد الرحمن بن عبد الله بن سلطان بن خميس الملقب ب"أبابطين" (المتوفى: 1282ه)	Sham19Y	7554	0.34191
		تراثنا ـ العدد [ 27 ]	مؤسسة آل البيت عليهم السلام لإحياء التراث ـ قم	Rafed	2767	0.34188
		نبذة مفيدة عن حقوق ولاة الأمر	عبد العزيز بن إبراهيم العسكر	ShamAY	36558	0.34183
		بحار الأنوار [ج ٤]	الشيخ محمّد باقر بن محمّد تقي المجلسي	Rafed	507	0.34179
		الكافي [ج ٥]	أبو جعفر محمّد بن يعقوب الكليني الرازي	Rafed	994	0.34177
		القلائد من فرائد الفوائد	الواحدي :: مصطفى السباعي	ShamAY	34556	0.34175
		خلاصة الكلام شرح عمدة الأحكام	فيصل بن عبد العزيز بن فيصل ابن حمد المبارك الحريملي النجدي (المتوفى: 1376هـ)	ShamAY	8197	0.34172
		تفسير سفيان الثوري	أبو عبد الله سفيان بن سعيد بن مسروق الثوري الكوفي (المتوفى: 161هـ)	ShamAY	2229	0.34172
		مقالات الإسلاميين واختلاف المصلين	أبو الحسن علي بن إسماعيل بن إسحاق بن سالم بن إسماعيل بن عبد الله بن موسى بن أبي بردة بن أبي موسى الأشعري (المتوفى: 324هـ)	ShamAY	1195	0.3416
		بستان العارفين	أبو الليث السمرقندي نصر بن محمد بن أحمد بن إبراهيم الفقيه الحنفي (373 هـ)	ShamAY	33731	0.34157
		انتفاع الأموات بإهداء التلاوات والصدقات وسائر القربات	أبو إسحاق إبراهيم بن المظفر الحربي الموصلي المعروف بابن البرني (622 هـ)	ShamAY	34331	0.34154
		المفَصَّلُ في أحاديث الملاحِم	الواحدي :: علي بن نايف الشحود	ShamAY	36095	0.3415
		من حديث أبي زكريا يحيى بن أبي منصور الصيرفي الحراني - مخطوط	ابن الصيرفي، جمال الدين	ShamAY	32811	0.34147
		موسوعة الأخلاق والزهد والرقائق	ياسر عبد الرحمن	ShamelaY19	96918	0.34145
		صحيح الأدب المفرد للإمام البخاري	محمد بن إسماعيل بن إبراهيم بن المغيرة البخاري، أبو عبد الله (المتوفى: 256هـ)	ShamAY	1341	0.34142
		الثائر من أجل الحسين عليه السلام المختار الثقفي	عباس غيلان الفياض	Rafed	804	0.34141
		الخُلاصةُ في أحكامِ الاستغاثةِ والتَّوَسُّلِ -ط2	الواحدي :: علي بن نايف الشحود	ShamAY	36070	0.3414
		الجنة والنار من الكتاب والسنة المطهرة	عبد الرحمن بن سعيد بن علي بن وهف القحطاني (المتوفى: 1422ه)	ShamelaY19	96461	0.3414
		تشييد المراجعات و تفنيد المكابرات	آيت الله علي حسيني ميلاني	Ghbook	4778	0.3414
		الغدير في الكتاب والسنّة والأدب [ج ٣]	الشيخ عبد الحسين أحمد الأميني النجفي	Rafed	2001	0.34135
		دلائل الصدق لنهج الحق [ج ١]	الشيخ محمد حسن المظفر	Rafed	243	0.34128
		السيوف المشرقة ومختصر الصواقع المحرقة	الألوسي، محمود شكري	ShamelaY19	96337	0.34127
		تاريخ اليمن خلال القرن الحادي عشر الهجري- السابع عشر الميلادي/ تاريخ طبق الحلوى وصحاف المن والسلوى	عبد الله بن علي بن أحمد بن محمد الحسني، المعروف بالوزير (المتوفى: 1147هـ)	ShamAY	6640	0.34126
		العقائد الاسلاميه:عرض مقارن لاهم موضوعاتها من مصادر السنه و الشيعه	آيت الله العظمي سيد علي حسيني سيستاني	Ghbook	10421	0.34124
		 بحوث في الملل والنحل 	 الشيخ السبحاني 	ABLibrary	8356	0.34118
		ظاهره الاستقلاب في النص النبوي والتاريخي	نبيل قدوري الحسني	Ghbook	12348	0.34112
		رساله في المتعتين	آيت الله علي حسيني ميلاني	Ghbook	4794	0.34111
		الشعر والشعراء	أبو محمد عبد الله بن مسلم بن قتيبة الدينوري (المتوفى: 276ه)	ShamelaY19	23785	0.34108
		كشف اليقين في فضائل أمير المؤمنين(ع)	العلامة الحلي	Masaha	385	0.34108
		الانتصار في الرد على المعتزلة القدرية الأشرار	أبو الحسين يحيى بن أبي الخير بن سالم العمراني اليمني الشافعي (المتوفى: 558هـ)	ShamAY	7361	0.34106
		 إثارة الترغيب والتشويق ( ويليه زيارة بيت المقدس لابن تيمية ) 	 محمد بن اسحاق الخوارزمي 	ABLibrary	8946	0.34106
		شرح كتاب الحج من بلوغ المرام	أبو محمد عبد الله بن مانع بن غلاب الغبيوي الروقي العتيبي	ShamAY	32212	0.34102
		تباين منهج المتقدمين والمتأخرين في التصحيح والتعليل	الدكتور ماهر ياسين الفحل	ShamAY	37269	0.34096
		كتب أثنى عليها العلماء	عبد الإله الشايع	ShamAY	37632	0.34093
		منهاج السنه المحمديه في الرد علي منهاج ابن التيميه	عبدالرحمن العقيلي	Ghbook	15683	0.34093
		مختصر صحيح مسلم «للإمام أبي الحسين مسلم بن الحجاج القشيري النيسابوري»	عبد العظيم بن عبد القوي بن عبد الله، أبو محمد، زكي الدين المنذري (المتوفى: 656 هـ)	ShamAY	32321	0.34092
		فصول المهمه في اصول الائمه ( عليهم السلام )	محمد بن حسن حر عاملي	Ghbook	9989	0.34092
		محاضرات في علوم الحديث	الدكتور ماهر ياسين الفحل	Sham19Y	1841	0.3409
		ابن سبأ حقيقة لا خيال	سعدي بن مهدي الهاشمي	Sham19Y	12163	0.34089
		أسماء وألقاب أمير المؤمنين علي بن أبي طالب عليه السلام	علي أصغر شكوهي قوچاني	Rafed	2434	0.34085
		إصلاح غلط أبي عبيد في غريب الحديث	ابن قتيبة عبد الله بن مسلم الدينوري (المتوفى: 276 ه)	Sham19Y	18197	0.34084
		نهاية المطلب في دراية المذهب	عبد الملك بن عبد الله بن يوسف بن محمد الجويني، أبو المعالي، ركن الدين، الملقب بإمام الحرمين (المتوفى: 478هـ)	ShamAY	1788	0.34081
		التراث العقائدي لعلي بن ابراهيم القمي	محمد جواد مروجي طبسي	Ghbook	16059	0.34081
		تنبيه الإخوان على الأخطاء في مسألة خلق القرآن	حمود بن عبد الله بن حمود بن عبد الرحمن التويجري (المتوفى: 1413هـ)	ShamAY	32260	0.34077
		الروضة الفيحاء في أعلام النساء	ياسين بن خير الله بن محمود بن موسى الخطيب العمري (المتوفى: بعد 1232هـ)	ShamAY	5455	0.34074
		مختصر المؤمل في الرد إلى الأمر الأول	أبو القاسم شهاب الدين عبد الرحمن بن إسماعيل بن إبراهيم المقدسي الدمشقي المعروف بأبي شامة (المتوفى: 665ه)	Sham19Y	6299	0.34074
		السعاية في كشف ما في شرح الوقاية	الإمام محمد عبد الحي اللكنوي (ت1304هـ)	ShamAY	33177	0.34072
		لا تخونوا الله و الرسول !	صباح علي بياتي	Ghbook	4576	0.34071
		الآداب الشرعية والمنح المرعية	محمد بن مفلح بن محمد بن مفرج، أبو عبد الله، شمس الدين المقدسي الرامينى ثم الصالحي الحنبلي (المتوفى: 763هـ)	ShamAY	21582	0.34067
		شرح سنن الترمذي - عبد الكريم الخضير	عبد الكريم الخضير	ShamelaY19	23777	0.34066
		 العوالم ، السيدة الزهراء ( س ) 	 الشيخ عبد الله البحراني 	ABLibrary	7612	0.34062
		بحار الأنوار [ج ٨٦]	الشيخ محمّد باقر بن محمّد تقي المجلسي	Rafed	1155	0.3406
		مختصر صحيح مسلم «للإمام أبي الحسين مسلم بن الحجاج القشيري النيسابوري»	عبد العظيم بن عبد القوي بن عبد الله، أبو محمد، زكي الدين المنذري (المتوفى: 656 ه)	Sham19Y	17616	0.34047
		مَسَائل أجَابَ عَنها الحَافظُ ابن حَجر العَسقَلاني	أبو الفضل أحمد بن علي بن محمد بن أحمد بن حجر العسقلاني (المتوفى: 852هـ)	ShamAY	1759	0.34044
		مسائل الإمام أحمد بن حنبل رواية ابن أبي الفضل صالح [203هـ - 266هـ]	أبو عبد الله أحمد بن محمد بن حنبل بن هلال بن أسد الشيباني (المتوفى: 241هـ)	ShamAY	6106	0.34035
		الرد على من ينكر حجية السنة (مطبوع مع كتاب دفاع عن السنة لأبي شهبة)	أبو الكمال - أو أبو الحسن - عبد الغني بن محمد عبد الخالق بن حسن بن مصطفى المصري القاهري (المتوفى: 1403ه)	ShamelaY19	37826	0.34033
		دور الشيعة في بناء الحضارة الاسلامية	الشيخ جعفر السبحاني	Masaha	2362	0.34033
		كتاب الأيمان "ومعالمه، وسننه، واستكماله، ودرجاته"	أبو عُبيد القاسم بن سلاّم بن عبد الله الهروي البغدادي (المتوفى: 224هـ)	ShamAY	11316	0.34032
		التحديد في الإتقان والتجويد لأبي عمرو الداني	عثمان بن سعيد بن عثمان بن عمر أبو عمرو الداني (المتوفى: 444هـ)	ShamAY	26458	0.3403
		 نهج الإعلان بما يثبت به دخول شهر رمضان 	 الشيخ علي الغروي 	ABLibrary	9398	0.34025
		جزء يعلى بن عباد شيوخه (ضمن مجموع مطبوع باسم الفوائد لابن منده!)	يعلى بن عباد (المتوفى: 230هـ)	ShamAY	9413	0.34022
		أسس بناء شخصية الطفل المسلم	علي بن نايف الشحود	ShamAY	34822	0.34019
		الثّاقب في المناقب	عماد الدين أبي جعفر محمّد بن علي الطوسي [ ابن حمزة ]	Rafed	760	0.34018
		التعليق على الدرة المضيئة في السيرة النبوية للمقدسي	أبو هاشم صالح بن عواد بن صالح المغامسي	ShamelaY19	37731	0.34016
		منهاج الكرامة في معرفة الإمامة	الحسن بن يوسف بن علي المطّهر [ العلامة الحلّي ]	Rafed	3540	0.34011
		دعوة الشيخ محمد بن عبد الوهاب وأثرها في العالم الإسلامي	محمد بن عبد الله بن سليمان السلمان	ShamAY	30930	0.3401
		قرة العين في أحكام الدين	وليد عكاس	ShamAY	36663	0.34008
		تاج العروس [ج ١٤]	محبّ الدين أبي فيض السيد محمّد مرتضى الحسيني الواسطي الزبيدي الحنفي	Rafed	1523	0.33994
		 الموسوعة الكبرى عن فاطمة الزهراء ( س ) 	 اسماعيل الأنصاري الزنجاني الخوئيني 	ABLibrary	7829	0.33994
		 وفاء الوفاء بأخبار دار المصطفى ( ص ) 	 نورالدين علي بن أحمد السمهودي 	ABLibrary	7885	0.33991
		المقنع في رسم مصاحف الأمصار	عثمان بن سعيد بن عثمان بن عمر أبو عمرو الداني (المتوفى: 444هـ)	ShamAY	10918	0.33988
		الدرة الخطيرة في شعراء الجزيرة	علي بن جعفر بن علي السعدي، أبو القاسم، المعروف بابن القطاع الصقلي (المتوفى: 515هـ)	ShamAY	5424	0.33988
		المكتبة الإسلامية	عماد علي جمعة	ShamAY	8564	0.33987
		الكنز الأكبر من الأمر بالمعروف والنهي عن المنكر لابن داود الحنبلي	عبد الرحمن بن أبي بكر بن داود الحنبلي الدمشقي الصالحي (المتوفى: 856 ه)	ShamelaY19	36110	0.33986
		المنتخب من وصايا الآباء للأبناء	وائل حافظ خلف	Sham19Y	12774	0.33982
		معلمة الفقه المالكي	عبد العزيز بن عبد الله	ShamelaY19	20650	0.33977
		تدوين القرآن	الشيخ علي الكوراني العاملي	Rafed	3991	0.33976
		زَهْرُ الخَمَائِل فِي تَرَاجِم عُلمَاءِ حَائِل	علي بن محمد الهندي	ShamAY	35876	0.33975
		 مكاتيب الأئمة ( ع ) 	 علي الأحمدي الميانجي 	ABLibrary	7776	0.33974
		 الدر المنثور في التفسير بالمأثور 	 جلال الدين السيوطي 	ABLibrary	914	0.33973
		الانتصار للصحابة الأخيار في رد أباطيل حسن المالكي	عبد المحسن بن حمد بن عبد المحسن بن عبد الله بن حمد العباد البدر	ShamAY	1784	0.33972
		بحار الأنوار [ج ٩٦]	الشيخ محمّد باقر بن محمّد تقي المجلسي	Rafed	1279	0.33969
		حقوق آل البيت عليهم السلام في الكتاب والسّنّة باتّفاق الأمّة	الشيخ محمّد حسين الحاج العاملي	Rafed	1763	0.33968
		سيرة الشاب الصالح عبد الرحمن بن سعيد بن علي بن وهف القحطاني رحمه الله تعالى (1403 ه - 1422 ه) - ونبذة من سيرة شقيقه الصغير الصالح عبد الرحيم رحمه الله تعالى (1410 ه - 1422 ه)	د. سعيد بن علي بن وهف القحطاني	ShamelaY19	96492	0.33967
		تراثنا ـ العددان [ 75 و 76 ]	مؤسسة آل البيت عليهم السلام لإحياء التراث ـ قم	Rafed	3307	0.33967
		حكم الصلاة في المحراب بين الجواز والارتياب	فرج البوسيفي	ShamAY	36337	0.33964
		الأربعون القرآنية	أحمد بن عبد الرزاق آل إبراهيم العنقري التميمي الكويتي	ShamelaY19	36497	0.3396
		 خزانة التواريخ النجدية 	 عبد الله بن عبد الرحمن آل بسام 	ABLibrary	9047	0.3396
		معلمة الفقه المالكي	عبد العزيز بن عبد الله	ShamAY	38848	0.33954
		لماذا الاختلاف في الوضوء و من هووراآ الكواليس؟	علي شهرستاني	Ghbook	10939	0.33953
		تاريخ الخميس في أحوال أنفس النفيس - الجزء1	الشيخ حسين ديار البكري‏	Masaha	1961	0.33949
		إعلام الساجد بأحكام المساجد	أبو عبد الله بدر الدين محمد بن عبد الله بن بهادر الزركشي الشافعي (المتوفى: 794 هـ)	ShamAY	32351	0.33944
		مؤتمر السنة النبوية بين الواقع والمأمول	مجموعة من المؤلفين	ShamAY	38309	0.33942
		إعلام الساجد بأحكام المساجد	أبو عبد الله بدر الدين محمد بن عبد الله بن بهادر الزركشي الشافعي (المتوفى: 794 ه)	Sham19Y	14452	0.33937
		التحصين	الشيخ جمال الدين أحمد بن محمد بن فهد الحلّي	Rafed	1743	0.33936
		الراسخون في العلم ومن عنده علم الكتاب علي عليه السلام	نجاح الطائي	Ghbook	16163	0.33933
		مصحف أميرالمؤمنين علي عليه السلام بين المنزل والمفسّر	السيد علي الشهرستاني	Rafed	3389	0.33929
		الصواعق المرسلة الشهابية على الشبه الداحضة الشامية	سليمان بن سحمان بن مصلح بن حمدان بن مصلح بن حمدان بن مسفر بن محمد بن مالك بن عامر الخثعمي , التبالي , العسيري , النجدي (المتوفى: 1349هـ)	ShamAY	7663	0.33925
		قصيدة السلفي	صدر الدين، أبو طاهر السلفي أحمد بن محمد بن أحمد بن محمد بن إبراهيم سلفه الأصبهاني (المتوفى: 576ه)	ShamelaY19	26670	0.33922
		عقد الجمان في تاريخ أهل الزمان	أبو محمد محمود بن أحمد بن موسى بن أحمد بن حسين الغيتابى الحنفى بدر الدين العينى (المتوفى: 855هـ)	ShamAY	380	0.33915
		أثر علل الحديث في اختلاف الفقهاء	ماهر ياسين فحل الهيتي	ShamAY	7586	0.33915
		ابن سبأ حقيقة لا خيال	سعدي بن مهدي الهاشمي	ShamAY	12163	0.33915
		كتاب السرد والفرد في صحائف الأخبار ونسخها المنقولة عن سيد المرسلين صلوات الله وسلامه عليه - مخطوط	أبو الخير أحمد بن إسماعيل الطالقاني القزويني	ShamAY	32963	0.33911
		أرجح الأقوال في حكم كشف الفخذ للرجال	عبد العزيز قاري محمد	ShamAY	36226	0.33906
		تاريخ الخميس في أحوال أنفس النفيس	حسين بن محمد بن الحسن الدِّيار بَكْري (المتوفى: 966هـ)	ShamAY	9784	0.33906
		الملل والنحل - المعرفة	محمد بن عبد الكريم بن أبي بكر أحمد الشهرستاني	ShamAY	33890	0.33901
		 الذريعة 	 آقا بزرگ الطهراني 	ABLibrary	867	0.33899
		الإيجاز في شرح سنن أبي داود السجستاني رحمه الله تعالى	أبو زكريا محيي الدين يحيى بن شرف النووي (المتوفى: 676هـ)	ShamAY	31678	0.33897
		علم الجرح والتعديل	عبد المنعم السيد نجم	ShamAY	4895	0.33895
		الأنوار في سيرة النبي المختار بطريقة سؤال وجواب	سليمان اللهيميد	ShamAY	37391	0.33894
		الأصول في علم الأصول / الاجتهاد والتقليد	الشيخ علي الإيرواني	Masaha	4914	0.33892
		كلمة الامام الحسن ( عليه السلام )	آيت الله العظمي سيد محمد حسيني شيرازي	Ghbook	7981	0.33872
		إفادات من ملفات التاريخ	محمد سليم عرفة	Masaha	144	0.33871
		أحكام القرآن [ج ٥]	أبي بكر أحمد بن علي الرازي الجصّاص	Rafed	2012	0.33862
		فتنة مقتل عثمان بن عفان رضي الله عنه	محمد بن عبد الله بن عبد القادر غبان الصبحي	ShamAY	12047	0.33861
		التَّنويرُ شَرْحُ الجَامِع الصَّغِيرِ	محمد بن إسماعيل بن صلاح بن محمد الحسني، الكحلاني ثم الصنعاني، أبو إبراهيم، عز الدين، المعروف كأسلافه بالأمير (المتوفى: 1182هـ)	ShamAY	31690	0.33857
		اقتضاء الصراط المستقيم مخالفة أصحاب الجحيم - ط السنة المحمدية	أحمد بن عبد الحليم بن تيمية الحراني أبو العباس	ShamAY	34358	0.33851
		صلاح البيوت في جهد الرسول - صلى الله عليه وسلم	محمد علي محمد إمام	ShamelaY19	37831	0.33849
		الأربعون الحسان في الاجتماع على الطعام	يحي الحجوري	ShamAY	35048	0.33847
		شبهات شيعية والرد عليها	عثمان بن محمد آل خميس الناصري أبو محمد التميمي	ShamAY	37805	0.33843
		أطيب النشر في تفسير الوصايا العشر	مرزوق بن هياس الزهراني	ShamelaY19	22750	0.3384
		الإسرائيليات في تفسير آية الكرسي عرض ونقد	أحمد بن محمد الشرقاوى	ShamAY	33130	0.33839
		صلاح البيوت في جهد الرسول - صلى الله عليه وسلم	محمد علي محمد إمام	ShamAY	1175	0.33837
		نوادر الاثر في علم عمر	عبدالحسين اميني ( علامه اميني )	Ghbook	4588	0.33836
		 المواعظ والإعتبار في ذكر الخطط والآثار ( ط بيروت ) 	 المقريزي 	ABLibrary	9234	0.33831
		تدريب الراوي في شرح تقريب النواوي	عبد الرحمن بن أبي بكر السيوطي	ShamAY	34038	0.33827
		تحفة القادم	ابن الأبار، محمد بن عبد الله بن أبي بكر القضاعي البلنسي (المتوفى: 658هـ)	ShamAY	26108	0.3382
		مستدرك الوسائل [ج ١٤]	الشيخ حسين النوري الطبرسي [ المحدّث النوري ]	Rafed	1210	0.33819
		بحار الأنوار [ج ٧٩]	الشيخ محمّد باقر بن محمّد تقي المجلسي	Rafed	1108	0.33816
		الإمام أبو العباس ابن سريج المتوفي سنة 306 هـ وآراؤه الأصولية	حسين بن خلف الجبورى	ShamAY	8771	0.33813
		العقيدة السلفية فى كلام رب البرية وكشف أباطيل المبتدعة الردية	عبد الله بن يوسف الجديع	ShamAY	31689	0.33813
		السجاد علي عليه السلام 	حسين شاكري	Ghbook	6364	0.33811
		العقائد الاسلامية [ج ١]	مركز المصطفى للدراسات الإسلامية	Rafed	85	0.33797
		كنز الفوائد  - الجزء1	الشيخ القاضي أبي الفتح محمد بن علي الكراجكي	Masaha	4568	0.3379
		مقالات الإسلاميين واختلاف المصلين	أبو الحسن علي بن إسماعيل بن إسحاق بن سالم بن إسماعيل بن عبد الله بن موسى بن أبي بردة بن أبي موسى الأشعري (المتوفى: 324ه)	ShamelaY19	37614	0.33784
		بحار الأنوار [ج ٧٢]	الشيخ محمّد باقر بن محمّد تقي المجلسي	Rafed	1086	0.33782
		مشاهير أعلام المسلمين	علي بن نايف الشحود	ShamAY	35792	0.33781
		نزهة الناظر	الشيخ يحيى بن سعيد الحلي	Rafed	1823	0.3378
		ضعيف موارد الظمآن إلى زوائد ابن حبان	أبو عبد الرحمن محمد ناصر الدين، بن الحاج نوح بن نجاتي بن آدم، الأشقودري الألباني (المتوفى: 1420 هـ)	ShamAY	32336	0.33776
		الطرق الحكمية	محمد بن أبي بكر بن أيوب بن سعد شمس الدين ابن قيم الجوزية (المتوفى: 751هـ)	ShamAY	11495	0.33775
		عقد الجمان في تاريخ أهل الزمان - ط هيئة الكتاب	محمود بن أحمد بن موسى الحنفى الشهير ببدر الدين العينى (المتوفى: 855هـ)	ShamAY	33840	0.33772
		المنتخب من وصايا الآباء للأبناء	وائل حافظ خلف	ShamAY	978	0.33771
		 بحار الأنوار 	 العلامة المجلسي 	ABLibrary	775	0.33769
		أطيب النشر في تفسير الوصايا العشر	مرزوق بن هياس الزهراني	ShamAY	22750	0.33762
		تخريج أحاديث فضائل الشام ودمشق لأبي الحسن علي بن محمد الربعي	أبو عبد الرحمن محمد ناصر الدين، بن الحاج نوح بن نجاتي بن آدم، الأشقودري الألباني (المتوفى: 1420هـ)	ShamAY	11737	0.33761
		اضواء علي عقائد الشيعه الاماميه و تاريخهم	آيت الله العظمي جعفر سبحاني	Ghbook	6738	0.33754
		القطع والائتناف	أبو جعفر أحمد بن محمد بن إسماعيل النحاس	ShamelaY19	20966	0.3375
		حسن السلوك الحافظ دولة الملوك	محمد بن محمد بن عبد الكريم بن رضوان بن عبد العزيز البعلي شمس الدين، ابن الموصلي (المتوفى: 774هـ)	ShamAY	7241	0.33749
		تحفة القادم	ابن الأبار، محمد بن عبد الله بن أبي بكر القضاعي البلنسي (المتوفى: 658ه)	ShamelaY19	26108	0.33741
		العسجد المسبوك والجوهر المحكوك في طبقات الخلفاء والملوك		ShamAY	34638	0.3374
		شرح الرسالة	أبو محمد عبد الوهاب بن علي بن نصر الثعلبي البغدادي المالكي (المتوفى: 422 ه)	ShamelaY19	18609	0.33739
		البلدان لابن الفقيه‏	أحمد بن محمد ابن الفقيه	Masaha	3715	0.33739
		مسألة التقريب بين أهل السنة والشيعة	ناصر بن عبد الله بن علي القفاري	ShamAY	12763	0.33735
		مختصر الشمائل المحمدية	محمد بن عيسى بن سَوْرة بن موسى بن الضحاك، الترمذي، أبو عيسى (المتوفى: 279هـ)	ShamAY	700	0.33733
		فضائل الأندلس وأهلها	ابن حزم وابن سعيد والشقندي	Sham19Y	6701	0.33733
		كشف المغطى من المعاني والألفاظ الواقعة في الموطا	محمد الطاهر بن عاشور (المتوفى: 1393 ه)	ShamelaY19	150963	0.33731
		القناعة والتعفف	أبو بكر عبد الله بن محمد بن عبيد بن سفيان بن قيس البغدادي الأموي القرشي المعروف بابن أبي الدنيا (المتوفى: 281ه)	ShamelaY19	22347	0.33728
		البلدان لابن الفقيه	أبو عبد الله أحمد بن محمد بن إسحاق الهمداني المعروف بابن الفقيه (ت 365)	Sham19Y	11685	0.33728
		الكافي [ج ١٢]	أبو جعفر محمّد بن يعقوب الكليني الرازي	Rafed	1131	0.33728
		فضائل الأندلس وأهلها	ابن حزم :: مجموعة من المؤلفين	ShamAY	6701	0.33725
		كشف اللثام شرح عمدة الأحكام	شمس الدين، أبو العون محمد بن أحمد بن سالم السفاريني الحنبلي (المتوفى: 1188 هـ)	ShamAY	32282	0.33723
		مرآة العقول [ج ٢٤]	الشيخ محمّد باقر بن محمّد تقي المجلسي	Rafed	1087	0.33723
		البلدان لابن الفقيه	أبو عبد الله أحمد بن محمد بن إسحاق الهمداني المعروف بابن الفقيه (ت 365)	ShamAY	11685	0.33718
		المفصل في شرح حديث من بدل دينه فاقتلوه	علي بن نايف الشحود	ShamAY	35956	0.33717
		آيات الغدير	علي كوراني	Ghbook	7506	0.33713
		من مصادر السيرة النبوية: كتب دلائل النبوة	أحمد بن محمد فكير	ShamAY	37325	0.33712
		تراجم المؤلفين التونسيين	محمد محفوظ (المتوفى: 1408 هـ)	ShamAY	38786	0.3371
		طبقات الأولياء	ابن الملقن سراج الدين أبو حفص عمر بن علي بن أحمد الشافعي المصري (المتوفى: 804هـ)	ShamAY	1347	0.3371
		ألفية ابن مالك منهجها وشروحها	غريب عبد المجيد نافع	ShamelaY19	22756	0.33708
		الحديث والمحدثون	محمد محمد أبو زهو رحمه الله	ShamAY	8656	0.33706
		إشكال وجوابه في حديث أم حرام بنت ملحان	أبو عمر علي بن عبد الله بن شديد الصياح المطيري	ShamAY	10814	0.33698
		وجوب العمل بسنة الرسول صلى الله عليه وسلم وكفر من أنكرها	عبد العزيز بن عبد الله بن باز (المتوفى: 1420ه)	ShamelaY19	30889	0.33697
		التعليق على الدرة المضيئة في السيرة النبوية للمقدسي	أبو هاشم صالح بن عوّاد بن صالح المغامسي	ShamAY	756	0.3369
		دفع المناواة عن التفضيل المساواة	سيدمهدي رجايي	Ghbook	15632	0.3368
		 معجم ما كتب عن الرسول ( ص ) وأهل بيته ( ع ) 	 عبد الجبار الرفاعي 	ABLibrary	7756	0.33678
		فاجعة الطف	السيد محمد سعيد الطباطبائي الحكيم	Masaha	607	0.33677
		معاجم معاني ألفاظ القرآن الكريم	فوزي يوسف الهابط	ShamAY	12071	0.33673
		الصلاة على النبي صلى الله عليه وسلم فضلها وكيفيتها	عبد المحسن بن حمد بن عبد المحسن بن عبد الله بن حمد العباد البدر	Sham19Y	10418	0.33672
		شبهات القرآنيين	عثمان بن معلم محمود بن شيخ علي	ShamAY	11242	0.33671
		بحار الأنوار [ج ١٦]	الشيخ محمّد باقر بن محمّد تقي المجلسي	Rafed	857	0.3367
		نزهة الأسماع في مسألة السماع	الواحدي :: ابن رجب الحنبلي	ShamAY	34327	0.33669
		معجم التاريخ التراث الإسلامي في مكتبات العالم	علي الرضا قره بلوط - أحمد طوران قره بلوط	ShamAY	38658	0.33668
		النوادر	أبو جعفر الأشعري القمي	Masaha	543	0.33668
		عقيدة أهل الإيمان في خلق آدم على صورة الرحمن	حمود بن عبد الله بن حمود بن عبد الرحمن التويجري (المتوفى: 1413ه)	Sham19Y	17329	0.33663
		 غرر الأخبار ودرر الآثار في مناقب أبى الأئمة الأطهار ( ع ) 	 الحسن بن محمد الديلمي 	ABLibrary	7623	0.3366
		القراءات المتواترة وأثرها في اللغة العربية والأحكام الشرعية والرسم القرآني	محمد الحبش	ShamAY	35922	0.33654
		نقد الصحابة والتابعين للتفسير	عبد السلام بن صالح الجار الله	Sham19Y	148083	0.33648
		ثلاث صلوات عظيمة مهجورة فأحيها يا عبد الله	عدنان بن محمد آل عرعور	ShamelaY19	147912	0.33644
		 إدام القوت في ذكر بلدان حضرموت 	 عبد الرحمن بن عبيد الله السقاف 	ABLibrary	8952	0.33634
		الصارم المسلول على شاتم الرسول	تقي الدين أبو العباس أحمد بن عبد الحليم بن عبد السلام بن عبد الله بن أبي القاسم بن محمد ابن تيمية الحراني الحنبلي الدمشقي (المتوفى: 728هـ)	ShamAY	7344	0.33633
		تسلية المُجالس وزينة المَجالس [ج ٢]	السيد محمد بن أبي طالب الحسيني الكركي الحائري	Rafed	159	0.33633
		سيرة الشاب الصالح عبد الرحمن بن سعيد بن علي بن وهف القحطاني رحمه الله تعالى (1403 ه - 1422 ه) - ونبذة من سيرة شقيقه الصغير الصالح عبد الرحيم رحمه الله تعالى (1410 ه - 1422 ه)	د. سعيد بن علي بن وهف القحطاني	Sham19Y	96492	0.33625
		الصفة تاريخها - أصحابها	محمود محمد حمو	ShamAY	37155	0.33619
		أخبار الوافدات من النساء على معاوية بن أبي سفيان	العباس بن بكار (أو ابن الوليد بن بكار) الضبي (المتوفى: 222هـ)	ShamAY	6717	0.33619
		استفتائات حول القرآن الكريم و الشعائر الحسينيه	آيت الله العظمي سيد محمد حسيني شيرازي	Ghbook	7872	0.33618
		إحكام القنطرة في أحكام البسملة	الإمام محمد عبد الحي اللكنوي (ت1304هـ)	ShamAY	36000	0.33615
		بصائر في الفتن	محمد بن أحمد بن إسماعيل المقدم	ShamAY	31598	0.33615
		علو الهمة	محمد بن أحمد بن إسماعيل المقدم	ShamelaY19	96278	0.33612
		مقالة في تحقيق إقامة الحدود في هذه الأعصار	السيد الشفتي	Masaha	1582	0.33609
		مسألة في الصفات	الخطيب البغدادي	ShamAY	35653	0.33604
		فتح الغفار الجامع لأحكام سنة نبينا المختار	الرباعي	Sham19Y	6610	0.33596
		 في رحاب أهل البيت ( ع ) 	 لجنة بحوث المجمع العالمي لأهل البيت ( ع ) 	ABLibrary	8565	0.33593
		مفاد حديث الغدير	عبدالحسين اميني ( علامه اميني )	Ghbook	4582	0.33593
		شرح الرسالة	أبو محمد عبد الوهاب بن علي بن نصر الثعلبي البغدادي المالكي (المتوفى: 422 هـ)	ShamAY	32674	0.3359
		محمد بن عبد الوهاب عقيدته السلفية ودعوته الإصلاحية وثناء العلماء عليه	أحمد بن حجر بن محمد بن حجر بن أحمد بن حجر بن طامي بن حجر بن سند بن سعدون آل بوطامي البنعلي (المتوفى: 1423ه)	Sham19Y	11382	0.33587
		تنبيهات على تحريفات وتصحيفات في كتاب مجمع الزوائد ومنبع الفوائد	عاصم عبد الله ابراهيم	ShamAY	31631	0.33586
		تنبيهات على تحريفات وتصحيفات في كتاب مجمع الزوائد ومنبع الفوائد	عاصم عبد الله ابراهيم	Sham19Y	10108	0.33586
		من حديث عبد الصمد الطستي	أبو الحسين عبد الصمد بن علي بن محمد بن مكرم البغدادي، الطستي، الوكيل (المتوفى: 346ه)	Sham19Y	28853	0.33583
		تنبيه العطشان على مورد الظمآن في الرسم القرآني	الرجراجي، الحسين بن علي	ShamAY	36836	0.33582
		فضائل الاعمال للضياء المقدسي - دار الغد	ضياء الدين محمد بن عبد الواحد بن أحمد بن عبد الرحمن السعدي المقدسي	ShamAY	33756	0.3358
		مشروع دائرة المعارف الحسينية الالفبائية	اللجنة العلمية في قسم الرسائل الجامعية	Ghbook	15400	0.33574
		الرد على من ينكر حجية السنة (مطبوع مع كتاب دفاع عن السنة لأبي شهبة)	أبو الكمال - أو أبو الحسن - عبد الغني بن محمد عبد الخالق بن حسن بن مصطفى المصري القاهري (المتوفى: 1403هـ)	ShamAY	1174	0.3357
		بحث عقدي في لفظ السيد	يوسف بن محمد السعيد	ShamAY	9046	0.33566
		مواقف العلماء عبر العصور في الدعوة إلى الله تعالى	د. سعيد بن علي بن وهف القحطاني	ShamelaY19	96531	0.33562
		شرح الإلمام بأحاديث الأحكام	تقي الدين أبو الفتح محمد بن علي بن وهب بن مطيع القشيري، المعروف بابن دقيق العيد (المتوفى: 702 هـ)	ShamAY	32554	0.3356
		تفسير النعماني اورساله المحكم و المتشابه	محمد بن ابراهيم نعماني	Ghbook	13999	0.33557
		معجم أهم مصنفات التراجم المطبوعة	عبد الله بن محمد البصيري	Sham19Y	12886	0.33554
		معالم عصر الخلفاء الراشدين	علي بن نايف الشحود	ShamAY	35795	0.33547
		 التبصير في الدين وتمييز الفرقة الناجية عن الفرق الهالكين 	 ابو المظفر الاسفرايني 	ABLibrary	8375	0.33547
		التنوير شرح الجامع الصغير	محمد بن إسماعيل بن صلاح بن محمد الحسني، الكحلاني ثم الصنعاني، أبو إبراهيم، عز الدين، المعروف كأسلافه بالأمير (المتوفى: 1182ه)	ShamelaY19	122096	0.33538
		فوائد حديث أبي عمير لابن القاص	أبو العباس أحمد بن أبي أحمد الطبري المعروف بـ ابن القاصِّ (المتوفى: 335هـ)	ShamAY	13148	0.33531
		إنكار التكبير الجماعي وغيره	حمود بن عبد الله بن حمود بن عبد الرحمن التويجري (المتوفى: 1413هـ)	ShamAY	32263	0.33528
		التفسير والمفسرون في غرب أفريقيا	محمد بن رزق بن عبد الناصر بن طرهوني الكعبي السلمي أبو الأرقم المصري المدني	ShamAY	32194	0.33526
		إخبار أهل الرسوخ في الفقه والتحديث بمقدار المنسوخ من الحديث	جمال الدين أبو الفرج عبد الرحمن بن علي بن محمد الجوزي (المتوفى: 597ه)	ShamelaY19	22002	0.33525
		تاريخ اليمن	عماره بن علي عماره يمني	Ghbook	11113	0.33525
		صلاة التوبة والأحكام المتعلقة بها في الفقه الإسلامي	عبد الله بن عبد العزيز بن حمادة الجبرين	ShamAY	4144	0.33521
		الفضائل‏	شاذان بن جبرئيل القمي‏	Masaha	2857	0.33513
		الذّريعة إلى تصانيف الشّيعة [ج ١٨]	الشيخ آقا بزرك الطهراني	Rafed	484	0.33512
		 سوابق عنوان المجد في تاريخ نجد 	 عثمان بن عبد الله ابن بشر 	ABLibrary	9125	0.33509
		موقف أهل السنة والجماعة من البدع والمبتدعة	عبد الرحمن بن عبد الخالق	ShamAY	35704	0.33507
		الإمام المهدي عليه السلام في القرآن و السنة	سعيد ابو معاش	Masaha	2369	0.33505
		تدريب الراوي في شرح تقريب النواوي	عبد الرحمن بن أبي بكر، جلال الدين السيوطي (المتوفى: 911ه)	Sham19Y	9329	0.33503
		معجم أهم مصنفات التراجم المطبوعة	عبد الله بن محمد البصيري	ShamAY	12886	0.33494
		شذا الرياحين من أخبار الصالحين	أبو مالك محمد بن حامد بن عبد الوهاب	ShamAY	33737	0.33488
		المُنْجِياتُ منَ النَّار	علي بن نايف الشحود	ShamAY	586	0.33485
		شبهات حول الصحابة أم المؤمنين عائشة	ابن تيمية	ShamAY	37806	0.33483
		القواعد والفوائد الأصولية ومايتبعها من الأحكام الفرعية	ابن اللحام، علاء الدين أبو الحسن علي بن محمد بن عباس البعلي الدمشقي الحنبلي (المتوفى: 803هـ)	ShamAY	32116	0.33482
		موسوعة عبد الله بن عبّاس [ج ٥]	السيد محمد مهدي السيد حسن الموسوي الخرسان	Rafed	1173	0.33481
		ما له حكم الرفع من أقوال الصحابة وأفعالهم	أبو ياسر محمد بن مطر بن عثمان آل مطر الزهراني (المتوفى: 1427ه)	Sham19Y	11367	0.33468
		منزلة السنة في التشريع	إبراهيم عبد المقتدر	ShamAY	37592	0.33466
		القواعد والفوائد الأصولية ومايتبعها من الأحكام الفرعية	ابن اللحام، علاء الدين أبو الحسن علي بن محمد بن عباس البعلي الدمشقي الحنبلي (المتوفى: 803هـ)	ShamAY	8526	0.33465
		الانتصار لأهل الحديث - بازمول	محمد بن عمر بازمول	ShamAY	37364	0.33458
		التّفسير [ج ٢]	أبي النضر محمد بن مسعود بن عيّاش السلمي السمرقندي [ العيّاشي ]	Rafed	3385	0.33455
		إثارة التّرغيب والتّشويق إلى المساجد الثّلاثة والبيت العتيق	محمّد بن إسحاق الخوارزمي	Rafed	2013	0.33454
		 مسالك الأبصار في ممالك الأمصار 	 أحمد بن يحيى العمري 	ABLibrary	9189	0.33453
		مسائل خلافية حار فيها أهل السنة	الشيخ علي آل محسن	Rafed	165	0.33451
		إصلاح غلط أبي عبيد في غريب الحديث	ابن قتيبة عبد الله بن مسلم الدينوري (المتوفى: 276 هـ)	ShamAY	38877	0.3345
		المحرّر الوجيز في تفسير الكتاب العزيز [ج ٣]	أبي محمّد عبدالحقّ بن غالب بن عطيّة الأندلسي	Rafed	3297	0.33449
		فتح الغفار الجامع لأحكام سنة نبينا المختار	الحسن بن أحمد بن يوسف بن محمد بن أحمد الرُّباعي الصنعاني (المتوفى: 1276هـ)	ShamAY	6610	0.33448
		الدعوة الإصلاحية في بلاد نجد على يد الإمام محمد بن عبد الوهاب وأعلامها من بعده	عبد الله بن محمد بن عبد المحسن المطوع	Sham19Y	7615	0.33435
		الصلاة خير من النوم في الاذان / الوجه الآخر؟!	علي شهرستاني	Ghbook	16154	0.33432
		الجهود التفسيرية عند الامام الحسين عليه السلام	عبدالحسين راشد معارج	Ghbook	15672	0.33429
		حقيقة التشيع ونشأته	الأستاذ صباح البياتي	Masaha	238	0.33425
		أصول الكرخي	أبو الحسن الكرخي	ShamAY	37496	0.33422
		السيرة النبوية الصحيحة محاولة لتطبيق قواعد المحدثين في نقد روايات السيرة النبوية	د. أكرم ضياء العمري	ShamelaY19	122396	0.33422
		تدريب الراوي في شرح تقريب النواوي	عبد الرحمن بن أبي بكر، جلال الدين السيوطي (المتوفى: 911هـ)	ShamAY	9329	0.33421
		القاعدة الذهبية في المعاملات الإسلامية لا ضرر ولا ضرار	زين الدين عبد الرحمن بن أحمد بن رجب بن الحسن، السَلامي، البغدادي، ثم الدمشقي، الحنبلي (المتوفى: 795هـ)	ShamAY	10910	0.33416
		نظره في كتاب السنه و الشيعه	عبدالحسين اميني ( علامه اميني )	Ghbook	4585	0.33409
		ألفية ابن مالك منهجها وشروحها	غريب عبد المجيد نافع	ShamAY	22756	0.33407
		الدعوة الإصلاحية في بلاد نجد على يد الإمام محمد بن عبد الوهاب وأعلامها من بعده	عبد الله بن محمد بن عبد المحسن المطوع	ShamAY	7615	0.33396
		حدائق الأنوار ومطالع الأسرار في سيرة النبي المختار	محمد بن عمر بن مبارك الحميري الحضرمي الشافعي، الشهير ب «بحرق» (المتوفى: 930ه)	Sham19Y	9795	0.33396
		فضائل الأعمال للمقدسي	ضياء الدين أبو عبد الله محمد بن عبد الواحد المقدسي (المتوفى: 643هـ)	ShamAY	4425	0.33395
		ذيل مرآة الزمان	قطب الدين أبو الفتح موسى بن محمد اليونيني (المتوفى: 726 ه)	Sham19Y	12722	0.33393
		شرح حديث ابن عباس في الفرائض	عبد المحسن بن محمد المنيف	ShamAY	12248	0.33392
		شرح مسند أبي حنيفة	علي بن (سلطان) محمد، أبو الحسن نور الدين الملا الهروي القاري (المتوفى: 1014هـ)	ShamAY	1504	0.33392
		صيانة الآثار الإسلاميّة	الشيخ جعفر السبحاني	Masaha	301	0.33391
		أحكام الاختلاف في رؤية هلال ذي الحجة	زين الدين عبد الرحمن بن أحمد بن رجب بن الحسن، السَلامي، البغدادي، ثم الدمشقي، الحنبلي (المتوفى: 795هـ)	ShamAY	667	0.33383
		بزوغ الهلال في الخصال الموجبة للظلال	عبد الرحمن بن أبي بكر، جلال الدين السيوطي (المتوفى: 911هـ)	ShamAY	213	0.33382
		مشاهير النساء المسلمات	علي بن نايف الشحود	ShamAY	35794	0.33379
		الفلك المشحون فيما يتعلق بانتفاع المرتهن والمرهون	الإمام محمد عبد الحي اللكنوي (ت1304هـ)	ShamAY	36007	0.33373
		تحفة الطالب والجليس في كشف شبه داود بن جرجيس	عبد اللطيف بن عبد الرحمن بن حسن بن محمد بن عبد الوهاب آل الشيخ (المتوفى: 1293هـ)	ShamAY	11082	0.3337
		أحكام أهل الذمة	محمد بن أبي بكر بن أيوب بن سعد شمس الدين ابن قيم الجوزية (المتوفى: 751ه)	ShamelaY19	21747	0.3337
		مطاعن سيد قطب في أصحاب رسول الله صلى الله عليه وسلم	ربيع بن هادي المدخلي	ShamAY	33007	0.33366
		الامام جعفر الصادق عليه السلام امام المسلمين 	المستشار عبدالحليم الجندي	Ghbook	4973	0.33362
		القول الفاصل في الردّ على مدّعي التحريف	آية الله السيّد شهاب الدين الحسيني المرعشي النجفي	Rafed	3483	0.3336
		شأن الدعاء	عبد الرحمن السحيم	ShamAY	35109	0.33358
		رحلة ابن معصوم المدني أو سلوة الغريب وأسوة الأريب	السيد علي صدر الدين المدني	Rafed	2267	0.33358
		الطرق الحكمية في السياسة الشرعية	محمد بن أبي بكر أيوب الزرعي ابن القيم أبو عبد الله	ShamAY	34418	0.33354
		تدوين القرآن	علي كوراني	Ghbook	5713	0.33354
		الخلاصة في أحكام الشهيد	الواحدي :: علي بن نايف الشحود	ShamAY	36073	0.33353
		الجنة والنار من الكتاب والسنة المطهرة	عبد الرحمن بن سعيد بن علي بن وهف القحطاني (المتوفى: 1422هـ)	ShamAY	1808	0.33348
		ذيل مرآة الزمان	قطب الدين أبو الفتح موسى بن محمد اليونيني (المتوفى: 726 هـ)	ShamAY	12722	0.33347
		إيضاح المحجة في الرد على صاحب طنجة	حمود بن عبد الله بن حمود بن عبد الرحمن التويجري (المتوفى: 1413هـ)	ShamAY	32265	0.33346
				ShamAY	37993	0.33344
		الجوهر النفيس في سياسة الرئيس	ابن الحداد محمد بن منصور بن حبيش (المتوفى: بعد 673هـ)	ShamAY	9681	0.33344
		بحوث وتحقيقات (عبد العزيز الميمني)	عبد العزيز الميمني	ShamAY	37999	0.33344
		منهاج الكرامة في معرفة الإمامة	العلامة الحلي	Masaha	443	0.33341
		الصارم المسلول على شاتم الرسول - ط ابن حزم	تقي الدين أبو العباس أحمد بن عبد الحليم بن تيمية الحراني	ShamAY	34362	0.3334
		أمالي المرتضى غرر الفوائد ودرر القلائد (معتزلي)	الشريف المرتضى علي بن الحسين الموسوي العلوي (355 - 436 ه)	ShamelaY19	20937	0.33338
		مبتدعون يتاجرون بالبدعه	لجنة البحوث و الدراسات بالطريقة العزمية	Ghbook	7699	0.33335
		نهج الرشاد في نظم الاعتقاد	يوسف بن محمد بن مسعود بن محمد العبادي العقيلي، جمال الدين السرمري (المتوفى: 776هـ)	ShamAY	31919	0.33333
		إعلام الخائض بجواز مس المصحف للجنب والحائض	أبي الفضل عمر بن مسعود الحدوشي	ShamAY	36318	0.33333
		أبو الحسن الأشعري	حماد بن محمد الأنصاري الخزرجي السعدي (المتوفى: 1418هـ)	ShamAY	12159	0.33332
		الصواعق المحرقة على أهل الرفض والضلال والزندقة	أحمد بن محمد بن علي بن حجر الهيتمي السعدي الأنصاري، شهاب الدين شيخ الإسلام، أبو العباس (المتوفى: 974هـ)	ShamAY	6544	0.33329
		شرح مختصر الطحاوي للجصاص	أحمد بن علي أبو بكر الرازي الجصاص الحنفي (المتوفى: 370 هـ)	ShamAY	32355	0.3332
		 تاريخ بخارى 	 محمد بن جعفر النرشخي 	ABLibrary	8987	0.33315
		رسالة لطيفة في شرح حديث أنت ومالك لأبيك - سلسلة لقاء العشر الأواخر بالمسجد الحرام (28)	محمد بن إسماعيل بن صلاح بن محمد الحسني، الكحلاني ثم الصنعاني، أبو إبراهيم، عز الدين، المعروف كأسلافه بالأمير (المتوفى: 1182 هـ)	ShamAY	32499	0.33312
		 رياض الأبرار في مناقب الأئمة الأطهار ( ع ) 	 السيد نعمة الله الجزائري 	ABLibrary	7539	0.33311
		بحث في إجابة الدعوة	إبراهيم بن علي بن عبيد العبيد	ShamAY	9047	0.33305
		شرح الأخبار في فضائل الأئمة الأطهار [ج ١]	القاضي النعمان بن محمّد التميميّ المغربي	Rafed	785	0.33305
		الرد على أصول الرافضة مفهرسا	علي بن نايف الشحود	ShamAY	35266	0.33304
		رحلة ابن خلدون	محمّد بن تاويت الطنجي	Rafed	2403	0.33303
		فاطمه الزهراء ( سلام الله عليها ) في القرآن	آيت الله العظمي حسيني	Ghbook	7921	0.33301
		 الموسوعة الكبرى عن فاطمة الزهراء ( س ) 	 اسماعيل الأنصاري الزنجاني الخوئيني 	ABLibrary	7825	0.333
		من أعلام أهل السنة والجماعة عبد الله بن المبارك	أبو ياسر محمد بن مطر بن عثمان آل مطر الزهراني (المتوفى: 1427ه)	Sham19Y	12067	0.33295
		ثناء شيخ الإسلام على آل بيت النبوة		ShamAY	35526	0.33292
		تدليس رواة الحديث وأنواعه	عبد الله السعد	ShamAY	37270	0.33291
		 عبقات الأنوار في إمامة الأئمة الأطهار ( فارسي ) 	 السيد حامد النقوي 	ABLibrary	8507	0.33291
		براءةُ الصَّحابة الأخيار من التبرُّك بالأماكن والآثَار	ربيع بن هادي المدخلي	ShamAY	33203	0.3329
		المهدي الموعود المنتظر عند علماء أهل السنة و الامامية - الجزء1	نجم الدين العسكري	Masaha	2511	0.3329
		جواب أهل السنة النبوية في نقض كلام الشيعة والزيدية (مطبوع ضمن الرسائل والمسائل النجدية، الجزء الرابع، القسم الأول)	أبو سليمان عبد الله بن محمد بن عبد الوهاب بن سليمان التميمي النجدي (المتوفى: 1242هـ)	ShamAY	11146	0.33289
		أصول الإيمان (مطبوع ضمن مؤلفات الشيخ محمد بن عبد الوهاب، الجزء الأول)	محمد بن عبد الوهاب بن سليمان التميمي النجدي (المتوفى: 1206ه)	Sham19Y	7504	0.33286
		خطط الكوفة وشرح خريطتها	لويي ماسينيون	Masaha	4449	0.33283
		 منتهى السؤل على وسائل الوصول إلى شمائل الرسول ( ص ) 	 عبد الله بن سعيد محمد عبادي اللحجي 	ABLibrary	7799	0.33282
		الجمل و النصرة لسيد العترة في حرب البصرة	الشيخ المفيد	Masaha	1939	0.3328
		مختصر فضايل الخمسه من الصحاح السنه	مرتضي حسيني فيروزآبادي	Ghbook	10927	0.3328
		 المغرب في حلي المغرب 	 علي بن موسى الغرناطي الأندلسي 	ABLibrary	9220	0.33275
		حديث الضب الذي تكلم بين يدي النبي للطبراني	سليمان بن أحمد بن أيوب بن مطير اللخمي الشامي، أبو القاسم الطبراني (المتوفى: 360هـ)	ShamAY	28925	0.33274
		تنبيه المؤمن الأواه بفضائل لا إله إلا الله	أحمد بن يوسف بن محمد الأهدل	ShamelaY19	96845	0.33274
		شرح الموقظة للذهبي	أبو المنذر محمود بن محمد بن مصطفى بن عبد اللطيف المنياوي	ShamAY	577	0.33268
		البناية شرح الهداية	أبو محمد محمود بن أحمد بن موسى بن أحمد بن حسين الغيتابى الحنفى بدر الدين العينى (المتوفى: 855هـ)	ShamAY	427	0.33267
		رد الاباطيل عن نهضه الحسين عليه السلام	عبدالله حسين	Ghbook	5961	0.33266
		 معرفة الإمام 	 السيد محمد حسين الطهراني 	ABLibrary	8883	0.33262
		المرقصات والمطربات	أبو الحسن على بن موسى بن سعيد المغربي الأندلسي (المتوفى: 685هـ)	ShamAY	665	0.3326
		مهمات حول الجهاد	صالح الفوزان	ShamAY	31295	0.3326
		اراء علماء المسلمين فى التقية والصحابة وصيانة القران الكريم	السيد مرتضى الرضوي	Masaha	1660	0.33259
		أحكام أهل الذمة	محمد بن أبي بكر بن أيوب بن سعد شمس الدين ابن قيم الجوزية (المتوفى: 751هـ)	ShamAY	21747	0.33256
		مجموعة الحديث على أبواب الفقه (مطبوع ضمن مؤلفات الشيخ محمد بن عبد الوهاب، الجزء السابع، الثامن، التاسع، العاشر)	محمد بن عبد الوهاب بن سليمان التميمي النجدي (المتوفى: 1206هـ)	ShamAY	12061	0.33256
		حدائق الأنوار ومطالع الأسرار في سيرة النبي المختار	محمد بن عمر بن مبارك الحميري الحضرمي الشافعي، الشهير بـ «بَحْرَق» (المتوفى: 930هـ)	ShamAY	9795	0.33252
		 بحوث في الملل والنحل 	 الشيخ السبحاني 	ABLibrary	8359	0.33249
		 تاريخ الخميس في أحوال أنفس النفيس 	 الشيخ حسين بن الحسن الريار بكري 	ABLibrary	7446	0.33235
		خطط الكوفة وشريح خريطتها	لويس ماسينيون	Rafed	2298	0.33227
		موسوعة العتبات المقدسة  - الجزء1	جعفر الخليلي	Masaha	3747	0.33224
		هذا القرآن في مائة حديث نبوي	الدكتور محمد زكي محمد خضر	ShamAY	36846	0.33221
		أنس المسجون وراحة المحزون	صفيّ الدين، أبو الفتح عيسى بن البحتري الحلبي (المتوفى: بعد 625هـ)	ShamAY	31707	0.33219
		الجامع في الرسائل الدعوية	علي بن نايف الشحود	ShamAY	33260	0.33211
		الرد الأمين على كُتب عُمر أُمّة الإسلام وردّ السهام والقول المبين	شريف مراد أبو عمرو	ShamAY	1247	0.33211
		جمع الفوائد من جامع الأصول ومجمع الزوائد	محمد بن محمد بن سليمان بن الفاسي بن طاهر السوسي الردواني المغربي المالكي (المتوفى: 1094ه)	ShamelaY19	36446	0.33208
		الشيعه في القرآن	آيت الله العظمي حسيني	Ghbook	7966	0.33204
		الشماريخ في علم التاريخ	عبد الرحمن بن أبي بكر، جلال الدين السيوطي (المتوفى: 911هـ)	ShamAY	7650	0.33201
		شخصية المختار الثقفي عند المورخين القدامي	سالم لذيذ والي الغزي	Ghbook	15735	0.332
		المرقصات والمطربات	أبو الحسن على بن موسى بن سعيد المغربي الأندلسي (المتوفى: 685ه)	Sham19Y	665	0.33198
		تفسير كنز الدّقائق وبحر الغرائب [ج ٧]	الشيخ محمّد بن محمّد رضا القمّي المشهدي	Rafed	3008	0.33195
		التعريف بالإسلام	مركز قطر للتعريف بالإسلام	ShamAY	144	0.33193
		منهاج التفسير بين أهل السُّنة والشيعة الاثني عشرية		ShamAY	36952	0.33192
		شرح الموقظة للذهبي	أبو المنذر محمود بن محمد بن مصطفى بن عبد اللطيف المنياوي	ShamelaY19	36195	0.33187
		نساء حول الرسول	محمد برهان	ShamAY	35831	0.33186
		كتابة الحديث النبوي في عهد النبي صلى الله عليه وسلم بين النهي والإذن	حسناء بنت بكري نجار	ShamAY	11344	0.33186
		الإقتباس من القرآن الكريم [ج ١]	أبي منصور عبد الملك بن محمّد بن اسماعيل الثعالبي	Rafed	3176	0.33183
		معجم ما كتب عن الرسول و أهل بيته‏ - الجزء1	عبد الجبار الرفاعي‏	Masaha	3011	0.33183
		مجموعة الحديث على أبواب الفقه (مطبوع ضمن مؤلفات الشيخ محمد بن عبد الوهاب، الجزء السابع، الثامن، التاسع، العاشر)	محمد بن عبد الوهاب بن سليمان التميمي النجدي (المتوفى: 1206ه)	Sham19Y	12061	0.33181
		موسوعة العتبات المقدسة - الجزء1	جعفر الخليلي	Masaha	3049	0.33181
		دلائل الأثر على تحريم التمثيل بالشعر	حمود بن عبد الله بن حمود بن عبد الرحمن التويجري (المتوفى: 1413هـ)	ShamAY	32269	0.3318
		القطع والائتناف	أبو جعفر أحمد بن محمد بن إسماعيل النَّحَّاس	ShamAY	38962	0.33172
		حياه الامام الرضا ( عليه السلام )	سيد جعفرمرتضي حسيني عاملي	Ghbook	7131	0.33168
		الطبقات السنية في تراجم الحنفية - ت الحلو	المولى تقي الدين بن عبد القادر التميمي الدّاريّ الغزّيّ المصريّ الحنفيّ المتوفي سنة 1005 هـ (1010 هـ)	ShamAY	34662	0.33165
		إرشاد طلاب الحقائق إلى معرفة سنن خير الخلائق - صلى الله عليه وسلم -	محيي الدين أبو زكريا يحيى بن شرف النووي الدمشقي (631 - 676 ه)	ShamelaY19	127654	0.33163
		الجامع في السنن والآداب والمغازي والتاريخ	أبو محمد عبد الله بن أبي زيد القيرواني (المتوفى 386 ه)	Sham19Y	18260	0.3316
		قاعدة مختصرة في وجوب طاعة الله ورسوله وولاة الأمور	تقي الدين أبو العباس أحمد بن عبد الحليم بن عبد السلام بن عبد الله بن أبي القاسم بن محمد ابن تيمية الحراني الحنبلي الدمشقي (المتوفى: 728ه)	Sham19Y	11290	0.33157
		المُفصَّلُ في علوم الحديث	علي بن نايف الشحود	ShamAY	37295	0.33156
		القول العطر في نبوه سيدنا الخضر ( عليه السلام )	حسن بن علي سقاف	Ghbook	7127	0.33155
		الأربعون النووية	أبو زكريا محيي الدين يحيى بن شرف النووي (المتوفى: 676ه)	Sham19Y	12836	0.33149
		 الذريعة 	 آقا بزرگ الطهراني 	ABLibrary	848	0.33146
		احقاق الحق و ازهاق الباطل	نورالله حسيني مرعشي تستري ( قاضي نورالله شوشتري )	Ghbook	4611	0.33146
		التعليق الرشيق في التختم بالعقيق للناجي	إبراهيم بن محمد بن محمود بن بدر، برهان الدين، أبو إسحاق الحلبي القبيباتي الشافعيّ الناجي (المتوفى: 900هـ)	ShamAY	26961	0.33142
		السيرة النبوية عند الهيثمي في كتابه مجمع الزوائد ومنبع الفوائد	سليمان بن عبد الله السويكت	ShamAY	7645	0.33138
		الجزء فيه تفسير القرآن ليحيى بن يمان ونافع بن أبي نعيم القارئ ومسلم بن خالد الزنجي وعطاء الخراساني برواية أبي جعفر الترمذي	أبو جعفر الترمذي محمد بن أحمد بن نصر الشافعي الترمذي الرملي الفقيه (المتوفى: 295ه)	Sham19Y	26470	0.33136
		الانشراحُ وَرَفعُ الضِّيق في سِيرة أبي بَكْر الصِّديق شخصيته وَعَصره	عَلي محمد محمد الصَّلاَّبي	ShamAY	255	0.33134
		الشفا بتعريف حقوق المصطفى - ت كوشك	عياض بن موسى بن عياض بن عمرون اليحصبي السبتي، أبو الفضل	ShamAY	38635	0.33131
		من هدي السلف في طلب العلم	أبو ياسر محمد بن مطر بن عثمان آل مطر الزهراني (المتوفى: 1427هـ)	ShamAY	12088	0.33127
		قطف الثمر في بيان عقيدة أهل الأثر	أبو الطيب محمد صديق خان بن حسن بن علي ابن لطف الله الحسيني البخاري القِنَّوجي (المتوفى: 1307هـ)	ShamAY	3874	0.33114
		رد خبر الواحد بما يسمى بـ ( الانقطاع الباطن )حقيقته ، وحكمه وأثره في الفقه الإسلامي	د. ترحيب بن ربيعان الدوسري	ShamAY	37588	0.33114
		سعادة الماجد بعمارة المساجد	حسن بن عمار بن علي الشرنبلالي المصري الحنفي (المتوفى: 1069ه)	ShamelaY19	96854	0.33109
		عقيدة أهل الإيمان في خلق آدم على صورة الرحمن	حمود بن عبد الله بن حمود بن عبد الرحمن التويجري (المتوفى: 1413هـ)	ShamAY	32264	0.33107
		التبيان في آداب حملة القرآن (ط الوكالة العامة)	أبو زكريا يحيى بن شرف الدين النووي	ShamAY	34087	0.33098
		حجية قول الصحابي عند السلف ... د. ترحيب الدوسري	د. ترحيب بن ربيعان بن هادي الدوسري	ShamAY	37587	0.33096
		أحكام أهل الذمة (العلمية)	الواحدي :: ابن القيم	ShamAY	34409	0.33092
		تفسير كنز الدّقائق وبحر الغرائب [ج ١]	الشيخ محمّد بن محمّد رضا القمّي المشهدي	Rafed	2084	0.3309
		كتاب معرفة اشتقاق أسماء نطق بها القرآن وجاءت بها السنن والأخبار وتأويل ألفاظ مستعملة	السجستاني، ابن عزير	ShamAY	36737	0.33089
		فتح الباري شرح صحيح البخاري	زين الدين عبد الرحمن بن أحمد بن رجب بن الحسن، السَلامي، البغدادي، ثم الدمشقي، الحنبلي (المتوفى: 795هـ)	ShamAY	137	0.33086
		السيرة النبوية عند الهيثمي في كتابه مجمع الزوائد ومنبع الفوائد	سليمان بن عبد الله السويكت	Sham19Y	7645	0.33077
		مفيد المستفيد في كفر تارك التوحيد (مطبوع ضمن مؤلفات الشيخ محمد بن عبد الوهاب، الجزء الأول)	محمد بن عبد الوهاب بن سليمان التميمي النجدي (المتوفى: 1206هـ)	ShamAY	12078	0.33064
		دعوة الهدى إلى الورع في الأفعال والفتوى	الشيخ محمد جواد البلاغي	Masaha	254	0.33064
		أعلام المهندسين في الاسلام	احمد تيمور	Masaha	4071	0.33063
		شرح الأخبار في فضائل الأئمة الأطهار(ع) - الجزء1	القاضي نعمان المغربي‏	Masaha	2225	0.33059
		تفسير كنز الدّقائق وبحر الغرائب [ج ٣]	الشيخ محمّد بن محمّد رضا القمّي المشهدي	Rafed	2091	0.33058
		بحار الأنوار [ج ٨٥]	الشيخ محمّد باقر بن محمّد تقي المجلسي	Rafed	1149	0.33056
		فضائل الخمسة من الصحاح الستة - الجزء1	السيد مرتضى الفيروزآبادي‏	Masaha	2877	0.33051
		عمدة الكتاب لأبي جعفر النحاس	أبو جعفر النحاس أحمد بن محمد بن إسماعيل بن يونس المرادي النحوي (المتوفى: 338ه)	ShamelaY19	26803	0.33045
		سعادة الماجد بعمارة المساجد	حسن بن عمار بن علي الشرنبلالي المصري الحنفي (المتوفى: 1069هـ)	ShamAY	2015	0.33044
		صيانة الآثار الإسلاميّة	الشيخ جعفر السبحاني	Rafed	3525	0.33037
		رياض الصالحين ط الرسالة	أبو زكريا محيي الدين يحيى بن شرف النووي (المتوفى: 676هـ)	ShamAY	12014	0.33036
		دراسة كتاب الرد على الجهمية للدارمي	حمود السلامه	ShamAY	35757	0.33035
		معجم أعلام شعراء المدح النبوي	محمد أحمد درنيقة	ShamelaY19	23679	0.33035
		المهديه بنظره جديده	سيد جعفرمرتضي حسيني عاملي	Ghbook	6637	0.33035
		التنكيل - دار المعارف	عبد الرحمن المعلمي اليماني	ShamAY	34036	0.33032
		دستور معالم الحكم ومأثور مكارم الشيم	أبو عبد الله محمد بن سلامة بن جعفر بن علي بن حكمون القضاعي المصري (المتوفى: 454هـ)	ShamAY	35175	0.33029
		 القول الفاصل في الرد على مدعي التحريف 	 السيد المرعشي 	ABLibrary	8575	0.33024
		 العوالم ، السيدة الزهراء ( س ) 	 الشيخ عبد الله البحراني 	ABLibrary	7613	0.33021
		 بحار الأنوار 	 العلامة المجلسي 	ABLibrary	755	0.33018
		أزمة الخلافة والإمامة وآثارها المعاصرة	د. أسعد القاسم	Masaha	76	0.33018
		بحار الأنوار [ج ١١]	الشيخ محمّد باقر بن محمّد تقي المجلسي	Rafed	831	0.33009
		علو الهمة	محمد بن أحمد بن إسماعيل المقدم	Sham19Y	96278	0.32997
		أنس المسجون وراحة المحزون	صفي الدين، أبو الفتح عيسى بن البحتري الحلبي (المتوفى: بعد 625ه)	ShamelaY19	120146	0.32993
		مرآة الزمان في تواريخ الأعيان	شمس الدين أبو المظفر يوسف بن قِزْأُوغلي بن عبد الله المعروف بـ «سبط ابن الجوزي» (581 - 654 هـ)	ShamAY	38953	0.32986
		فهرس مخطوطات مكتبة المدينة المنورة في ليدن		ShamAY	37622	0.32986
		حوار في التسامح والعنف	معهد الرسول الأكرم(ص)	Masaha	566	0.32981
		أذكار الجهاد و الدعاء على الكفار الصحيحة	وَائِلُ بْنُ عَلِيٍّ الدِّسُوقِيُّ	ShamAY	35151	0.32976
		التبيان في آداب حملة القرآن	أبو زكريا محيي الدين يحيى بن شرف النووي (المتوفى: 676ه)	Sham19Y	1969	0.32976
		الزيارة والتوسّل	الدكتور صائب عبد الحميد	Rafed	1190	0.32975
		تأويل مختلف الحديث - الجيل	عبدالله بن مسلم بن قتيبة أبو محمد الدينوري	ShamAY	33526	0.32974
		من أقوال المنصفين في الصحابي الخليفة معاوية رضي الله عنه	الواحدي :: عبد المحسن العباد	ShamAY	35829	0.32973
		المنهاج النبوي في تربية الأطفال	علي بن نايف الشحود	ShamAY	34838	0.32973
		الأربعون النووية (مع زيادات ابن رجب رحمهما الله)	محيي الدين النووي (631 - 676 ه) وابن رجب الحنبلي (736 - 795 ه)	Sham19Y	147927	0.32972
		الفروق على مذهب الإمام أحمد بن حنبل	معظم الدين أبو عبد الله السامري (المتوفى: 616 هـ)	ShamAY	38488	0.32963
		شرح صحيح البخاري للحويني	أبو إسحاق الحويني الأثري حجازي محمد شريف	Sham19Y	2082	0.32954
		إعلاَمُ الأَنَام بِمَا انْتَهَى إِلَيْهِ السَّلام	أبي محمَّد إبراهيم بن شريف الميلي	ShamAY	36715	0.32952
		وصية النبي صلّى الله عليه وآله	علي موسى الكعبي	Rafed	169	0.3295
		تحقيق التجريد في شرح كتاب التوحيد	عبد الهادي [هادي] بن محمد بن عبد الهادي [هادي] بن بكري بن محمد بن مهدي بن موسى بن جعثم بن عجيل (العجيلي) (المتوفى: ق 13هـ)	ShamAY	12001	0.32941
		تخريج أحاديث المصطلحات 4	الواحدي :: ناصر الدين الألباني	ShamAY	33146	0.32941
		كتاب الأيمان "ومعالمه، وسننه، واستكماله، ودرجاته"	أبو عُبيد القاسم بن سلاّم بن عبد الله الهروي البغدادي (المتوفى: 224هـ)	ShamAY	10638	0.32933
		مصطلح الحديث في كتاب إعلام الموقعين	علي بن عبد الرحمن العويشز	ShamAY	37287	0.32932
		الأذكار النووية أو «حلية الأبرار وشعار الأخيار في تلخيص الدعوات والأذكار المستحبة في الليل والنهار»	أبو زكريا محيي الدين يحيى بن شرف النووي (المتوفى: 676هـ)	ShamAY	31844	0.32922
		شرح سنن الترمذي - عبد الكريم الخضير	عبد الكريم الخضير	ShamAY	70	0.32921
		الأحاديث والآثار الواردة في سنة الجمعة القبلية	د. إبراهيم بن علي بن عبيد العبيد	ShamAY	36330	0.32921
		شرح صحيح البخاري للحويني	أبو إسحاق الحويني الأثري حجازي محمد شريف	ShamAY	2082	0.3292
		الوسيط في علوم ومصطلح الحديث	محمد بن محمد بن سويلم أبو شُهبة (المتوفى: 1403هـ)	ShamAY	9987	0.32915
		عمدة الكتاب لأبي جعفر النحاس	أبو جعفر النَّحَّاس أحمد بن محمد بن إسماعيل بن يونس المرادي النحوي (المتوفى: 338هـ)	ShamAY	26803	0.3291
		 سيرة الأئمة الاثني عشر ( ع ) 	 هاشم معروف الحسني 	ABLibrary	7548	0.3291
		صدق النبأ في بيان حقيقة عبد الله بن سبأ	أبو عبد الله الذهبي	ShamAY	35683	0.32908
		مستدرك الوسائل [ج ١٠]	الشيخ حسين النوري الطبرسي [ المحدّث النوري ]	Rafed	1152	0.32908
		 صيانة الآثار الإسلامية 	 الشيخ السبحاني 	ABLibrary	8487	0.32908
		تراثنا ـ العددان [ 85 و 86 ]	مؤسسة آل البيت عليهم السلام لإحياء التراث ـ قم	Rafed	3628	0.32907
		المدخل إلى مذهب الإمام الشافعي	فهد الحبيشي	ShamAY	37534	0.32898
		اقناع اللائم علي اقامه الماتم	محسن امين عاملي	Ghbook	5900	0.32898
		الحاوي للفتاوي	عبد الرحمن بن أبي بكر، جلال الدين السيوطي (المتوفى: 911هـ)	ShamAY	21723	0.32892
		الجامع في السنن والآداب والمغازي والتاريخ	أبو محمد عبد الله بن أبي زيد القيرواني (المتوفى 386 هـ)	ShamAY	32680	0.3289
		مختصر المؤمل في الرد إلى الأمر الأول	أبو القاسم شهاب الدين عبد الرحمن بن إسماعيل بن إبراهيم المقدسي الدمشقي المعروف بأبي شامة (المتوفى: 665هـ)	ShamAY	6299	0.32887
		مفتاح السعيدية في شرح الألفية الحديثية	شمس الدين محمد بن عمار بن محمد بن أحمد المصري المالكي المعروف بابن عمار (المتوفى: 844ه)	ShamelaY19	96878	0.32886
		 خطط الكوفة وشرح خريطتها 	 لويس ماسينيون 	ABLibrary	9060	0.32884
		تاريخ أهل عمان‏	سعيد عبد الفتاح عاشور	Masaha	4777	0.32883
		فوائد منتقاة من حديث أبي شعيب الحراني	عبد الله بن الحسن أحمد، أبو شعيب الأموي الحراني (المتوفى: 295ه)	Sham19Y	29712	0.3288
		لقاءات ملتقى أهل الحديث بالعلماء	ملتقى أهل الحديث	ShamAY	812	0.32874
		علو الهمة	محمد بن أحمد بن إسماعيل المقدم	ShamAY	1760	0.32871
		مفهوم البدو الأعراب من السنة والكتاب		ShamAY	36990	0.32865
		التبيان في آداب حملة القرآن	أبو زكريا محيي الدين يحيى بن شرف النووي (المتوفى: 676هـ)	ShamAY	1969	0.32861
		حكم الاتيان بقول آمين في الصلاه	المجمع العالمي لاهل البيت عليهم السلام	Ghbook	7641	0.32861
		التصريح بما تواتر في نزول المسيح	محمد أنور شاه بن معظم شاه الكشميري الهندي (المتوفى: 1353ه)	Sham19Y	8575	0.3286
		 رحلة ابن خلدون 	 ابن خلدون 	ABLibrary	9078	0.32857
		تاريخ بخارى	أبي بكر محمّد بن جعفر النرشخي	Rafed	2668	0.32856
		شرح الصدور بشرح حال الموتى والقبور	عبد الرحمن بن أبي بكر، جلال الدين السيوطي (المتوفى: 911ه)	Sham19Y	6485	0.32853
		القبس في شرح موطأ مالك بن أنس	القاضي محمد بن عبد الله أبو بكر بن العربي المعافري الاشبيلي المالكي (المتوفى: 543ه)	ShamelaY19	122401	0.32851
		علم اليقين في أصول الدين [ج ٢]	محمّد بن المرتضى [ الفيض الكاشاني ]	Rafed	3444	0.32845
		حجية السنة النبوية ومكانتها في التشريع الإسلامي	عبد القادر بن حبيب الله السندي	ShamAY	10132	0.32843
		اراء علماء المسلمين فى التقية والصحابة وصيانة القران الكريم	السيد مرتضى الرضوي	Rafed	125	0.32843
		الإدارة في عصر الرسول صلى الله عليه وآله وسلم	أحمد عجاج كرمى (المتوفي: معاصر)	ShamAY	9762	0.32841
		أخبار الحمقى والمغفلين - المكتب التجاري	أبو الفرج عبد الرحمن بن علي بن الجوزي	ShamAY	33774	0.32841
		التّفسير [ج ١]	أبي النضر محمد بن مسعود بن عيّاش السلمي السمرقندي [ العيّاشي ]	Rafed	3384	0.32829
		قراءة جديدة لحروب الردة	علي كوراني	Ghbook	15122	0.32825
		قضيه الشيعه	آيت الله العظمي سيد محمد حسيني شيرازي	Ghbook	7776	0.32825
		تراثنا ـ العدد [ 22 ]	مؤسسة آل البيت عليهم السلام لإحياء التراث ـ قم	Rafed	2742	0.32815
		مصارع الشهداء ومقاتل السعداء	الشيخ سلمان بن عبد الله آل عصفور	Rafed	278	0.32814
		السنة ومكانتها من التشريع لعبد الحليم محمود	عبد الحليم محمود (المتوفى: 1397هـ)	ShamAY	1164	0.32812
		مجموعة من بحوث ومقالات موقع فيصل نور		ShamAY	35636	0.32801
		الكلم الطيب	تقي الدين أبو العباس أحمد بن عبد الحليم بن عبد السلام بن عبد الله بن أبي القاسم بن محمد ابن تيمية الحراني الحنبلي الدمشقي (المتوفى: 728ه)	ShamelaY19	21578	0.328
		كشف الريبة	الشهيد الثاني	Masaha	4651	0.32797
		مشارق الأنوار على صحاح الآثار	عياض بن موسى بن عياض بن عمرون اليحصبي السبتي، أبو الفضل (المتوفى: 544هـ)	ShamAY	10527	0.32795
		المجموع المغيث في غريبي القرآن والحديث	محمد بن عمر بن أحمد بن عمر بن محمد الأصبهاني المديني، أبو موسى (المتوفى: 581هـ)	ShamAY	32114	0.32787
		رسالة فيمن يدعي أن من ذرية العباس بن عبد المطلب رضي الله عنه حمزة الخلف	إبراهيم بن محمد بن محمود بن بدر، برهان الدين، أبو إسحاق الحلبي القبيباتي الشافعي الناجي (المتوفى: 900ه)	ShamelaY19	27090	0.32787
		المحاسن والأضداد	عمرو بن بحر بن محبوب الكناني بالولاء، الليثي، أبو عثمان، الشهير بالجاحظ (المتوفى: 255ه)	Sham19Y	10511	0.32787
		الإدارة في عصر الرسول صلى الله عليه وآله وسلم	أحمد عجاج كرمى (المتوفي: معاصر)	Sham19Y	9762	0.32786
		الحجاج بن يوسف الثقفي في ميزان أهل السنة والجماعة	عبد الله بن زقيل	ShamAY	35887	0.32784
		الجزء فيه تفسير القرآن ليحيى بن يمان ونافع بن أبي نعيم القارئ ومسلم بن خالد الزنجي وعطاء الخراساني برواية أبي جعفر الترمذي	أبو جعفر الترمذي محمد بن أحمد بن نصر الشافعي الترمذي الرملي الفقيه (المتوفى: 295ه)	ShamelaY19	26470	0.32777
		سلسلة الذهب فيما رواه الشافعي عن مالك عن نافع عن ابن عمر	أبو الفضل أحمد بن علي بن محمد بن أحمد بن حجر العسقلاني (المتوفى: 852هـ)	ShamAY	6023	0.32774
		الشيعة والمتعة	محمد مال الله	ShamAY	35674	0.32765
		من حديث النبي(ص) يكون لهذه الأُمة إثنا عشر قيماً	السيد مرتضى العسكري	Masaha	436	0.32764
		الشهادة الزكية في ثناء الأئمة على ابن تيمية	مرعي بن يوسف بن أبى بكر بن أحمد الكرمى المقدسي الحنبلى (المتوفى: 1033ه)	Sham19Y	6661	0.32759
		خصائص المصطفى صلى الله عليه وسلم بين الغلو والجفاء	الصادق بن محمد بن إبراهيم	ShamAY	37396	0.32758
		الرد على البردة	عبد الله بن عبد الرحمن بن عبد العزيز بن عبد الرحمن بن عبد الله بن سلطان بن خميس الملقب بـ"أبابطين" (المتوفى: 1282هـ)	ShamAY	7620	0.32755
		الرد على الرافضة أو القضاب المشتهر على رقاب ابن المطهر - رسالة في الرد على علامة الشيعة في وقته ابن مطهر الحلي	مجد الدين أبو طاهر محمد بن يعقوب الفيروزآبادى (المتوفى: 817ه)	Sham19Y	37554	0.32753
		حقيقه المهدويه و الغيبه	يحيي عبدالحسن دوخي	Ghbook	11222	0.32752
		الامام المهدي (عجل الله تعالي فرجه الشريف) في القرآن و السنه	سعيد ابومعاش	Ghbook	6583	0.32749
		من عنده علم الكتاب	جلال الصغير	Ghbook	7717	0.32748
		الامام المهدي عليه السلام	آيت الله علي حسيني ميلاني	Ghbook	13966	0.32745
		 أدب الطف أو شعراء الحسين ( ع ) 	 جواد شبر 	ABLibrary	7403	0.32739
		دعبل الخزاعي وشعره في الغدير	الشيخ عبد الحسين الأميني النجفي	Masaha	252	0.32737
		مع الحديدي في شرحه: مقتطفات هامة من شرح ابن ابي الحديد	علي خادمي	Ghbook	15626	0.32734
		حقيقه التشيع و نشاته	المجمع العالمي لاهل البيت عليهم السلام	Ghbook	7633	0.32732
		المهذب في فضائل الشام	الواحدي :: علي بن نايف الشحود	ShamAY	36099	0.32731
		 دلائل الصدق لنهج الحق 	 الشيخ محمد حسن المظفر 	ABLibrary	939	0.32728
		 موسوعة التاريخ الإسلامي 	 الشيخ محمد هادي اليوسفي الغروي 	ABLibrary	7855	0.32727
		سيّدة عشّ آل محمد صلى الله عليه وآله	السيد أبو الحسن الهاشمي	Rafed	1342	0.32725
		الحوادث الجامعة والتجارب النافعة في المائة السابعة	كمال الدين أبو الفضل عبد الرزاق بن أحمد بن محمد الصابوني المعروف بابن الفوطي (المتوفى: 723ه)	Sham19Y	400	0.32722
		 الموسوعة الكبرى عن فاطمة الزهراء ( س ) 	 اسماعيل الأنصاري الزنجاني الخوئيني 	ABLibrary	7828	0.32722
		الاحتجاج بالأثر على من أنكر المهدي المنتظر	حمود بن عبد الله بن حمود بن عبد الرحمن التويجري (المتوفى: 1413ه)	ShamelaY19	36046	0.32718
		أحكام الجنائز	أبو عبد الرحمن محمد ناصر الدين، بن الحاج نوح بن نجاتي بن آدم، الأشقودري الألباني (المتوفى: 1420هـ)	ShamAY	854	0.32717
		شرح الصدور بشرح حال الموتى والقبور	عبد الرحمن بن أبي بكر، جلال الدين السيوطي (المتوفى: 911هـ)	ShamAY	6485	0.32717
		الإنصاف في حقيقة الأولياء ومالهم من الكرامات والألطاف	محمد بن إسماعيل بن صلاح بن محمد الحسني، الكحلاني ثم الصنعاني، أبو إبراهيم، عز الدين، المعروف كأسلافه بالأمير (المتوفى: 1182هـ)	ShamAY	7556	0.32717
		مجانبة أهل الثبور المصلين في المشاهد وعند القبور	عبد العزيز بن فيصل الراجحي	Sham19Y	21511	0.32714
		موارد الإمام البيهقي في كتابه السنن الكبرى	نجم عبد الرحمن خلف	ShamAY	4776	0.32713
		مظاهر التعدي على النص الشرعي من قبل أتباع الفرق المبتدعة	عطا الله المعايطة	ShamAY	37606	0.32708
		 مقالة في تحقيق إقامة الحدود في هذه الأعصار 	 سيد محمد باقر شفتي 	ABLibrary	9364	0.32706
		المسائل التسع	حامد مرزا خان الفرغاني النمنكاني الحنفي (المتوفى: 1393هـ)	ShamAY	6254	0.32702
		تاريخ أهل عمان	١٨٩ صفحة	Rafed	2181	0.32701
		ذكر الموت لابن أبي الدنيا - مجمع - ط الفرقان ت آل سمان	أبو بكر عبد الله بن محمد ابن أبي الدنيا	ShamAY	38152	0.327
		فوائد منتقاة من حديث أبي شعيب الحراني	عبد الله بن الحسن أحمد، أبو شعيب الأموي الحراني (المتوفى: 295هـ)	ShamAY	29712	0.32694
		ربيع الأبرار ونصوص الأخيار	جار الله الزمخشري توفي 583 هـ	ShamAY	10668	0.3269
		إفادة الفضلاء ببعض أحكام الحناء	خالد الغرباني	ShamAY	36713	0.32689
		 بحار الأنوار 	 العلامة المجلسي 	ABLibrary	778	0.32689
		اعتقادات فرق المسلمين والمشركين	أبو عبد الله محمد بن عمر بن الحسن بن الحسين التيمي الرازي الملقب بفخر الدين الرازي خطيب الري (المتوفى: 606هـ)	ShamAY	6516	0.32687
		الضوء اللامع المبين عن مناهج المحدثين	أحمد محرم الشيخ ناجي	ShamAY	7452	0.32685
		الفاخر	المفضل بن سلمة بن عاصم، أبو طالب (المتوفى: نحو 290هـ)	ShamAY	9236	0.32679
		المحاسن و الأضداد	عمرو بن بحر الجاحظ	Masaha	2334	0.32678
		موسوعة التفسير قبل عهد التدوين	محمد عمر الحاجى	ShamelaY19	38099	0.32676
		الامام محمد جواد عليه السلام شبيه عيسي و يحيي و سليمان عليهم السلام	علي كوراني	Ghbook	15139	0.32675
		نفح الطّيب [ج ٥]	الشيخ أحمد بن محمد المقري التلمساني	Rafed	2801	0.32674
		تنبيهات على رسالتين للشيخ أبي بكر الجزائري	حمود بن عبد الله بن حمود بن عبد الرحمن التويجري (المتوفى: 1413ه)	Sham19Y	17402	0.3267
		بحوث في الملل والنّحل [ج ٥]	الشيخ جعفر السبحاني	Rafed	186	0.3267
		الإمام الصادق عليه السلام [ج ٢]	الشيخ محمّد حسين المظفّر	Rafed	686	0.32668
		بحار الأنوار [ج ٧٤]	الشيخ محمّد باقر بن محمّد تقي المجلسي	Rafed	1095	0.32666
		البلدان	ابي عبدالله احمد بن محمد بن اسحاق الهمذاني	Ghbook	10358	0.32663
		الإتحافات السنية بالأحاديث القدسية ومعه النفحات السلفية بشرح الأحاديث القدسية	زين الدين محمد المدعو بعبد الرؤوف بن تاج العارفين بن علي بن زين العابدين الحدادي ثم المناوي القاهري (المتوفى: 1031هـ)	ShamAY	7266	0.32661
		مواهب الجليل في شرح مختصر خليل	شمس الدين أبو عبد الله محمد بن محمد بن عبد الرحمن الطرابلسي المغربي، المعروف بالحطاب الرُّعيني المالكي (المتوفى: 954هـ)	ShamAY	569	0.3266
		المحاسن والأضداد	عمرو بن بحر بن محبوب الكناني بالولاء، الليثي، أبو عثمان، الشهير بالجاحظ (المتوفى: 255هـ)	ShamAY	10511	0.3266
		إرشاد السؤول إلى حروب الرسول صلى الله عليه وسلم	أبو الحارث الأنصاري	ShamAY	37431	0.32652
		إرشاد طلاب الحقائق إلى معرفة سنن خير الخلائق - صلى الله عليه وسلم -	محيي الدين أبو زكريا يحيى بن شرف النووي الدمشقي (631 - 676 ه)	Sham19Y	127654	0.32651
		 الذريعة 	 آقا بزرگ الطهراني 	ABLibrary	853	0.3265
		الرد على سير الأوزاعي	أبو يوسف يعقوب بن إبراهيم بن حبيب بن سعد بن حبتة الأنصاري (المتوفى: 182هـ)	ShamAY	7225	0.32647
		الحاوي للفتاوي	عبد الرحمن بن أبي بكر، جلال الدين السيوطي (المتوفى: 911ه)	ShamelaY19	21723	0.32647
		الامام جعفر الصادق عليه السلام	المستشار عبدالحليم الجندي	Ghbook	4996	0.32644
		الخلاصة البهية في ترتيب أحداث السيرة النبوية	وحيد عبد السلام بالي	ShamelaY19	37425	0.32642
		حدائق الأنوار و مطالع الأسرار في سيرة النبي المختار	محمد بن بحر الحضرمي‏	Masaha	1958	0.3264
		مجانبة أهل الثبور المصلين في المشاهد وعند القبور	عبد العزيز بن فيصل الراجحي	ShamAY	1508	0.32638
		ألف سؤال وإشكال	الشيخ علي الكوراني	Masaha	185	0.32636
		المغرب في حلى المغرب [ج ١]	علي بن موسى بن محمّد بن عبد الملك بن سعيد الغرناطي الأندلسي	Rafed	2271	0.32633
		القناعة في ما يحسن الإحاطة من أشراط الساعة	شمس الدين محمد بن عبد الرحمن السخاوي (المتوفى: 902 ه)	Sham19Y	127668	0.32632
		تكملة تاريخ الطبري	محمد بن عبد الملك بن إبراهيم بن أحمد، أبو الحسن الهمذاني المعروف بالمقدسي (المتوفى: 521هـ)	ShamAY	6616	0.32629
		قصص الانبياء ( داستانهاي پيغامبران )	قطب الدين سعيد بن هبة الله راوندي	Ghbook	2587	0.32624
		قاعدة جليلة في التوسل والوسيلة	تقي الدين أبو العباس أحمد بن عبد الحليم بن عبد السلام بن عبد الله بن أبي القاسم بن محمد ابن تيمية الحراني الحنبلي الدمشقي (المتوفى: 728ه)	ShamelaY19	22649	0.32623
		الرد على الرافضة أو القضاب المشتهر على رقاب ابن المطهر - رسالة في الرد على علامة الشيعة في وقته ابن مطهر الحلي	مجد الدين أبو طاهر محمد بن يعقوب الفيروزآبادى (المتوفى: 817ه)	ShamelaY19	37554	0.32621
		شبهات وردود	السيد سامي البدري	Masaha	310	0.32618
		السيدة سكينة ابنة الإمام الشهيد أبي عبدالله الحسين عليه السلام	السيد عبد الرزاق الموسوي المقرّم	Rafed	60	0.32612
		دروس الشيخ عبد المحسن العباد	عبد المحسن بن حمد بن عبد المحسن بن عبد الله بن حمد العباد البدر	ShamelaY19	36993	0.32605
		مرقاة الصعود إلى سنن أبي داود	أبو الفضل جلال الدين عبد الرحمن السيوطي (849 - 911 ه)	ShamelaY19	150639	0.32603
		مراسم عاشوراء - شبهات و ردود	سيد جعفرمرتضي حسيني عاملي	Ghbook	5109	0.32599
		تنبيه المؤمن الأواه بفضائل لا إله إلا الله	أحمد بن يوسف بن محمد الأهدل	ShamAY	2033	0.32593
		روضه المتقين	ملا محمدتقي علامه مجلسي اول	Ghbook	2442	0.32593
		القول المعروف في فضل المعروف - سلسلة لقاء العشر الأواخر بالمسجد الحرام (19)	مرعي بن يوسف بن أبى بكر بن أحمد الكرمى المقدسي الحنبلى (المتوفى: 1033 هـ)	ShamAY	32476	0.32592
		السيدة سكينة ابنة الإمام الشهيد أبي عبدالله الحسين(ع)	السيد عبد الرزاق المقرم	Masaha	1701	0.32591
		العمدة في محاسن الشعر وآدابه	أبو على الحسن بن رشيق القيرواني الأزدي (المتوفى: 463 هـ)	ShamAY	10909	0.3259
		التبرك	سيد جعفرمرتضي حسيني عاملي	Ghbook	7503	0.32588
		بلاغات النساء	ابوالفضل احمد بن ابي طاهر طيفور	Ghbook	2478	0.32587
		 المواعظ والإعتبار في ذكر الخطط والآثار ( ط لندن ) 	 المقريزي 	ABLibrary	9242	0.32584
		السجود على التربة الحسينية عند الشيعة الإمامية	الشيخ عبد الحسين الأميني النجفي	Masaha	334	0.32584
		دروس الشيخ عبد المحسن العباد	عبد المحسن بن حمد بن عبد المحسن بن عبد الله بن حمد العباد البدر	Sham19Y	36993	0.32578
		الحبائك في أخبار الملائك	عبد الرحمن بن أبي بكر، جلال الدين السيوطي (المتوفى: 911هـ)	ShamAY	21944	0.32573
		الجزيره الخضراء عرض و نقد	نجم الدين طبسي	Ghbook	12930	0.32571
		تبرئة الخليفة العادل والرد على المجادل بالباطل	حمود بن عبد الله بن حمود بن عبد الرحمن التويجري (المتوفى: 1413هـ)	ShamAY	32266	0.32568
		التنازع والتوازن في حياة المسلم	محمد بن حسن بن عقيل موسى الشريف	ShamelaY19	36502	0.32567
		مثير الاحزان	جعفر بن هبه الله ابن نما حلي	Ghbook	2600	0.3256
		الاستخراج لأحكام الخراج	أبو الفرج عبد الرحمن بن أحمد بن رجب الحنبلي (المتوفى: 795هـ)	ShamAY	6238	0.32559
		المنازل والديار	أبو المظفر مؤيد الدولة مجد الدين أسامة بن مرشد بن علي بن مقلد بن نصر بن منقذ الكناني الكلبي الشيزري (المتوفى: 584هـ)	ShamAY	5416	0.32557
		بحار الأنوار [ج ٨٨]	الشيخ محمّد باقر بن محمّد تقي المجلسي	Rafed	1159	0.3255
		جواب في الحلف بغير الله والصلاة إلى القبور، ويليه: فصل في الاستغاثة	تقي الدين أبو العباس أحمد بن عبد الحليم بن عبد السلام بن عبد الله بن أبي القاسم بن محمد ابن تيمية الحراني الحنبلي الدمشقي (المتوفى: 728ه)	ShamelaY19	21565	0.32547
		جواهر التاريخ	علي كوراني	Ghbook	15259	0.32547
		 رياض الأبرار في مناقب الأئمة الأطهار ( ع ) 	 السيد نعمة الله الجزائري 	ABLibrary	7538	0.32546
		تفسير كنز الدقائق وبحر الغرائب‏  - الجزء1	محمد بن محمد رضا القمي المشهدي	Masaha	4778	0.32541
		مُخْتَصَر صَحِيحُ الإِمَامِ البُخَارِي	أبو عبد الرحمن محمد ناصر الدين، بن الحاج نوح بن نجاتي بن آدم، الأشقودري الألباني (المتوفى: 1420هـ)	ShamAY	31686	0.32538
		أمالي المرتضي - الجزء1	السيد المرتضى	Masaha	3390	0.32534
		صيانه الآثار الاسلاميه	آيت الله العظمي جعفر سبحاني	Ghbook	5062	0.32534
		الرد على شبهات المستعينين بغير الله	أحمد بن إبراهيم بن حمد بن محمد بن حمد بن عبد الله بن عيسى (المتوفى: 1327هـ)	ShamAY	7625	0.32516
		أحاديث ربا الفضل وأثرها في العلة والحكمة في تحريم الربا	محمد بن علي بن حسين الحريري	ShamAY	36462	0.32513
		فضائل الخمسة من الصحّاح الستّة [ج ١]	السيد مرتضى الفيروزآبادي	Rafed	1319	0.32513
		آداب الحوار من خلال سيرة مصعب بن عمير رضي الله عنه	عدنان بن سليمان بن مسعد الجابري	ShamAY	31922	0.32512
		 رحلة ابن معصوم المدني ( سلوة الغريب وأسوة الأريب ) 	 السيد علي صدر الدين المدني ( ابن معصوم ) 	ABLibrary	9080	0.32512
		نقض رساله الحبل الوثيق في نصره الصديق للسيوطي	حسن حسيني آل مجدد شيرازي	Ghbook	7730	0.32506
		فتح المعبود في الرد على ابن محمود	حمود بن عبد الله بن حمود بن عبد الرحمن التويجري (المتوفى: 1413هـ)	ShamAY	32118	0.32505
		عقيلة بني هاشم	علي بن الحسين الهاشمي الخطيب	Rafed	1533	0.32502
		«خصائص سيد العالمين وما له من المناقب العجائب على جميع الأنبياء عليهم السلام» (مطبوع مع: منهج الإمام جمال الدين السُّرَّمَرِّي في تقرير العقيدة)	جمال الدين السُّرَّمَرِّي	ShamAY	38788	0.32496
		علي ( عليه السلام ) في القرآن	مرتضي عسكري	Ghbook	7677	0.32495
		الحبائك في أخبار الملائك	عبد الرحمن بن أبي بكر، جلال الدين السيوطي (المتوفى: 911ه)	ShamelaY19	21944	0.32489
		سيرة الشاب الصالح عبد الرحمن بن سعيد بن علي بن وهف القحطاني رحمه الله تعالى (1403 هـ - 1422 هـ) - ونبذة من سيرة شقيقه الصغير الصالح عبد الرحيم رحمه الله تعالى (1410 هـ - 1422 هـ)	د. سعيد بن علي بن وهف القحطاني	ShamAY	1845	0.32478
		فتح الباقي بشرح ألفية العراقي	زين الدين أبي يحيى زكريا بن محمد بن زكريا الأنصاري السنيكي (ت 926 ه)	ShamelaY19	35261	0.32474
		رحلة ابن بطوطة المسماة تحفة النظار في غرائب الامصار وعجائب الأسفار	محمد بن عبد الله بن محمد بن إبراهيم اللواتي الطنجي، أبو عبد الله، ابن بطوطة (المتوفى: 779ه)	Sham19Y	12009	0.32473
		رسالة أبي داود إلى أهل مكة وغيرهم في وصف سننه	أبو داود سليمان بن الأشعث بن إسحاق بن بشير بن شداد بن عمرو الأزدي السَِّجِسْتاني (المتوفى: 275هـ)	ShamAY	6013	0.3247
		باب فاطمه صلوات الله وسلامه عليها بين سلطه الشريعه وشريعه السلطه	نبيل قدوري الحسني	Ghbook	12306	0.32465
		تعليق لطيف على آخر حديث في رياض الصالحين - لقاء العشر الأواخر بالمسجد الحرام (5)	قاسم بن صالح بن إسماعيل بن أبي بكر الشهير القاسمي الدمشقي (المتوفى: 1284 ه)	Sham19Y	17741	0.32464
		التصريح بما تواتر في نزول المسيح	محمد أنور شاه بن معظم شاه الكشميري الهندي (المتوفى: 1353هـ)	ShamAY	8575	0.32463
		فوائد منتقاة من حديث أبي شعيب الحراني	عبد الله بن الحسن أحمد، أبو شعيب الأموي الحراني (المتوفى: 295ه)	ShamelaY19	29712	0.32459
		مجالس ثعلب	أحمد بن يحيى بن زيد بن سيار الشيباني بالولاء، أبو العباس، المعروف بثعلب (المتوفى: 291هـ)	ShamAY	605	0.32457
		مقالة التعطيل والجعد بن درهم	محمد بن خليفة بن علي التميمي	ShamAY	12079	0.32452
		الرسائل العشرة	السيد روح الله الموسوي الخميني	Masaha	3460	0.32446
		أثر معاملة الرسول - صلى الله عليه وسلم - في نشر الدين الإسلامي	يحي البكري	ShamAY	35023	0.32445
		معجم المؤلفات الأصولية الشافعية المبثوثة في كشف الظنون وإيضاح المكنون وهدية العارفين	ترحيب بن ربيعان الدوسري	Sham19Y	3569	0.32444
		المقترح في أجوبة بعض أسئلة المصطلح - أكثر من 200 سؤال في المصطلح مع محاضرات في:	أبو عبد الرحمن مقبل بن هادي بن مقبل بن قائدة (اسم رجل) الهمداني الوادعي (المتوفى: 1422ه)	Sham19Y	96783	0.32441
		رحلة ابن بطوطة المسماة تحفة النظار في غرائب الامصار وعجائب الأسفار	محمد بن عبد الله بن محمد بن إبراهيم اللواتي الطنجي، أبو عبد الله، ابن بطوطة (المتوفى: 779هـ)	ShamAY	12009	0.32438
		المختصر في أخبار البشر	أبو الفداء عماد الدين إسماعيل بن علي بن محمود بن محمد ابن عمر بن شاهنشاه بن أيوب، الملك المؤيد، صاحب حماة (المتوفى: 732هـ)	ShamAY	12715	0.32438
		إزالة الإشكال في صلاة الركعتين إذا دخل يوم الجمعة والإمام يخطب	الدكتور: عبدالله بن جمعان الدَّادَا الغامدي	ShamAY	36573	0.32436
		التبرك	علي احمدي ميانجي	Ghbook	3346	0.32433
		مشكاة المصابيح	محمد بن عبد الله الخطيب العمري، أبو عبد الله، ولي الدين، التبريزي (المتوفى: 741ه)	Sham19Y	8360	0.3243
		 بلوغ الأرب وكنوز الذهب في معرفة المذهب 	 علي بن عبد الله بن قاسم الشهاري الصنعاني 	ABLibrary	8371	0.3243
		الحوادث الجامعة والتجارب النافعة في المائة السابعة	كمال الدين أبو الفضل عبد الرزاق بن أحمد بن محمد الصابوني المعروف بابن الفوطي (المتوفى: 723هـ)	ShamAY	400	0.32428
		الحث على طلب العلم والاجتهاد في جمعه	أبو هلال الحسن بن عبد الله بن سهل بن سعيد بن يحيى بن مهران العسكري (المتوفى: نحو 395هـ)	ShamAY	6861	0.32421
		أحكام الشهيد في الفقه الإسلامي	عبد الرحمن بن غرمان	ShamAY	36467	0.3242
		الرد القويم على المجرم الأثيم	حمود بن عبد الله بن حمود بن عبد الرحمن التويجري (المتوفى: 1413هـ)	ShamAY	32270	0.3242
		معالم الإصلاح عند أهل البيت عليهم السلام	علي موسى الكعبي	Rafed	799	0.32413
		الكافي [ج ١٤]	أبو جعفر محمّد بن يعقوب الكليني الرازي	Rafed	1135	0.32407
		 مجموعة الوثائق السياسية للعهد النبوي والخلافة الراشدة 	 محمد حميد الله 	ABLibrary	7696	0.32405
		 معجم ما كتب عن الرسول ( ص ) وأهل بيته ( ع ) 	 عبد الجبار الرفاعي 	ABLibrary	7764	0.32404
		 المال ، أخذا وعطاء وصرفا 	 السيد محمد الحسيني الشيرازي 	ABLibrary	9488	0.32402
		المقترح في أجوبة بعض أسئلة المصطلح - أكثر من 200 سؤال في المصطلح مع محاضرات في:	أبو عبد الرحمن مقبل بن هادي بن مقبل بن قائدة (اسم رجل) الهمداني الوادعي (المتوفى: 1422ه)	ShamelaY19	96783	0.32393
		ابو طالب عليه السلام ثالث من اسلم	نبيل قدوري الحسني	Ghbook	12300	0.3239
		 الدر المنثور في التفسير بالمأثور 	 جلال الدين السيوطي 	ABLibrary	911	0.32388
		معجم قبائل العرب القديمة والحديثة	عمر بن رضا بن محمد راغب بن عبد الغني كحالة الدمشق (المتوفى: 1408هـ)	ShamAY	12402	0.32387
		معجم قبائل العرب القديمة والحديثة	عمر بن رضا بن محمد راغب بن عبد الغني كحالة الدمشق (المتوفى: 1408ه)	Sham19Y	12402	0.32387
		الشهادة الزكية في ثناء الأئمة على ابن تيمية	مرعي بن يوسف بن أبى بكر بن أحمد الكرمى المقدسي الحنبلى (المتوفى: 1033هـ)	ShamAY	6661	0.32386
		 مناقب آل محمد ( النعيم المقيم لعترة النبأ العظيم ) 	 عمر بن شجاع الموصلي 	ABLibrary	7787	0.32385
		الفوائد البديعية في فضائل الصحابة وذم الشيعة	أحمد فريد	ShamAY	33855	0.32384
		دور علي و تلاميذه في الفتوحات	علي كوراني	Ghbook	7647	0.32382
		سنوات الحنابلة	علي بن محمد باخيِّل آل بابطين	ShamAY	35824	0.3238
		المحاسن والأضداد - مكتبة الخانجي	أبو عثمان عمرو بن بحر الجاحظ البصري	ShamAY	33780	0.32377
		حياه الامام علي بن الحسين ( عليهما السلام ) 	سيد جعفر شهيدي	Ghbook	6379	0.32376
		منيه المريد	شيخ زين الدين عاملي شهيد ثاني	Ghbook	2618	0.3237
		رحلة مصر والسودان‏	محمد مهري	Masaha	4384	0.32367
		المحرر في أسباب نزول القرآن من خلال الكتب التسعة دراسة الأسباب رواية ودراية	خالد بن سليمان المزيني	ShamelaY19	95559	0.32365
		آراء وأصداء حول عبدالله بن سبأ وروايات سيف	السيد مرتضى العسكري	Rafed	798	0.32359
		تاريخ سني ملوك الأرض والأنبياء عليهم الصلاة والسلام	حمزة بن الحسن الأصفهاني (المتوفى: 360 هـ)	ShamAY	33836	0.32357
		 فضائل الثقلين من كتاب توضيح الدلائل على ترجيح الفضائل 	 شهاب الدين أحمد الإيجي 	ABLibrary	7637	0.32356
		تحقيق النصرة بتلخيص معالم دار الهجرة	المراغي، أبو بكر	ShamAY	38413	0.32349
		المحرر في أسباب نزول القرآن من خلال الكتب التسعة دراسة الأسباب رواية ودراية	خالد بن سليمان المزيني	Sham19Y	95559	0.32348
		عارضة الأحوذي بشرح صحيح الترمذي	محمد بن عبد الله بن محمد المعافري، أبو بكر ابن العربي (المتوفى: 543 هـ	ShamAY	35988	0.32347
		رسالة السجزي إلى أهل زبيد في الرد على من أنكر الحرف والصوت	عبيد الله بن سعيد بن حاتم السجزيّ الوائلي البكري، أبو نصر (المتوفى: 444هـ)	ShamAY	11213	0.32346
		 ذخائر العقبى في مناقب ذوى القربى ( ع ) ( ط . ج ) 	 أحمد بن عبد الله الطبري ( المحب الطبري ) 	ABLibrary	7528	0.32346
		 علم اليقين في أصول الدين 	 الفيض الكاشاني 	ABLibrary	8517	0.32345
		معجم المؤلفات الأصولية الشافعية المبثوثة في كشف الظنون وإيضاح المكنون وهدية العارفين	ترحيب بن ربيعان الدوسري	ShamAY	3569	0.32343
		القول المحرر في الأمر بالمعروف والنهي عن المنكر	حمود بن عبد الله بن حمود بن عبد الرحمن التويجري (المتوفى: 1413هـ)	ShamAY	32093	0.32341
		نظرة عابرة الى الصحاح الستة	عبد الصمد شاكر	Masaha	489	0.3234
		قاعدة تتضمن ذكر ملابس النبي صلى الله عليه وسلم وسلاحه ودوابه - القرمانية - جواب فتيا في لبس النبي صلى الله عليه وسلم	تقي الدين أبو العباس أحمد بن عبد الحليم بن عبد السلام بن عبد الله بن أبي القاسم بن محمد ابن تيمية الحراني الحنبلي الدمشقي (المتوفى: 728ه)	ShamelaY19	22648	0.32339
		أجوبة الدكتور سعدي الهاشمي على اسئلة أعضاء ملتقى اهل الحديث.	سعدي بن مهدي الهاشمي	ShamAY	37250	0.32335
		فضل الإسلام (مطبوع ضمن مؤلفات الشيخ محمد بن عبد الوهاب، الجزءالأول)	محمد بن عبد الوهاب بن سليمان التميمي النجدي (المتوفى: 1206ه)	Sham19Y	11221	0.32328
		دلائل الامامه ( الامام الباقر عليه السلام )	طبري امامي ( صغير ) ابوجعفر محمد بن جرير بن رستم ( قرن 4و5 ق ) ( صاحب دلائل الامامه )	Ghbook	6284	0.32325
		الامام المهدي (عجل الله تعالي فرجه الشريف)	آيت الله العظمي سيد محمد حسيني شيرازي	Ghbook	6582	0.32321
		الأعلاق الخطيرة في ذكر أمراء الشام و الجزيرة	ابن شداد، عز الدين أبو عبد الله محمد بن علي بن إبراهيم الأنصاري الحلبي (المتوفى: 684هـ)	ShamAY	758	0.32314
		266 سؤال في فضائل الأعمال		ShamAY	36223	0.32314
		الدر الفريد وبيت القصيد	محمد بن أيدمر المستعصمي (639 ه - 710 ه)	Sham19Y	20762	0.32312
		 حدائق الأنوار ومطالع الأسرار في سيرة النبي المختار ( المسمى تبصرة الحضرة الأحمدية الشّاهدية بسيرة الحضرة الأحمدية النبوية ) 	 محمد بن عمر بحرق الحضرمي الشّافعي 	ABLibrary	7483	0.32308
		الدر المنثور في التفسير بالمأثور	جلال الدين السيوطي	ShamAY	34057	0.32306
		مشكاة المصابيح	محمد بن عبد الله الخطيب العمري، أبو عبد الله، ولي الدين، التبريزي (المتوفى: 741هـ)	ShamAY	8360	0.32305
		الأربعون النووية	أبو زكريا محيي الدين يحيى بن شرف النووي (المتوفى: 676هـ)	ShamAY	12836	0.32303
		 الذريعة 	 آقا بزرگ الطهراني 	ABLibrary	862	0.32303
		تاريخ بخارا	محمد بن جعفر النرشخي	Masaha	4565	0.32299
		تربة الحسين عليه السلام الإستشفاء والتبرّك بها ـ السجود عليها دراسة وتحليل [ج ٢]	الشيخ أمين حبيب آل درويش	Rafed	2553	0.32293
		المحرر في أسباب نزول القرآن من خلال الكتب التسعة دراسة الأسباب رواية ودراية	خالد بن سليمان المزيني	ShamAY	1542	0.32279
		بحار الأنوار [ج ٦٣]	الشيخ محمّد باقر بن محمّد تقي المجلسي	Rafed	1062	0.32279
		الأنوار الباهرة بفضائل أهل بيت النبوة و الذرية الطاهرة	أبو الفتوح عبد الله التليدي	Masaha	1918	0.32276
		المعجم الصغير لرواة الإمام ابن جرير الطبري	أكرم بن محمد زيادة الفالوجي الأثري	ShamelaY19	29982	0.32269
		مختصر صحيح الإمام البخاري	أبو عبد الرحمن محمد ناصر الدين، بن الحاج نوح بن نجاتي بن آدم، الأشقودري الألباني (المتوفى: 1420ه)	ShamelaY19	121381	0.32263
		إهداء للبرنامج من دار الركائز للنشر والتوزيع - دولة الكويت	منصور بن يونس البهوتي (ت: 1051 ه)	Sham19Y	147658	0.32263
		امهات الائمه المعصومين عليهم السلام: دراسه تاريخيه،تحليليه،علميه	الدكتور السيد حسين الموسوي الصافي	Ghbook	15685	0.32263
		الاستنفار للذب عن الصحابة الأخيار	سليمان بن ناصر العلوان	ShamAY	35657	0.32262
		الإمام محمد بن عبد الوهاب دعوته وسيرته	عبد العزيز بن عبد الله بن باز (المتوفى: 1420ه)	ShamelaY19	30914	0.32257
		أخبار الحمقى والمغفلين	جمال الدين أبو الفرج عبد الرحمن بن علي بن محمد الجوزي (المتوفى: 597هـ)	ShamAY	11068	0.32255
		تراثنا ـ العدد [ 4 ]	مؤسسة آل البيت عليهم السلام لإحياء التراث ـ قم	Rafed	2550	0.32255
		مفتاح السعيدية في شرح الألفية الحديثية	شمس الدين محمد بن عمار بن محمد بن أحمد المصري المالكي المعروف بابن عمار (المتوفى: 844هـ)	ShamAY	2026	0.32243
		الجمع بين الصحيحين لعبد الحق	أبو محمد عبد الحق بن عبد الرحمن الإشبيلي (المتوفى: 582 ه)	Sham19Y	20638	0.32238
		قصص لا تثبت عن أئمة المذاهب الأربعة	عبد الله بن زقيل	ShamAY	35880	0.32236
		معرفة الصحابة عند المحدثين (دراسة توثيقية مقارنة)	أحمد بن عبد الله الباتلي	ShamAY	34033	0.32234
		الدر المنثور في التفسير بالمأثور	عبد الرحمن بن أبي بكر، جلال الدين السيوطي (المتوفى: 911هـ)	ShamAY	12884	0.32233
		قيمة الزمن عند العلماء	عبد الفتاح أبو غدة الحلبي الحنفي (المتوفى: 1417ه)	ShamelaY19	96882	0.32233
		الإباضية في ميزان أهل السنة	عبد الله بن مسعود السني	ShamelaY19	96264	0.32233
		بهجة الناظرين إلى تراجم المتأخرين من الشافعية البارعين	رضي الدين أبو البركات محمد بن أحمد بن عبد الله الغزي العامري الشافعي (المتوفى: 864 ه)	Sham19Y	20578	0.32232
		فصل الخطاب في شرح مسائل الجاهلية (المسائل التي خالف فيها رسول الله صلى الله عليه وسلم أهل الجاهلية)	أبو المعالي محمود شكري بن عبد الله بن محمد بن أبي الثناء الألوسي (المتوفى: 1342ه)	Sham19Y	8549	0.32228
		سبعون حديثاً في الجهاد	أبو عبد الله عبيد الله بن محمد بن محمد بن حمدان العُكْبَري المعروف بابن بَطَّة العكبري (المتوفى: 387هـ)	ShamAY	1582	0.32225
		العباب الزاخر واللباب الفاخر	رضي الدين الحسن بن محمد بن الحسن بن حيدر العدوي العمري القرشي الصغاني الحنفي (المتوفى: 650هـ)	ShamAY	761	0.32221
		الإصابة في الذب عن الصحابة - رضي الله عنهم -	الشيخ الدكتور مازن بن محمد بن عيسى	ShamelaY19	96240	0.32209
		 درر الأخبار من بحار الأنوار 	 سيد مهدي حجازي 	ABLibrary	977	0.32206
		الاحتجَاج بالأثر على من أنكر المهدي المنتظر	حمود بن عبد الله بن حمود بن عبد الرحمن التويجري (المتوفى: 1413هـ)	ShamAY	517	0.32203
		 موسوعة التاريخ الإسلامي 	 الشيخ محمد هادي اليوسفي الغروي 	ABLibrary	7857	0.32199
		ذكر المدلسين	أبو عبد الرحمن أحمد بن شعيب بن علي الخراساني، النسائي (المتوفى: 303ه)	ShamelaY19	25868	0.32195
		ديوان المعاني	أبو هلال الحسن بن عبد الله بن سهل بن سعيد بن يحيى بن مهران العسكري (المتوفى: نحو 395هـ)	ShamAY	6909	0.32193
		معجم أعلام شعراء المدح النبوي	محمد أحمد درنيقة	Sham19Y	23679	0.32188
		رحلة العبدري	أبو عبدالله العبدري	Rafed	2452	0.32187
		الدرر المنتثرة في الأحاديث المشتهرة	عبد الرحمن بن أبي بكر، جلال الدين السيوطي (المتوفى: 911ه)	ShamelaY19	21542	0.32186
		تحفة الأخيار ببيان جملة نافعة مما ورد في الكتاب والسنة من الأدعية والأذكار	عبد العزيز بن عبد الله بن باز (المتوفى: 1420ه)	ShamelaY19	31303	0.32182
		 الإمامة 	 السيد محمد باقر الشفتي الجيلاني 	ABLibrary	8347	0.32182
		الهدي النبوي في تربية الأولاد في ضوء الكتاب والسنة	د. سعيد بن علي بن وهف القحطاني	ShamelaY19	96478	0.32179
		النبي صلي الله عليه وآله وسلم ومستقبل الدعوه	محمد علي الحلو	Ghbook	12331	0.32176
		شرح حديث النزول	تقي الدين أبو العباس أحمد بن عبد الحليم بن عبد السلام بن عبد الله بن أبي القاسم بن محمد ابن تيمية الحراني الحنبلي الدمشقي (المتوفى: 728هـ)	ShamAY	11258	0.32173
		القناعة والتعفف	أبو بكر عبد الله بن محمد بن عبيد بن سفيان بن قيس البغدادي الأموي القرشي المعروف بابن أبي الدنيا (المتوفى: 281هـ)	ShamAY	22347	0.32168
		 الروضة البهية فيما بين الأشاعرة والماتريدية 	 حسن بن عبد الحسن بن أبي عزبى 	ABLibrary	8445	0.32168
		من كرامات الاولياء	آيت الله العظمي سيد محمد حسيني شيرازي	Ghbook	7841	0.32165
		الدرر المنتثرة في الأحاديث المشتهرة	عبد الرحمن بن أبي بكر، جلال الدين السيوطي (المتوفى: 911ه)	Sham19Y	21542	0.32159
		الذّريعة إلى تصانيف الشّيعة [ج ٢٦]	الشيخ آقا بزرك الطهراني	Rafed	511	0.32159
		 سلسلة المسائل الفقهية 	 الشيخ السبحاني 	ABLibrary	9571	0.32157
		حقيقة ما يُسمى زبور محمد والمطبوع على هيئة المصحف الشريف وكشف منسوبات أخرى	د. ناصر بن عبد الله القفاري	ShamAY	35678	0.32155
		سعيد بن جبير: شيخ التابعين و إمام القراء	محمد علي البياتي	Ghbook	15677	0.32154
		فضائل الخمسة من الصحّاح الستّة [ج ٢]	السيد مرتضى الفيروزآبادي	Rafed	1338	0.3215
		الأساس في السنة وفقهها - العبادات في الإسلام	سعيد حوى (المتوفى 1409 ه)	ShamelaY19	18339	0.32143
		الدرر المنتثرة في الأحاديث المشتهرة	عبد الرحمن بن أبي بكر، جلال الدين السيوطي (المتوفى: 911هـ)	ShamAY	21542	0.32141
		موسوعة عبد الله بن عبّاس [ج ٧]	السيد محمد مهدي السيد حسن الموسوي الخرسان	Rafed	1183	0.32141
		خصائص التفكير الفقهي عند الشيخ محمد بن عبد الوهاب (مطبوع ضمن بحوث ندوة دعوة الشيخ محمد بن عبد الوهاب، الجزء الأول)	عبد الوهاب بن إبراهيم أبو سليمان	ShamAY	11173	0.32139
		حسن المحاضرة في أخبار مصر والقاهرة [ج ٢]	جلال الدين عبد الرحمن بن أبي بكر السيوطي	Rafed	2162	0.32137
		المهذب في حق المسلم على المسلم	علي بن نايف الشحود	ShamAY	34840	0.32136
		فضائل القدس	جمال الدين أبو الفرج عبد الرحمن بن علي بن محمد الجوزي (المتوفى: 597هـ)	ShamAY	32164	0.3213
		 التبرك 	 علي الأحمدي الميانجي 	ABLibrary	8374	0.3213
		الامامه (حجه الاسلام شفتي)	محمد باقر شفتي گيلاني	Ghbook	15561	0.3213
		المساجد الأثرية في المدينة النبوية	محمد إلياس عبد الغني	ShamAY	38402	0.32128
		فصل الخطاب في شرح مسائل الجاهلية (المسائل التي خالف فيها رسول الله صلى الله عليه وسلم أهل الجاهلية)	أبو المعالي محمود شكري بن عبد الله بن محمد بن أبي الثناء الألوسي (المتوفى: 1342هـ)	ShamAY	8549	0.32122
		قاعدة جليلة في التوسل والوسيلة لشيخ الإسلام ابن تيمية	ربيع بن هادي المدخلي	ShamAY	33000	0.32121
		موسوعه خديجه بنت خويلد عليها السلام	شعبه التحقيق في قسم الشوون الفكريه والثقافيه في العتبه الحسينيه المقدسه	Ghbook	16476	0.32112
		المحيط في اللّغة [ج ١١]	إسماعيل بن عبّاد [ كافي الكفاة ]	Rafed	2869	0.3211
		مجموع رسائل الإمام الهادي إلى الحق القويم يحيى بن الحسين بن القاسم بن إبراهيم عليهم السلام	الناشر: مؤسسة الإمام زيد بن علي الثقافية	Rafed	3577	0.3211
		الإتقان في علوم القرآن (ط مجمع الملك فهد)	أبو الفضل جلال الدين عبد الرحمن بن أبي بكر السيوطي	ShamAY	34111	0.32109
		الضياء الشارق في رد شبهات الماذق المارق	سليمان بن سحمان بن مصلح بن حمدان بن مصلح بن حمدان بن مسفر بن محمد بن مالك بن عامر الخثعمي , التبالي , العسيري , النجدي (المتوفى: 1349هـ)	ShamAY	7664	0.32109
		تاريخ الاندلس من الفتح حتي السقوط	اسماعيل بن ابراهيم	Ghbook	8926	0.32105
		معجم أعلام شعراء المدح النبوي	محمد أحمد درنيقة	ShamAY	23679	0.32101
		معالم المدرستين [ج ٢]	السيد مرتضى العسكري	Rafed	3472	0.32101
		الأربعون القرآنية	أحمد بن عبد الرزاق آل إبراهيم العنقري التميمي الكويتي	Sham19Y	36497	0.32098
		الاربعينات في القرآن و الحديث و التاريخ و الادب	محمود اكبرزاده الخراساني	Ghbook	13979	0.32096
		الصحيح من سيرة النبي الأعظم صلّى الله عليه وآله [ج ١٣]	السيد جعفر مرتضى العاملي	Rafed	2503	0.32094
		الأذكار للنووي - ط الفكر	يحيى بن شرف النووي	ShamAY	33747	0.32092
		مسند فاطمه الزهراء ( سلام الله عليها )	حسين شيخ الاسلامي	Ghbook	3789	0.32091
		القناعة في ما يحسن الإحاطة من أشراط الساعة	شمس الدين محمد بن عبد الرحمن السخاوي (المتوفى: 902 ه)	ShamelaY19	127668	0.3209
		لقد شيعني الحسين(ع)	الكاتب والصحافي إدريس الحسيني	Masaha	389	0.32088
		المعرفة والمعرِف	حسام الدين أبو المجد	Masaha	426	0.32086
		المفهم لما أشكل من تلخيص كتاب مسلم	أبو العباس أحمد بن عمر بن إبراهيم القرطبي (578 - 656 ه)	ShamelaY19	132524	0.32084
		المستجاد من فعلات الأجواد	المحسن بن علي بن محمد بن أبي الفهم داود التنوخي البصري، أبو علي (المتوفى: 384ه)	Sham19Y	768	0.32084
		الصحابة ومكانتهم عند المسلمين	محمود عيدان أحمد الدليمي	ShamAY	35909	0.32073
		 تسلية المجالس وزينة المجالس ( مقتل الحسين ع ) 	 السيد محمد بن أبي طالب الحسيني الكركي الحائري 	ABLibrary	7470	0.32072
		 أهل البيت في مصر 	 مجموعة مؤلفين 	ABLibrary	7432	0.32071
		عاشورائيات : بحوث حول نهضة الامام حسين عليه السلام	علي رضوي	Ghbook	11885	0.3207
		بر الوالدين	جمال الدين أبو الفرج عبد الرحمن بن علي بن محمد الجوزي (المتوفى: 597هـ)	ShamAY	244	0.32062
		 حوار مع الشيخ صالح بن عبدالله الدرويش ( حول تأملات في نهج البلاغة ) 	 الشيخ السبحاني 	ABLibrary	8417	0.32058
		مجانبة أهل الثبور المصلين في المشاهد وعند القبور	عبد العزيز بن فيصل الراجحي	ShamelaY19	21511	0.32056
		الإسعاف من إغاثة السقاف		ShamAY	35463	0.32051
		زبدة الحلب في تاريخ حلب	عمر بن أحمد بن هبة الله بن أبي جرادة العقيلي، كمال الدين ابن العديم (المتوفى: 660هـ)	ShamAY	9872	0.32045
		قيمة الزمن عند العلماء	عبد الفتاح أبو غدة الحلبي الحنفي (المتوفى: 1417هـ)	ShamAY	2030	0.32043
		الأذكار للنووي ط ابن حزم	أبو زكريا محيي الدين يحيى بن شرف النووي (المتوفى: 676هـ)	ShamAY	10639	0.32036
		البراهين القاطعة [ج ٤]	محمّد جعفر الأسترآبادي	Rafed	720	0.32034
		غيث العقيدة السلفية شرح منظومة الحائية	خالد بن إبراهيم الصقعبي	ShamAY	35552	0.32031
		الأذكار للنووي ت الأرنؤوط	أبو زكريا محيي الدين يحيى بن شرف النووي (المتوفى: 676ه)	Sham19Y	1956	0.3203
		إجمال الإصابة في أقوال الصحابة	صلاح الدين أبو سعيد خليل بن كيكلدي بن عبد الله الدمشقي العلائي (المتوفى: 761هـ)	ShamAY	6347	0.32029
		إتحاف الأخِصّا بفَضَائل المسجد الأقصى	شمس الدين محمد بن أحمد بن علي بن عبد الخالق، المنهاجي الأسيوطي ثم القاهري الشافعي (المتوفى: 880 هـ)	ShamAY	32517	0.32028
		الآثار المرفوعة في الأخبار الموضوعة	محمد عبد الحي بن محمد عبد الحليم الأنصاري اللكنوي الهندي، أبو الحسنات (المتوفى: 1304هـ)	ShamAY	6053	0.32026
		الإفصاح عن معاني الصحاح	يحيى بن (هُبَيْرَة بن) محمد بن هبيرة الذهلي الشيبانيّ، أبو المظفر، عون الدين (المتوفى: 560هـ)	ShamAY	31846	0.32026
		حقيقة شهادة أن محمدا رسول الله صلى الله عليه وسلم	عبد العزيز بن عبد الله بن محمد بن عبد اللطيف بن عبد الرحمن بن حسن بن الشيخ محمد بن عبد الوهاب	ShamelaY19	21770	0.32011
		دلائل الامامه ( الامام الجواد عليه السلام )	طبري امامي ( صغير ) ابوجعفر محمد بن جرير بن رستم ( قرن 4و5 ق ) ( صاحب دلائل الامامه )	Ghbook	6485	0.32011
		 إعلام النبلاء بتاريخ حلب الشهباء 	 محمد راغب الطباخ الحلبي 	ABLibrary	8960	0.32009
		أخبار الظراف والمتماجنين	جمال الدين أبو الفرج عبد الرحمن بن علي بن محمد الجوزي (المتوفى: 597هـ)	ShamAY	6952	0.32005
		الحطة في ذكر الصحاح الستة	أبو الطيب محمد صديق خان بن حسن بن علي ابن لطف الله الحسيني البخاري القِنَّوجي (المتوفى: 1307هـ)	ShamAY	10717	0.32004
		صحيح أشراط الساعة	عصام موسى هادي	Sham19Y	9848	0.32
		الرعايه في علم الدرايه	شيخ زين الدين عاملي شهيد ثاني	Ghbook	7059	0.32
		التسعينية	تقي الدين أبو العباس أحمد بن عبد الحليم بن عبد السلام بن عبد الله بن أبي القاسم بن محمد ابن تيمية الحراني الحنبلي الدمشقي (المتوفى: 728 هـ)	ShamAY	32319	0.31996
		الجهاد في سبيل الله تعالى - مفهومه، وحكمه، ومراتبه، وضوابطه، وأنواعه، وأهدافه، وفضله، وأسباب النصر على الأعداء في ضوء الكتاب والسنة	د. سعيد بن علي بن وهف القحطاني	ShamelaY19	96462	0.31996
		استخراج المرام من استقصاء الافحام	آيت الله علي حسيني ميلاني	Ghbook	4779	0.31994
		الجمل	محمّد بن محمّد النعمان العكبري [ الشيخ المفيد ]	Rafed	1726	0.31992
		الخلاصة البهية في ترتيب أحداث السيرة النبوية	وحيد عبد السلام بالي	ShamAY	460	0.31991
		اعلام الهدايه (الامام الحسن بن علي العسكري عليه السلام)	مجمع جهاني اهل بيت عليهم السلام	Ghbook	6216	0.31986
		نظرات في أشرطة قصص من التاريخ للدكتور طارق سويدان	أبو عبد الله الذهبي	ShamAY	35806	0.31984
		مقتل الحسين (ع)	السيد عبد الرزاق المقرم	Masaha	2351	0.31983
		فضائل القدس	جمال الدين أبو الفرج عبد الرحمن بن علي بن محمد الجوزي (المتوفى: 597هـ)	ShamAY	1599	0.3198
		أقوال أهل العلم في مسألة قنوت الوتر	عبد العزيز الجربوع	ShamAY	36476	0.31972
		روضة المتقين في شرح من لا يحضره الفقيه - الجزء1	العلامة المجلسي الأول	Masaha	1272	0.31972
		ديوان عبد الله بن المبارك - دار اليقين	ابن المبارك	ShamAY	37919	0.3197
		كنوز الذّهب في تاريخ حلب [ج ١]	سبط ابن العجمي الحلبي	Rafed	2373	0.31969
		المستجاد من فعلات الأجواد	المحسن بن علي بن محمد بن أبي الفهم داود التنوخي البصري، أبو علي (المتوفى: 384هـ)	ShamAY	768	0.31968
		أغلو في بعض القرابة وجفاء في الأنبياء والصحابة	عبد المحسن بن حمد بن عبد المحسن بن عبد الله بن حمد العباد البدر	ShamAY	7514	0.31966
		الرسول صلى الله عليه وسلم لسعيد حوى	سعيد حوَّى	ShamAY	37393	0.31966
		الحاوي للفتاوي في الفقه وعلوم التفسير والحديث والأصول والنحو والإعراب وسائر الفنون	جلال الدين عبد الرحمن بن أبي بكر السيوطي	ShamAY	34351	0.31965
		تصحيح خطأ تاريخي حول الوهابية	محمد بن سعد الشويعر	ShamAY	9850	0.31965
		مجموع رسائل الحافظ ابن رجب الحنبلي	زين الدين عبد الرحمن بن أحمد بن رجب بن الحسن، السَلامي، البغدادي، ثم الدمشقي، الحنبلي (المتوفى: 795هـ)	ShamAY	1625	0.31964
		 ذخائر العقبى في مناقب ذوى القربى ( ع ) ( ط . ج ) 	 أحمد بن عبد الله الطبري ( المحب الطبري ) 	ABLibrary	7527	0.31961
		كشف الستور في نهي النساء عن زيارة القبور	حماد بن محمد الأنصاري الخزرجي السعدي (المتوفى: 1418ه)	Sham19Y	5046	0.31957
		ديوان أبي دهبل الجمحي (رواية أبي عمرو الشيباني)	أبو دهبل الجمحي	ShamelaY19	149016	0.31955
		ابحاث حول المهدويه	نجم الدين طبسي	Ghbook	12931	0.31955
		معجم قبايل العرب - الجزء1	عمر كحالة	Masaha	2994	0.31952
		الأمر بالمعروف والنهي عن المنكر	أبو يعلى محمد بن الحسين بن محمد بن خلف الفراء الحنبلي	ShamelaY19	36112	0.31945
		 لله وللحقيقة ( رد على كتاب لله ثم للتاريخ ) 	 الشيخ علي آل محسن 	ABLibrary	8581	0.31944
		عقيدة أهل السنة والجماعة في الصحابة الكرام رضي الله عنهم (أصل الكتاب رسالة دكتوراه)	ناصر بن علي عائض حسن الشيخ	ShamAY	12038	0.31942
		فرحة الزهراء	شيخ ابو علي الاصفهاني	Ghbook	15931	0.31938
		الغرر السافر فيما يحتاج إليه المسافر	أبو عبد الله بدر الدين الزركشي	ShamAY	36508	0.31936
		نشوار المحاضرة و أخبار المذاكرة - الجزء1	محمد بن علي التنوخي	Masaha	2964	0.31936
		تفسير آيه الموده	آيت الله علي حسيني ميلاني	Ghbook	4790	0.3193
		جامع العلوم والحكم في شرح خمسين حديثا من جوامع الكلم	زين الدين عبد الرحمن بن أحمد بن رجب بن الحسن، السَلامي، البغدادي، ثم الدمشقي، الحنبلي (المتوفى: 795هـ)	ShamAY	4268	0.31929
		تفرد الثقة بالحديث	إبراهيم اللاحم	ShamAY	37272	0.31927
		تاريخ مكة المشرفة والمسجد الحرام والمدينة الشريفة والقبر الشريف‏  - الجزء1	محمد بن أحمد ابن ضياء	Masaha	4140	0.31927
		وقفات مع أحاديث تربية النبي صلى الله عليه وسلم لصحابته	عبد الرحمن بن عبد الكريم الزيد	ShamAY	4272	0.31925
		رياض الصالحين ت الفحل	أبو زكريا محيي الدين يحيى بن شرف النووي (المتوفى: 676هـ)	ShamAY	502	0.31924
		تاريخ الحديث النبوي وموثرات الهوى والموروث الجاهلي عليه	السيد علي الشهرستاني	Masaha	194	0.31924
		عقيدة أهل السنة والجماعة في الصحابة الكرام رضي الله عنهم (أصل الكتاب رسالة دكتوراه)	ناصر بن علي عائض حسن الشيخ	Sham19Y	12038	0.31919
		من حديث النبي ( صلي الله عليه وآله ) : « يكون لهذه الامه اثناعشر قيما ؛ لا يضرهم...	مرتضي عسكري	Ghbook	7715	0.31912
		العناية بالقرآن الكريم في العهد النبوي الشريف	يوسف بن عبد الله الحاطي	ShamAY	8515	0.31909
		الدر الفريد وبيت القصيد	محمد بن أيدمر المستعصمي (639 هـ - 710 هـ)	ShamAY	38857	0.31908
		الرحلة المعينيّة	ماء العينين بن العتيق	Rafed	2198	0.31908
		سنن النبي (ص)	السيد محمد حسين الطباطبائي	Masaha	2220	0.31904
		المدخل إلى الفقه الإسلامي وأصوله	الدكتور صلاح محمد أبو الحاج (المنسق) وأ. د. عبد الملك عبد الرحمن السعدي وأ. د. قحطان عبد الرحمن الدوري ود. محمد راكان الدغمي ود. سري إسماعيل الكيلاني	ShamAY	37532	0.31903
		نشوار المحاضرة وأخبار المذاكرة	المحسن بن علي بن محمد بن أبي الفهم داود التنوخي البصري، أبو علي (المتوفى: 384هـ)	ShamAY	10275	0.31901
		حياة امام محمد الجواد عليه السلام	باقر شريف القرشي	Rafed	109	0.31893
		فتاوى اللجنة الدائمة - المجموعة الأولى	اللجنة الدائمة للبحوث العلمية والإفتاء	ShamAY	8381	0.3189
		السنة ومكانتها من التشريع لعبد الحليم محمود	عبد الحليم محمود (المتوفى: 1397ه)	ShamelaY19	28040	0.31889
		كتابة القرآن الكريم في العهد المكي		ShamAY	36857	0.31882
		مقالات الإسلاميين واختلاف المصلين	أبو الحسن علي بن إسماعيل بن إسحاق بن سالم بن إسماعيل بن عبد الله بن موسى بن أبي بردة بن أبي موسى الأشعري (المتوفى: 324هـ)	ShamAY	1167	0.3188
		الصلاة وأحكام تاركها	محمد بن أبي بكر بن أيوب بن سعد شمس الدين ابن قيم الجوزية (المتوفى: 751ه)	Sham19Y	7661	0.3188
		مصحف امير المومنين علي عليه السلام بين المنزل و المفسر	علي شهرستاني	Ghbook	16142	0.31879
		تظلم الزهراء من اهراق دماء آل العباء	رضي بن نبي قزويني	Ghbook	5950	0.31877
		رَفعُ الغَين عمن ينكر ثبوت زيادة "وبركاته" في التسليم من الجانبين	محمد بن الشيخ علي بن آدم الأتيوبي	ShamAY	33069	0.31875
		 الرحلة المعينية 	 ماء العينين بن العتيق 	ABLibrary	9108	0.31874
		جمع القرآن الكريم في عهد الخلفاء الراشدين - فهد الرومي	أ. د. فهد بن عبد الرحمن بن سليمان الرومي	ShamAY	11134	0.31872
		رياض الصالحين بالعربية والإنجليزية	يحيى بن شرف النووي أبو زكريا	ShamAY	38643	0.31871
		المعرفة والمعرّف	حسام الدين أبو المجد	Rafed	1191	0.31865
		القبض ، بين البدعه و السنه	آيت الله العظمي جعفر سبحاني	Ghbook	5052	0.31862
		المهروانيات = الفوائد المنتخبة الصحاح والغرائب	أبو القاسم يوسف بن محمد بن أحمد بن محمد بن أحمد المهرواني، الهمذاني (المتوفى : 468هـ)	ShamAY	727	0.31859
		الوجيز في فقه السنة والكتاب العزيز	عبد العظيم بن بدوي بن محمد	ShamelaY19	98086	0.31859
		زبدة الحلب من تاريخ حلب‏  - الجزء1	عمر بن أحمد ابن أبي جرادة	Masaha	4190	0.31859
		روضة الواعظين و بصيرة المتعظين - الجزء1	فتال النيشابوري‏	Masaha	2201	0.31858
		صحيح أشراط الساعة	عصام موسى هادي	ShamAY	9848	0.31856
		أشراط الساعة الكبرى	عبد الرحمن الكيلاني	ShamAY	35030	0.31853
		ذيل كشف الظنون	آقا بزرگ تهراني	Ghbook	7086	0.31851
		مشكاة الأنوار في غرر الأخبار	علي بن الحسن‏ الطبرسي	Masaha	4741	0.3185
		فتح العلي الحميد في شرح كتاب مفيد المستفيد في كفر تارك التوحيد	مدحت بن الحسن آل فراج	ShamAY	32146	0.31849
		مدخل لفهم السيرة	يحيى بن إبراهيم اليحيى	ShamAY	37405	0.31847
		إفادة المبتدي المستفيد فى حكم إتيان المأموم بالتسميع وجهره به إذا بلغ وإسراره بالتحميد - سلسلة لقاء العشر الأواخر بالمسجد الحرام (29)	إبراهيم بن محمد بن محمود بن بدر، برهان الدين، أبو إسحاق الحلبي القبيباتي الشافعي الناجي (المتوفى: 900 ه)	Sham19Y	17845	0.31845
		الأذكار للنووي ت الأرنؤوط	أبو زكريا محيي الدين يحيى بن شرف النووي (المتوفى: 676هـ)	ShamAY	1956	0.31843
		نسخة السري بن سهل	السري بن سهل الجنديسابوري (المتوفى: 346هـ)	ShamAY	28851	0.31838
		الإصابة في الذب عن الصحابة - رضي الله عنهم -	الشيخ الدكتور مازن بن محمد بن عيسى	ShamAY	1709	0.31831
		جمع الجواهر في الملح والنوادر	إبراهيم بن علي بن تميم الأنصاري، أبو إسحاق الحصري (المتوفى: 453ه)	Sham19Y	621	0.31824
		خلاصة الأحكام في مهمات السنن وقواعد الإسلام	أبو زكريا محيي الدين يحيى بن شرف النووي (المتوفى : 676هـ)	ShamAY	5920	0.31815
		صلح الامام الحسن بين الواقع و ظلم التاريخ (دراسه تحليليه)	يحيي عبدالحسن دوخي	Ghbook	10928	0.31814
		مرجعيه اهل البيت عليهم السلام	ابراهيم اميني	Ghbook	11226	0.31812
		رحمة للعالمين	محمد سليمان المنصورفوري (المتوفى: 1348هـ)	ShamAY	31836	0.31811
		المنهل المأهول بالبناء للمجهول لأبي الخير محمد بن ظهيرة: تحقيق ودراسة	محمد خير الدين أو قطب الدين أبو الخير بن الجمال أبي السعود بن أبي البركات بن أبي السعود القرشي الشافعي بن ظهيرة (المتوفى: نحو 910ه)	Sham19Y	8959	0.31811
		فتح الغفور بوضع اليدين على الصدور	جلال الدين السيوطي	ShamAY	36027	0.31808
		الكشف والبيان [ج ٦]	أبو إسحاق أحمد [ الثّعلبي ]	Rafed	1668	0.31793
		 رحلة مصر والسودان 	 محمد مهري كركوكي 	ABLibrary	9107	0.31785
		الصّحابة في حجمهم الحقيقي	الهاشمي بن علي	Rafed	1189	0.31781
		تاريخ اليمن	الشيخ عبد الواسع بن يحيى الواسعي اليماني	Rafed	2218	0.3178
		زواج ام كلثوم ( الزواج اللغز ) : قراءه في نصوص زواج عمر من ام كلثوم بنت علي عليه...	علي شهرستاني	Ghbook	16156	0.31778
		دلالة الاقتران ووجه الاحتجاج بها عند الأصوليين	أبو عاصم الشحات شعبان محمود عبد القادر البركاتي المصري	ShamelaY19	96269	0.31777
		الشيخ محمد بن عبد الوهاب في مرآة علماء الشرق والغرب	محمود مهدي الإستانبولي (المتوفى: 1420هـ)	ShamAY	7668	0.31776
		بلوغ المرام من أدلة الأحكام - ت الفقي	أحمد بن علي بن حجر العسقلاني	ShamAY	34283	0.31775
		كتاب التشبيهات من أشعار أهل الأندلس	أبو عبد الله محمد بن الحسن الكتاني الطبيب (المتوفى: نحو 420هـ)	ShamAY	1024	0.31771
		الخلاصة في شرح الخمسين الشامية	الواحدي :: علي بن نايف الشحود	ShamAY	36085	0.3177
		الخلاصة في أحكام الاجتهاد والتقليد	الواحدي :: علي بن نايف الشحود	ShamAY	36069	0.31769
		من تواضع لله رفعه	عبد الملك بن محمد القاسم	ShamelaY19	95670	0.31764
		الصلاة وأحكام تاركها	محمد بن أبي بكر بن أيوب بن سعد شمس الدين ابن قيم الجوزية (المتوفى: 751هـ)	ShamAY	7661	0.31761
		المسائل الصاغانية	الشيخ المفيد	Masaha	631	0.31761
		بحار الأنوار [ج ٨١]	الشيخ محمّد باقر بن محمّد تقي المجلسي	Rafed	1112	0.31757
		تعليق لطيف على آخر حديث في رياض الصالحين - لقاء العشر الأواخر بالمسجد الحرام (5)	قاسم بن صالح بن إِسماعيل بن أبي بكر الشهير القاسمي الدِّمشقي (المتوفى: 1284 هـ)	ShamAY	32391	0.31756
		القول في علم النجوم للخطيب	أبو بكر أحمد بن علي بن ثابت بن أحمد بن مهدي الخطيب البغدادي (المتوفى: 463ه)	ShamelaY19	21491	0.31756
		 في رحاب أهل البيت ( ع ) 	 لجنة بحوث المجمع العالمي لأهل البيت ( ع ) 	ABLibrary	8549	0.31754
		تاريخ اليمن الإسلامي	أحمد بن أحمد بن محمّد المطاع	Rafed	2171	0.31752
		الرزق أبوابه ومفاتحه	عبد الملك بن محمد القاسم	ShamelaY19	95675	0.3175
		لله و للحقيقه رد علي كتاب الله ثم للتاريخ	علي آل محسن	Ghbook	10938	0.3175
		الاتجاهات العامة للاجتهاد ومكانة الحديث الآحادي الصحيح فيها	نور الدين محمد عتر الحلبي	ShamelaY19	96230	0.3174
		المقدمة الزهرا في إيضاح الإمامة الكبرى	شمس الدين أبو عبد الله محمد بن أحمد بن عثمان بن قايماز الذهبي (المتوفى: 748ه)	Sham19Y	36949	0.31734
		أحكام القرآن [ج ٣]	أبي بكر أحمد بن علي الرازي الجصّاص	Rafed	1989	0.3173
		 تاريخ أهل عمان 	 مؤلف مجهول 	ABLibrary	8986	0.31721
		أقوال الوزير ابن هبيرة في التفسير ( جمعًا ودراسة )		ShamAY	36930	0.31716
		شد الأثواب في سد الأبواب للسيوطي	الواحدي :: السيوطي	ShamAY	36179	0.31714
		مقدمة في أصول التفسير لابن تيمية	تقي الدين أبو العباس أحمد بن عبد الحليم بن عبد السلام بن عبد الله بن أبي القاسم بن محمد ابن تيمية الحراني الحنبلي الدمشقي (المتوفى: 728هـ)	ShamAY	12081	0.31712
		جمع الجواهر في الملح والنوادر	إبراهيم بن علي بن تميم الأنصاري، أبو إسحاق الحصري (المتوفى: 453هـ)	ShamAY	621	0.31711
		من سيرة خير البشر ((فى غزوة أحد))	محمد المختار المهدي	ShamAY	37447	0.31711
		التفسير المأمون على منهج التنزيل والصحيح المسنون	الأستاذ الدكتور مأمون حموش	ShamelaY19	147666	0.31711
		موسوعة الطير والحيوان في الحديث النبوي	عبد اللطيف عاشور	ShamelaY19	23686	0.31707
		الاتجاهات العامة للاجتهاد ومكانة الحديث الآحادي الصحيح فيها	نور الدين محمد عتر الحلبي	ShamAY	1701	0.31699
		العقائد الاسلامية [ج ٣]	مركز المصطفى للدراسات الإسلامية	Rafed	87	0.31699
		في تاريخ الأدب الجاهلي	علي الجندي	ShamAY	12046	0.31698
		الامام علي خليفة الله	علي رضوي	Ghbook	11886	0.31693
		المعجم الصغير لرواة الإمام ابن جرير الطبري	أكرم بن محمد زيادة الفالوجي الأثري	ShamAY	210	0.31691
		أصول الإيمان (مطبوع ضمن مؤلفات الشيخ محمد بن عبد الوهاب، الجزء الأول)	محمد بن عبد الوهاب بن سليمان التميمي النجدي (المتوفى: 1206هـ)	ShamAY	7504	0.31684
		المراد الشرعي بالجماعة وأثر تحقيقه في إثبات الهوية الإسلامية أمام عولمة الإرهاب	صالح بن عبد الله العبود	ShamAY	33444	0.31683
		 العقائد الجعفرية 	 الشيخ جعفر كاشف الغطاء 	ABLibrary	8515	0.31678
		إمام الكلام في القراءة خلف الإمام	عبد الحي اللكنوي (ت1304هـ)	ShamAY	36014	0.31674
		بستان الأحبار مختصر نيل الأوطار	فيصل بن عبد العزيز بن فيصل ابن حمد المبارك الحريملي النجدي (المتوفى: 1376هـ)	ShamAY	9253	0.31672
		اليواقيت والضرب في تاريخ حلب	أبو الفداء عماد الدين إسماعيل بن علي بن محمود بن محمد ابن عمر بن شاهنشاه بن أيوب، الملك المؤيد، صاحب حماة (المتوفى: 732هـ)	ShamAY	465	0.31671
		تاج العروس [ج ١٦]	محبّ الدين أبي فيض السيد محمّد مرتضى الحسيني الواسطي الزبيدي الحنفي	Rafed	1525	0.31669
		الإتقان في علوم القرآن	عبد الرحمن بن أبي بكر، جلال الدين السيوطي (المتوفى: 911هـ)	ShamAY	11728	0.31666
		تفسير كنز الدّقائق وبحر الغرائب [ج ٥]	الشيخ محمّد بن محمّد رضا القمّي المشهدي	Rafed	3001	0.31665
		ادوار الفقه الامامي	آيت الله العظمي جعفر سبحاني	Ghbook	9000	0.31665
		الشيعة والسنة	إحسان إلهي ظهير الباكستاني (المتوفى: 1407هـ)	ShamAY	951	0.31658
		الكلم الطيب	تقي الدين أبو العباس أحمد بن عبد الحليم بن عبد السلام بن عبد الله بن أبي القاسم بن محمد ابن تيمية الحراني الحنبلي الدمشقي (المتوفى: 728هـ)	ShamAY	21578	0.31657
		الحسين ريحانة النبي (ص)	الشيخ كمال معاش	Rafed	1532	0.31657
		تطريز رياض الصالحين	فيصل بن عبد العزيز بن فيصل ابن حمد المبارك الحريملي النجدي (المتوفى: 1376هـ)	ShamAY	21543	0.31655
		الناسخ والمنسوخ - وتنزيل القرآن بمكة والمدينة	محمد بن مسلم بن عبد الله بن شهاب الزهري (المتوفى: 124ه)	ShamelaY19	26887	0.31655
		خطط الشام [ج ٤]	محمّد كرد علي	Rafed	2282	0.31655
		المعيار و الموازنة في فضائل الإمام أمير المؤمنين علي بن أبي طالب(ع)	جعفر بن محمد الإسكافي‏	Masaha	2874	0.31653
		فضائل الخمسة من الصحّاح الستّة [ج ٣]	السيد مرتضى الفيروزآبادي	Rafed	1347	0.31651
		الحماسة للبحتري	أبو عبادة الوليد بن عبيد البحتري (ت 284 ه)	ShamelaY19	148535	0.3164
		جهود الشيخ الألباني في بيان عقيدة السلف في الإيمان بالله	أحمد صالح حسين الجبوري	ShamAY	35768	0.31639
		الذّريعة إلى تصانيف الشّيعة [ج ١٤]	الشيخ آقا بزرك الطهراني	Rafed	466	0.31637
		المقتفى من سيرة المصطفى صلى الله عليه وسلم	الحسن بن عمر بن الحسن بن حبيب، أبو محمد، بدر الدين الحلبي (المتوفى: 779ه)	Sham19Y	6582	0.31636
		القراءات وأثرها في علوم العربية	محمد محمد محمد سالم محيسن (المتوفى: 1422ه)	ShamelaY19	95569	0.31634
		سبل السلام	محمد بن إسماعيل بن صلاح بن محمد الحسني، الكحلاني ثم الصنعاني، أبو إبراهيم، عز الدين، المعروف كأسلافه بالأمير (المتوفى: 1182ه)	ShamelaY19	21590	0.31634
		شرح البداية في علم الدراية	الشهيد الثاني	Masaha	573	0.31632
		ما اخفاه الرواه من ليله المبيت علي فراش النبي صلي الله عليه وآله وسلم	نبيل قدوري الحسني	Ghbook	12321	0.31632
		الرد على الرافضة أو القضاب المشتهر على رقاب ابن المطهر - رسالة في الرد على علامة الشيعة في وقته ابن مطهر الحلي	مجد الدين أبو طاهر محمد بن يعقوب الفيروزآبادى (المتوفى: 817هـ)	ShamAY	961	0.3163
		كشف الخفاء ومزيل الإلباس عما اشتهر من الأحاديث على ألسنة الناس	إسماعيل بن محمد العجلوني الجراحي (المتوفى: 1162ه)	Sham19Y	856	0.31623
		تاريخ مكة المشرفة والمسجد الحرام والمدينة الشريفة والقبر الشريف	محمد بن أحمد بن الضياء محمد القرشي العمري المكي الحنفي، بهاء الدين أبو البقاء، المعروف بابن الضياء (المتوفى: 854هـ)	ShamAY	5539	0.31622
		ومن النهاية كانت البداية	باسل محمد بن خضراء	Masaha	488	0.31619
		الجزء فيه تفسير القرآن ليحيى بن يمان ونافع بن أبي نعيم القارئ ومسلم بن خالد الزنجي وعطاء الخراساني برواية أبي جعفر الترمذي	أَبُو جَعْفَرٍ التِّرْمِذِيُّ مُحَمَّدُ بنُ أَحْمَدَ بنِ نَصْرٍ الشافعي التِّرْمِذِيّ الرملي الفقيه (المتوفى: 295هـ)	ShamAY	26470	0.31618
		مصطلح الحديث في سؤال وجواب	مصطفى العدوي	ShamAY	37286	0.31615
		بلوغ المرام من أدلة الأحكام	أبو الفضل أحمد بن علي بن محمد بن أحمد بن حجر العسقلاني (المتوفى: 852هـ)	ShamAY	1209	0.31609
		تعليم الأحب أحاديث النووي وابن رجب	فيصل المبارك	ShamAY	35980	0.31607
		ما له حكم الرفع من أقوال الصحابة وأفعالهم	أبو ياسر محمد بن مطر بن عثمان آل مطر الزهراني (المتوفى: 1427هـ)	ShamAY	11367	0.31605
		تقريب الوصول إلي معرفة الرسول صلى الله عليه وسلم	طارق محمد امعيتيق	ShamAY	37439	0.31605
		المقدمة الزهرا في إيضاح الإمامة الكبرى	شمس الدين أبو عبد الله محمد بن أحمد بن عثمان بن قايماز الذهبي (المتوفى: 748ه)	ShamelaY19	36949	0.31604
		 الدر المنثور في التفسير بالمأثور 	 جلال الدين السيوطي 	ABLibrary	912	0.31601
		تذكرة الموضوعات للفتني	محمد طاهر بن علي الصديقي الهندي الفَتَّنِي (المتوفى: 986هـ)	ShamAY	12738	0.31594
		مسائل خلافيه حار فيها اهل السنه	علي آل محسن	Ghbook	7705	0.31594
		الروضة الريا فيمن دفن بداريا	عبد الرحمن بن علي بن عبد الرحمن بن علي أفندي العمادي الدمشقي الحنفي (المتوفى: 1223هـ)	ShamAY	5864	0.31593
		اللآلئ البهية في كيفية الاستفادة من الكتب الحنبلية		ShamAY	37378	0.31587
		تعريب منتهى الآمال في تواريخ النبي و الآل - الجزء1	السيد هاشم الميلاني‏	Masaha	2885	0.31586
		تطريز رياض الصالحين	فيصل بن عبد العزيز بن فيصل ابن حمد المبارك الحريملي النجدي (المتوفى: 1376ه)	ShamelaY19	21543	0.3158
		مسائل حرب الكرماني من أول كتاب الصلاة إلى باب الإمام يحدث فيقدم من سبقه بركعة دراسة وتحقيق	أبو محمد حرب بن إسماعيل بن خلف الكرماني (المتوفى: 280 ه)	Sham19Y	13262	0.31579
		كشف الخفاء ومزيل الإلباس	إسماعيل بن محمد بن عبد الهادي الجراحي العجلوني الدمشقي، أبو الفداء (المتوفى: 1162ه)	Sham19Y	9576	0.31568
		 خلافة الإمام علي ( ع ) بين النصوص الدينية والتغطية الإعلامية 	 الشيخ علي البامياني 	ABLibrary	8419	0.31566
		عارفا بحقكم	علي شهرستاني	Ghbook	16157	0.31566
		من المساجد و المزارات في الحرمين الشريفين	آيت الله العظمي سيد محمد حسيني شيرازي	Ghbook	8022	0.31566
		 منتهى السؤل على وسائل الوصول إلى شمائل الرسول ( ص ) 	 عبد الله بن سعيد محمد عبادي اللحجي 	ABLibrary	7800	0.31565
		الكافي [ج ٩]	أبو جعفر محمّد بن يعقوب الكليني الرازي	Rafed	1125	0.31561
		مجموع رسائل الحافظ ابن رجب الحنبلي	زين الدين عبد الرحمن بن أحمد بن رجب بن الحسن، السلامي، البغدادي، ثم الدمشقي، الحنبلي (المتوفى: 795ه)	ShamelaY19	95735	0.31558
		بحار الأنوار [ج ١٧]	الشيخ محمّد باقر بن محمّد تقي المجلسي	Rafed	859	0.31558
		شرح وصية الإمام أبي حنيفة	أكملُ الدِّين أبو عبد الله محمد بن محمد بن محمود بن أحمد البَابِرْتيُّ الرُّوميُّ الحنفيُّ	ShamAY	35746	0.31556
		زبدة الحلب من تاريخ حلب [ج ١]	كمال الدّين عمر بن أحمد بن أبي جرادة الحلبي [ ابن العديم ]	Rafed	2422	0.31537
		الامامان الحسن و الحسين ( عليه السلام ) في احاديث المشتركه بين السنه و الشيعه	جمعي از نويسندگان	Ghbook	6062	0.31532
		مسائل حرب الكرماني من أول كتاب الصلاة إلى باب الإمام يُحْدِث فيقدّم من سبقه بركعة دراسة وتحقيق	أبو محمد حرب بن إسماعيل بن خلف الكرماني (المتوفى: 280 هـ)	ShamAY	32505	0.31531
		كشف الخفاء ومزيل الإلباس عما اشتهر من الأحاديث على ألسنة الناس	إسماعيل بن محمد العجلوني الجراحي (المتوفى: 1162هـ)	ShamAY	856	0.3153
		المدينة في العصر المملوكي	عبد الرحمن المديرس	ShamAY	38448	0.31525
		العلم .. فضله وكيفية طلبه		ShamAY	35199	0.31521
		بحار الأنوار [ج ١٠٢]	الشيخ محمّد باقر بن محمّد تقي المجلسي	Rafed	1513	0.31518
		تفسير اهل البيت عليهم السلام	نجاح الطائي	Ghbook	15823	0.31517
		إدراك الركعة والجماعة والجمعة	محمد بن إبراهيم الغامدي	ShamAY	12139	0.31514
		جامع العلوم والحكم - ط المعرفة	أبو الفرج عبد الرحمن بن أحمد بن رجب الحنبلي	ShamAY	33527	0.31514
		الغاية فى شرح الهداية فى علم الرواية	شمس الدين أبو الخير محمد بن عبد الرحمن بن محمد بن أبي بكر بن عثمان بن محمد السخاوي (المتوفى: 902هـ)	ShamAY	5956	0.31512
		الباعث على شرح الحوادث	أبو عبد الرحمن مقبل بن هادي بن مقبل بن قائدة (اسم رجل) الهمداني الوادعي (المتوفى: 1422ه)	Sham19Y	96842	0.31512
		من أنا حتى أكتب عن أحمد	إسلام المازني	ShamAY	37408	0.31511
		حكم قراءة الجنب للقرآن	الواحدي :: سليمان العلوان	ShamAY	36523	0.31505
		الأحاديْثُ المُشْكِلَةُ الواردةُ في تفسير القرآنِ الكريم (عَرْضٌ وَدِراسَةٌ)	د. أحمد بن عبد العزيز بن مُقْرِن القُصَيِّر	ShamAY	121	0.31498
		كشف الخفاء ومزيل الإلباس	إسماعيل بن محمد بن عبد الهادي الجراحي العجلوني الدمشقي، أبو الفداء (المتوفى: 1162هـ)	ShamAY	9576	0.31494
		الأربعون من رواية مالك عن نافع للسيوطي	عبد الرحمن بن أبي بكر، جلال الدين السيوطي (المتوفى: 911ه)	ShamelaY19	29569	0.31494
		إخبار أهل الرسوخ في الفقه والتحديث بمقدار المنسوخ من الحديث	جمال الدين أبو الفرج عبد الرحمن بن علي بن محمد الجوزي (المتوفى: 597هـ)	ShamAY	22002	0.31487
		 البراهين القاطعة في شرح تجريد العقائد الساطعة 	 محمد جعفر استر آبادى ( شريعتمدار ) 	ABLibrary	8368	0.31487
		من اسباب ضعف المسلمين	آيت الله العظمي سيد محمد حسيني شيرازي	Ghbook	7834	0.31487
		 مسند الإمام الصادق ( ع ) 	 الشيخ عزيز الله عطاردي 	ABLibrary	7722	0.31481
		تخريج الكلم الطيب	تقي الدين أبو العباس أحمد بن عبد الحليم بن عبد السلام بن عبد الله بن أبي القاسم بن محمد ابن تيمية الحراني الحنبلي الدمشقي (المتوفى: 728ه)	Sham19Y	327	0.3148
		العواصم والقواصم في الذب عن سنة أبي القاسم	ابن الوزير، محمد بن إبراهيم بن علي بن المرتضى بن المفضل الحسني القاسمي، أبو عبد الله، عز الدين، من آل الوزير (المتوفى: 840ه)	ShamelaY19	29677	0.31479
		مطالب السؤول في مناقب آل الرسول‏	محمد بن طلحة الشافعي‏	Masaha	2488	0.31478
		مختصر اختلاف العلماء	أبو جعفر أحمد بن محمد بن سلامة بن عبد الملك بن سلمة الأزدي الحجري المصري المعروف بالطحاوي (المتوفى: 321ه)	Sham19Y	6222	0.31476
		صفحات من صبر العلماء على شدائد العلم والتحصيل	عبد الفتاح أبو غدة	ShamAY	33769	0.31474
		تجدد المسرات بالقسم بين الزوجات	حسن بن عمار بن علي الشرنبلالي المصري الحنفي (المتوفى: 1069ه)	ShamelaY19	96852	0.31471
		تاج العروس [ج ٧]	محبّ الدين أبي فيض السيد محمّد مرتضى الحسيني الواسطي الزبيدي الحنفي	Rafed	1499	0.3147
		 حسن المحاضرة في أخبار مصر والقاهرة 	 جلال الدين السيوطي 	ABLibrary	9036	0.31468
		سبل السلام	محمد بن إسماعيل بن صلاح بن محمد الحسني، الكحلاني ثم الصنعاني، أبو إبراهيم، عز الدين، المعروف كأسلافه بالأمير (المتوفى: 1182هـ)	ShamAY	32028	0.31466
		حقيقه السنة والبدعة = الأمر بالاتباع والنهي عن الابتداع	عبد الرحمن بن أبي بكر، جلال الدين السيوطي (المتوفى: 911ه)	Sham19Y	248	0.31465
		 الدر المنثور في التفسير بالمأثور 	 جلال الدين السيوطي 	ABLibrary	910	0.31465
		سبل السلام	محمد بن إسماعيل بن صلاح بن محمد الحسني، الكحلاني ثم الصنعاني، أبو إبراهيم، عز الدين، المعروف كأسلافه بالأمير (المتوفى: 1182ه)	Sham19Y	21590	0.3146
		 بحار الأنوار 	 العلامة المجلسي 	ABLibrary	798	0.31452
		الجمل و النصرة لسيد العترة في حرب البصرة	محمد بن  محمد بن نعمان شيخ مفيد	Ghbook	9187	0.31452
		العبّاس عليه السلام	السيد عبد الرزاق الموسوي المقرّم	Rafed	1554	0.31451
		الشيعة وصكوك الغفران	محمد مال الله	ShamAY	35675	0.31448
		أربعون حديثا في فضل قل هو الله أحد	يوسف الأرميوني	ShamAY	36735	0.31447
		مَسَائِلُ الإِمَامِ أَبِي عبد اللهِ أَحْمَدَ بْنِ حَنْبَلٍ	أحمد بن حنبل	ShamAY	38134	0.31439
		الفروسية المحمدية ط عالم الفوائد	أبو عبد الله محمد بن أبي بكر بن أيوب ابن قيم الجوزية (691 - 751)	Sham19Y	18169	0.31437
		جمهرة خطب العرب في عصور العربية الزاهرة	أحمد زكي صفوت	ShamAY	12005	0.31436
		 فتوح الغيب 	 عبد القادر الجيلاني 	ABLibrary	8722	0.31435
		آراء و اصداء حول عبدالله بن سبا	مرتضي عسكري	Ghbook	7505	0.31435
		أهل البيت في مصر	عدة من الباحثين و المفكرين المصريين	Masaha	1943	0.31431
		شرح كتاب الحج من بلوغ المرام	عبد الله العتيبي	ShamAY	35969	0.31422
		محاضرات في علوم القرآن - غانم قدورى	أبو عبد الله غانم بن قدوري بن حمد بن صالح، آل موسى فرج الناصري التكريتي	Sham19Y	12917	0.31422
		المجالس السنيه في مناقب و مصائب العتره النبويه ( الامام السجاد عليه السلام )	محسن امين عاملي	Ghbook	6371	0.31418
		المدونة	مالك بن أنس بن مالك بن عامر الأصبحي المدني (المتوفى: 179هـ)	ShamAY	587	0.31415
		مقام الرشاد بين التقليد والاجتهاد	فيصل بن عبد العزيز بن فيصل ابن حمد المبارك الحريملي النجدي (المتوفى: 1376هـ)	ShamAY	12867	0.31415
		التحصيل من المحصول	سراج الدين محمود بن أبي بكر الأرْمَوي (المتوفى: 682 هـ)	ShamAY	37994	0.31408
		البيان والإشهار لكشف زيغ الملحد الحاج مختار	فوزان بن سابق بن فوزان (المتوفى: 1373هـ)	ShamAY	7569	0.31399
		البلاغة العمرية	محمد سالم الخضر	ShamAY	31954	0.31399
		موسوعة التاريخ الاسلامي - الجزء1	الشيخ محمد هادي اليوسفي	Masaha	3036	0.31399
		زيارة الام الحسين بحث استدلالي في روايات الوجوب	رافد التميمي	Ghbook	15409	0.31398
		ومن النّهاية كانت البداية	باسل محمّد بن خضراء	Rafed	1207	0.31397
		المُعْلم بفوائد مسلم	أبو عبد الله محمد بن علي بن عمر التَّمِيمي المازري المالكي (المتوفى: 536هـ)	ShamAY	31765	0.31396
		من قصص التاريخ	آيت الله العظمي سيد محمد حسيني شيرازي	Ghbook	7839	0.31392
		الجهاد في سبيل الله تعالى - مفهومه، وحكمه، ومراتبه، وضوابطه، وأنواعه، وأهدافه، وفضله، وأسباب النصر على الأعداء في ضوء الكتاب والسنة	د. سعيد بن علي بن وهف القحطاني	Sham19Y	96462	0.31391
		العبدي الكوفي وشعره في الغدير	الشيخ عبد الحسين الأميني النجفي	Masaha	336	0.3139
		تحريم آلات الطرب	أبو عبد الرحمن محمد ناصر الدين، بن الحاج نوح بن نجاتي بن آدم، الأشقودري الألباني (المتوفى: 1420هـ)	ShamAY	11081	0.3138
		أمالي السيد المرتضى *	الشريف المرتضى	ShamAY	34519	0.31377
		الذّريعة إلى تصانيف الشّيعة [ج ١١]	الشيخ آقا بزرك الطهراني	Rafed	459	0.31375
		 بحار الأنوار 	 العلامة المجلسي 	ABLibrary	756	0.31375
		الاعتصام بالكتاب والسنة	الشيخ جعفر السبحاني	Masaha	4867	0.31373
		كتاب من لا يحضره الفقيه [ج ٤]	أبي جعفر محمّد بن علي بن الحسين بن بابويه القمّي [ الشيخ الصدوق ]	Rafed	1432	0.31372
		اهل البيت في المكتبة العربية	عبدالعزيز طباطبايي	Ghbook	9167	0.31372
		محاضرات في علوم القرآن - غانم قدورى	أبو عبد الله غانم بن قدوري بن حمد بن صالح، آل موسى فَرَج الناصري التكريتي	ShamAY	1436	0.3137
		المرفوعات في كتاب البيان في غريب اعراب القرآن – لأبى البركات الأنباري (عبدالكريم بشير حجا	عبد الكريم بشير حجا	ShamAY	35923	0.31368
		الإنجاد في أبواب الجهاد وتفصيل فرائضه وسننه وذكر جمل من آدابه ولواحق أحكامه	محمد بن عيسى بن محمد بن أصبغ، أبو عبد الله بن المناصف الأزدي القرطبي (المتوفى: 620هـ)	ShamAY	1449	0.31363
		الاستبصار	محمد بن حسن شيخ طوسي ( شيخ الطائفه )	Ghbook	2628	0.31363
		أشراط الساعة	عبد الله بن سليمان الغفيلي	ShamelaY19	30813	0.31359
		موسوعة الأسئلة العقائديّة [ج ٢]	مركز الأبحاث العقائديّة	Rafed	1379	0.31355
		الرسالة البديعة فى الرد على أهل المجلة الخليعة	التويجري، حمود بن عبد الله	ShamAY	37750	0.31354
		الإمامة في ضوء الكتاب والسنة	ابن تيمية	ShamAY	35288	0.31353
		 مع الركب الحسيني 	 مجموعة مؤلفين 	ABLibrary	7744	0.31352
		 كنوز الذهب في تاريخ حلب 	 أبي ذر سبط ابن العجمي 	ABLibrary	9167	0.31347
		جمع القرآن الكريم حفظا وكتابة	أ. د. علي بن سليمان العبيد	ShamAY	11131	0.31344
		 الذريعة 	 آقا بزرگ الطهراني 	ABLibrary	849	0.31341
		محمد بن عبد الوهاب عقيدته السلفية ودعوته الإصلاحية وثناء العلماء عليه	أحمد بن حجر بن محمد بن حجر بن أحمد بن حجر بن طامي بن حجر بن سند بن سعدون آل بوطامي البنعلي (المتوفى: 1423هـ)	ShamAY	11382	0.3134
		تعريب موسوعة عاشوراء	خليل زامل العصامي‏	Masaha	3120	0.31338
		القراءات وأثرها في علوم العربية	محمد محمد محمد سالم محيسن (المتوفى: 1422هـ)	ShamAY	1555	0.31337
		مرآة العقول [ج ١]	الشيخ محمّد باقر بن محمّد تقي المجلسي	Rafed	944	0.31337
		 الذريعة 	 آقا بزرگ الطهراني 	ABLibrary	864	0.31335
		الباعث على شرح الحوادث	أبو عبد الرحمن مقبل بن هادي بن مقبل بن قائدة (اسم رجل) الهمداني الوادعي (المتوفى: 1422ه)	ShamelaY19	96842	0.31331
		سلسله المسائل الفقهيه [الحج]	آيت الله العظمي جعفر سبحاني	Ghbook	6737	0.31331
		مسألة في الكنائس	تقي الدين أبو العباس أحمد بن عبد الحليم بن عبد السلام بن عبد الله بن أبي القاسم بن محمد ابن تيمية الحراني الحنبلي الدمشقي (المتوفى: 728ه)	ShamelaY19	22651	0.31326
		أهداف دعوة الشيخ محمد بن عبد الوهاب	إبراهيم بن عثمان الفارس	ShamAY	10847	0.31324
		أخبار النساء لابن الجوزي	جمال الدين أبو الفرج عبد الرحمن بن علي بن محمد الجوزي (المتوفى: 597ه) (منسوب خطأ في المطبوع لابن قيم الجوزية)	ShamelaY19	21563	0.31324
		مختصر اختلاف العلماء	أبو جعفر أحمد بن محمد بن سلامة بن عبد الملك بن سلمة الأزدي الحجري المصري المعروف بالطحاوي (المتوفى: 321هـ)	ShamAY	6222	0.3132
		طبقات الشعراء لابن المعتز	عبد الله بن محمد ابن المعتز العباسي (المتوفى: 296هـ)	ShamAY	7867	0.31315
		المختار من كتاب اللهو والملاهي	أبو القاسم عبيد الله بن عبد الله المعروف بابن خرداذبة (المتوفى: نحو 280هـ)	ShamAY	785	0.31313
		سيد العبيد جون بن حوي	الشيخ ماجد بن احمد العطيه	Ghbook	12338	0.31313
		الشيعة والسنة	إحسان إلهي ظهير الباكستاني (المتوفى: 1407ه)	ShamelaY19	37548	0.31307
		خلاصة الوفا بأخبار دار المصطفى	علي بن عبد الله بن أحمد الحسني السمهودي (المتوفى: 911ه)	ShamelaY19	31372	0.313
		اعلام الهدايه (الامام علي بن محمد الهادي عليه السلام)	مجمع جهاني اهل بيت عليهم السلام	Ghbook	4021	0.31298
		وصول الأماني بأصول التهاني	الواحدي :: السيوطي	ShamAY	33743	0.31296
		قواعد التجويد على رواية حفص عن عاصم بن أبي النجود	عبد العزيز بن عبد الفتاح القارئ	ShamAY	11301	0.31292
		فرج المهموم - معرفة نهج الحلال من علم النجوم	السيد علي بن موسى بن طاووس	Masaha	1035	0.31292
		خلاصة الوفا بأخبار دار المصطفى	علي بن عبد الله بن أحمد الحسني السمهودي (المتوفى: 911هـ)	ShamAY	31372	0.3129
		الضيافة في الكتاب و السنة	محمد محمدي ري شهري	Ghbook	15986	0.3129
		تذكير العابد بحكم المسألة في المساجد (دراسة فقهية مقارنة)	أبو مالك عدنان عبده المقطري	ShamAY	36723	0.31289
		اهتمام المحدثين بالسنة المطهرة	الخشوعي محمد الخشوعي	ShamAY	37344	0.31287
		الأربعون حديثا في حق الفقراء لأبي طاهر السلفي - مخطوط (ن)	صدر الدين، أبو طاهر السِّلَفي أحمد بن محمد بن أحمد بن محمد بن إبراهيم سِلَفَه الأصبهاني (المتوفى: 576هـ)	ShamAY	12883	0.31274
		مدخل إلى التفسير وعلوم القرآن	عبد الجواد خلف محمد عبد الجواد	Sham19Y	21486	0.31265
		خبر الواحد وحجيته	أحمد بن محمود بن عبد الوهاب الشنقيطي	ShamAY	11172	0.31263
		 موسوعة العتبات المقدسة 	 جعفر الخليلي 	ABLibrary	9244	0.31259
		فقه النصيحة	محمد أبو صعيليك	ShamAY	36196	0.31254
		تاريخ اليمن‏	عبد الواسع الواسعي اليماني	Masaha	4356	0.3125
		الجامع لعلوم الإمام أحمد - الفقه	خالد الرباط، سيد عزت عيد [بمشاركة الباحثين بدار الفلاح]	ShamAY	38866	0.31245
		الفروسية المحمدية ط عالم الفوائد	أبو عبد الله محمد بن أبي بكر بن أيوب ابن قيم الجوزية (691 - 751)	ShamAY	38642	0.31245
		إتحاف السائل بما لفاطمة من المناقب والفضائل	محمّد بن عبدالله الأكراوي القلشقندي الشافعي	Rafed	2634	0.31245
		مجمل اعتقاد أئمة السلف	عبد الله بن عبد المحسن بن عبد الرحمن التركي	ShamAY	30858	0.31243
		فتح الوهاب في حكم اتخاذ المحراب	يحي الحجوري	ShamAY	36194	0.31242
		الخلاصة في آفات اللسان	علي بن نايف الشحود	ShamAY	34859	0.31239
		سبل الهدى و الرشاد في سيرة خير العباد - الجزء1	محمد بن يوسف الصالحي الدمشقي‏	Masaha	2207	0.31237
		إيمان أبي طالب وسيرته	الشيخ عبد الحسين الأميني النجفي	Masaha	91	0.31235
		تجدد المسرات بالقسم بين الزوجات	حسن بن عمار بن علي الشرنبلالي المصري الحنفي (المتوفى: 1069هـ)	ShamAY	2013	0.3123
		الترغيب والترهيب من الحديث الشريف	عبد العظيم بن عبد القوي بن عبد الله، أبو محمد، زكي الدين المنذري (المتوفى: 656 هـ)	ShamAY	32539	0.31228
		هداية الحيارى في أجوبة اليهود والنصارى	محمد بن أبي بكر بن أيوب بن سعد شمس الدين ابن قيم الجوزية (المتوفى: 751ه)	ShamelaY19	22707	0.31228
		شرح البيقونية - محمد حسن عبد الغفار	محمد حسن عبد الغفار	ShamelaY19	37667	0.31224
		مواقف الشيعة - الجزء1	الشيخ علي الأحمدي الميانجي	Masaha	451	0.31224
		التنازع والتوازن في حياة المسلم	محمد بن حسن بن عقيل موسى الشريف	Sham19Y	36502	0.31217
		نداء الريان في فقه الصوم وفضل رمضان	أبو التراب سيد بن حسين بن عبد الله العفاني	ShamAY	22886	0.31216
		جوامع الأخبار	عبد الرحمن بن ناصر بن عبد الله السعدي (المتوفى: 1376هـ)	ShamAY	33084	0.31216
		فدك	آيت الله العظمي ميرزا جواد تبريزي	Ghbook	16206	0.3121
		فاعتبروا يا اولي الابصار	آيت الله العظمي سيد محمد حسيني شيرازي	Ghbook	7770	0.3121
		التحفة المدنية في العقيدة السلفية (وطبع الكتاب باسم: الفواكه العذاب في معتقد الشيخ محمد بن عبد الوهاب (في الصفات) بتحقيق الشيخ عبد الله بن عبد المحسن التركي - مؤسسة الرسالة)	حمد بن ناصر بن عثمان بن معمر النجدي التميمي الحنبلي (المتوفى: 1225هـ)	ShamAY	8585	0.31207
		غذاء الألباب في شرح منظومة الآداب	شمس الدين، أبو العون محمد بن أحمد بن سالم السفاريني الحنبلي (المتوفى : 1188هـ)	ShamAY	25791	0.31198
		مدخل إلى التفسير وعلوم القرآن	عبد الجواد خلف محمد عبد الجواد	ShamAY	1441	0.31198
		فضائل فلسطين وبيت المقدس في الكتاب والسنة	حسني محمد العطار	ShamAY	37119	0.31196
		 رحلة العبدري 	 أبو عبد الله العبدري 	ABLibrary	9101	0.31193
		قرب الاسناد	الشيخ ابي العباس الحميري	Masaha	546	0.31193
		الشيعه في موكب التاريخ	آيت الله العظمي جعفر سبحاني	Ghbook	10561	0.31192
		دعوة أهل البدع	خالد بن أحمد الزهراني	ShamAY	33317	0.31191
		أخبار النساء لابن الجوزي	جمال الدين أبو الفرج عبد الرحمن بن علي بن محمد الجوزي (المتوفى: 597هـ) (منسوب خطأ في المطبوع لابن قيم الجوزية)	ShamAY	1509	0.3119
		الأنكحة الفاسدة والمختلف فيها (دراسة فقهية مقارنة)	عبد الرحمن الأهدل	ShamAY	36608	0.31189
		نفحة عبير من سيرة البشير النذير	يحيى بن إبراهيم اليحيى	ShamAY	37413	0.31185
		حقيقه السنة والبدعة = الأمر بالاتباع والنهي عن الابتداع	عبد الرحمن بن أبي بكر، جلال الدين السيوطي (المتوفى: 911هـ)	ShamAY	248	0.31179
		الامام السجاد ( عليه السلام ) قدوه و اسوه	آيت الله العظمي سيد محمد تقي مدرسي	Ghbook	6349	0.31179
		غذاء الألباب في شرح منظومة الآداب	السفاريني	ShamelaY19	25791	0.31176
		موسوعة الامام الحسين عليه السلام في الكتاب و السنة و التاريخ	محمد محمدي ري شهري	Ghbook	16215	0.31175
		نداء الريان في فقه الصوم وفضل رمضان	سيد حسين العفاني	ShamelaY19	22886	0.31174
		مسألة في الكنائس	تقي الدين أبو العباس أحمد بن عبد الحليم بن عبد السلام بن عبد الله بن أبي القاسم بن محمد ابن تيمية الحراني الحنبلي الدمشقي (المتوفى: 728ه)	Sham19Y	22651	0.31174
		الحق المبين في معرفة الملائكة المقربين	محمد علي محمد إمام	ShamelaY19	37346	0.31173
		المقتفى من سيرة المصطفى صلى الله عليه وسلم	الحسن بن عمر بن الحسن بن حبيب، أبو محمد، بدر الدين الحلبي (المتوفى: 779هـ)	ShamAY	6582	0.31171
		وضوء النبي (صلى الله عليه و آله و سلم‌) - الجزء1	السيد علي الشهرستاني	Masaha	3679	0.31165
		دليل الاماكن المقدسه في سوريه	ايوب حائري	Ghbook	803	0.31163
		من أعلام أهل السنة والجماعة عبد الله بن المبارك	أبو ياسر محمد بن مطر بن عثمان آل مطر الزهراني (المتوفى: 1427هـ)	ShamAY	12067	0.31159
		منهج الشيعة في فضائل وصي خاتم الشريعة	السيد جلال الدين الحسيني	Masaha	445	0.31152
		السنة النبوية وحي من الله محفوظة كالقران الكريم	شيخة بنت مفرج المفرج	Sham19Y	7600	0.3115
		كتاب صفة الصلاة من شرح العمدة للإمام موفق الدين ابن قدامة	تقي الدين أبو العباس أحمد بن عبد الحليم بن عبد السلام بن عبد الله بن أبي القاسم بن محمد ابن تيمية الحراني الحنبلي الدمشقي (المتوفى: 728 ه)	Sham19Y	17073	0.31143
		الترغيب والترهيب من الحديث الشريف	عبد العظيم بن عبد القوي بن عبد الله، أبو محمد، زكي الدين المنذري (المتوفى: 656 ه)	Sham19Y	13223	0.3114
		الفروسية	محمد بن أبي بكر بن أيوب بن سعد شمس الدين ابن قيم الجوزية (المتوفى: 751هـ)	ShamAY	6275	0.31137
		الفتح الرباني من فتاوى الإمام الشوكاني	محمد بن علي بن محمد بن عبد الله الشوكاني اليمني (المتوفى: 1250هـ)	ShamAY	344	0.3113
		صوم عاشورا	الشيخ نجم الدين الطبسي	Masaha	5130	0.31129
		الغرر في فضائل عمر	عبد الرحمن بن أبي بكر، جلال الدين السيوطي (المتوفى: 911هـ)	ShamAY	193	0.31124
		بحوث في الملل والنّحل [ج ٦]	الشيخ جعفر السبحاني	Rafed	200	0.31123
		 خطط الشام 	 محمد كرد علي 	ABLibrary	9057	0.31122
		دعاء الندبه و توثيقه من الكتاب و السنه	موسسه پيام امام هادي عليه السلام	Ghbook	14797	0.31122
		مكفرات الذنوب وموجبات الجنة	عبد الرحمن بن علي بن محمد الشيباني الزبيدي الشافعي، وجيه الدين، المعروف بابن الديبع (المتوفى: 944ه)	ShamelaY19	28114	0.31121
		الفقر وموقف الشريعة الإسلامية منه	مصطفى نوارج	ShamAY	36657	0.31118
		شهر رجب	آيت الله العظمي سيد محمد حسيني شيرازي	Ghbook	7893	0.31118
		جلباب المرأة المسلمة في الكتاب والسنة	أبو عبد الرحمن محمد ناصر الدين، بن الحاج نوح بن نجاتي بن آدم، الأشقودري الألباني (المتوفى: 1420ه)	Sham19Y	9994	0.31116
		معاهد التنصيص على شواهد التلخيص	عبد الرحيم بن عبد الرحمن بن أحمد، أبو الفتح العباسي (المتوفى: 963هـ)	ShamAY	6951	0.31111
		 الضوء اللامع لأهل القرن التاسع 	 شمس الدين السخاوي 	ABLibrary	949	0.31103
		السنة النبوية وحي من الله محفوظة كالقران الكريم	شيخة بنت مفرج المفرج	ShamAY	7600	0.31102
		أشراط الساعة	عبد الله بن سليمان الغفيلي	ShamAY	30813	0.31102
		تاريخ التشريع الإسلامي	مناع بن خليل القطان (المتوفى: 1420هـ)	ShamAY	9995	0.31101
		 تفسير الحبري 	 حسين الحبري 	ABLibrary	7474	0.31099
		ثمر الثمام شرح «غاية الإحكام في آداب الفهم والإفهام»	محمد بن محمد بن أحمد بن عبد القادر بن عبد العزيز السنباوي الأزهري، المعروف بالأمير (المتوفى: 1232ه)	Sham19Y	17091	0.31098
		الاتجاهات الفقهية عند أصحاب الحديث في القرن الثالث الهجري	الدكتور عبد المجيد محمود عبد المجيد	ShamAY	31717	0.31093
		أحكام السوق أو النظر والأحكام في جميع أحوال السوق	أبو زكريا الكناني	ShamAY	36466	0.31091
		استواء الله على العرش بين تسليم السلف وتأويل الخلف	أبو رملة محمد المنصور إبراهيم	ShamAY	35455	0.31088
		ليالي بيشاور	السيّد محمّد الموسوي الشيرازي	Rafed	1918	0.31087
		كتاب الذكر والدعاء في ضوء الكتاب والسنة	عبد الرزاق بن عبد المحسن البدر	ShamelaY19	31318	0.31084
		المهذب البارع في شرح المختصر النافع - الجزء1	جمال الدين أحمد بن محمد الحلي	Masaha	1065	0.31081
		فى رحاب البيت العتيق	محيى الدين إمام	ShamAY	36112	0.3108
		جمال الاسبوع 	سيد رضي الدين علي بن موسي بن طاووس ابن طاووس	Ghbook	2495	0.31079
		الأخبار الطوال	أبو حنيفة أحمد بن داود الدينوري (المتوفى: 282ه)	Sham19Y	9760	0.31074
		مدخل الي دراسه نص الغدير	محمد مهدي اصفي	Ghbook	7142	0.31072
		الصحيح من سيرة النبي الأعظم صلّى الله عليه وآله [ج ٢٧]	السيد جعفر مرتضى العاملي	Rafed	2633	0.31071
		الإباضية في ميزان أهل السنة	عبد الله بن مسعود السني	ShamAY	1746	0.3107
		وصية النبي صلّى الله عليه وآله	علي موسى الكعبي	Masaha	1756	0.31069
		فتح العلي الحميد في شرح كتاب مفيد المستفيد في كفر تارك التوحيد	مدحت بن الحسن آل فراج	ShamelaY19	35760	0.31068
		مجلس في ختم كتاب الشفا بتعريف حقوق المصطفى صلى الله عليه وسلم	محمد بن عبد الله (أبي بكر) بن محمد ابن أحمد بن مجاهد القيسي الدمشقي الشافعي، شمس الدين، الشهير بابن ناصر الدين (المتوفى: 842هـ)	ShamAY	27088	0.31067
		هداية الحيارى في أجوبة اليهود والنصارى	محمد بن أبي بكر بن أيوب بن سعد شمس الدين ابن قيم الجوزية (المتوفى: 751هـ)	ShamAY	22707	0.31062
		التوسط والاقتصاد	علوي السقاف	ShamelaY19	22891	0.31058
		شرح نهج البلاغة (ط الحلبي)	عبد الحميد بن هبة الله بن محمد بن الحسين بن أبي الحديد، أبو حامد، عز الدين (المتوفى: 656هـ)	ShamAY	33785	0.31057
		كشف الستور في نهي النساء عن زيارة القبور	حماد بن محمد الأنصاري الخزرجي السعدي (المتوفى: 1418هـ)	ShamAY	5046	0.31057
		 الموسوعة الكبرى عن فاطمة الزهراء ( س ) 	 اسماعيل الأنصاري الزنجاني الخوئيني 	ABLibrary	7819	0.31057
		الوصية الممنوعة	علي صادق الزبيدي	Masaha	1734	0.31057
		التنازع والتوازن في حياة المسلم	مُحَمَّد بن حَسَن بْن عَقيل مُوسَى الشَّريْف	ShamAY	319	0.31055
		 معجم ما كتب عن الرسول ( ص ) وأهل بيته ( ع ) 	 عبد الجبار الرفاعي 	ABLibrary	7763	0.31051
		التتمة الجلية لطبقات الحنفية لابن الحنائي	الدكتور صلاح محمد أبو الحاج	ShamAY	35845	0.31049
		شرح كتاب التوحيد من صحيح البخاري لفضيلة الشيخ عبد العزيز بن عبد الله الراجحي	الشيخ عبدالعزيز الراجحي	ShamAY	35433	0.31045
		القول المبين في سيرة سيد المرسلين	محمد الطيب النجار (المتوفى: 1411هـ)	ShamAY	8530	0.31041
		جلباب المرأة المسلمة في الكتاب والسنة	أبو عبد الرحمن محمد ناصر الدين، بن الحاج نوح بن نجاتي بن آدم، الأشقودري الألباني (المتوفى: 1420هـ)	ShamAY	9994	0.31038
		مدخل إلى التفسير وعلوم القرآن	عبد الجواد خلف محمد عبد الجواد	ShamelaY19	21486	0.31037
		فتاوى الأئمة في النوازل المدلهمة، وتبرئة دعوة وأتباع محمد بن عبدالوهاب من تهمة التطرف والإرهاب	محمد بن حسين بن سعيد بن هادي بن عبد الرحمن بن محمد بن حسن بن سفران القحطاني	ShamelaY19	36570	0.31037
		العرف الوردي في أخبار المهدي	عبد الرحمن السيوطي	Masaha	2353	0.31034
		شرح كتاب الفقه الأكبر للإمام الأعظم أبي حنيفة	الملّا علي القاري الحنفي	Rafed	3451	0.31033
		اتحاف السائل بما لفاطمة من المناقب و الفضائل‏	محمد بن عبد الله القلشقندي	Masaha	1824	0.31033
		المتعتان	الشيخ عبد الحسين الأميني النجفي	Masaha	397	0.31029
		دعائم الإسلام - الجزء1	ابو حنيفة	Masaha	996	0.31026
		بحث بعنوان عدالة الشهود عند الفقهاء	أفنان تلمساني	ShamAY	36566	0.31025
		لماذا اخترت مذهب الشيعة مذهب أهل البيت(ع)	الشيخ محمد مرعي الأنطاكي	Masaha	455	0.31025
		اصول الحديث و احكامه في علم الدرايه	آيت الله العظمي جعفر سبحاني	Ghbook	12206	0.31019
		 شرح كتاب الفقه الأكبر 	 ملا علي القاري 	ABLibrary	8481	0.31018
		عقائد الإماميّة الإثنى عشريّة [ج ١]	السيد إبراهيم الموسوي الزنجاني	Rafed	3537	0.31016
		المجتنى من الدعاء المجتبى	السيد علي بن موسى بن طاووس	Masaha	1024	0.31013
		المقترب في بيان المضطرب	أحمد بن عمر بن سالم بن أحمد بن عبود أبو عمر بازمول السلفي المكي الرحابي	ShamAY	8562	0.3101
		نساء النبي صلى الله عليه وآله وسلم	السيد الجميلى	ShamAY	23687	0.31009
		غريب القرآن في شعر العرب ((مسائل نافع بن الأزرق لعبد الله بن عباس - رضي الله عنه وعن أبيه))	عن الصحابي عبد الله بن عباس بن عبد المطلب القرشي الهاشمي، أبو العباس (المتوفى: 68ه) - رضي الله عنهما	ShamelaY19	23622	0.31008
		 الكوثر في أحوال فاطمة بنت النبي الأعظم ( ع ) 	 السيد محمد باقر الموسوي 	ABLibrary	7687	0.31007
		تعظيم اولياء اللّه	يعقوب جعفري	Ghbook	10526	0.31007
		تاريخ الإسلام ووفيات المشاهير والأعلام [ج ٥٢]	شمس الدين محمّد بن أحمد بن عثمان الذّهبي	Rafed	3665	0.31006
		 الإحاطة في أخبار غرناطة 	 لسان الدين ابن الخطيب 	ABLibrary	8948	0.31
		الحسام الماحق لكل مشرك ومنافق	أبو شكيب محمد تقي الدين بن عبد القادر الهلالي (المتوفى: 1407هـ)	ShamAY	1702	0.30999
		كنوز الذهب فى تاريخ حلب	أحمد بن إبراهيم بن محمد بن خليل، موفق الدين، أبو ذر سبط ابن العجمي (المتوفى: 884ه)	Sham19Y	11786	0.30999
		مخالفة الوهابيّة للقرآن والسنّة	عمر عبدالسلام	Rafed	3683	0.30996
		أحوال النبي صلى الله عليه وسلم	د. مهران ماهر عثمان نوري	ShamAY	37390	0.30992
		 مسالك الأبصار في ممالك الأمصار 	 أحمد بن يحيى العمري 	ABLibrary	9190	0.30988
		المبهج في تفسير أسماء شعراء ديوان الحماسة	أبو الفتح عثمان بن جني الموصلي (المتوفى: 392هـ)	ShamAY	9244	0.30985
		بحوث في فقه الرجال	علي علامه فاني اصفهاني	Ghbook	7078	0.30982
		دلالة الاقتران ووجه الاحتجاج بها عند الأصوليين	أبو عاصم الشحات شعبان محمود عبد القادر البركاتي المصري	Sham19Y	96269	0.3097
		نشوار المحاضرة وأخبار المذاكرة - العلمية	أبو علي المحسن بن علي بن محمد التنوخي البصري	ShamAY	33773	0.30968
		أوجز الخطاب في بيان موقف الشيعة من الأصحاب		ShamAY	35660	0.30968
		بحار الأنوار [ج ٦]	الشيخ محمّد باقر بن محمّد تقي المجلسي	Rafed	519	0.30968
		غزوة بدر الكبرى دروس وعبر	الواحدي :: أمير بن محمد المدري	ShamAY	37443	0.30965
		الأحاديث الورادة في خبر القحطاني	فيصل سعيد محمد الصاعدي	ShamAY	431	0.30963
		نوادر الأصول في أحاديث الرسول صلى الله عليه وسلم	محمد بن علي بن الحسن بن بشر، أبو عبد الله، الحكيم الترمذي (المتوفى: نحو 320هـ)	ShamAY	720	0.30963
		مجمل اعتقاد أئمة السلف	عبد الله بن عبد المحسن بن عبد الرحمن التركي	ShamelaY19	30858	0.30962
		مرآة العقول [ج ١١]	الشيخ محمّد باقر بن محمّد تقي المجلسي	Rafed	1030	0.30959
		براءة الصحابة الأخيار من التبرك بالأماكن والآثار	ربيع بن هادي المدخلي	ShamAY	33027	0.30956
		كنوز الذهب فى تاريخ حلب	أحمد بن إبراهيم بن محمد بن خليل، موفق الدين، أبو ذر سبط ابن العجمي (المتوفى: 884هـ)	ShamAY	11786	0.30956
		تراثنا ـ العدد [ 25 ]	مؤسسة آل البيت عليهم السلام لإحياء التراث ـ قم	Rafed	2745	0.30955
		الذّريعة إلى تصانيف الشّيعة [ج ٤]	الشيخ آقا بزرك الطهراني	Rafed	443	0.3095
		الانتصار لأهل السنة والحديث في رد أباطيل حسن المالكي	عبد المحسن بن حمد بن عبد المحسن بن عبد الله بن حمد العباد البدر	ShamAY	7553	0.30947
		تسلية نفوس النساء والرجال عند فقد الأطفال	زين الدين عبد الرحمن بن أحمد بن رجب بن الحسن، السلامي، البغدادي، ثم الدمشقي، الحنبلي (المتوفى: 795ه)	Sham19Y	1519	0.30945
		مسألة في التطوع بالصلوات في أحد المساجد الثلاثة هل فعلها فيها أفضل من فعلها في البيوت؟	صلاح الدين خليل بن كيكلدي العلائي (761 هـ)	ShamAY	34316	0.30941
		قرآن علي ( عليه السلام )	مركز المصطفي للدراسات الاسلامية	Ghbook	7687	0.30937
		الشفا بتعريف حقوق المصطفى - محذوف الأسانيد	عياض بن موسى بن عياض بن عمرون اليحصبي السبتي، أبو الفضل (المتوفى: 544ه)	ShamelaY19	23645	0.30928
		شفاء العليل	شمس الدّين محمّد بن أبي بكر بن أيّوب الزّرعي [ ابن قيّم الجوزيّة ]	Rafed	3602	0.30928
		تصحيح العمدة للإمام الزركشي	الزركشي، بدر الدين	ShamAY	37374	0.30926
		حياة الإمام الحسين عليه السلام [ج ٣]	باقر شريف القرشي	Rafed	1622	0.30926
		موسوعة التاريخ الإسلامي	الشيخ محمد هادي اليوسفي الغروي	ShamAY	37152	0.30924
		غريب القرآن في شعر العرب ((مسائل نافع بن الأزرق لعبد الله بن عباس - رضي الله عنه وعن أبيه))	عن الصحابي عبد الله بن عباس بن عبد المطلب القرشي الهاشمي، أبو العباس (المتوفى: 68ه) - رضي الله عنهما	Sham19Y	23622	0.30923
		إقامة البرهان في الرد على من أنكر خروج المهدي والدجال ونزول المسيح في آخر الزمان	حمود بن عبد الله بن حمود بن عبد الرحمن التويجري (المتوفى: 1413ه)	Sham19Y	17394	0.30921
		تفسير الإمام الشافعي	الشافعي أبو عبد الله محمد بن إدريس بن العباس بن عثمان بن شافع بن عبد المطلب بن عبد مناف المطلبي القرشي المكي (المتوفى: 204هـ)	ShamAY	9182	0.30917
		تاريخ مملكة الأغالبة	ابن وردان أو ابن أبي وردان	ShamAY	37131	0.30916
		تاريخ اليمن	نجم الدين عمارة بن أبي الحسن علي الحكمي اليمني	Rafed	2201	0.30916
		الكبائر - ت آل سلمان	الذهبي، شمس الدين	ShamAY	33744	0.30914
		الاعتذار للعزيز الغفار والانتصار لأهل السنة الأبرار	عبد العزيز بن منصور الكناني	ShamAY	33429	0.30913
		ظاهره التحريف في التراث الاسلامي	آيت الله العظمي جعفر سبحاني	Ghbook	10557	0.30911
		 دفع شبه التشبيه بأكف التنزيه 	 ابن الجوزي 	ABLibrary	995	0.3091
		مكارم الأخلاق‏	الحسن بن الفضل‏ الطبرسي	Masaha	4687	0.30909
		غذاء الألباب شرح منظومة الآداب - ط العلمية	محمد بن أحمد بن سالم السفاريني الحنبلي	ShamAY	33742	0.30907
		إفادة المبتدي المستفيد فى حكم إتيان المأموم بالتسميع وجهره به إذا بلغ وإسراره بالتحميد - سلسلة لقاء العشر الأواخر بالمسجد الحرام (29)	إبراهيم بن محمد بن محمود بن بدر، برهان الدين، أبو إسحاق الحلبي القبيباتي الشافعيّ الناجي (المتوفى: 900 هـ)	ShamAY	32495	0.30901
		وقاية الإنسان من شياطين الإنس والجان	علي بن نايف الشحود	ShamAY	36116	0.30901
		مقدمات في علم مختلف الحديث	علي العويشز	ShamAY	37291	0.30897
		السيرة النبوية والدعوة في العهد المدني	أحمد أحمد غلوش	ShamAY	921	0.30896
		مصادر نهج البلاغه و اسانيد	سيد عبدالزهراء الحسيني الخطيب	Ghbook	15833	0.30893
		بحار الأنوار [ج ٧١]	الشيخ محمّد باقر بن محمّد تقي المجلسي	Rafed	1084	0.30891
		تخريج الأحاديث والآثار الواردة في ليلة النصف من شعبان	محمد مصطفى الشنقيطي	ShamAY	33064	0.30887
		الملل والنّحل [ج ١]	أبي الفتح محمد بن عبدالكريم بن أبي بكر أحمد الشهرستاني	Rafed	3569	0.3088
		البلاغة العمرية	محمد سالم الخضر	ShamelaY19	124590	0.30877
		وقفات مع كتاب المراجعات	عثمان الخميس	ShamAY	1895	0.30873
		الأخبار الطوال	أبو حنيفة أحمد بن داود الدينوري (المتوفى: 282هـ)	ShamAY	9760	0.3087
		تحفة المجيب على أسئلة الحاضر والغريب	أبو عبد الرحمن مقبل بن هادي بن مقبل بن قائدة (اسم رجل) الهمداني الوادعي (المتوفى: 1422ه)	ShamelaY19	96784	0.30868
		 الأرج المسكي في التاريخ المكي وتراجم الملوك والخلفاء 	 علي بن عبد القادر الطبري 	ABLibrary	8928	0.30868
		الموسوعة الفقهية الميسرة في فقه الكتاب والسنة المطهرة	حسين بن عودة العوايشة	ShamelaY19	35096	0.30867
		كتاب الله عز وجل ومكانته العظيمة	عبد العزيز بن عبد الله بن محمد بن عبد اللطيف بن عبد الرحمن بن حسن بن الشيخ محمد بن عبد الوهاب	ShamelaY19	21767	0.30865
		قرارات المجمع الفقهي الإسلامي للرابطة ـ مكة	مجموعة من المؤلفين	ShamAY	36603	0.30864
		منهج النقد في علوم الحديث	الدكتور نور الدين عتر	ShamAY	38874	0.30862
		صور من ابتلاء العلماء ((مواقف مشرقة من تاريخ أمتنا الإسلامية))	الواحدي :: وحيد عبد السلام بالي	ShamAY	35106	0.3085
		نساء النبي صلى الله عليه وآله وسلم	السيد الجميلى	ShamelaY19	23687	0.30843
		مفهوم عدالة الصحابة	أبو عبد الله الذهبي	ShamAY	35839	0.30841
		اللؤلؤ النظيم في روم التعلم والتعليم	الأنصاري، زكريا	ShamAY	36162	0.30838
		أحكام الجنائز - مفهوم، واغتنام، ومواعظ، وآداب، وحقوق وصبر، واحتساب، وفضائل، وأحكام في ضوء الكتاب والسنة	د. سعيد بن على بن وهف القحطاني	ShamelaY19	96453	0.30829
		كتاب الصيام من المحرر لابن عبدالهادي رحمه الله	سليمان بن خالد الحربي	ShamAY	36354	0.30825
		النقد والبيان في دفع أوهام خزيران	محمد كامل القصاب	ShamAY	10276	0.30816
		منهاج الرسول - صلى الله عليه وسلم - في تصحيح الأخطاء	علي بن نايف الشحود	ShamAY	34851	0.30815
		مختصر البصائر	الشيخ عزّ الدين الحسن بن سليمان الحلي	Rafed	355	0.30806
		 معجم ما كتب عن الرسول ( ص ) وأهل بيته ( ع ) 	 عبد الجبار الرفاعي 	ABLibrary	7758	0.30806
		موسوعه في ظلال شهداء الطف	حيدر الصمياني	Ghbook	15684	0.30801
		 في رحاب أهل البيت ( ع ) 	 لجنة بحوث المجمع العالمي لأهل البيت ( ع ) 	ABLibrary	8551	0.30795
		سيدي خليل وترجيحاته الفقهية من خلال مختصره دراسة مقارنة	دلشاد الزندي	ShamAY	33231	0.30792
		تاريخ الحديث النبوي و موثرات الهوي و الموروث الجاهلي عليه	علي شهرستاني	Ghbook	16145	0.30792
		بين الطليعة والتهافت	د. ماهر ياسين الفحل	ShamAY	37268	0.30786
		تاريخ اليمن الإسلامي	أحمد بن أحمد بن محمد المطاع	Masaha	4114	0.30778
		غرائب فقهية عند الشيعة الإمامية	الألوسي، محمود شكري	ShamAY	35689	0.30777
		من قال فيه البخاري «فيه نظر» وأقوال أهل الجرح والتعديل - دراسة تطبيقية في كتابه «التاريخ الكبير»	أبو ذر عبد القادر بن مصطفى بن عبد الرزاق المحمدي	ShamelaY19	95586	0.30776
		الأربعون الودعانية الموضوعة	محمد بن علي بن عبيد الله بن أحمد بن صالح بن سليمان بن ودعان الموصلي، أبو نصر (المتوفى: 494ه)	ShamelaY19	30584	0.30775
		أشهد أنّ عليّاً وليّ الله بين الشرعيّة والابتداع	السيد علي الشهرستاني	Rafed	3847	0.30773
		اهل البيت عليهم السلام في مصر	عدة من الباحثين	Ghbook	9168	0.30773
		أحكام الصلاة على الجنازة في المسجد	أبو الفداء زين الدين قاسم بن قُطْلُوْبَغَا السُّوْدُوْنِي (نسبة إلى معتق أبيه سودون الشيخوني) الجمالي الحنفي (المتوفى: 879هـ)	ShamAY	2008	0.30771
		الوحشيات وهو الحماسة الصغرى	حبيب بن أوس بن الحارث الطائي، أبو تمام: الشاعر، الأديب (المتوفى: 231ه)	ShamelaY19	36082	0.30769
		 الكوكب الأنور على عقد الجوهر في مولد النبي الأزهر ( ص ) 	 جعفر بن البرزنجي 	ABLibrary	7691	0.30766
		حاشية كتاب التوحيد	عبد الرحمن بن محمد بن قاسم العاصمي القحطاني الحنبلي النجدي (المتوفى: 1392هـ)	ShamAY	11149	0.30765
		موعظة الحبيب وتحفة الخطيب - من خطب النبي صلى الله عليه وسلم والخلفاء الراشدين	علي بن (سلطان) محمد، أبو الحسن نور الدين الملا الهروي القاري (المتوفى: 1014هـ)	ShamAY	31976	0.30765
		دروس في شرح البيقونية - سعد الحميد	سعد بن عبد الله بن عبد العزيز آل حميد	ShamelaY19	95663	0.30764
		ثمر الثمام شرح «غاية الإحكام في آداب الفهم والإفهام»	محمد بن محمد بن أحمد بن عبد القادر بن عبد العزيز السَّنَباوي الأزهري، المعروف بالأمير (المتوفى: 1232هـ)	ShamAY	32106	0.30758
		تفسير مقاتل بن سليمان	مقاتل بن سليمان بلخي	Ghbook	10770	0.30758
		جمع الفوائد من جامع الأصول ومجمع الزَّوائِد	محمد بن محمد بن سليمان بن الفاسي بن طاهر السوسي الردواني المغربي المالكي (المتوفى: 1094هـ)	ShamAY	90	0.30755
		مسائل مجله جيش الصحابه ( اجوبه علي مسائل وجهتها الي علماء الشيعه )	علي كوراني	Ghbook	7707	0.30752
		إرشاد القلوب - الجزء2	الحسن الديلمي	Masaha	146	0.30749
		فتح القدير ، الجامع بين فني الروايه و الدرايه من علم التفسير	محمد بن علي بن محمد شوكاني	Ghbook	10118	0.30748
		تسمية مشايخ أبي عبد الرحمن أحمد بن شعيب بن علي النسائي وذكر المدلسين (وغير ذلك من الفوائد)	أبو عبد الرحمن أحمد بن شعيب بن علي الخراساني، النسائي (المتوفى: 303ه)	ShamelaY19	25946	0.30747
		العزل عن المرأة دراسة شرعية وطبية	طارق الطواري	ShamAY	36390	0.30744
		البدر في فضل سلامة الصدر	نايف بن أحمد الحمد	ShamAY	35052	0.30743
		 بحار الأنوار 	 العلامة المجلسي 	ABLibrary	771	0.30743
		الديارات للشابشتي	أبو الحسن علي بن محمد، المعروف بالشابشتي (المتوفى: 388هـ)	ShamAY	589	0.30739
		لا جديد في أحكام الصلاة	بكر بن عبد الله أبو زيد بن محمد بن عبد الله بن بكر بن عثمان بن يحيى بن غيهب بن محمد (المتوفى: 1429هـ)	ShamAY	206	0.30738
		الشفا بتعريف حقوق المصطفى‏ - الجزء1	القاضي عياض الأندلسي‏	Masaha	2067	0.30737
		هداية الحيارى في أجوبة اليهود والنصارى	شمس الدّين محمّد بن أبي بكر بن أيّوب الزّرعي [ ابن قيّم الجوزيّة ]	Rafed	3470	0.30732
		علي و مناوئوه	نوري جعفر	Ghbook	8366	0.30732
		اعلام الهدايه (الامام موسي بن جعفر الكاظم عليه السلام)	مجمع جهاني اهل بيت عليهم السلام	Ghbook	6408	0.30729
		أشهد أنّ عليّاً ولي الله	السيد علي الشهرستاني	Rafed	440	0.30726
		أحكام القرآن للجصاص ت قمحاوي	أحمد بن علي أبو بكر الرازي الجصاص الحنفي (المتوفى: 370هـ)	ShamAY	23579	0.30725
		ديوان أبي طالب بن عبد المطلب	ابو هفان المهزمي	Masaha	2346	0.30725
		 الذريعة 	 آقا بزرگ الطهراني 	ABLibrary	846	0.30723
		السّلام في القرآن والحديث	الشيخ محمد الغروي	Rafed	289	0.3072
		العقائد الاسلامية	علي كوراني	Ghbook	15126	0.30715
		اسباب النزول القرآني	غازي عنايه	Ghbook	2757	0.30713
		العُقُود اللُؤْلُؤيَّة فِي تَبْيِين رُجُوع السَّلَفِ عَنْ آرَائِهِمْ وَخَطَئِهِمْ فِي المسَائِلِ الفِقْهِيَّة	فوزي الأثري	ShamAY	36682	0.30706
		 إتحاف الورى بأخبار أم القرى 	 عمر بن محمد ابن فهد 	ABLibrary	8944	0.30705
		حديث المصراة	ذيب بن مصري بن ناصر القحطاني	ShamAY	10136	0.30702
		الإمام مسلم وصحيحه	عبد المحسن بن حمد بن عبد المحسن بن عبد الله بن حمد العباد البدر	Sham19Y	8775	0.30701
		التوضيح عن توحيد الخلاق في جواب أهل العراق وتذكرة أولي الألباب في طريقة الشيخ محمد بن عبد الوهاب	سليمان بن عبد الله بن محمد بن عبد الوهاب (المتوفى: 1233ه)	Sham19Y	7597	0.307
		تراثنا ـ العددان [ 81 و 82 ]	مؤسسة آل البيت عليهم السلام لإحياء التراث ـ قم	Rafed	3623	0.30697
		 زبدة الحلب من تاريخ حلب 	 عمر بن أحمد بن أبي جرادة 	ABLibrary	9114	0.30697
		تفسير الإمام الشافعي	الإمام / أبو عبد الله محمد بن إدريس الْمُطَّلَبِي	ShamAY	34050	0.30696
		العثمانية	عمرو بن بحر بن محبوب الكناني بالولاء، الليثي، أبو عثمان، الشهير بالجاحظ (المتوفى: 255هـ)	ShamAY	1785	0.30696
		إعلان النكير على المفتونين بالتصوير	الواحدي :: التويجري، حمود بن عبد الله	ShamAY	36120	0.30695
		الدر النضيد على أبواب التوحيد		ShamAY	35610	0.30693
		الأم للشافعي	الشافعي أبو عبد الله محمد بن إدريس بن العباس بن عثمان بن شافع بن عبد المطلب بن عبد مناف المطلبي القرشي المكي (المتوفى: 204هـ)	ShamAY	1655	0.30691
		أحكام القرآن  [ج ١]	أبي بكر أحمد بن علي الرازي الجصّاص	Rafed	1987	0.30691
		الحسام الماحق لكل مشرك ومنافق	أبو شكيب محمد تقي الدين بن عبد القادر الهلالي (المتوفى: 1407ه)	Sham19Y	1702	0.30689
		دلالة الاقتران ووجه الاحتجاج بها عند الأصوليين	أبو عاصم الشحات شعبان محمود عبد القادر البركاتي المصري	ShamAY	1750	0.30688
		غريب القرآن في شعر العرب ((مسائل نافع بن الأزرق لعبد الله بن عباس - رضي الله عنه وعن أبيه))	عن الصحابي عبد الله بن عباس بن عبد المطلب القرشي الهاشمي، أبو العباس (المتوفى: 68هـ) - رضي الله عنهما	ShamAY	23622	0.30686
		تَسدِيدُ الإِصَابَةِ لِمَن أنَكَرَ تَكفِيرَ الشِيعةِ للصَحَابةِ		ShamAY	35641	0.30684
		المدهش	جمال الدين أبو الفرج عبد الرحمن بن علي بن محمد الجوزي (المتوفى: 597هـ)	ShamAY	6940	0.30684
		أحكام القرآن للجصاص ت قمحاوي	أحمد بن علي أبو بكر الرازي الجصاص الحنفي (المتوفى: 370ه)	ShamelaY19	23579	0.30682
		ديوان الأحكام الكبرى أو الإعلام بنوازل الأحكام وقطر من سير الحكام	عيسى بن سهل بن عبد الله الأسدي الجياني القرطبي الغرناطي أبو الأَصْبَغ (المتوفى: 486هـ)	ShamAY	32018	0.30676
		التّفسير الحديث [ج ١٠]	محمّد عزّة دروزة	Rafed	3796	0.30676
		المجموع في ترجمة العلامة المحدث الشيخ حماد بن محمد الأنصاري (رحمه الله)	عبد الأول بن حماد الأنصاري	Sham19Y	7467	0.30673
		 خلاصة المفاخر في مناقب الشيخ عبد القادر ( تتمة روح الرياحين ) 	 عبد الله بن أسعد اليافعي اليمني المكي 	ABLibrary	8800	0.3067
		مواقف العلماء عبر العصور في الدعوة إلى اللَّه تعالى	د. سعيد بن علي بن وهف القحطاني	ShamAY	1896	0.30669
		من احاديث سيره الامام الصادق ( عليه السلام ) المدونه في كتب السيره	رسولي محلاتي	Ghbook	5021	0.30665
		من قال فيه البخاري «فيه نظر» وأقوال أهل الجرح والتعديل - دراسة تطبيقية في كتابه «التاريخ الكبير»	أبو ذر عبد القادر بن مصطفى بن عبد الرزاق المحمدي	Sham19Y	95586	0.30658
		مسائل منثورة في التفسير والعربية والمعاني	عبد الله بن بري بن عبد الجبار المقدسي الأصل المصري، أبو محمد، ابن أبي الوحش (المتوفى: 582ه)	ShamelaY19	95580	0.30655
		قصة المسيح الدجال ونزول عيسى عليه الصلاة والسلام	محمد ناصر الدين الألباني (المتوفى: 1420هـ)	ShamAY	692	0.30652
		وجوب تحكيم الرسول صلى الله عليه وسلم في كل شيء من أحوالنا	الواحدي :: علي بن نايف الشحود	ShamAY	36103	0.30652
		عقود الزبرجد على مسند الإمام أحمد في إعراب الحديث	عبد الرحمن بن أبي بكر، جلال الدين السيوطي (المتوفى: 911هـ)	ShamAY	23077	0.30652
		كشف الستر عما ورد في السفر إلى القبر	حماد بن محمد الأنصاري	ShamAY	36142	0.30652
		الحَركة العِلميّة في عصر الرسول وخُلفائه	محمد السيد الوكيل	ShamAY	38441	0.30649
		التمهيد والبيان في مقتل الشهيد عثمان	أبو عبد الله محمد بن يحيى بن محمد بن يحيى بن أحمد بن محمد بن بكر الأشعري المالقي الأندلسي (المتوفى: 741هـ)	ShamAY	6649	0.30648
		 موسوعة التاريخ الإسلامي 	 الشيخ محمد هادي اليوسفي الغروي 	ABLibrary	7853	0.30629
		موقف الصحابة من أحداث العنف في عهد الخلفاء الراشدين	د. حصة بنت عبد الكريم الزيد	ShamAY	1220	0.30625
		 كامل البهائي في السقيفة 	 عماد الدين حسن بن علي الطبري ( تعريب : فاخر ) 	ABLibrary	7649	0.30624
		 عقائد الإمامية الإثني عشرية 	 السيد ابراهيم الموسوي الزنجانى النجفي 	ABLibrary	8513	0.30624
		أَطْوَاقُ الحمَامَة في حَمل الصَّحابةِ عَلى السَّلامة	أبو إدريس يحيى بن حمزة بن علي بن إبراهيم، الزيدي الحسيني العلويّ الطالبي الملقب بالمؤيد باللَّه (المتوفى: 745هـ)	ShamAY	1057	0.30623
		كتاب الذكر والدعاء في ضوء الكتاب والسنة	عبد الرزاق بن عبد المحسن البدر	ShamAY	31318	0.30621
		تاج المواليد	الشيخ ابو علي الفضل بن الحسن الطبرسي	Masaha	1949	0.3062
		من قال فيه البخاري «فيه نظر» وأقوال أهل الجرح والتعديل - دراسة تطبيقية في كتابه «التاريخ الكبير»	أبو ذر عبد القادر بن مصطفى بن عبد الرزاق المحمدي	ShamAY	1570	0.30616
		منهج الدعوة والحسبة بين أهل السنة وأهل البدعة	صالح بن علي بن فهد بن غصون (المتوفى: 1419ه)	ShamelaY19	30908	0.30613
		العثمانية	عمرو بن بحر بن محبوب الكناني بالولاء، الليثي، أبو عثمان، الشهير بالجاحظ (المتوفى: 255ه)	ShamelaY19	96338	0.30612
		أحكام القرآن للجصاص ط العلمية	أحمد بن علي أبو بكر الرازي الجصاص الحنفي (المتوفى: 370هـ)	ShamAY	7370	0.30606
		المجموع في ترجمة العلامة المحدث الشيخ حماد بن محمد الأنصاري (رحمه الله)	عبد الأول بن حماد الأنصاري	ShamAY	7467	0.30604
		30 سببا لتنال رحمة الله تعالى	أبو عبد الرحمن سلطان علي	ShamAY	35137	0.30603
		غرر الاخبار و درر الاثار في مناقب ابي الائمه الاطهار ( عليهم السلام )	حسن بن ابي الحسن ديلمي	Ghbook	9467	0.30603
		الإمام المازري	حَسن حُسني (اسم مركب) بن صالح بن عبد الوهاب بن يوسف الصُّمادحي التجيبي التونسي (المتوفى: 1388هـ)	ShamAY	31647	0.30601
		مسألة في منع ترميم الكنائس	الْعَلَّامَةُ الْحَافِظُ الْفَقِيهُ الْمُجْتَهِدُ القَاضِي تَقِيُّ الدِّينِ أَبُو الْحَسَنِ عَلِيُّ بْنُ عَبْدِ الْكَافِي السُّبْكِيُّ	ShamAY	38007	0.30598
		أهمية العناية بالتفسير والحديث والفقه	عبد المحسن بن حمد بن عبد المحسن بن عبد الله بن حمد العباد البدر	Sham19Y	10871	0.30596
		الغنية لطالبي طريق الحق عز وجل	عبد القادر بن موسى بن عبد الله بن جنكي دوست الحسني، أبو محمد، محيي الدين الجيلاني، أو الكيلاني، أو الجيلي (المتوفى: 561 هـ)	ShamAY	32542	0.30594
		تربة الحسين عليه السلام [ج ١]	الشيخ أمين حبيب آل درويش	Rafed	2552	0.3058
		الفتح الرباني من فتاوى الإمام الشوكاني	محمد بن علي بن محمد بن عبد الله الشوكاني اليمني (المتوفى: 1250ه)	ShamelaY19	36543	0.30572
		تنبيهات على رسالتين للشيخ أبي بكر الجزائري	حمود بن عبد الله بن حمود بن عبد الرحمن التويجري (المتوفى: 1413هـ)	ShamAY	32257	0.3057
		شرح كتاب العلم لأبي خيثمة - عبد الكريم الخضير	عبد الكريم الخضير	ShamelaY19	21627	0.3057
		التوضيح عن توحيد الخلاق في جواب أهل العراق وتذكرة أولي الألباب في طريقة الشيخ محمد بن عبد الوهاب	سليمان بن عبد الله بن محمد بن عبد الوهاب (المتوفى: 1233هـ)	ShamAY	7597	0.30567
		تحفة الذاكرين بعدة الحصن الحصين من كلام سيد المرسلين	محمد بن علي بن محمد بن عبد الله الشوكاني اليمني (المتوفى: 1250ه)	Sham19Y	6844	0.30567
		الحق المبين في معرفة الملائكة المقربين	محمد علي محمد إمام	ShamAY	1148	0.30563
		ليالي بيشاور	سلطان الواعظين	Masaha	2321	0.30562
		نزول القرآن الكريم والعناية به في عهد النبي صلى الله عليه وسلم	عبد الودود مقبول حنيف	ShamAY	12114	0.3056
		فاطمة الزهراء بهجة قلب المصطفى(ص)	أحمد الرحماني الهمداني‏	Masaha	2868	0.30559
		ظروف اقامه سيد الشهداء عليه السلام في مكه المكرمه	سيد علي جمال أشرف	Ghbook	16509	0.30556
		أضواء البيان في إيضاح القرآن بالقرآن	الشنقيطي، محمد الأمين	ShamelaY19	22918	0.3055
		بحث عن السيرة النبوية	-	ShamelaY19	31468	0.30548
		الإمام والمؤذن	فؤاد بن عبد العزيز الشلهوب :: فؤاد الشلهوب	ShamAY	36712	0.30547
		 موسوعة العتبات المقدسة 	 جعفر الخليلي 	ABLibrary	9245	0.30541
		المفصل في شرح الشروط العمرية	الواحدي :: علي بن نايف الشحود	ShamAY	36098	0.30538
		إفادة الخير في الاستياك بسواك الغير	الإمام محمد عبد الحي اللكنوي (ت1304هـ)	ShamAY	36001	0.30536
		رسالة في بيان ما لم يثبت فيه حديث من الأبواب	أبو الطاهر محمد بن يعقوب الفيروزآبادي رحمه الله	ShamAY	34139	0.30535
		قاعدة مختصرة في وجوب طاعة الله ورسوله وولاة الأمور	تقي الدين أبو العباس أحمد بن عبد الحليم بن عبد السلام بن عبد الله بن أبي القاسم بن محمد ابن تيمية الحراني الحنبلي الدمشقي (المتوفى: 728هـ)	ShamAY	11290	0.30531
		في رحاب الزيارة الجامعة	السيد علي الحسيني الصدر	Rafed	3231	0.30527
		التعليق الكبير في المسائل الخلافية بين الأئمة ت الفريح	أبو يعلى الفراء محمد بن الحسين بن محمد بن خلف البغدادي الحنبلي (المولود ببغداد سنة 380 ه والمتوفى بها سنة 458 ه)	ShamelaY19	127663	0.3052
		مكفرات الذنوب وموجبات الجنة	عبد الرحمن بن علي بن محمد الشيباني الزبيدي الشافعي، وجيه الدين، المعروف بابن الديبع (المتوفى: 944هـ)	ShamAY	28114	0.30519
		من سيرة الإمام أبو حنيفة	الدكتور صباح قاسم الإمامي	ShamAY	35830	0.30515
		تاج العروس [ج ٢]	محبّ الدين أبي فيض السيد محمّد مرتضى الحسيني الواسطي الزبيدي الحنفي	Rafed	1488	0.30514
		المفهم لما أشكل من تلخيص كتاب مسلم	أبو العبَّاس أحمَدُ بنُ عُمَرَ بنِ إبراهيمَ الحافظ، الأنصاريُّ القرطبيُّ ت 656 هـ	ShamAY	35976	0.30513
		أحكام الصلاة على الجنازة في المسجد	أبو الفداء زين الدين قاسم بن قطلوبغا السودوني (نسبة إلى معتق أبيه سودون الشيخوني) الجمالي الحنفي (المتوفى: 879ه)	ShamelaY19	96848	0.30509
		الجامع لسيرة شيخ الإسلام ابن تيمية خلال سبعة قرون	محمد عزيز بن شمس وعلي بن محمد العمران	ShamAY	32317	0.30505
		توثيق السنة النبوية ملامح عن منهجه، ودلائله، ومظاهره	عبد الله الرحيلي	ShamAY	34030	0.30504
		امام سوم حسين بن علي عليه السلام	فواد كاظم مقدادي	Ghbook	5911	0.30501
		كنز الكتاب ومنتخب الآداب (السفر الأول من النسخة الكبرى)	أبو إسحاق إبراهيم بن أبي الحسن الفهري المعروف بالبونسي (651ه)	Sham19Y	13666	0.30498
		لمحة عن الفرق الضالة	صالح الفوزان	ShamAY	35579	0.30496
		العقد التليد في اختصار الدر النضيد = المعيد في أدب المفيد والمستفيد	عبد الباسط بن موسى بن محمد بن إسماعيل العلموي ثم الموقت الدمشقي الشافعيّ (المتوفى: 981هـ)	ShamAY	10016	0.30494
		الأساس في السنة وفقهها - العقائد الإسلامية	سعيد حوى (المتوفى 1409 ه)	ShamelaY19	18338	0.30491
		أحاديث محمد بن هشام بن ملاس النميري وهي سباعيات أبي المعالي الفراوي	عبد المنعم بن عبد الله ابن فقيه الحرم أبي عبد الله محمد بن الفضل بن أحمد النيسابوري، أبو المعالي الفُراوي، الصاعدي، الشافعي (المتوفى: 587هـ)	ShamAY	9664	0.3049
		أبوبكر الصديق رضي الله عنه شخصيته وعصره	علي محمد الصلابي	ShamAY	35785	0.3049
		الأشربة وذكر اختلاف الناس فيها لابن قتيبة	أبو محمد عبد الله بن مسلم بن قتيبة الدينوري (المتوفى: 276ه)	ShamelaY19	25793	0.30485
		جزء في زيارة النساء للقبور	بكر بن عبد الله أبو زيد	ShamAY	34322	0.30484
		فتح القدير [ج ١]	محمد بن علي بن محمد الشوكاني	Rafed	3958	0.30482
		اهل البيت عليهم السلام في القرآن	آيت الله العظمي حسيني	Ghbook	7920	0.30482
		كنز الكتاب ومنتخب الآداب (السفر الأول من النسخة الكبرى)	أبو إسحاق إبراهيم بن أبي الحسن الفهري المعروف بالبونسي (651هـ)	ShamAY	31931	0.30481
		زاد المسير في علم التفسير [ج ١]	أبي الفرج عبدالرحمن ابن علي ابن الجوزي	Rafed	3324	0.30477
		سبل السلام من صحيح سيرة خير الأنام عليه الصلاة والسلام	صالح بن طه عبد الواحد	ShamelaY19	97933	0.30471
		 مقتل الحسين ( ع ) ، المقرم 	 عبد الرزاق المقرم 	ABLibrary	7773	0.3047
		أجوبة على مسائل سألها النووي في ألفاظ من الحديث	الإِمَامِ جَمَالِ الدِّينِ مُحَمَّد بنِ عَبْدِ اللهِ بْنِ مَالِكٍ النَّحوي ت 672هـ	ShamAY	35977	0.30468
		عظمة القرآن وتعظيمه وأثره في النفوس في ضوء الكتاب والسنة - مفهوم، وعظمة، وأثر، وتدبر، وفضائل، وعلم، وعمل، وتعاهد، وآداب، وأخلاق	د. سعيد بن علي بن وهف القحطاني	ShamelaY19	96510	0.30468
		القول بالإحسان العميم في انتفاع الميت بالقرآن العظيم	محمد بن علي بن محمد بن عمر القطان العسقلاني 813 هـ	ShamAY	34294	0.30466
		شفاء العليل في مسائل القضاء والقدر والحكمة والتعليل - ط الجيل	محمد بن أبي بكر بن أيوب بن سعد شمس الدين ابن قيم الجوزية (المتوفى: 751هـ)	ShamAY	34403	0.30463
		هداية الحيارى في أجوبة اليهود والنصارى	الواحدي :: ابن القيم	ShamAY	34430	0.30461
		جمع القرآن الكريم في عهد الخلفاء الراشدين - عبد القيوم السندي	د. أبو طاهر عبد القيوم عبد الغفور السندي	Sham19Y	11132	0.30461
		المنهج الصحيح وأثره في الدعوة إلى الله تعالى	د. حمود بن أحمد بن فرج الرحيلي	ShamAY	8955	0.30457
		الشعر في خراسان من الفتح إلى نهاية العصر الأموي	حسين عطوان	ShamelaY19	23138	0.30456
		السيرة الحلبية - الجزء1	أبو الفرج الحلبي الشافعي‏	Masaha	2041	0.30451
		صلاة المؤمن - مفهوم، وفضائل، وآداب، وأنواع، وأحكام، وكيفية في ضوء الكتاب والسنة	د. سعيد بن علي بن وهف القحطاني	ShamelaY19	96550	0.30446
		تحفة الذاكرين بعدة الحصن الحصين من كلام سيد المرسلين	محمد بن علي بن محمد بن عبد الله الشوكاني اليمني (المتوفى: 1250هـ)	ShamAY	6844	0.30445
		القول في علم النجوم للخطيب	أبو بكر أحمد بن علي بن ثابت بن أحمد بن مهدي الخطيب البغدادي (المتوفى: 463هـ)	ShamAY	21491	0.30441
		إرشاد الحائر إلى معرفة قبيلة فلان في جنوب الجزائر	أبو عبد الله محمد عبد القادر بن محمد بن المختار بن أحمد العالم القبلوي الجزائري المالكي الشهير بالشيخ باي بلعالم (المتوفى: 1430ه)	ShamelaY19	95861	0.3044
		العباس(ع)	السيد عبد الرزاق المقرم	Masaha	515	0.3044
		الوَحشيَّات وهوَ الحمَاسَة الصُّغرى	حبيب بن أوس بن الحارث الطائي، أبو تمام: الشاعر، الأديب (المتوفى: 231هـ)	ShamAY	824	0.30434
		الإصباح على المصباح في معرفة الملك الفتاح	ابراهيم بن محمد بن أحمد المؤيدي	Rafed	3493	0.30429
		ايمان ابي طالب عليه السلام و سيرته	عبدالحسين اميني ( علامه اميني )	Ghbook	7610	0.30423
		فتح القدير للشوكاني	محمد بن علي بن محمد بن عبد الله الشوكاني اليمني (المتوفى: 1250ه)	ShamelaY19	23623	0.30417
		الرد على الكاتب المفتون	حمود بن عبد الله بن حمود بن عبد الرحمن التويجري (المتوفى: 1413هـ)	ShamAY	32262	0.30416
		بحار الأنوار [ج ٨٣]	الشيخ محمّد باقر بن محمّد تقي المجلسي	Rafed	1143	0.30411
		مختصر شعب الإيمان للبيهقي	عمر بن عبد الرحمن بن عمر بن أحمد، إمام الدين، أبو القاسم الكرخي التميمي القزويني الشافعيّ (المتوفى: 699هـ)	ShamAY	6850	0.30403
		دراسه في تبليغ آيات البرائه	هاشم موسوي	Ghbook	4557	0.30401
		 موسوعة عاشوراء ( فرهنگ عاشورا ) 	 جواد محدثى ( تعريب : خليل زامل عصامى ) 	ABLibrary	7632	0.30398
		أمنا عائشة حبيبة نبينا صلى الله عليه وسلم	شحاتة محمد صقر	Sham19Y	36154	0.30396
		تسمية مشايخ أبي عبد الرحمن أحمد بن شعيب بن علي النسائي وذكر المدلسين (وغير ذلك من الفوائد)	أبو عبد الرحمن أحمد بن شعيب بن علي الخراساني، النسائي (المتوفى: 303هـ)	ShamAY	25946	0.30394
		الخشوع في الصلاة في ضوء الكتاب والسنة - مفهوم، وفروق، وفضائل، وعلم، وعمل، وفوائد، وأسباب، وآداب، وأحكام	د. سعيد بن علي بن وهف القحطاني	ShamelaY19	96463	0.30394
		زكاة الحلي في الفقه الإسلامي	الواحدي :: عبد الله الطيار	ShamAY	36157	0.30391
		جمع القرآن الكريم في عهد الخلفاء الراشدين - عبد القيوم السندي	د. أبو طاهر عبد القيوم عبد الغفور السندي	ShamAY	11132	0.3039
		شرح البيقونية - محمد حسن عبد الغفار	محمد حسن عبد الغفار	ShamAY	709	0.30388
		شرح زيارة عاشوراء	عبدالرسول النوري الفيروزكوهي [ الفاضل المازندراني ]	Rafed	2628	0.30388
		التهذيب في فقه الإمام الشافعي	محيي السنة، أبو محمد الحسين بن مسعود بن محمد بن الفراء البغوي الشافعي (المتوفى: 516 ه)	Sham19Y	17885	0.30385
		المسانيد نشأتها، وأنواعها، وطريقة ترتيبها	دخيل بن صالح اللحيدان	ShamAY	34024	0.30381
		شرح الأربعين النووية [من بداية شرح الحديث 29 إلى نهاية شرح الحديث 35]	المناوي، عبد الرؤوف	Sham19Y	133377	0.30381
		الأرج المسكي في التاريخ المكي وتراجم الملوك والخلفاء	علي بن عبد القادر الطبري	Masaha	4487	0.30378
		الكامل في التاريخ	أبو الحسن علي بن أبي الكرم محمد بن محمد بن عبد الكريم بن عبد الواحد الشيباني الجزري، عز الدين ابن الأثير (المتوفى: 630ه)	ShamelaY19	21712	0.30372
		أربعون حديثا في فضل القرآن للحسيني	عبد الرحمن بن عبد الله بلفقيه الحسيني التريمي الحضرمي (1162 هـ)	ShamAY	33541	0.30368
		 تنبيه المغترين 	 عبد الوهاب الشعراني 	ABLibrary	8838	0.30368
		مسارُّ الشيعة في مختصر تواريخ الشريعة	الشيخ المفيد	Masaha	1008	0.30368
		آل رسول الله وأولياؤه	محمد بن عبد الرحمن بن محمد بن عبد الله بن عبد الرحمن بن محمد بن قاسم العاصمي الحنبلي (المتوفى: 1421هـ)	ShamAY	7335	0.30367
		أمنا عائشة حبيبة نبينا صلى الله عليه وسلم	شحاتة محمد صقر	ShamelaY19	36154	0.30367
		احاديث ام المومنين عائشة	مرتضي عسكري	Ghbook	10417	0.3036
		إتحاف الكرام بشرح عمد الأحكام	عبد الرحمن السحيم	ShamAY	35992	0.30359
		الإفادات والإنشادات	إبراهيم بن موسى بن محمد اللخمي الغرناطي الشهير بالشاطبي (المتوفى: 790هـ)	ShamAY	584	0.30356
		التهذيب في فقه الإمام الشافعي	محيي السنة، أبو محمد الحسين بن مسعود بن محمد بن الفراء البغوي الشافعي (المتوفى: 516 هـ)	ShamAY	32365	0.30353
		زهير بن القين	سيد علي جمال أشرف	Ghbook	16568	0.30353
		دروس من الهجره	آيت الله العظمي سيد محمد حسيني شيرازي	Ghbook	8154	0.30352
		فتح القدير للشوكاني	محمد بن علي بن محمد بن عبد الله الشوكاني اليمني (المتوفى: 1250هـ)	ShamAY	23623	0.3035
		أضواء البيان في إيضاح القرآن بالقرآن	محمد الأمين بن محمد المختار بن عبد القادر الجكني الشنقيطي (المتوفى : 1393هـ)	ShamAY	22918	0.30349
		انطلق بنا	عبد الملك بن محمد القاسم	ShamelaY19	95683	0.3034
		الخرائج و الجرائح - الجزء1	القطب الراوندي	Masaha	1018	0.30335
		شرح الزيارة الجامعة الكبيرة	الشيخ محمّد باقر بن محمّد تقي المجلسي	Rafed	2804	0.30333
		كتاب من لا يحضره الفقيه [ج ٢]	أبي جعفر محمّد بن علي بن الحسين بن بابويه القمّي [ الشيخ الصدوق ]	Rafed	1418	0.30331
		فتح القدير [ج ٢]	محمد بن علي بن محمد الشوكاني	Rafed	3964	0.30331
		السيرة النبوية من خلال أهم كتب التفسير	عصام بن عبد المحسن الحميدان	ShamAY	7647	0.3033
		مسائل أحمد بن حنبل رواية ابنه عبد الله	أبو عبد الله أحمد بن محمد بن حنبل بن هلال بن أسد الشيباني (المتوفى: 241هـ)	ShamAY	6105	0.30328
		سُبُل السَّلام مِن صَحيح سيرة خَير الأنَامِ عَليه الصَّلاة وَالسَّلام	صالح بن طه عبد الواحد	ShamAY	31586	0.30328
		من قصص المعصومين عليهم السلام	آيت الله العظمي سيد محمد حسيني شيرازي	Ghbook	16347	0.30328
		سلك الدرر في أعيان القرن الثاني عشر	محمد خليل بن علي بن محمد بن محمد مراد الحسيني، أبو الفضل (المتوفى: 1206هـ)	ShamAY	9607	0.30326
		بيان السبب الموجب لاختلاف القراءات و كثره الطرق و الروايات 	ابوالعباس احمد بن عمار مهدوي	Ghbook	2900	0.30324
		نظره عابره الي الصحاح السته	عبدالصمد شاكر	Ghbook	7725	0.30321
		موسوعة الطير والحيوان في الحديث النبوي	عبد اللطيف عاشور	ShamAY	23686	0.3032
		 الذريعة 	 آقا بزرگ الطهراني 	ABLibrary	847	0.30318
		فقه السنة	سيد سابق (المتوفى: 1420هـ)	ShamAY	9486	0.30314
		بحار الأنوار [ج ١٢]	الشيخ محمّد باقر بن محمّد تقي المجلسي	Rafed	833	0.30313
		كشف الرموز في شرح مختصر النافع - الجزء1	الحسن بن أبي طالب اليوسفي	Masaha	1044	0.30312
		الرد على الجهمية والزنادقة	أبو عبد الله أحمد بن محمد بن حنبل بن هلال بن أسد الشيباني (المتوفى: 241هـ)	ShamAY	7623	0.30311
		موسوعة الطير والحيوان في الحديث النبوي	عبد اللطيف عاشور	Sham19Y	23686	0.30308
		 منتهى الآمال في تواريخ النبي والآل ( ع ) 	 الشيخ عباس القمي 	ABLibrary	7796	0.30308
		البدر التمام بما صح من أدلة الأحكام	ناصر بن سعيد السيف	Sham19Y	36341	0.30307
		الأحكام الشرعية لشهداء الثورات العربية	علي بن نايف الشحود	ShamAY	1576	0.303
		الرحلة المعينية	ماء العينين ابن العتيق	Masaha	4349	0.30299
		الإعلام بنوازل الأحكام	أبو الإصبع عيسى بن سهل	ShamAY	34231	0.30298
		البدر التمام بما صح من أدلة الأحكام	ناصر بن سعيد السيف	ShamelaY19	36341	0.30298
		إِنَّا كَفَيْنَاكَ الْمُسْتَهْزِئِينَ	وليد نور	ShamAY	37453	0.30297
		 الاستغاثة في بدع الثلاثة 	 ابو القاسم الكوفي 	ABLibrary	8309	0.30295
		تهذيب الرياسة وترتيب السياسة	أبو عبد الله محمد بن علي بن الحسن القَلْعي الشافعي (المتوفى: 630هـ)	ShamAY	7240	0.30293
		نصب المجانيق لنسف قصة الغرانيق	أبو عبد الرحمن محمد ناصر الدين، بن الحاج نوح بن نجاتي بن آدم، الأشقودري الألباني (المتوفى: 1420هـ)	ShamAY	7329	0.30293
		كف الرعاع عن محرمات اللهو والسماع	أحمد بن محمد بن علي بن حجر الهيتمي السعدي الأنصاري، شهاب الدين شيخ الإسلام، أبو العباس (المتوفى: 974هـ)	ShamAY	1275	0.30289
		أعلام المدرسة الحديثية البغدادية المعاصرة - أصالة وإبداع	أبو ذر عبد القادر بن مصطفى بن عبد الرزاق المحمدي	ShamAY	1631	0.30282
		دفاع عن التشيع	السيد نذير الحسني	Masaha	255	0.30279
		تربية الأطفال في الحديث الشريف	الدكتور / خالد أحمد الشنتوت	ShamAY	35089	0.30277
		 شفاء العليل في مسائل القضاء والقدر والحكمة والتعليل 	 ابن قيم الجوزية 	ABLibrary	8482	0.30274
		المتعتان بين النص و الاجتهاد، من كتاب الغدير للشيخ الاميني	طاهر موسوي	Ghbook	4553	0.30272
		أسئلة قادت شباب الشيعة إلى الحق (نسخة معدلة)	سليمان الخراشي	ShamAY	35669	0.30271
		تسوية الصفوف .. دراسة فقهية حديثية	محمد حامد محمد	ShamAY	36527	0.3027
		وضوء النبي ( صلي الله عليه و اله و سلم ) من خلال ملابسات التشريع	علي شهرستاني	Ghbook	7736	0.30269
		المرأة العالمة في عهد النبوة تأصيل وتميز	أميرة الصاعدي	ShamAY	33496	0.30267
		 موسوعة الفقه الإسلامي طبقا لمذهب أهل البيت ( ع ) 	 مؤسسة دائرة معارف الفقه الاسلامي 	ABLibrary	9649	0.30262
		الحجه الغراء علي شهاده الزهراء	آيت الله العظمي جعفر سبحاني	Ghbook	3777	0.30257
		الكامل في التاريخ	أبو الحسن علي بن أبي الكرم محمد بن محمد بن عبد الكريم بن عبد الواحد الشيباني الجزري، عز الدين ابن الأثير (المتوفى: 630هـ)	ShamAY	21712	0.30255
		طب الائمه ( عليهم السلام )	حسين و عبدالله ابن بسطام نيشابوري	Ghbook	2576	0.30254
		القراءات المتواترة وأثرها في الرسم القرآني والأحكام الشرعية	محمد الحبش	ShamelaY19	38020	0.30253
		 تاريخ اليمن ( ويليه المختصر من كتاب العبر لابن خلدون ويليه أخبار القرامطة باليمن للجندي ) 	 عمارة الحكمي اليمني 	ABLibrary	9013	0.30251
		محورية حديث الثقلين في العقيدة والأحكام	د. صلاح الدين الحسيني	Masaha	405	0.30251
		التدريب في الفقه الشافعي المسمى بـ «تدريب المبتدي وتهذيب المنتهي»	سراج الدين أبي حفص عمر بن رسلان البلقيني الشافعي	ShamAY	37991	0.30247
		الروض الأنيق في فضل الصديق	عبد الرحمن بن أبي بكر، جلال الدين السيوطي (المتوفى: 911ه)	Sham19Y	194	0.30243
		الذّريعة إلى تصانيف الشّيعة [ج ١٧]	الشيخ آقا بزرك الطهراني	Rafed	476	0.30242
		اللحية بين الأخذ والإعفاء في ضوء عمل السلف النجباء	محمد بن خليفة الرباح	ShamAY	36673	0.30241
		عناية العلماء بالإسناد وعلم الجرح والتعديل - عبد العزيز فارح	عبد العزيز محمد فارح	ShamAY	11306	0.30235
		الاعتصام بالكتاب والسنة أصل السعادة في الدنيا والآخرة ونجاة من مضلات الفتن	د. سعيد بن علي بن وهف القحطاني	ShamelaY19	96458	0.30235
		مكارم الاخلاق	رضي الدين أبي نصر الحسن بن الفضل الطبرسي	Rafed	166	0.30235
		 الإمام الصادق والمذاهب الأربعة 	 اسد حيدر 	ABLibrary	7424	0.30234
		الجامع لعلوم الإمام أحمد - الفقه	خالد الرباط، سيد عزت عيد [بمشاركة الباحثين بدار الفلاح]	ShamelaY19	20878	0.30232
		 تاريخ اليمن ( فرجة الهموم والحزن في حوادث وتاريخ اليمن ) 	 الشيخ عبد الواسع الواسعي اليماني 	ABLibrary	9015	0.30228
		مقدمة ابن الصلاح = معرفة أنواع علوم الحديث - ت فحل	عثمان بن عبد الرحمن، أبوعمرو، تقي الدين المعروف بابن الصلاح (المتوفى: 643ه)	Sham19Y	23799	0.30227
		زاد المسير في علم التفسير	جمال الدين أبو الفرج عبد الرحمن بن علي بن محمد الجوزي (المتوفى: 597هـ)	ShamAY	23619	0.30226
		السيرة الحلبية = إنسان العيون في سيرة الأمين المأمون	علي بن إبراهيم بن أحمد الحلبي، أبو الفرج، نور الدين ابن برهان الدين (المتوفى: 1044هـ)	ShamAY	9873	0.30224
		دروس في شرح البيقونية - سعد الحميد	سعد بن عبد الله بن عبد العزيز آل حميد	Sham19Y	95663	0.30223
		اجلي البرهان	آيت الله علي حسيني ميلاني	Ghbook	4801	0.30223
		مقتل الحسين عليه السلام	السيد عبد الرزاق الموسوي المقرّم	Rafed	1574	0.30216
		إثبات علو الله ومباينته لخلقه	حمود بن عبدالله بن حمود التويجري	ShamAY	35411	0.30214
		معجم المناهي اللفظية وفوائد في الألفاظ	بكر بن عبد الله أبو زيد بن محمد بن عبد الله بن بكر بن عثمان بن يحيى بن غيهب بن محمد (المتوفى: 1429ه)	ShamelaY19	26385	0.30214
		التجلي الاعظم	فاخر موسوي	Ghbook	7125	0.30213
		الأم للشافعي - ط الوفاء	محمد بن إدريس الشافعي	ShamAY	34255	0.30212
		مجالس في رحاب الإمام المعذّب في قعر السجون	الشيخ عبدالأمير عبدالزهره « أبو علي البصري »	Rafed	2567	0.30207
		عودوا الى خير الهدي	محمد بن أحمد بن إسماعيل المقدم	ShamelaY19	98141	0.30204
		مقدمة ابن الصلاح = معرفة أنواع علوم الحديث - ت الفحل	عثمان بن عبد الرحمن، أبوعمرو، تقي الدين المعروف بابن الصلاح (المتوفى: 643هـ)	ShamAY	34016	0.30203
		الإقبال بالأعمال الحسنة فيما يعمل مرّة في السنة [ج ١]	السيّد رضي الدين أبو القاسم علي بن موسى بن جعفر بن طاووس الحسني الحلّي [ السيّد بن طاووس ]	Rafed	1398	0.30203
		مسائل خاصة بالمرأة	رقية بنت محمد المحارب	ShamAY	7793	0.302
		نافذة على زيارة القبور	السيّد فاروق الموسوي	Rafed	2701	0.30199
		مهج الدعوات و منهج العبادات	السيد علي بن موسى بن طاووس	Masaha	1041	0.30197
		تاريخ النّياحة على الإمام الشهيد الحسين بن علي عليهما السلام [ج ١]	السيد صالح الشهرستاني	Rafed	281	0.30196
		الجهاد في سبيل الله تعالى - مفهومه، وحُكْمه، ومراتبه، وضوابطه، وأنواعه، وأهدافه، وفضله، وأسباب النصر على الأعداء في ضوء الكتاب والسنة	د. سعيد بن علي بن وهف القحطاني	ShamAY	1809	0.30194
		بلاد الشام ارض المقدسات	ايوب حائري	Ghbook	10933	0.30194
		الحكمة في الدعوة إلى الله تعالى	د. سعيد بن علي بن وهف القحطاني	ShamelaY19	30919	0.30191
		والثمن الجنة	عبد الملك بن محمد القاسم	Sham19Y	95677	0.30188
		الأربعون القرآنية	أحمد بن عبد الرزاق آل إبراهيم العنقري التميمي الكويتي	ShamAY	92	0.30187
		اعلام الهدايه (الامام الحسين بن علي عليه السلام)	مجمع جهاني اهل بيت عليهم السلام	Ghbook	5899	0.30184
		تاج العروس من جواهر القاموس	محمّد بن محمّد بن عبد الرزّاق الحسيني، أبو الفيض، الملقّب بمرتضى، الزَّبيدي (المتوفى: 1205هـ)	ShamAY	7030	0.3018
		مقدمة ابن الصلاح = معرفة أنواع علوم الحديث - ت فحل	عثمان بن عبد الرحمن، أبوعمرو، تقي الدين المعروف بابن الصلاح (المتوفى: 643هـ)	ShamAY	127	0.30177
		أيلتقي النقيضان؟!	محمد مال الله	ShamAY	35282	0.30177
		لله وللحقيقة [ج ١ ـ ٢]	الشيخ علي آل محسن	Rafed	3508	0.30172
		السير لأبي إسحاق الفزاري	أبو إسحاق إبراهيم بن محمد بن الحارث بن أسماء بن خارجة بن حصن الفزاري (المتوفى: 188ه)	ShamelaY19	29344	0.3017
		إعلان النكير على المفتونين بالتصوير	حمود بن عبد الله بن حمود بن عبد الرحمن التويجري (المتوفى: 1413هـ)	ShamAY	32253	0.30169
		ثاره الترغيب و التشويق الي مساجد الثلاثه و البيت العتيق	رسول جعفريان	Ghbook	10426	0.30166
		وصية الإمام الأعظم ابي حنيفة	أبو حنيفة النعمان	ShamAY	35261	0.30164
		من أعلام المجددين	صالح بن فوزان بن عبد الله الفوزان	Sham19Y	12066	0.30163
		السيرة القرآنية للإمام الرضا عليه السلام	الشيخ محمّد جواد المروّجي الطبسي	Rafed	880	0.30162
		الميزان في تفسير القرآن [ج ٩]	آية الله السيد محمد حسين الطباطبائي	Rafed	1438	0.30161
		رسائل القاري	علي بن سلطان القاري الهروي (ت1014هـ)	ShamAY	36182	0.30159
		مرآة العقول [ج ٢]	الشيخ محمّد باقر بن محمّد تقي المجلسي	Rafed	1001	0.30156
		نشاه التشيع و الشيعه	محمد باقر صدر	Ghbook	7118	0.30156
		الألفاظ المصرحة بلفظ النكارة وصلتها بـ «منكر الحديث» دراسة نقدية	أبو ذر عبد القادر بن مصطفى بن عبد الرزاق المحمدي	ShamAY	1777	0.30153
		المؤمن	الشيخ الحسين بن سعيد الكوفي الأهوازي	Rafed	18	0.30153
		الآثار المروية في صفة المعية	محمد بن خليفة بن علي التميمي	ShamAY	7523	0.3015
		الفرقان في تفسير القرآن بالقرآن والسنّة [ج ٢٤]	الشيخ محمد الصادقي	Rafed	3047	0.30148
		حقوق النبي صلى الله عليه وسلم على أمته في ضوء الكتاب والسنة	محمد بن خليفة بن علي التميمي	ShamAY	2275	0.30147
		محدث الحرمين عمر بن حمدان بن عمر المحرسي المكي المدني، العلامة، الثبت، المسند، الإمام	د. رضا بن محمد صفي الدين السنوسي	ShamAY	34648	0.30141
		فضل الامام علي ( عليه السلام ) علي الصحابه	المجمع العالمي لاهل البيت عليهم السلام	Ghbook	7682	0.30137
		الدر المنضود في الصلاة والسلام على صاحب المقام المحمود	أحمد بن محمد بن علي بن حجر الهيتمي السعدي الأنصاري، شهاب الدين شيخ الإسلام، أبو العباس (المتوفى: 974هـ)	ShamAY	9801	0.30116
		حقيقة دعوة الإمام الشيخ محمد بن عبد الوهاب السلفية	عبد الله بن سعد الرويشد	Sham19Y	11164	0.30107
		دروس الشيخ عبد المحسن العباد	عبد المحسن بن حمد بن عبد المحسن بن عبد الله بن حمد العباد البدر	ShamAY	370	0.30104
		رحلة ابن خلدون	عبد الرحمن بن محمد بن محمد، ابن خلدون أبو زيد، ولي الدين الحضرمي الإشبيلي (المتوفى: 808ه)	ShamelaY19	37022	0.30104
		رد الشبهات عن تاريخ الام الحسن عليه السلام و الثوره الحسينيه	الدكتور هادي التميمي	Ghbook	15397	0.30103
		صوارم اليقين (رد على الزيدية في تشكيكهم في السنة النبوية)	يحيى المنصور بالله	ShamAY	35743	0.30095
		رحمة للعالمين محمد رسول الله سيد الناس أجمعين نبي الرحمة، الرحمة المهداة خاتم المرسلين صلى الله عليه وسلم - نشأته، وأخلاقه، ومعجزاته، وعموم رسالته صلى الله عليه وسلم في ضوء الكتاب والسنة	د. سعيد بن على بن وهف القحطاني	ShamelaY19	96721	0.30095
		عودوا الى خير الهدي	محمد بن أحمد بن إسماعيل المقدم	Sham19Y	98141	0.3009
		رياض الأبرار في مناقب الأئمة الأطهار - الجزء1	السيد نعمة الله الجزائري	Masaha	2203	0.30088
		والثمن الجنة	عبد الملك بن محمد القاسم	ShamelaY19	95677	0.30087
		عدالة الصحابة رضى الله عنهم في ضوء القرآن الكريم والسنة النبوية ودفع الشبهات	عماد السيد محمد إسماعيل الشربينى	ShamAY	1833	0.30086
		الشرح المختصر لنخبة الفكر لابن حجر العسقلاني	أبو المنذر محمود بن محمد بن مصطفى بن عبد اللطيف المنياوي	ShamelaY19	37602	0.30085
		الأشربة وذكر اختلاف الناس فيها لابن قتيبة	أبو محمد عبد الله بن مسلم بن قتيبة الدينوري (المتوفى: 276هـ)	ShamAY	25793	0.30083
		 دليل النص بخبر الغدير 	 أبي الفتح الكراجكي 	ABLibrary	832	0.30082
		تتمة صوان الحكمة	أبو الحسن ظهير الدين علي بن زيد بن محمد بن الحسين البيهقي، الشهير بابن فندمه (المتوفى: 565هـ)	ShamAY	273	0.30081
		 هداية الحيارى في أجوبة اليهود والنصارى 	 ابن قيم الجوزية 	ABLibrary	8676	0.30076
		 موسوعة العتبات المقدسة 	 جعفر الخليلي 	ABLibrary	9253	0.30076
		مُسكّن الفؤاد عند فقد الأحبّة والأولاد	الشهيد الثاني	Masaha	4835	0.30076
		مسلمو أهل الكتاب من اليهود في صدر الإسلام الأول والطعون التي وجهت إليهم	د. محمد بن علي بن صالح الغامدي	ShamAY	36113	0.30075
		فتاوى كبار العلماء في التصوير	عبد الرحمن بن سعد الشثري	ShamAY	36597	0.30075
		معالم الدين من أحاديث الصادق الأمين	محمد محب الدين أبو زيد	ShamelaY19	124909	0.30073
		تعريب كامل البهائي - الجزء1	عماد الدين الطبري‏	Masaha	2883	0.30072
		رسائل وفتاوى عبد العزيز آل الشيخ	عبد العزيز بن عبد الله بن محمد بن عبد اللطيف بن عبد الرحمن بن حسن بن الشيخ محمد بن عبد الوهاب	ShamelaY19	21771	0.30065
		السيرة النبوية كما جاءت في الأحاديث الصحيحة	أبو عمر، محمد بن حمد الصوياني	ShamelaY19	123668	0.30065
		معالجة الخطأ ببيان الحكم	الواحدي :: محمد صالح المنجد	ShamAY	35118	0.30064
		التكبير عند ختم المصحف الشريف مفهومه وأحكامه بين القراء والفقهاء	محمد خالد منصور	ShamAY	36549	0.30063
		 ليالي بيشاور ( مناظرات وحوار ) 	 سلطان الواعظين ( السيد محمد الموسوي الشيرازي ) 	ABLibrary	8585	0.30062
		المنهل المأهول بالبناء للمجهول لأبي الخير محمد بن ظهيرة: تحقيق ودراسة	مُحَمَّد خير الدّين أَو قطب الدّين أَبُو الْخَيْر بن الْجمال أبي السُّعُود بن أبي البركات بن أبي السُّعُود الْقرشِي الشَّافِعِي بن ظهيرة (المتوفى: نحو 910هـ)	ShamAY	8959	0.30059
		الوسطية في القرآن الكريم	الدكتور عَلي مَحَّمد محمد الصَّلاَّبي	ShamAY	331	0.30058
		القناعة في تبيين شذوذ زيادة (لم يعملوا خيراً قط) في حديث الشفاعة	فوزي الأثري	ShamAY	33083	0.30056
		البحور الزاخرة في علوم الآخرة	محمد بن أحمد بن سالم بن سليمان السفاريني الحنبلي (1114 - 1188 ه)	ShamelaY19	132973	0.30055
		مقتل الشيخ جميل الرحمن الأفغاني، ومعه (حول كلمة وهابي)	أبو عبد الرحمن مقبل بن هادي بن مقبل بن قائدة (اسم رجل) الهمداني الوادعي (المتوفى: 1422ه)	ShamelaY19	96789	0.30052
		عبد الله بن الصديق الغماري الحافظ الناقد	د. فاروق حمادة	ShamAY	38600	0.30049
		مناسك الحج والعمرة في الإسلام في ضوء الكتاب والسنة - مفهوم، وفضائل، ومنافع، وفوائد، وشروط، وأركان، وواجبات، وآداب، ومسائل، وحكم، وأحكام	د. سعيد بن على بن وهف القحطاني	ShamelaY19	96547	0.30048
		شرح مشكل الوسيط	عثمان بن عبد الرحمن، أبو عمرو، تقي الدين المعروف بابن الصلاح (المتوفى: 643ه)	ShamelaY19	21525	0.30048
		التلخيصات لجل أحكام الزكاة	الواحدي :: عبد العزيز السلمان	ShamAY	36514	0.30045
		الروض الفسيح في بيان الفوارق بين المهدي والمسيح	الشيخ محمد باقر الالهي	Masaha	287	0.30045
		غيبة الامام المهدي عند الامام الصادق عليهما السلام	السيد ثامر هاشم العميدي	Rafed	100	0.30043
		نشر ألوية التشريف بالإعلام والتعريف بمن له ولاية عمارة ما سقط من البيت الشريف - سلسلة لقاء العشر الأواخر بالمسجد الحرام (24)	محمد علي بن محمد بن علان بن إبراهيم البكري الصديقي الشافعي (المتوفى: 1057 ه)	Sham19Y	17792	0.30041
		الشرح المختصر لنخبة الفكر لابن حجر العسقلاني	أبو المنذر محمود بن محمد بن مصطفى بن عبد اللطيف المنياوي	Sham19Y	37602	0.3004
		تاج العروس من جواهر القاموس - الجزء1	المرتضى الزبيدي	Masaha	2513	0.3003
		بيان عقيدة أهل السنة والجماعة ولزوم اتباعها في ضوء الكتاب والسنة	د. سعيد بن علي بن وهف القحطاني	ShamelaY19	96481	0.30021
		لوامع الأنوار البهية وسواطع الأسرار الأثرية لشرح الدرة المضية في عقد الفرقة المرضية	شمس الدين، أبو العون محمد بن أحمد بن سالم السفاريني الحنبلي (المتوفى: 1188ه)	Sham19Y	8353	0.3002
		حديث الكساء في مصادر المدرستين	لجنة التاليف	Ghbook	7632	0.30015
		صراع قريش مع النبي صلي الله عليه و آله	علي كوراني	Ghbook	15144	0.30013
		كتاب صفة الصلاة من شرح العمدة للإمام موفق الدين ابن قدامة	تقي الدين أبو العباس أحمد بن عبد الحليم بن عبد السلام بن عبد الله بن أبي القاسم بن محمد ابن تيمية الحراني الحنبلي الدمشقي (المتوفى: 728 هـ)	ShamAY	32295	0.30006
		الخُلاصَةُ في خَصَائِصِ الجُمُعَةِ	الواحدي :: علي بن نايف الشحود	ShamAY	36084	0.30005
		الأشاعرة في ميزان أهل السنة	أبو عثمان فيصل بن قزار الجاسم	ShamAY	1974	0.30004
		البدر التمام بما صح من أدلة الأحكام	ناصر بن سعيد السيف	ShamAY	235	0.29998
		أخبار الوادي المبارك العقيق	محمد حسن شُرَّاب	ShamAY	38494	0.29998
		خلاصة الشفا في تعريف حقوق المصطفى" للقاضي عياض	---	ShamAY	37397	0.29997
		موسوعه عاشوراء	جواد محدثي	Ghbook	10052	0.29993
		صلاة أمير المؤمنين(ع) في اليوم والليلة ألف ركعة	الشيخ عبد الحسين الأميني النجفي	Masaha	329	0.2999
		الرسالة المحمدية	السيد سليمان الندوي الحسيني (المتوفى: 1373هـ)	ShamAY	9821	0.29988
		فتاوى ورسائل سماحة الشيخ محمد بن إبراهيم بن عبد اللطيف آل الشيخ	محمد بن إبراهيم بن عبد اللطيف آل الشيخ (المتوفى: 1389هـ)	ShamAY	8476	0.29987
		أمنا عائشة حبيبة نبينا صَلَّى اللَّهُ عَلَيْهِ وَسَلَّمَ	شحاتة محمد صقر	ShamAY	555	0.29985
		 الذريعة 	 آقا بزرگ الطهراني 	ABLibrary	852	0.29983
		زيد الشهيد والشيعة الإمامية الإثني عشرية	الشيخ عبد الحسين الأميني النجفي	Masaha	297	0.29975
		تاريخ مقام الامام المهدي (عج) في الحلة	احمد علي مجيد الحلي	Rafed	120	0.29974
		الصحابه في حجمهم الحقيقي	بن علي هاشمي	Ghbook	4543	0.29973
		معالم الدين من أحاديث الصادق الأمين	محمد محب الدين أبو زيد	ShamAY	32489	0.29972
		 عبقات الأنوار في إمامة الأئمة الأطهار ( فارسي ) 	 السيد حامد النقوي 	ABLibrary	8503	0.29969
		آداب العشرة في أحاديث الإمام علي بن موسى الرضا عليه السلام	الشيخ محمّد جواد المروّجي الطبسي	Rafed	878	0.29968
		عقيدة أهل السنة والجماعة في الصحابة الكرام رضي الله عنهم وأرضاهم	عبد المحسن بن حمد بن عبد المحسن بن عبد الله بن حمد العباد البدر	Sham19Y	11291	0.29951
		الحسين ريحانه النبي (صلي الله عليه و آله) بطل الاسلام الخالد	كمال معاش	Ghbook	5920	0.29949
		صوم عاشورا	نجم الدين طبسي	Ghbook	9560	0.29944
		صيد الأفكار في الأدب والأخلاق والحكم والأمثال	القاضي/حسين بن محمد المهدي - عضو المحكمة العليا للجمهورية اليمنية	ShamAY	8372	0.29943
		تنبيه الأنام على مسألة القيام	العلاَّمة المحدِّث محمد ناصر الدين الألباني (1332-1420هـ) رحمه الله تعالى	ShamAY	33151	0.29941
		رسوم دار الخلافة	هلال بن المحسن بن إبراهيم بن هلال الصابئ الحراني، أبو الحسين، أو أبو الحسن (المتوفى: 448ه)	Sham19Y	8173	0.29941
		الوضاعون و احاديثهم	عبدالحسين اميني ( علامه اميني )	Ghbook	7074	0.29941
		 بحار الأنوار 	 العلامة المجلسي 	ABLibrary	785	0.2994
		المنهج القويم	زيد بن محمد المدخلي	ShamAY	32978	0.29938
		 رسائل ومقالات 	 الشيخ السبحاني 	ABLibrary	8438	0.29935
		لوامع الأنوار البهية وسواطع الأسرار الأثرية لشرح الدرة المضية في عقد الفرقة المرضية	شمس الدين، أبو العون محمد بن أحمد بن سالم السفاريني الحنبلي (المتوفى: 1188هـ)	ShamAY	8353	0.29932
		الخلاصة في بيان رأي شيخ الإسلام ابن تيمية بالرافضة	علي بن نايف الشحود	ShamAY	35264	0.2993
		 مجموع رسائل الإمام الهادي إلى الحق القويم يحيى بن الحسين بن قاسم بن إبراهيم 	 الإمام يحيى بن الحسين 	ABLibrary	8590	0.29926
		 نظرة في كتاب الوشيعة ( من فيض الغدير ) 	 الشيخ الأميني 	ABLibrary	8665	0.29923
		 عبقات الأنوار في إمامة الأئمة الأطهار ( فارسي ) 	 السيد حامد النقوي 	ABLibrary	8492	0.29921
		من قتل الحسين رضي الله عنه ؟	عبد الله بن عبد العزيز	ShamAY	35690	0.29918
		القول السديد شرح كتاب التوحيد ط النفائس	أبو عبد الله، عبد الرحمن بن ناصر بن عبد الله بن ناصر بن حمد آل سعدي (المتوفى: 1376ه)	Sham19Y	8529	0.29918
		بحث عن السيرة النبوية	-	ShamAY	31468	0.29913
		استدراك وتعقيب على الشيخ شعيب الأرنؤوط في تأويله بعض أحاديث الصفات	خالد بن عبد الرحمن بن حمد الشايع	ShamelaY19	122231	0.29913
		الصحابه الذين رووا احاديث الرسول الاعظم (ص) في الامام المهدي (عج)	علي محمد علي دخيل	Ghbook	11218	0.29911
		السيرة النبوية من خلال أهم كتب التفسير	عصام بن عبد المحسن الحميدان	Sham19Y	7647	0.29909
		 العرف الوردي في أخبار المهدي 	 جلال الدين السيوطي 	ABLibrary	7607	0.29909
		مسألة في الكنائس	تقي الدين أبو العباس أحمد بن عبد الحليم بن عبد السلام بن عبد الله بن أبي القاسم بن محمد ابن تيمية الحراني الحنبلي الدمشقي (المتوفى: 728هـ)	ShamAY	22651	0.29907
		تاج العروس [ج ١]	محبّ الدين أبي فيض السيد محمّد مرتضى الحسيني الواسطي الزبيدي الحنفي	Rafed	1464	0.29906
		المؤمن	الحسين بن سعيد الكوفي الأهوازي	Masaha	564	0.29905
		الفرق بين الفرق وبيان الفرقة الناجية	عبد القاهر بن طاهر بن محمد بن عبد الله البغدادي التميمي الأسفراييني، أبو منصور (المتوفى: 429هـ)	ShamAY	6520	0.29903
		تأويلات أهل السنّة تفسير الماتريدي [ج ١]	أبي منصور محمّد بن محمّد بن محمود الماتريدي	Rafed	3962	0.29899
		أصول الدعوة وطرقها 3 - جامعة المدينة	مناهج جامعة المدينة العالمية	Sham19Y	12164	0.29898
		رحلة ابن خلدون	عبد الرحمن بن محمد بن محمد، ابن خلدون أبو زيد، ولي الدين الحضرمي الإشبيلي (المتوفى: 808هـ)	ShamAY	385	0.29894
		الذين يحبهم الله تعالى في القرآن والسُّنَّةِ ط2	علي بن نايف الشحود	ShamAY	34833	0.29888
		الممارسة العملية في علاج حالات السحر والمس الشيطاني	عبد الفتاح عبد الغني الهمص	ShamAY	36133	0.29886
		أبهى المداد في شرح مؤتمر علماء بغداد [ج ١]	مقاتل بن عطيّة	Rafed	3308	0.29885
		إجماع المحدثين على عدم اشتراط العلم بالسماع في الحديث المعنعن بين المتعاصرين	حاتم بن عارف بن ناصر الشريف العوني	ShamAY	16231	0.29884
		التنكيل بما في توضيح المليباري من الأباطيل	ربيع بن هادي المدخلي	ShamAY	33010	0.29883
		صفوة الملح بشرح منظومة البيقوني في فن المصطلح	العلامة شمس الدين محمد بن محمد البديري الدمياطي الشهير بابن الميت ت1140هـ	ShamAY	34018	0.29882
		آداب الدعاء المسمى أدب المُرتَعى في علم الدعا	الواحدي :: يوسف بن عبد الهادي	ShamAY	33728	0.29881
		درر الحكم لأبي منصور الثعالبي	عبد الملك بن محمد بن إسماعيل أبو منصور الثعالبي (المتوفى: 429ه)	Sham19Y	1399	0.29878
		 مع الركب الحسيني 	 مجموعة مؤلفين 	ABLibrary	7745	0.29876
		الإمام محمد بن عبد الوهاب دعوته وسيرته	عبد العزيز بن عبد الله بن باز (المتوفى: 1420هـ)	ShamAY	30914	0.29873
		مدخل في علوم القراءات	السيد رزق الطويل (المتوفى: 1419ه)	Sham19Y	8633	0.29873
		مجاز القرآن	أبو عبيدة معمر بن المثنى التيمى البصري (المتوفى: 209هـ)	ShamAY	23630	0.29872
		الموطأ كتاب القضاء في البيوع	أبو محمد عبد الله بن وهب بن مسلم المصري القرشي (المتوفى: 197ه)	ShamelaY19	30522	0.2987
		الموطأ برواية ابن زياد - ط الغرب الإسلامي	الإمام مالك بن أنس (179 هـ)	ShamAY	33922	0.29869
		هذه هي الصوفية في حضرموت - للشيخ علي بابكر	الشيخ علي بابكر	ShamAY	35391	0.29867
		أحكام السلام	الواحدي :: عبد السلام بن برجس آل عبد الكريم	ShamAY	36680	0.29862
		نفحات النسمات في وصول إهداء الثواب للأموات للسروجي	أحمد بن إبراهيم بن عبد الغني السروجي، أبو العباس، شمس الدين (المتوفى: 710ه)	ShamelaY19	26925	0.2986
		تفضيل أمير المؤمنين(ع)	الشيخ المفيد	Masaha	4681	0.2986
		التدرج في دعوة النبي	إبراهيم بن عبد الله المطلق	ShamelaY19	30918	0.29859
		تقرير القواعد وتحرير الفوائد [المشهور بـ «قواعد ابن رجب»]	زين الدين عبد الرحمن بن أحمد بن رجب الحنبلي (المتوفى: 795 هـ)	ShamAY	37983	0.29855
		تسبيح ومناجاة وثناء على ملك الأرض والسماء	محمد بن حسن بن عقيل موسى الشريف	Sham19Y	36529	0.29855
		 آداب الصحبه 	 عبد الوهاب الشعراني 	ABLibrary	8830	0.29851
		المختصر المفيد في عقائد أئمة التوحيد	أبو يوسف مدحت بن حسن آل فراج المصري (المتوفى: 1435هـ)	ShamAY	32277	0.29849
		الوجوه والنظائر في القرآن الكريم	د. سليمان بن صالح القرعاوي	ShamAY	36809	0.29849
		آداب  العشره في احاديث  الامام علي  بن  موسي  الرضا عليه السلام	محمد جواد مروجي طبسي	Ghbook	16017	0.29846
		مدخل في علوم القراءات	السيد رزق الطويل (المتوفى: 1419هـ)	ShamAY	8633	0.29843
		فوات الوفيات	محمد بن شاكر بن أحمد بن عبد الرحمن بن شاكر بن هارون بن شاكر الملقب بصلاح الدين (المتوفى: 764هـ)	ShamAY	1003	0.29842
		تاريخ الأدب العربي - الجزء1	كارل بروكلمان	Masaha	3062	0.29841
		الموسوعة القرآنيّة [ج ٥]	ابراهيم الأبياري	Rafed	3814	0.29838
		تراثنا ـ العددان [ 83 و 84 ]	مؤسسة آل البيت عليهم السلام لإحياء التراث ـ قم	Rafed	3624	0.29837
		المنظومة الحائية في السنة	الواحدي	ShamAY	35408	0.29836
		فتاوى الأئمة في النوازل المدلهمة، وتبرئة دعوة وأتباع محمد بن عبدالوهاب من تهمة التطرف والإرهاب	محمد بن حسين بن سعيد بن هادي بن عبد الرحمن بن محمد بن حسن بن سفران القحطاني	ShamAY	847	0.29836
		رسم المصحف العثماني وأوهام المستشرقين في قراءات القرآن الكريم	الدكتور/ عبد الفتاح إسماعيل شلبي	ShamAY	10014	0.29834
		الذكر والدعاء والعلاج بالرقي من الكتاب والسنة	سعيد بن علي بن وهف القحطاني	Sham19Y	16625	0.29834
		الإخنائية أو الرد على الإخنائي ت زهوي	تقي الدين أبو العباس أحمد بن عبد الحليم بن عبد السلام بن عبد الله بن أبي القاسم بن محمد ابن تيمية الحراني الحنبلي الدمشقي (المتوفى: 728هـ)	ShamAY	1152	0.29831
		 المراتب في فضائل أميرالمؤمنين وسيد الوصيين ( ع ) 	 أبى القاسم اسماعيل بن احمد البستي المعتزلي 	ABLibrary	7700	0.29831
		أجوبة مسائل و رسائل في مختلف فنون المعرفة	ابن إدريس الحلي	Masaha	1009	0.2983
		تعدد الخلفاء ووحدة الأمة فقها وتاريخا ومستقبلا	الدكتور محمد خلدون أحمد نورس مالكي	ShamelaY19	96234	0.29828
		نظرة في كتاب الوشيعة لموسى جار الله	العلامة الأميني	Rafed	3499	0.29827
		حقيقة دعوة الإمام الشيخ محمد بن عبد الوهاب السلفية	عبد الله بن سعد الرويشد	ShamAY	11164	0.29821
		تعريف بشروح الكتب الستة	أبو عبد العزيز الحربي	ShamAY	35959	0.29821
		 الإحاطة في أخبار غرناطة 	 لسان الدين ابن الخطيب 	ABLibrary	8949	0.29819
		الكافي [ج ١٠]	أبو جعفر محمّد بن يعقوب الكليني الرازي	Rafed	1129	0.29817
		 الإحاطة في أخبار غرناطة 	 لسان الدين ابن الخطيب 	ABLibrary	8950	0.29817
		الدعوات 	قطب الدين سعيد بن هبة الله راوندي	Ghbook	2405	0.29815
		السير لأبي إسحاق الفزاري	أبو إسحاق إبراهيم بن محمد بن الحارث بن أسماء بن خارجة بن حصن الفزاري (المتوفى: 188هـ)	ShamAY	29344	0.29814
		فتاوى اللجنة الدائمة - المجموعة الثانية	اللجنة الدائمة للبحوث العلمية والإفتاء	ShamelaY19	21772	0.29813
		التوضيح الانور بالحجج الوارده لدفع شبه الاعور	سيدمهدي رجايي	Ghbook	15612	0.29813
		تفسير التّستري	أبي محمّد سهل بن عبدالله التستري	Rafed	3266	0.29809
		إلزام الناصب في إثبات الحجة الغائب(عج) - الجزء1	علي اليزدي الحائري‏	Masaha	1861	0.29809
		 التوضيح الأنور بالحجج الواردة لدفع شبه الأعور 	 الشيخ خضر الرازي الحبلرودي 	ABLibrary	8399	0.29808
		توجيهات ووصايا مهمة للمرأة المسلمة العصرية	محمد حامد محمد	ShamAY	37467	0.29806
		مواقف النبي - صلى الله عليه وسلم - في الدعوة إلى الله تعالى	د. سعيد بن علي بن وهف القحطاني	ShamelaY19	96532	0.29805
		فضائل آل الرسول ( صلي الله عليه و آله و سلم ) من الصواعق المحرقه ( لابن حجر المك...	آيت الله العظمي سيد محمد حسيني شيرازي	Ghbook	8082	0.29805
		 في رحاب أهل البيت ( ع ) 	 لجنة بحوث المجمع العالمي لأهل البيت ( ع ) 	ABLibrary	8564	0.29793
		جواهر العقدين	علي بن عبدالله حسن سمهودي	Ghbook	9203	0.29791
		معجم المناهي اللفظية وفوائد في الألفاظ	بكر بن عبد الله أبو زيد بن محمد بن عبد الله بن بكر بن عثمان بن يحيى بن غيهب بن محمد (المتوفى: 1429هـ)	ShamAY	26385	0.29789
		الحاشية على من لا يحضره الفقيه	الشيخ البهائي	Masaha	1139	0.29788
		فتاوى اللجنة الدائمة - المجموعة الثانية	اللجنة الدائمة للبحوث العلمية والإفتاء	ShamAY	21772	0.29787
		أعلام المدرسة الحديثية البغدادية المعاصرة - أصالة وإبداع	أبو ذر عبد القادر بن مصطفى بن عبد الرزاق المحمدي	ShamelaY19	95844	0.29787
		وفاة النبي - صلى الله عليه وسلم - «وأظلمت المدينة»	نزار عبد القادر بن محمد الريان النعلاواني العسقلاني (المتوفى: 1430 ه)	Sham19Y	17620	0.29786
		 نفح الطيب من غصن الأندلس الرطيب 	 أحمد بن محمد المقري التلمساني 	ABLibrary	9300	0.29786
		كلمه الامام المهدي ( عليه السلام )	حسن شيرازي	Ghbook	6560	0.29786
		منهج الشيخ عبد الرزاق عفيفي وجهوده في تقرير العقيدة والرد على المخالفين	أحمد بن علي الزاملي	ShamAY	31966	0.29785
		 حدائق الحقائق 	 محمد بن أبي بكر الرازي 	ABLibrary	8756	0.29784
		الدروس السلفية لليالي الرمضانية	عمر عاتق الحربي	ShamAY	35062	0.29783
		معجم المناهي اللفظية وفوائد في الألفاظ	بكر بن عبد الله أبو زيد بن محمد بن عبد الله بن بكر بن عثمان بن يحيى بن غيهب بن محمد (المتوفى: 1429ه)	Sham19Y	26385	0.29779
		الاعتصام بالكتاب و السنه	آيت الله العظمي جعفر سبحاني	Ghbook	7525	0.29777
		تحفة الطالبين في ترجمة الإمام محيي الدين	علي بن إبراهيم بن داود بن سلمان بن سليمان، أبو الحسن، علاء الدين ابن العطار (المتوفى: 724هـ)	ShamAY	321	0.29775
		البحرين في صدر الإسلام‏	عبد الرحمن عبد الكريم العاني	Masaha	3713	0.29771
		مواقف النبي - صلى الله عليه وسلم - في الدعوة إلى الله تعالى	د. سعيد بن علي بن وهف القحطاني	Sham19Y	96532	0.29766
		الولاية في النكاح	عوض بن رجاء بن فريج العوفي	ShamAY	11821	0.29764
		غرر الخصائص الواضحة، وعرر النقائض الفاضحة	أبو إسحق برهان الدين محمد بن إبراهيم بن يحيى بن علي المعروف بالوطواط (المتوفى: 718هـ)	ShamAY	1349	0.29762
		صحيح موارد الظمآن إلى زوائد ابن حبان	أبو عبد الرحمن محمد ناصر الدين، بن الحاج نوح بن نجاتي بن آدم، الأشقودري الألباني (المتوفى: 1420 هـ)	ShamAY	32335	0.29758
		أصول الدعوة وطرقها 3 - جامعة المدينة	مناهج جامعة المدينة العالمية	ShamAY	1652	0.29756
		 الموسوعة الكبرى عن فاطمة الزهراء ( س ) 	 اسماعيل الأنصاري الزنجاني الخوئيني 	ABLibrary	7827	0.29755
		شرح التجريد الصريح لأحاديث الجامع الصحيح - عبد الكريم الخضير	عبد الكريم الخضير	ShamelaY19	21700	0.29753
		أحكام السلام والمصافحة بين الجنسين في ضوء القرآن والسنة	رياض المسيميري	ShamAY	36692	0.29738
		بحار الأنوار [ج ٦٤]	الشيخ محمّد باقر بن محمّد تقي المجلسي	Rafed	1064	0.29735
		رسالة مهمة للإمام المجاهد العلامة عبد العزيز بن محمد بن سعود	الإمام عبد العزيز بن محمد بن سعود (المتوفى: 1218هـ)	ShamAY	11226	0.29734
		البصائر والذخائر	أبو حيان التوحيدي، علي بن محمد بن العباس (المتوفى: نحو 400ه)	ShamelaY19	26423	0.29733
		تحفة الأخيار ببيان جملة نافعة مما ورد في الكتاب والسنة من الأدعية والأذكار	عبد العزيز بن عبد الله بن باز (المتوفى: 1420هـ)	ShamAY	31303	0.29729
		الإنصاف في مسائل دام فيها الخلاف [ج ٢]	الشيخ جعفر السبحاني	Rafed	1974	0.29728
		الشيعه هم اهل السنه	محمد تيجاني سماوي	Ghbook	7567	0.29726
		الأحاديث العيدية المسلسلة للسلفي	صدر الدين، أبو طاهر السلفي أحمد بن محمد بن أحمد بن محمد بن إبراهيم سلفه الأصبهاني (المتوفى: 576ه)	ShamelaY19	26985	0.29725
		الخلاصة في فقه الدعوة	الواحدي :: علي بن نايف الشحود	ShamAY	36090	0.29721
		موسوعة التفسير قبل عهد التدوين	محمد عمر الحاجى	ShamAY	1182	0.29716
		الخلق الحسن في ضوء الكتاب والسنة	د. سعيد بن علي بن وهف القحطاني	ShamelaY19	96464	0.29715
		الوابل الصيب من الكلم الطيب	محمد بن أبي بكر بن أيوب بن سعد شمس الدين ابن قيم الجوزية (المتوفى: 751هـ)	ShamAY	216	0.29714
		خطرة الطيف في رحلات في المغرب والأندلس (1347 - 1362م)	لسان الدين بن الخطيب، محمد بن عبد الله (المتوفى: 776هـ)	ShamAY	33806	0.29713
		الأسئلة والأجوبة الفقهية	أبو محمد عبد العزيز بن محمد بن عبد الرحمن بن عبد المحسن السلمان (المتوفى: 1422ه)	Sham19Y	11192	0.29707
		تسلية المُجالس وزينة المَجالس [ج ١]	السيد محمد بن أبي طالب الحسيني الكركي الحائري	Rafed	158	0.29706
		الاعتصام بالكتاب والسنة أصل السعادة في الدنيا والآخرة ونجاة من مضلات الفتن	د. سعيد بن علي بن وهف القحطاني	Sham19Y	96458	0.29705
		السنة النبوية وحي من الله محفوظة كالقرآن الكريم	الحسين بن محمد آيت سعيد	ShamAY	7599	0.29704
		الحديث الموضوعي - جامعة المدينة	مناهج جامعة المدينة العالمية	ShamAY	1642	0.29704
		تحفة الأريب بما في القرآن من الغريب - ت عويضة	أثير الدين أبو حيان الأندلسي	ShamAY	36738	0.29684
		 أبهى المداد في شرح مؤتمر علماء بغداد 	 مقاتل ابن عطية 	ABLibrary	8319	0.29684
		روض الأخيار المنتخب من ربيع الأبرار	محمد بن قاسم بن يعقوب الأماسي الحنفي، محيي الدين، ابن الخطيب قاسم (المتوفى: 940ه)	Sham19Y	10512	0.2968
		نشر ألوية التشريف بالإعلام والتعريف بمن له ولاية عمارة ما سقط من البيت الشريف - سلسلة لقاء العشر الأواخر بالمسجد الحرام (24)	محمد علي بن محمد بن علان بن إبراهيم البكري الصديقي الشافعي (المتوفى: 1057 هـ)	ShamAY	32479	0.29677
		لا جديد في أحكام الصلاة - ط السنة	بكر بن عبد الله أبو زيد	ShamAY	34324	0.29673
		معالم المدرستين - الجزء1	السيد مرتضى العسكري	Masaha	3379	0.29673
		قاعدة تتضمن ذكر ملابس النبي صلى الله عليه وسلم وسلاحه ودوابه - القرمانية - جواب فتيا في لبس النبي صلى الله عليه وسلم	تقي الدين أبو العباس أحمد بن عبد الحليم بن عبد السلام بن عبد الله بن أبي القاسم بن محمد ابن تيمية الحراني الحنبلي الدمشقي (المتوفى: 728هـ)	ShamAY	22648	0.29672
		دليل النص بخبر الغدير على امامة امير المؤمنين(ع)	الشيخ القاضي أبي الفتح محمد بن علي الكراجكي	Masaha	259	0.2967
		سيره الائمه الاثني عشر ( عليهم السلام ) - الامام الباقر ( عليه السلام )	هاشم معروف الحسني	Ghbook	6286	0.29666
		الروض الأنيق في فضل الصديق	عبد الرحمن بن أبي بكر، جلال الدين السيوطي (المتوفى: 911هـ)	ShamAY	194	0.29662
		التحصيل من المحصول	سراج الدين محمود بن أبي بكر الأرموي (المتوفى: 682 ه)	ShamelaY19	19235	0.29662
		بشارة المحبوب بتكفير الذنوب	عبد الرحمن بن خليل بن سلامة، زين الدين الأذرعي القابوني، ويعرف بابن الشيخ خليل (المتوفى: 869هـ)	ShamAY	10922	0.29658
		عمارة المساجد المعنوية وفضلها	عبد العزيز عبد الله الحميدي	ShamelaY19	31287	0.29658
		التفقه في الدين والاندماج في أمة الإسلام عند القبائل العربية المجاورة للمدينة في العهد النبوي	عبد الرحمن السنيدي	ShamAY	37148	0.29657
		الكفاية في التفسير بالمأثور والدراية	د. عبد الله خضر حمد	ShamelaY19	151008	0.29657
		من معجزات النبي صلى الله عليه وسلم	عبد العزيز بن محمد السلمان	ShamAY	37409	0.29655
		تخريج الكلم الطيب	تقي الدين أبو العباس أحمد بن عبد الحليم بن عبد السلام بن عبد الله بن أبي القاسم بن محمد ابن تيمية الحراني الحنبلي الدمشقي (المتوفى: 728هـ)	ShamAY	327	0.29655
		كلمات في الدعوة والمنهاج	هشام بن فهمي بن موسى العارف	ShamAY	33404	0.2965
		التعليقات والنوادر	أبو علي الهجري، هارون بن زكريا (المتوفى: نحو 300هـ)	ShamAY	664	0.29648
		أولئك الأخيار	عبد الملك بن محمد القاسم	ShamelaY19	36557	0.29648
		الانتصارات الإسلامية في كشف شبه النصرانية	سليمان بن عبد القوي بن الكريم الطوفي الصرصري، أبو الربيع، نجم الدين (المتوفى: 716هـ)	ShamAY	1125	0.29644
		تاج العروس [ج ٥]	محبّ الدين أبي فيض السيد محمّد مرتضى الحسيني الواسطي الزبيدي الحنفي	Rafed	1496	0.29639
		الإمام موسى بن جعفر عليه السلام ضحية الإرهاب السياسي	الدكتور محمد حسين علي الصّغير	Rafed	3127	0.29639
		الذّريعة إلى تصانيف الشّيعة [ج ١٢]	الشيخ آقا بزرك الطهراني	Rafed	462	0.29634
		مكتبة الطالب (2) قرآن علي (عليه السلام) 	علي كوراني	Ghbook	15142	0.29634
		إرشاد الحائر إلى معرفة قبيلة فلان في جنوب الجزائر	أبو عبد الله محمد عبد القادر بن محمد بن المختار بن أحمد العالم القبلوي الجزائري المالكي الشهير بالشيخ باي بلعالم (المتوفى: 1430هـ)	ShamAY	1633	0.29633
		 الأنوار الباهرة بفضائل أهل بيت النبوي والذرية الطاهرة 	 ابو الفتوح عبد الله بن عبد القادر التليدي المغربي 	ABLibrary	7430	0.29629
		تاج العروس من جواهر القاموس - ط الفكر	محمّد بن محمّد بن عبد الرزّاق الحسيني، الملقّب بمرتضى الزَّبيدي (المتوفى: 1205هـ)	ShamAY	34693	0.29628
		 كامل البهائي في السقيفة 	 عماد الدين حسن بن علي الطبري ( تعريب : فاخر ) 	ABLibrary	7648	0.29623
		الأساس في السنة وفقهها - العبادات في الإسلام	سعيد حوّى (المتوفى 1409 هـ)	ShamAY	38487	0.29622
		مواعظ الصحابة - رضي الله عنهم - «مواعظ علمية منهجية وتربوية»	عمر بن عبد الله بن محمد المقبل	ShamAY	32103	0.29618
		 البحرين في صدر الإسلام 	 عبد الرحمن عبد الكريم العاني 	ABLibrary	8965	0.29616
		المسائل الماردينية - وهي مسائل يكثر وقوعها ويحصل الابتلاء بها	تقي الدين أبو العباس أحمد بن عبد الحليم بن عبد السلام بن عبد الله بن أبي القاسم بن محمد ابن تيمية الحراني الحنبلي الدمشقي (المتوفى: 728ه)	Sham19Y	96844	0.29615
		فضل علم الوقف والابتداء وحكم الوقف على رؤوس الآيات	عبد الله علي الميموني	ShamelaY19	36539	0.29613
		الإمام السجّاد جهاد وأمجاد	الدكتور حسين الحاج حسن	Rafed	689	0.29613
		الصلاة على النبي صلى الله عليه وسلم فضلها وكيفيتها	عبد المحسن بن حمد بن عبد المحسن بن عبد الله بن حمد العباد البدر	ShamAY	10418	0.29607
		البصائر والذخائر	أبو حيان التوحيدي، علي بن محمد بن العباس (المتوفى: نحو 400ه)	Sham19Y	26423	0.29607
		الامامه عهد الهي،بحوث قرآنيه في الامامه	علي جبوري	Ghbook	11930	0.29606
		وجوب العمل بسنة الرسول صلى الله عليه وسلم وكفر من أنكرها	عبد العزيز بن عبد الله بن باز (المتوفى: 1420هـ)	ShamAY	30889	0.29605
		الملل والنحل	أبو الفتح محمد بن عبد الكريم بن أبى بكر أحمد الشهرستاني (المتوفى: 548هـ)	ShamAY	11812	0.29604
		الصاحب والخليفة أبو بكر الصديق	راغب السرجاني	ShamAY	635	0.29604
		مواعظ الصحابة - رضي الله عنهم - «مواعظ علمية منهجية وتربوية»	عمر بن عبد الله بن محمد المقبل	Sham19Y	17082	0.29603
		صرخه النور - حكايه الملحمه التي سطرتها السيده الزهراء ( عليها السلام )	مهدي خداميان آراني	Ghbook	9580	0.29602
		جني الثمر بشرح نخبة الفكر	عصام السناني	ShamAY	37349	0.296
		دحر افتراءات أهل الزيغ والارتياب عن دعوة الإمام محمد بن عبدالوهاب "رحمه الله" (نقد لحسن المالكي)	ربيع بن هادي المدخلي	ShamAY	33021	0.29598
		الأسئلة والأجوبة الفقهية	أبو محمد عبد العزيز بن محمد بن عبد الرحمن بن عبد المحسن السلمان (المتوفى: 1422هـ)	ShamAY	11192	0.29597
		البصائر والذخائر	أبو حيان التوحيدي، علي بن محمد بن العباس (المتوفى: نحو 400هـ)	ShamAY	26423	0.29596
		كشف الحال في وصف الخال للصفدي	الواحدي :: الصفدي	ShamAY	36062	0.29591
		الملل والنحل	أبو الفتح محمد بن عبد الكريم بن أبى بكر أحمد الشهرستاني (المتوفى: 548ه)	Sham19Y	11812	0.29588
		خلاصة البدر المنير	ابن الملقن سراج الدين أبو حفص عمر بن علي بن أحمد الشافعي المصري (المتوفى: 804ه)	ShamelaY19	21104	0.29587
		استدراك وتعقيب على الشيخ شعيب الأرنؤوط في تأويله بعض أحاديث الصفات	خالد بن عبد الرحمن بن حمد الشايع	Sham19Y	122231	0.29587
		فيض الرحمن تفسير جواهر القرآن	أبو يوسف محمد زايد	ShamAY	33116	0.29585
		من عقائد الشيعة الإثنا عشرية	أحمد طلب	ShamAY	35315	0.29585
		مكارم الأخلاق لمن أراد الخلاق	أنور بن أهل الله بن أنوار الله	ShamelaY19	37567	0.29584
		شَرحُ مشكِل الوَسِيطِ	عثمان بن عبد الرحمن، أبو عمرو، تقي الدين المعروف بابن الصلاح (المتوفى: 643هـ)	ShamAY	31803	0.29583
		فتاوى الشيخ عبد الله بن عقيل	عبد الله بن عقيل	ShamAY	37663	0.29583
		مباحث في علوم القرآن - ط وهبة	مناع القطان	ShamAY	34076	0.29581
		التنبيه والرد على أهل الأهواء والبدع	محمد بن أحمد بن عبد الرحمن، أبو الحسين المَلَطي العسقلاني (المتوفى: 377هـ)	ShamAY	6537	0.29568
		شرح أَلْفِيَّةِ السُّيوطي في الحديث المسمى «إسعاف ذوي الوَطَر بشرح نظم الدُّرَر في علم الأثر»	الشيخ محمد ابن العلامة علي بن آدم ابن موسى الأثيوبي الولوي	ShamAY	469	0.29568
		الموالاة والمعاداة في الشريعة الإسلامية	محماس بن عبد الله بن محمد الجلعود	ShamAY	485	0.29568
		الخُلاصَةُ في أحكام الجُمُعَة	الواحدي :: علي بن نايف الشحود	ShamAY	36071	0.29566
		تراثنا ـ العدد [ 9 ]	مؤسسة آل البيت عليهم السلام لإحياء التراث ـ قم	Rafed	2638	0.29564
		 دفاع عن التشيع 	 السيد نذير يحيى الحسني 	ABLibrary	966	0.29562
		الإمام المازري	حسن حسني (اسم مركب) بن صالح بن عبد الوهاب بن يوسف الصمادحي التجيبي التونسي (المتوفى: 1388ه)	ShamelaY19	115122	0.29556
		الأخلاق النبوية في الصراعات السياسية والعسكرية	الحموي، ياقوت	ShamAY	36107	0.29555
		وفاة النبي - صلى الله عليه وسلم - «وأظلمت المدينة»	نزار عبد القادر بن محمد الريان النعلاواني العسقلاني (المتوفى: 1430 هـ)	ShamAY	32326	0.29553
		الأنوار الكاشفة لما في كتاب "أضواء على السنة" من الزلل والتضليل والمجازفة	عبد الرحمن بن يحيى بن علي المعلمي اليماني (المتوفى: 1386هـ)	ShamAY	9463	0.29553
		منهج الإمام مسلم في ترتيب كتابه الصحيح ودحض شبهات حوله	ربيع بن هادي المدخلي	ShamAY	37307	0.29552
		حقيقة شهادة أن محمدا رسول الله صلى الله عليه وسلم	عبد العزيز بن عبد الله بن محمد بن عبد اللطيف بن عبد الرحمن بن حسن بن الشيخ محمد بن عبد الوهاب	ShamAY	21770	0.29546
		الموسوعة الفقهية الميسرة في فقه الكتاب والسنة المطهرة	حسين بن عودة العوايشة	Sham19Y	35096	0.29545
		أضواء على التقيّة	السيد علي الحسيني الصدر	Rafed	1769	0.29545
		المعتبر في شرح المختصر - الجزء1	المحقق الحلي	Masaha	1026	0.29544
		شرح نهج البلاغة - الجزء1	ابن ابي الحديد	Masaha	2790	0.29537
		روض الأخيار المنتخب من ربيع الأبرار	محمد بن قاسم بن يعقوب الأماسي الحنفي، محيي الدين، ابن الخطيب قاسم (المتوفى: 940هـ)	ShamAY	10512	0.29536
		حياة الإمام محمّد الباقر عليه السلام دراسة وتحليل [ج ١]	باقر شريف القرشي	Rafed	613	0.29534
		القول السديد شرح كتاب التوحيد ط النفائس	أبو عبد الله، عبد الرحمن بن ناصر بن عبد الله بن ناصر بن حمد آل سعدي (المتوفى: 1376هـ)	ShamAY	8529	0.29531
		الذّريعة إلى تصانيف الشّيعة [ج ٨]	الشيخ آقا بزرك الطهراني	Rafed	449	0.2953
		 تاريخ سني ملوك الارض والانبياء ( ع ) 	 حمزة بن الحسن الأصفهاني 	ABLibrary	8047	0.29529
		الايات الناسخه و المنسوخه	علي بن الحسين شريف مرتضي ( سيد مرتضي )	Ghbook	2790	0.29524
		عدد التكبيرات في صلاه الميت	المجمع العالمي لاهل البيت عليهم السلام	Ghbook	7670	0.29524
		هداية الحيارى في أجوبة اليهود والنصارى	محمد بن أبي بكر أبو عبد الله	ShamAY	34429	0.29523
		سيره الائمه ( عليهم السلام ) باسلوب قصصي ميسر - الامام الباقر ( عليه السلام )	محمد رضا عباس محمد دباغ	Ghbook	6285	0.2952
		المسَائِلُ الماردينيَّةِ - وهي مسائل يكثر وقوعها ويحصل الابتلاء بها	تقي الدين أبو العباس أحمد بن عبد الحليم بن عبد السلام بن عبد الله بن أبي القاسم بن محمد ابن تيمية الحراني الحنبلي الدمشقي (المتوفى: 728هـ)	ShamAY	2006	0.29518
		الناسخ والمنسوخ - وتنزيل القرآن بمكة والمدينة	محمد بن مسلم بن عبد الله بن شِهَاب الزهري (المتوفى: 124هـ)	ShamAY	1210	0.29515
		روضة التقرير في اختلاف القراءات بين الإرشاد والتيسير	علي بن أبي محمد بن أبي سعد بن الحسن الواسطي المعروف بالديواني (663 - 743 ه)	ShamelaY19	145211	0.29515
		رسالة فيمن يدعي أن من ذرية العباس بن عبد المطلب رضي الله عنه حمزة الخلف	إبراهيم بن محمد بن محمود بن بدر، برهان الدين، أبو إسحاق الحلبي القبيباتي الشافعيّ الناجي (المتوفى: 900هـ)	ShamAY	27090	0.29514
		نزهة النظر في توضيح نخبة الفكر في مصطلح أهل الأثر	أحمد بن علي بن محمد بن حجر العسقلاني (773 - 852 ه)	ShamelaY19	37456	0.29514
		وجوب محبة النبي صلى الله عليه وسلم وأصحابه	العلامة الشيخ عبد الرزاق عفيفي	ShamAY	35588	0.2951
		سلمان الفارسي في مواجهة التحدّي	السيد جعفر مرتضى العاملي	Rafed	144	0.29503
		لطائف المعارف فيما لمواسم العام من الوظائف	زين الدين عبد الرحمن بن أحمد بن رجب بن الحسن، السَلامي، البغدادي، ثم الدمشقي، الحنبلي (المتوفى: 795هـ)	ShamAY	11363	0.29501
		المختصر المفيد في عقائد أئمة التوحيد	مدحت آل فراج	ShamAY	35502	0.29499
		 موسوعة العتبات المقدسة 	 جعفر الخليلي 	ABLibrary	9252	0.29499
		شبهات الرافضة حول الصحابة والخلفاء الراشدين	علي بن نايف الشحود	ShamAY	35272	0.29497
		الوهابيه دعاوي و ردود	نجم الدين طبسي	Ghbook	7597	0.29495
		نزهة الأفكار في شرح قرة الأبصار	عبد القادر بن محمد بن محمد سالم المجلسي الشنقيطي المالكي الأشعري (المتوفى: 1337 ه)	Sham19Y	145166	0.29494
		كتاب الآداب	فؤاد بن عبد العزيز الشلهوب :: فؤاد الشلهوب	ShamAY	34874	0.29493
		الكامل في التاريخ - العلمية	أبو الحسن علي بن أبي الكرم محمد بن محمد بن عبد الكريم الشيباني الجزري، عز الدين ابن الأثير (المتوفى: 630هـ)	ShamAY	34612	0.29492
		تراثنا ـ العددان [ 47 و 48 ]	مؤسسة آل البيت عليهم السلام لإحياء التراث ـ قم	Rafed	3186	0.2949
		تفسير النيسابوري = غرائب القرآن ورغائب الفرقان	نظام الدين الحسن بن محمد بن حسين القمي النيسابوري (المتوفى: 850ه)	ShamelaY19	23613	0.29487
		نزهة الأفكار في شرح قرة الأبصار	عبد القادر بن محمد بن محمد سالم المجلسي الشنقيطي المالكي الأشعري (المتوفى: 1337 ه)	ShamelaY19	145166	0.29486
		 في رحاب أهل البيت ( ع ) 	 لجنة بحوث المجمع العالمي لأهل البيت ( ع ) 	ABLibrary	8561	0.29486
		 شمس العلوم ودواء كلام العرب من الكلوم 	 نشوان بن سعيد الحميري 	ABLibrary	9798	0.29486
		تفسير القاسمي [ج ٤]	محمّد جمال الدين القاسمي	Rafed	3912	0.29481
		وفاء الوفا بأخبار دار المصطفى  - الجزء1	علي بن أحمد السمهودي‏	Masaha	4101	0.2948
		الإقبال بالأعمال الحسنة (ط - الحديثة) - الجزء1	السيد علي بن موسى بن طاووس	Masaha	1012	0.29478
		نهاية الأرب في أخبار الفرس والعرب	مجهول من أهل القرن الثاني الهجري	ShamAY	33835	0.29477
		شبهات الرافضة حول الصحابة رضي الله عنهم وردها	علي بن نايف الشحود	ShamAY	35271	0.29474
		شأن الدعاء	أبو سليمان حمد بن محمد بن إبراهيم بن الخطاب البستي المعروف بالخطابي (المتوفى: 388هـ)	ShamAY	1624	0.29474
		معالي السبطين	محمد مهدي مازندراني حائري	Ghbook	6085	0.29472
		نفي ظاهرة التكفير عند الامامية	ابومحمد ساعدي	Ghbook	10522	0.29469
		منهج العلامة ابن العثيمين في كتاب القول المفيد شرح كتاب التوحيد	أحمد بن عثمان المزيد	ShamAY	35760	0.29466
		 بحوث في الملل والنحل 	 الشيخ السبحاني 	ABLibrary	8360	0.29461
		الموطأ كتاب القضاء في البيوع	أبو محمد عبد الله بن وهب بن مسلم المصري القرشي (المتوفى: 197هـ)	ShamAY	30522	0.29458
		البحرين في صدر الإسلام	الدكتور عبد الرحمن عبد الكريم العاني	Rafed	2152	0.29456
		دلائل الصدق لنهج الحق [ج ٦]	الشيخ محمد حسن المظفر	Rafed	253	0.29454
		البرهان في علوم القرآن للإمام الحَوفيِّ - سورة يوسف دارسة وتحقيقا	علي بن إبراهيم بن سعيد، أبو الحسن الحوفي (المتوفى: 430 هـ)	ShamAY	32385	0.29453
		حديث محمد بن بشار بندار عن شيوخه	أبو يعلى أحمد بن علي بن المثنى بن يحيى بن عيسى بن هلال التميمي، الموصلي (المتوفى: 307ه)	ShamelaY19	26576	0.29448
		الرسول الاعظم صلي الله عليه و آله يبشر بظهور الامام المهدي عجل الله تعالي فرجه ا...	علي محمد علي دخيل	Ghbook	11217	0.29444
		وفاء الوفاء بأخبار دار المصطفى‏ - الجزء1	نصر بن مزاحم المنقري‏	Masaha	3028	0.29442
		أنواع الصبر ومجالاته - مفهوم، وأهمية، وطرق، وتحصيل في ضوء الكتاب والسنة	د. سعيد بن علي بن وهف القحطاني	ShamelaY19	96479	0.2944
		فضل علم الوقف والابتداء وحكم الوقف على رؤوس الآيات	عبد الله علي الميموني	ShamAY	94	0.29437
		الموسوعة الفقهية الميسرة في فقه الكتاب والسنة المطهرة	حسين بن عودة العوايشة	ShamAY	220	0.29436
		من أعلام المجددين	صالح بن فوزان بن عبد الله الفوزان	ShamAY	12066	0.29431
		الصاحب والخليفة أبو بكر الصديق	راغب السرجاني	ShamelaY19	37379	0.2943
		أكمل البيان في شرح حديث النجد قرن الشيطان	محمد سندهو	ShamAY	35953	0.29427
		فحولة الشعراء	الأصمعي أبو سعيد عبد الملك بن قريب بن عبد الملك (المتوفى: 216هـ)	ShamAY	1597	0.29425
		رسالة رد الروافض	أحمد بن عبد الأحد بن زين العابدين، العمري الفاروقي نسبا، السرهندي مولدا ووطنا، الحنفي مذهبا (المتوفى: 1034ه)	ShamelaY19	36475	0.29423
		صفة النار في القرآن والسنة	علي بن نايف الشحود	ShamAY	34849	0.29422
		الوهابيه و اصول الاعتقاد	محمد جواد بلاغي	Ghbook	7601	0.29421
		نور على الدرب .. كلمات في الدعوة والمنهاج	هشام بن فهمي بن موسى العارف	ShamAY	33315	0.29419
		كشف كذب اللئيم حول الإسلام العظيم		ShamAY	35352	0.29419
		الشماريخ في علم التاريخ - الدار السلفية	جلال الدين عبد الرحمن بن أبي بكر السيوطي (المتوفى : 911 هـ	ShamAY	33817	0.29418
		مسكن الفواد في فقد الاحبه و الاولاد	شيخ زين الدين عاملي شهيد ثاني	Ghbook	16506	0.29418
		الاستضعاف وأحكامه في الفقه الإسلامي	زياد بن عابد المشوخي	ShamAY	32284	0.29417
		الحقيقة الضائعة رحلتي نحو مذهب آل البيت(ع)	الشيخ معتصم سيد أحمد	Masaha	240	0.29416
		جلاء العينين في محاكمة الأحمدين	نعمان بن محمود بن عبد الله، أبو البركات خير الدين، الآلوسي (المتوفى: 1317هـ)	ShamAY	9943	0.29414
		عدة الصابرين وذخيرة الشاكرين	محمد بن أبي بكر بن أيوب بن سعد شمس الدين ابن قيم الجوزية (المتوفى: 751هـ)	ShamAY	11274	0.29411
		تنبيه الغافلين عن أعمال الجاهلين وتحذير السالكين من أفعال الجاهلين	محيي الدين أبو زكريا أحمد بن إبراهيم ابن النحاس الدمشقي (المتوفى: 814 ه)	ShamelaY19	35453	0.29411
		دروس وعبر من حياة شهداء الثورة السورية	علي بن نايف الشحود	ShamAY	1606	0.29404
		 الإنصاف في مسائل دام فيها الخلاف 	 الشيخ السبحاني 	ABLibrary	9555	0.29397
		تسْبّيحٌ ومُناجاةُ وثناءٌ عَلَى مَلِكِ الأَرْضِ وَالسَّمَاءِ	مُحَمَّد بن حَسَن بْن عَقيل مُوسَى الشَّريْف	ShamAY	332	0.29395
		المهدي (عجل الله تعالي فرجه الشريف) في السنه	آيت الله العظمي حسيني	Ghbook	6636	0.29393
		مستقصي مدارك القواعد	ملا حبيب الله شريف كاشاني	Ghbook	11266	0.29393
		الوصية ببعض السنن شبه المنسية	هيفاء الرشيد	ShamAY	34326	0.2939
		الصيام في الإسلام في ضوء الكتاب والسنة - مفهوم، وفضائل، وفوائد، وخصائص، وشروط، وأركان، ومسائل، وآداب، وحكم، وأحكام	د. سعيد بن علي بن وهف القحطاني	ShamelaY19	96467	0.2939
		الشرح المختصر لنخبة الفكر لابن حجر العسقلاني	أبو المنذر محمود بن محمد بن مصطفى بن عبد اللطيف المنياوي	ShamAY	1109	0.29389
		أنواع الصبر ومجالاته - مفهوم، وأهمية، وطرق، وتحصيل في ضوء الكتاب والسنة	د. سعيد بن علي بن وهف القحطاني	Sham19Y	96479	0.29389
		الاعتقاد القادري	الخليفة العباسي أبو العباس القادر بالله أبو العباس احمد بن إسحاق بن المقتدر	ShamAY	35722	0.29388
		 في رحاب أهل البيت ( ع ) 	 لجنة بحوث المجمع العالمي لأهل البيت ( ع ) 	ABLibrary	8558	0.29387
		فتاوى الشيخ عبد الرزاق عفيفي	الواحدي :: عبد الرزاق عفيفي	ShamAY	37661	0.29376
		الفقه الأكبر (مطبوع مع الشرح الميسر على الفقهين الأبسط والأكبر المنسوبين لأبي حنيفة تأليف محمد بن عبد الرحمن الخميس)	ينسب لأبي حنيفة النعمان بن ثابت بن زوطي بن ماه (المتوفى: 150ه)	Sham19Y	6388	0.29376
		التدرج في دعوة النبي	إبراهيم بن عبد الله المطلق	ShamAY	30918	0.29375
		فقه العبادات على المذهب الحنفي	الحاجة نجاح الحلبي	Sham19Y	650	0.29375
		أعلام الهداية الإمام الحسين سيد الشهداء	المجمع العالمي لأهل البيت عليهم السلام	Rafed	1543	0.29373
		تاريخ المدينة المنوّرة	أبي محمّد عبد الله بن محمّد بن فرحون المالكي [ ابن فرحون ]	Rafed	2161	0.29371
		 موسوعة الإمام العسكري ( ع ) 	 الشيخ أبو القاسم الخزعلي 	ABLibrary	7850	0.29371
		الشيخ محمد بن عبد الوهاب حياته ودعوته في الرؤية الاستشراقية	ناصر بن إبراهيم بن عبد الله التويم	ShamelaY19	31079	0.29369
		الفَرق بين الفِرق	عبدالقاهر بن طاهر البغدادي	Rafed	3488	0.29369
		الجواب الصحيح لمن بدل دين المسيح - ت الألمعي	ابن تيمية ت 728 هـ	ShamAY	33851	0.29368
		ظلامة أبي طالب (تاريخ ودراسة)	السيد جعفر مرتضى العاملي	Masaha	332	0.29365
		التعجب من أغلاط العامة في مسألة الإمامة	الشيخ القاضي أبي الفتح محمد بن علي الكراجكي	Masaha	201	0.29362
		شرح كتاب العلم لأبي خيثمة - عبد الكريم الخضير	عبد الكريم الخضير	ShamAY	155	0.2936
		النصّ الجليّ في إثبات ولاية علي عليه السلام	محمد حسين بن الآقا باقر بروجردي	Rafed	3534	0.29356
		رفقاء طريق	عبد الملك بن محمد القاسم	ShamelaY19	95685	0.2935
		البرهان على أن تارك العمل - اختيارا - فاقد لأصل الإيمان، وأن الكفر كما يكون بالقلب، يكون بالعمل واللسان	عبد الرحمن بن عبد الخالق	ShamAY	35752	0.29346
		مذهب أهل البيت(ع)	السيد علي نقي الحيدري	Masaha	406	0.29341
		الإمام السجاد جهاد و أمجاد	أ. د. حسين الحاج حسن	Masaha	1854	0.2934
		المفصل في شرح آية الولاء والبراء	علي بن نايف الشحود	ShamAY	33095	0.29338
		رسوم دار الخلافة	هلال بن المحسن بن إبراهيم بن هلال الصابئ الحراني، أبو الحسين، أو أبو الحسن (المتوفى: 448هـ)	ShamAY	8173	0.29334
		الدر النثير والعذب النمير «في شرح مشكلات وحل مقفلات اشتمل عليها كتاب التيسير لأبي عمرو عثمان بن سعيد الداني (المتوفى 444 هـ)»	عبد الواحد بن محمد بن علي ابن أبي السداد الأموي المالقي (المتوفى: 705 هـ)	ShamAY	32449	0.29333
		 الدر المنضود في الصلاة والسلام على صاحب المقام المحمود 	 أحمد بن حجر الهيتمي المكي 	ABLibrary	7524	0.29331
		تراثنا ـ العدد [ 18 ]	مؤسسة آل البيت عليهم السلام لإحياء التراث ـ قم	Rafed	2738	0.2933
		الشيعة في مسارهم التاريخي	السيد محسن الأمين	Masaha	2363	0.2933
		كيف تحفظ العلم	أبو حسام الدين الطرفاوي	ShamAY	34925	0.29328
		 معجم ما كتب عن الرسول ( ص ) وأهل بيته ( ع ) 	 عبد الجبار الرفاعي 	ABLibrary	7757	0.29323
		الامام المهدي (عج) من المهد إلى الظهور	السيد محمد كاظم القزويني	Masaha	2371	0.29319
		صفة الجنة في القرآن والسنة	علي بن نايف الشحود	ShamAY	34848	0.29318
		 الرد على الأخنائي قاضي المالكية 	 ابن تيميه 	ABLibrary	8426	0.29318
		حماسة الظرفاء، من أشعار المحدثين والقدماء	عبد الله بن محمد بن يوسف العبدلكاني الزوزني (المتوفى: 431هـ)	ShamAY	752	0.29314
		اجوبه علي اسئله بعض علماء الطالبان	علي كوراني	Ghbook	7515	0.29313
		السّقيفة امّ الفتن	الدكتور جواد جعفر الخليلي	Rafed	1729	0.29309
		الأحاديث الواردة في الصحيحين في الجن والشياطين	فيصل سعيد محمد الصاعدي	ShamAY	36051	0.29306
		حياة الإمام الحسن بن علي عليهما السلام دراسة وتحليل [ج ١]	باقر شريف القرشي	Rafed	609	0.29304
		العقد الثمين في شرح أحاديث أصول الدين	حسين بن غنام (أو ابن أبي بكر بن غنام) النجدي الأحسائي المالكي (المتوفى: 1225ه)	Sham19Y	8514	0.29301
		بحار الأنوار [ج ٩٠]	الشيخ محمّد باقر بن محمّد تقي المجلسي	Rafed	1167	0.29301
		الصحابي و عدالته	السيد مرتضى العسكري	Masaha	326	0.29301
		الأماکن أو ما اتفق لفظه وافترق مسماه من الأمکنة	الحازمي	Rafed	2453	0.29298
		الوجيز في عقيدة السلف الصالح (أهل السنة والجماعة)	عبد الله بن عبد الحميد الأثري	ShamelaY19	30811	0.29293
		 روضة الحبور ومعدن السرور في مناقب الجنيد البغدادى وإبي يزيد طيفور 	 محمد بن احمد الأطعاني البسطامي 	ABLibrary	8808	0.29293
		مساله فدك	آيت الله علي حسيني ميلاني	Ghbook	4792	0.29292
		كلمات مضيئة في الدعوة إلي الله	محمد علي محمد إمام	ShamelaY19	37558	0.29289
		المولاة والمعاداة في الشريعة الإسلامية	محماس بن عبد الله بن محمد الجلعود	ShamAY	35925	0.29287
		عمارة المساجد المعنوية وفضلها	عبد العزيز عبد الله الحميدي	ShamAY	31287	0.29285
		كيف نزوج العازبات ؟	آيت الله العظمي سيد محمد حسيني شيرازي	Ghbook	8080	0.29285
		قاعدة في الانغماس في العدو وهل يباح	تقي الدين أبو العباس أحمد بن عبد الحليم بن عبد السلام بن عبد الله بن أبي القاسم بن محمد ابن تيمية الحراني الحنبلي الدمشقي (المتوفى: 728ه)	Sham19Y	11288	0.29279
		لأكون مع الصّادقين	الدكتور محمّد التيجاني السماوي	Rafed	1215	0.29265
		منهج الرشاد لمن أراد السداد	الشيخ جعفر كاشف الغطاء	Masaha	444	0.29265
		الأنس الجليل بتاريخ القدس والخليل [ج ١]	مجير الدين الحنبلي العليمي	Rafed	2088	0.29262
		دعاء الامام الحسين في يوم عاشوراء	نبيل الحسني	Ghbook	15255	0.29261
		السوال و الذكر في رحاب القرآن و العتره	عادل علوي	Ghbook	4613	0.2926
		فضل الصلاة على النبي صلى الله عليه وسلم وبيان معناها وكيفيتها وشيء مما ألف فيها	عبد المحسن بن حمد بن عبد المحسن بن عبد الله بن حمد العباد البدر	ShamAY	11222	0.29259
		التذهيب في أدلة متن الغاية والتقريب المشهور بـ متن أبي شجاع في الفقه الشافعي	مصطفى ديب البغا الميداني الدمشقي الشافعي	ShamAY	1552	0.29259
		إرشاد الأخيار إلى حكم نكاح الشغار	محمد بن عبد الله الإمام	ShamAY	36716	0.29258
		تحفة الراكع والساجد بأحكام المساجد	أبو بكر بن زيد الجراعي الصالحي الحنبلي (المتوفى: 883 ه)	Sham19Y	17419	0.29257
		«خصائص سيد العالمين وما له من المناقب العجائب على جميع الأنبياء عليهم السلام» (مطبوع مع: منهج الإمام جمال الدين السرمري في تقرير العقيدة)	السرمري، جمال الدين	ShamelaY19	20594	0.29255
		تسلية المجالس و زينة المجالس - الجزء1	السيد محمد الكركي الحائري‏	Masaha	1978	0.29251
		 بحار الأنوار 	 العلامة المجلسي 	ABLibrary	757	0.2925
		تحفة الأبرار شرح مصابيح السنة	القاضي ناصر الدين عبد الله بن عمر البيضاوي (ت 685هـ)	ShamAY	31913	0.29247
		النوادر في اللغة لأبي زيد الأنصاري	أبو زيد الأنصاري	ShamelaY19	133417	0.29245
		الشعر في خراسان من الفتح إلى نهاية العصر الأموي	حسين عطوان	ShamAY	23138	0.29241
		أهل الفترة ومن في حكمهم	موفق أحمد شكري	ShamelaY19	117360	0.29241
		اعتماد فقه دعوة الشيخ محمد بن عبد الوهاب على الكتاب والسنة (مطبوع ضمن بحوث ندوة دعوة الشيخ محمد بن عبد الوهاب، الجزء الأول)	صالح بن عبد الرحمن بن عبد الله الأطرم (المتوفى: 1428هـ)	ShamAY	7507	0.29237
		القصص التربوية	الشيخ محمد تقي الفلسفي	Masaha	562	0.29235
		 تثبيت دلائل النبوة 	 القاضي عبد الجبار الهمذاني 	ABLibrary	7457	0.29234
		المحتسب في تبيين وجوه شواذ القراءات والإيضاح عنها	أبو الفتح عثمان بن جني الموصلي (المتوفى: 392ه)	Sham19Y	8660	0.29232
		نعيم الجنة وعذاب النار في القرآن والسنَّة	علي بن نايف الشحود	ShamAY	34852	0.2923
		الاجتهاد في طلب الجهاد	الواحدي :: ابن كثير	ShamAY	36178	0.29225
		جرح الرواة وتعديلهم ـ الأسس والضوابط	محمود الدليمي	ShamAY	37248	0.29225
		أبحاث هيئة كبار العلماء	هيئة كبار العلماء بالمملكة العربية السعودية	ShamAY	21759	0.29223
		تسمية من تشيع أو رمي بالتشيع من رواة الكتب الستة	مشهور بن مرزوق بن محمد الحرازي	ShamAY	35802	0.29223
		أبحاث هيئة كبار العلماء	هيئة كبار العلماء بالمملكة العربية السعودية	Sham19Y	21759	0.29223
		الشرح الكبير (المطبوع مع المقنع والإنصاف)	شمس الدين أبو الفرج عبد الرحمن بن محمد بن أحمد بن قدامة المقدسي (المتوفى: 682 هـ)	ShamAY	37988	0.29215
		الأخبار النبوية الفاصلة في الأحداث العالمية المقبلة	محمد أحمد عبد الغني	ShamAY	36491	0.29213
		رياض الأفهام في شرح عمدة الأحكام	أبو حفص عمر بن علي بن سالم بن صدقة اللخمي الإسكندري المالكي، تاج الدين الفاكهاني (المتوفى: 734هـ)	ShamAY	32274	0.29211
		جمع الوسائل في شرح الشمائل	علي بن (سلطان) محمد، أبو الحسن نور الدين الملا الهروي القاري (المتوفى : 1014هـ)	ShamAY	2569	0.29209
		شرح صحيح البخارى لابن بطال	ابن بطال أبو الحسن علي بن خلف بن عبد الملك (المتوفى: 449هـ)	ShamAY	10486	0.29205
		فقه العبادات على المذهب الحنفي	الحاجة نجاح الحلبي	ShamAY	650	0.29203
		فقه السيرة للغزالي	محمد الغزالي السقا (المتوفى: 1416هـ)	ShamAY	23659	0.29202
		 الإمام السجاد جهاد وأمجاد 	 حسين الحاج حسن 	ABLibrary	7422	0.29202
		العقد الثمين في شرح أحاديث أصول الدين	حسين بن غنّام (أو ابن أبي بكر بن غنام) النجدي الأحسائي المالكي (المتوفى: 1225هـ)	ShamAY	8514	0.292
		العقيدة السلفية فى كلام رب البرية وكشف أباطيل المبتدعة الردية	عبد الله بن يوسف الجديع	ShamelaY19	122091	0.29199
		شرح زيارة آل ياسين	الشيخ علي الكوراني العاملي	Rafed	1204	0.29198
		رسائل آل طوق القطيفي - الجزء1	الشيخ أحمد آل طوق القطيفي	Masaha	1561	0.29198
		سنن النبي ( صلي الله عليه و آله )	محمد حسين طباطبايي	Ghbook	5292	0.29197
		المقترح في أجوبة بعض أسئلة المصطلح - أكثر من 200 سؤال في المصطلح مع محاضرات في:	أَبِو عَبد الرَّحمَن مُقْبلُ بنُ هَادِي بنِ مُقْبِلِ بنِ قَائِدَةَ (اسم رجل) الهَمْدَاني الوادعِيُّ (المتوفى: 1422هـ)	ShamAY	1998	0.29193
		أدلة تحريم حلق اللحية	محمد بن أحمد بن إسماعيل المقدم	ShamelaY19	98119	0.29193
		سلوة الحزين	القطب الراوندي	Masaha	1028	0.29192
		الدر الثمين في معالم دار الرسول الأمين صلى الله عليه وسلم	غالي الشنقيطي	ShamAY	38442	0.2919
		جواب في صيغ الحمد	محمد بن أبي بكر بن أيوب بن سعد شمس الدين ابن قيم الجوزية (المتوفى: 751ه)	Sham19Y	6841	0.2919
		المحتسب في تبيين وجوه شواذ القراءات والإيضاح عنها	أبو الفتح عثمان بن جني الموصلي (المتوفى: 392هـ)	ShamAY	8660	0.29189
		مشروعية الاجتهاد في فروع الاعتقاد	الخطيب الشربيني	ShamAY	35754	0.29187
		المهذب في الآداب الإسلامية	علي بن نايف الشحود	ShamAY	34839	0.29187
		إرهاب المستأمنين وموقف الإسلام منه	بدر بن ناصر البدر	Sham19Y	1170	0.29185
		نشر طي التعريف في فضل حملة العلم الشريف والرد على ماقتهم السخيف	محمد بن عبد الرحمن بن عمر بن محمد بن عبد الله، أبو حامد، جمال الدين الحبيشي الوصابي الشافعي (المتوفى: 786ه)	Sham19Y	6878	0.29184
		الشيعة .. عقائد وموائد	عبد الرحمن الزكزكي	ShamAY	35672	0.2918
		... ومن الحوار اكتشفت الحقيقة	الأستاذ هشام آل قطيط	Masaha	487	0.2918
		 النص الجلي في إثبات ولاية علي ( ع ) 	 السيد محمدحسين البروجردي 	ABLibrary	8662	0.29178
		تفسير غرائب القرآن ورغائب الفرقان [ج ١]	نظام الدين الحسن بن محمّد بن حسين القمي النيسابوري	Rafed	1792	0.29177
		السنة النبوية المصدر الثاني للتشريع الإسلامي ومكانتها من حيث الإحتجاج والعمل	محمد بن عبد الله باجمعان	ShamAY	7538	0.29174
		أبهى المداد في شرح مؤتمر علماء بغداد [ج ٢]	مقاتل بن عطيّة	Rafed	3309	0.29174
		ظن السوء بمن سلم من الأنام في ضوء الكتاب والسنة بإجمال	ابتسام الجابري	ShamAY	36647	0.29171
		المنهج الحركي للسيرة النبوية	منير محمد الغضبان (المتوفى: 1435هـ)	ShamAY	31848	0.29161
		شرح زيارة آل ياسين	علي كوراني	Ghbook	15123	0.29161
		الذكر والدعاء والعلاج بالرقي من الكتاب والسنة	سَعِيد بن علي بن وهف القحطاني	ShamAY	32594	0.2916
		صلاة التراويح	الدكتور الشيخ جعفر الباقري [ سامي صبيح علي ]	Rafed	1230	0.29159
		الديباج على صحيح مسلم بن الحجاج	عبد الرحمن بن أبي بكر، جلال الدين السيوطي (المتوفى: 911هـ)	ShamAY	1712	0.29157
		الذيل والتكملة لكتابي الموصول والصلة	أبو عبد الله محمد بن محمد بن عبد الملك الأنصاري الأوسي المراكشي (المتوفى: 703 هـ)	ShamAY	32576	0.29156
		التفسير اللغوي للقرآن الكريم	د مساعد بن سليمان بن ناصر الطيار	ShamAY	31794	0.29156
		إلزام النّاصب في إثبات الحجّة الغائب عجّل فرجه [ج ١]	الشيخ علي اليزدي الحائري	Rafed	2565	0.29153
		المكافأة وحسن العقبى	أحمد بن يوسف الكاتب ابن الداية (340 هـ)	ShamAY	34330	0.2915
		نقد الصحابة والتابعين للتفسير	عبد السلام بن صالح الجار الله	ShamelaY19	148083	0.29144
		وجاء الحق	سعيد أيوب	Masaha	482	0.29141
		الأساس في السنة وفقهها - العقائد الإسلامية	سعيد حوّى (المتوفى 1409 هـ)	ShamAY	38486	0.29135
		وفاء الوفاء بأخبار دار المصطفى	علي بن عبد الله بن أحمد الحسني الشافعي، نور الدين أبو الحسن السمهودي (المتوفى: 911هـ)	ShamAY	23695	0.29131
		علماء المغرب ومقاومتهم للبدع والتصوف والقبورية والمواسم	أبو سفيان مصطفى باحو السلاوي المغربي	ShamelaY19	96922	0.29128
		الصبر والثبات في مواجهة الحصار	نعيم أسعد الصفدي	ShamAY	37434	0.29125
		 نهاية الارب في اخبار الفرس والعرب 	 مؤلف مجهول 	ABLibrary	8297	0.2912
		كلمات مضيئة في الدعوة إلي الله	محمد علي محمد إمام	ShamAY	1149	0.29119
		عقود الزبرجد على مسند الإمام أحمد في إعراب الحديث	عبد الرحمن بن أبي بكر، جلال الدين السيوطي (المتوفى: 911ه)	ShamelaY19	23077	0.29119
		نفحات النسمات في وصول إهداء الثواب للأموات للسروجي	أحمد بن إبراهيم بن عبد الغني السروجي، أبو العباس، شمس الدين (المتوفى: 710هـ)	ShamAY	26925	0.29118
		غذاء القلوب ومفرج الكروب	الواحدي :: فيصل المبارك	ShamAY	35002	0.29118
		حقائق عن الشيعه	آيت الله العظمي حسيني	Ghbook	8030	0.29117
		أثر القراءات القرآنية في الدرس النحوي	الدكتور مزيد إسماعيل نعيم ـ روفائيل أنيس مرجان	ShamAY	37037	0.29116
		إعراب القرآن [ج ٤]	أبي جعفر أحمد بن محمّد بن إسماعيل النحّاس [ ابن النحّاس ]	Rafed	3323	0.29113
		أعلام مالقة	أبو عبد الله بن عسكر، وأبو بكر بن خميس	ShamAY	38519	0.29107
		المعتصر من المختصر من مشكل الآثار	يوسف بن موسى بن محمد، أبو المحاسن جمال الدين المَلَطي الحنفي (المتوفى: 803هـ)	ShamAY	11816	0.29106
		خطبة الحاجة التي كان رسول الله صلى الله عليه وسلم يعلمها أصحابه	الواحدي :: ناصر الدين الألباني	ShamAY	34135	0.29106
		أمهات المؤمنين في مدرسة النبوة	مصطفى الطحان	ShamAY	35814	0.29106
		علماء المغرب ومقاومتهم للبدع والتصوف والقبورية والمواسم	أبو سفيان مصطفى باحُّو السلاوي المغربي	ShamAY	2039	0.29103
		الشيخ الإمام محمد بن عبد الوهاب ومنهجه في مباحث العقيدة	آمنة محمد نصير	ShamAY	7656	0.29101
		المنهل الروي في الطب النبوي	ابن طولون (953 هـ)	ShamAY	33561	0.29099
		حركة التجديد والإصلاح في نجد	عبد الله العجلان	ShamAY	11156	0.29097
		عبر من السيرة	عبد الله عزام	ShamAY	37442	0.29096
		عبير الرحمه	آيت الله العظمي حسيني	Ghbook	7992	0.29095
		الامام علي بن الحسين زين العابدين ( عليهما السلام ) و الخلافه الاسلاميه	اسحاق شاكر عشيي	Ghbook	6355	0.29089
		دُرَرُ الحِكَمِ لأبي منصور الثعالبي	عبد الملك بن محمد بن إسماعيل أبو منصور الثعالبي (المتوفى: 429هـ)	ShamAY	1399	0.29086
		عظمة القرآن وتعظيمه وأثره في النفوس في ضوء الكتاب والسنة - مفهوم، وعظمة، وأثر، وتدبر، وفضائل، وعلم، وعمل، وتعاهد، وآداب، وأخلاق	د. سعيد بن علي بن وهف القحطاني	ShamAY	1862	0.29082
		سمط النجوم العوالي في أنباء الأوائل والتوالي	عبد الملك بن حسين بن عبد الملك العصامي المكي (المتوفى: 1111هـ)	ShamAY	6617	0.2908
		السيرة النبوية على ضوء القرآن والسنة	محمد بن محمد بن سويلم أبو شُهبة (المتوفى: 1403هـ)	ShamAY	9896	0.29078
		كتاب المزار - مناسك المزار	محمد بن  محمد بن نعمان شيخ مفيد	Ghbook	2589	0.29074
		مكارم الأخلاق لمن أراد الخلاق	أنور بن أهل الله بن أنوار الله	ShamAY	1078	0.29071
		 بحار الأنوار 	 العلامة المجلسي 	ABLibrary	749	0.2907
		قصيدة السلفي	صدر الدين، أبو طاهر السِّلَفي أحمد بن محمد بن أحمد بن محمد بن إبراهيم سِلَفَه الأصبهاني (المتوفى: 576هـ)	ShamAY	26670	0.29067
		الدروس اليومية من السنن والأحكام الشرعية	د. راشد بن حسين العبد الكريم	ShamAY	31679	0.29059
		التفسير والمفسرون	الدكتور محمد السيد حسين الذهبي (المتوفى: 1398هـ)	ShamAY	12393	0.29057
		إرهاب المستأمنين وموقف الإسلام منه	بدر بن ناصر البدر	ShamAY	1170	0.29056
		أهل الفترة ومن في حكمهم	موفق أحمد شكري	ShamAY	31662	0.29056
		التفسير والمفسرون	الدكتور محمد السيد حسين الذهبي (المتوفى: 1398ه)	Sham19Y	12393	0.29056
		بناء القبور و زيارتها: رويه شرعيه	عباسعلي زارعي سبزواري	Ghbook	10924	0.29053
		لأكون مع الصادقين	الدكتور محمّد التيجاني السماوي	Rafed	3416	0.29052
		كتاب المراتب في فضائل أمير المؤمنين و سيد الوصيين(ع)	أبو القاسم إسماعيل بن أحمد البستي‏	Masaha	2490	0.2905
		شرح أصول اعتقاد أهل السنة للالكائي - حسن أبو الأشبال	أبو الأشبال حسن الزهيري آل مندوه المنصوري المصري	Sham19Y	37437	0.29049
		معالم الوسطية والتيسير والاعتدال في سيرة الشيخ فيصل بن عبد العزيز آل مبارك	محمد بن حسن المبارك	ShamAY	35868	0.29046
		المتعة	السيّد علي الحسيني الميلاني	Rafed	19	0.29045
		الجواب الصحيح لمن بدل دين المسيح لابن تيمية	تقي الدين أبو العباس أحمد بن عبد الحليم بن عبد السلام بن عبد الله بن أبي القاسم بن محمد ابن تيمية الحراني الحنبلي الدمشقي (المتوفى: 728هـ)	ShamAY	170	0.29044
		روضة التقرير في اختلاف القراءات بين الإرشاد والتيسير	علي بن أبي محمد بن أبي سعد بن الحسن الواسطي المعروف بالديواني (663 - 743 ه)	Sham19Y	145211	0.29044
		دور الخطاب الديني في تغيير البنيه الفكريه بين الاصلاح والافساد	نبيل قدوري الحسني	Ghbook	12309	0.29041
		وفاء الوفا بأخبار دار المصطفى [ج ١]	نور الدين علي بن أحمد السّمهودي	Rafed	2518	0.2904
		رجال المعلقات العشر	مصطفى بن محمد سليم الغلايينى (المتوفى: 1364ه)	Sham19Y	5402	0.29039
		مسألة فى المرابطة بالثغور أفضل أم المجاورة بمكة شرفها الله تعالى	تقي الدين أبو العباس أحمد بن عبد الحليم بن عبد السلام بن عبد الله بن أبي القاسم بن محمد ابن تيمية الحراني الحنبلي الدمشقي (المتوفى: 728هـ)	ShamAY	11578	0.29038
		 الكامل في التاريخ 	 ابن الأثير 	ABLibrary	8255	0.29038
		نظره في كتاب الوشيعه لموسي جارالله	عبدالحسين اميني ( علامه اميني )	Ghbook	10923	0.29038
		 عبقات الأنوار في إمامة الأئمة الأطهار ( فارسي ) 	 السيد حامد النقوي 	ABLibrary	8509	0.29031
		التجريد الصريح لأحاديث الجامع الصحيح	أحمد بن أحمد بن عبد اللطيف الشرجي، زين الدين الزبيدي (المتوفى: 893ه)	Sham19Y	96283	0.29029
		الوجيز في عقيدة السلف الصالح (أهل السنة والجماعة)	عبد الله بن عبد الحميد الأثري	Sham19Y	30811	0.29028
		جمهرة أشعار العرب	أبو زيد محمد بن أبي الخطاب القرشي (المتوفى: 170هـ)	ShamAY	1487	0.29026
		الرحلة الورثيلانيّة [ج ٢]	الحسين بن محمّد الورثيلاني	Rafed	2203	0.29026
		البرهان في علوم القرآن [ج ٢]	بدر الدين محمّد بن عبد الله الزّركشي	Rafed	2112	0.29021
		هذه مفاهيمنا	صالح بن عبد العزيز بن محمد بن إبراهيم آل الشيخ	ShamAY	12120	0.29019
		تفسير كنز الدّقائق وبحر الغرائب [ج ٢]	الشيخ محمّد بن محمّد رضا القمّي المشهدي	Rafed	2090	0.29018
		اتحاف السائل بمالفاطمه من المناقب و الفضائل	محمد بن محمد واعظ قلقشندي	Ghbook	9200	0.29018
		عدة الصابرين وذخيرة الشاكرين	محمد بن أبي بكر أيوب الزرعي أبو عبد الله	ShamAY	34428	0.29017
		أدب الطّف أو شعراء الحسين عليه السلام [ج ٤]	جواد شبّر	Rafed	365	0.29017
		الإسرائيليات والموضوعات في كتب التفسير	محمد بن محمد بن سويلم أبو شُهبة (المتوفى: 1403هـ)	ShamAY	8671	0.29016
		وفاء الوفاء بأخبار دار المصطفى	علي بن عبد الله بن أحمد الحسني الشافعي، نور الدين أبو الحسن السمهودي (المتوفى: 911ه)	ShamelaY19	23695	0.29015
		تراثنا ـ العدد [ 37 ]	مؤسسة آل البيت عليهم السلام لإحياء التراث ـ قم	Rafed	2790	0.29014
		سلم الوصول إلى طبقات الفحول	مصطفى بن عبد الله القسطنطيني العثماني المعروف ب «كاتب جلبي» وب «حاجي خليفة» (المتوفى 1067 ه)	Sham19Y	19199	0.29013
		معجم ما كتب عن الرسول و اهل البيت صلوات الله عليهم	عبدالجبار رفاعي	Ghbook	10437	0.29013
		تفسير النيسابوري = غرائب القرآن ورغائب الفرقان	نظام الدين الحسن بن محمد بن حسين القمي النيسابوري (المتوفى: 850هـ)	ShamAY	23613	0.29011
		 رياض الأبرار في مناقب الأئمة الأطهار ( ع ) 	 السيد نعمة الله الجزائري 	ABLibrary	7537	0.29009
		مسائل فقهية	السيد عبد الحسين شرف الدين	Masaha	420	0.29006
		خطورة التسرع في التكفير والقيام بالتفجير وما ينشأ عنهما من سفك للدماء وتخريب للمنشآت	مجموعة من المؤلفين	ShamAY	546	0.29005
		الحسام المسلول على منتقصي أصحاب الرسول	محمد بن عمر بن مبارك الحميري الحضرمي الشافعي، الشهير ب «بحرق» (المتوفى: 930ه)	ShamelaY19	19542	0.29005
		دلائل الامامه	طبري امامي ( صغير ) ابوجعفر محمد بن جرير بن رستم ( قرن 4و5 ق ) ( صاحب دلائل الامامه )	Ghbook	10443	0.29002
		تيسير العزيز الحميد في شرح كتاب التوحيد	سليمان بن عبد الله بن محمد بن عبد الوهاب	ShamAY	33888	0.28995
		وأحسن كما أحسن الله إليك	عبد الملك بن محمد القاسم	ShamelaY19	95666	0.28995
		تسبيح ومناجاة وثناء على ملك الأرض والسماء	محمد بن حسن بن عقيل موسى الشريف	ShamelaY19	36529	0.28992
		وأحسن كما أحسن الله إليك	عبد الملك بن محمد القاسم	Sham19Y	95666	0.2899
		الامام الباقر ( عليه السلام ) قدوه و اسوه	آيت الله العظمي سيد محمد تقي مدرسي	Ghbook	6274	0.28989
		العراق في أحاديث وآثار الفتن	أبو عبيدة مشهور بن حسن بن محمود آل سلمان	ShamAY	3346	0.28988
		تبريد حرارة المصيبة عند موت الأحباب وفقد ثمرات الأفئدة وفلذات الأكباد في ضوء الكتاب والسنة	د. سعيد بن علي بن وهف القحطاني	ShamelaY19	96482	0.28982
		شرح أصول اعتقاد أهل السنة للالكائي - حسن أبو الأشبال	أبو الأشبال حسن الزهيري آل مندوه المنصوري المصري	ShamelaY19	37437	0.28981
		شرح أصول اعتقاد أهل السنة للالكائي - حسن أبو الأشبال	أبو الأشبال حسن الزهيري آل مندوه المنصوري المصري	ShamAY	647	0.2898
		الغدير في الكتاب والسنّة والأدب [ج ٧]	الشيخ عبد الحسين أحمد الأميني النجفي	Rafed	2015	0.28977
		الوجيز في عقيدة السلف الصالح (أهل السنة والجماعة)	عبد الله بن عبد الحميد الأثري	ShamAY	30811	0.28975
		اللؤلؤ والمرجان فيما اتفق عليه الشيخان	محمد فؤاد بن عبد الباقي بن صالح بن محمد (المتوفى: 1388ه)	Sham19Y	10619	0.28973
		 موسوعة العتبات المقدسة 	 جعفر الخليلي 	ABLibrary	9251	0.28964
		سير الحاث إلى علم الطلاق الثلاث	الواحدي :: يوسف بن عبد الهادي	ShamAY	34305	0.28961
		فتح العلام بشرح الإعلام بأحاديث الأحكام	شيخ الإسلام أبو يحيى زكريا الأنصاري الشافعي الخزرجي (المتوفى: 925 ه)	ShamelaY19	20590	0.28961
		أخبار ملوك بني عبيد وسيرتهم	محمد بن علي بن حماد بن عيسى الصنهاجي القلعي، نزيل بجاية، أبو عبد الله (المتوفى: 628هـ)	ShamAY	6625	0.2896
		الحركه التغييريه عند الامام الصادق عليه السلام	عزالدين سليم	Ghbook	5002	0.28956
		 طرف من الأنباء والمناقب في شرف سيد الأنبياء 	 السيد ابن طاووس 	ABLibrary	7606	0.28955
		فتح المجيد شرح كتاب التوحيد - ت: الفقي	عبد الرحمن بن الحسن آل الشيخ	ShamAY	33892	0.28951
		جمع الوسائل في شرح الشمائل ط المطبعة الأدبية	علي بن سلطان محمد الهروي المشهور بملا علي القارئ المتوفى سنة 1014هـ	ShamAY	34445	0.2895
		 حياة الإمام محمد الباقر ( ع ) 	 الشيخ باقر شريف القرشي 	ABLibrary	7503	0.28949
		جزء في مرويات ختم القرآن	الواحدي :: بكر أبو زيد	ShamAY	36498	0.28948
		القرآنيون، نشأهم - عقائدهم - أدلتهم	علي محمد زينو	ShamelaY19	32184	0.28948
		رسائل وفتاوى عبد العزيز آل الشيخ	عبد العزيز بن عبد الله بن محمد بن عبد اللطيف بن عبد الرحمن بن حسن بن الشيخ محمد بن عبد الوهاب	ShamAY	21771	0.28945
		إظهار الحق والصواب في حكم الحجاب والتبرج، والسفور، والخلوة بالمرأة الأجنبية، وسفرها بدون محرم، والاختلاط	د. سعيد بن على بن وهف القحطاني	ShamelaY19	96548	0.2894
		الرد القوي على الرفاعي والمجهول وابن علوي وبيان أخطائهم في المولد النبوي	حمود بن عبد الله بن حمود بن عبد الرحمن التويجري (المتوفى: 1413هـ)	ShamAY	32211	0.28937
		الدروس اليومية من السنن والأحكام الشرعية	د. راشد بن حسين العبد الكريم	ShamelaY19	98096	0.28936
		التجريد الصريح لأحاديث الجامع الصحيح	أحمد بن أحمد بن عبد اللطيف الشرجي، زين الدين الزبيدي (المتوفى: 893ه)	ShamelaY19	96283	0.28934
		اغتنام الفرص	آيت الله العظمي سيد محمد حسيني شيرازي	Ghbook	8073	0.28934
		رجال المعلقات العشر	مصطفى بن محمد سليم الغلايينى (المتوفى: 1364هـ)	ShamAY	5402	0.2893
		شرح السير الكبير	محمد بن أحمد بن أبي سهل شمس الأئمة السرخسي (المتوفى: 483هـ)	ShamAY	5434	0.28929
		مع الائمه الهداه في شرح الزياره الجامعه الكبيره	آيت الله علي حسيني ميلاني	Ghbook	9470	0.28928
		الشعر في ضوء الشريعة الإسلامية	محمد عبد الرحمن شميلة الأهدل	ShamAY	10409	0.28924
		إثبات الوصية للإمام علي بن أبي طالب عليه السلام	أبو الحسن علي بن الحسين بن علي الهذلي المسعودي	Rafed	2515	0.28924
		أخيراً أشرقت الروح	لمياء حمادة	Masaha	46	0.28924
		الاتقان في علوم القرآن 	جلال الدين عبدالرحمن بن ابي بكر سيوطي	Ghbook	2793	0.28924
		إجابة الدعوة وشروطها	إبراهيم بن علي بن عبيد العبيد	ShamAY	32140	0.28922
		شرح زيارة الغدير	السيّد عبدالمطلب الموسوي الخرسان	Rafed	3061	0.28919
		السلوك لمعرفة دول الملوك	أحمد بن علي بن عبد القادر، أبو العباس الحسيني العبيدي، تقي الدين المقريزي (المتوفى: 845هـ)	ShamAY	6667	0.28916
		قضاء حقوق المومنين	حسين بن طاهر صوري	Ghbook	4636	0.28913
		تأثر الخوارج المعاصرين بأصول الخوارج المتقدمين	فهد الفهيد	ShamAY	33491	0.28907
		الكامل في التاريخ ط صادر	أبو الحسن علي بن أبي الكرم محمد بن محمد بن عبد الكريم الشيباني الجزري، عز الدين ابن الأثير (المتوفى: 630هـ)	ShamAY	33808	0.28907
		تفسير القمي - الجزء1	علي بن ابراهيم القمي	Masaha	24	0.28906
		غاية المريد شرح كتاب التوحيد	د. عبد الرحمن بن عبد العزيز العقل	ShamelaY19	145172	0.28904
		فتح المجيد شرح كتاب التوحيد	عبد الرحمن بن حسن بن محمد بن عبد الوهاب بن سليمان التميمي (المتوفى: 1285ه)	Sham19Y	2386	0.289
		الوارف في مشروعية التثريب على المخالف	عبد العزيز الجربوع	ShamAY	36190	0.28898
		ثمرة التسارع إلى الحب في الله تعالى وترك التقاطع - سلسلة لقاء العشر الأواخر بالمسجد الحرام (9)	محمد جمال الدين بن محمد سعيد بن قاسم الحلاق القاسمي (المتوفى: 1332 هـ)	ShamAY	32394	0.28896
		خزانة الأدب ولب لباب لسان العرب للبغدادي - العلمية	عبد القادر بن عمر البغدادي	ShamAY	33782	0.28896
		الروض الفسيح في بيان الفوارق بين المهدي و المسيح عليهما السلام	محمد باقر الهي قمي	Ghbook	6605	0.28895
		المطهر المقدسي ومنهجه التاريخي في كتاب البدء والتاريخ	محمد البساطي	ShamAY	37136	0.28894
		مقدمه كاظم بن الحسين الشانه چي علي الصحيفه السجاديه ( بروايه ابن مالك )	كاظم مدير شانه چي	Ghbook	6399	0.28891
		ظلامة أبي طالب عليه السلام « تاريخ و دراسة »	السيد جعفر مرتضى العاملي	Rafed	1592	0.28886
		المجالس السنيه في مناقب و مصائب العتره النبويه ( الامام الحسن عليه السلام )	محسن امين عاملي	Ghbook	6068	0.28882
		سعد السّعود	السيّد رضي الدين أبو القاسم علي بن موسى بن جعفر بن طاووس الحسني الحلّي [ السيّد بن طاووس ]	Rafed	4013	0.28872
		 الصحابي وعدالته 	 السيد مرتضى العسكري 	ABLibrary	8486	0.28872
		نوادر الأخبار فيما يتعلق بأصول الدين	الفيض الكاشاني	Masaha	4762	0.28871
		 التنبيه والرد على أهل الأهواء والبدع 	 ابن عبد الرحمن الملطي 	ABLibrary	8396	0.2887
		موسوعة الفرق المنتسبة للإسلام - الدرر السنية	مجموعة من المؤلفين	ShamAY	1513	0.28869
		 تسلية المجالس وزينة المجالس ( مقتل الحسين ع ) 	 السيد محمد بن أبي طالب الحسيني الكركي الحائري 	ABLibrary	7469	0.28869
		فقه الدعوة في صحيح الإمام البخاري	سعيد بن علي بن وهب القحطاني	ShamelaY19	31061	0.28867
		فضل الإسلام (مطبوع ضمن مؤلفات الشيخ محمد بن عبد الوهاب، الجزءالأول)	محمد بن عبد الوهاب بن سليمان التميمي النجدي (المتوفى: 1206هـ)	ShamAY	11221	0.28865
		منظومة في وجوب التمسك بالكتاب والسنة		ShamAY	35633	0.28864
		الخُلق الحسن في ضوء الكتاب والسنة	د. سعيد بن علي بن وهف القحطاني	ShamAY	1812	0.28863
		المطالع النصرية للمطابع المصرية في الأصول الخطية	نصر (أبو الوفاء) ابن الشيخ نصر يونس الوفائي الهوريني الأحمدي الأزهري الأشعري الحنفي الشافعي (المتوفى: 1291ه)	Sham19Y	97799	0.28862
		إيثار الإنصاف في آثار الخلاف	يوسف بن قزأوغلي - أو قزغلي - ابن عبد الله، أبو المظفر، شمس الدين، سبط أبي الفرج ابن الجوزي (المتوفى: 654هـ)	ShamAY	6349	0.2886
		فقهيات بين السنة والشيعة	عاطف سلام	Masaha	350	0.2886
		المنتقى من كتاب الترغيب والترهيب	يوسف عبد الله القرضاوي	ShamAY	32192	0.28858
		التعرف لمذهب أهل التصوف	أبو بكر محمد بن أبي إسحاق بن إبراهيم بن يعقوب الكلاباذي البخاري الحنفي (المتوفى: 380ه)	Sham19Y	6518	0.28856
		 موسوعة الإمام أمير المؤمنين على بن أبى طالب ( ع ) 	 الشيخ باقر شريف القرشي 	ABLibrary	7806	0.28849
		نور الاقتباس في مشكاة وصية النبي صلى الله عليه وسلم لابن عباس	الواحدي :: ابن رجب الحنبلي	ShamAY	34320	0.28846
		رسالة رد الروافض	أحمد بن عبد الأحد بن زين العابدين، العمري الفاروقي نسبا، السِّرْهِنْدِي مولدا ووطنا، الحنفي مذهبا (المتوفى: 1034هـ)	ShamAY	578	0.28844
		المصادر	علي رضا بن محمدرضا كراني	Ghbook	10440	0.28837
		الأدلة الشرعية في إثبات صرع الشيطان للإنسان والرد على المنكرين	صالح الرقب	ShamAY	36505	0.28834
		المَطَالِعُ النَّصرية للمَطَابِعِ المصريَّةِ في الأصُول الخَطيَّةِ	نصر (أبو الوفاء) ابن الشيخ نصر يونس الوفائي الهوريني الأحمدي الأزهري الأشعري الحنفي الشافعيّ (المتوفى: 1291هـ)	ShamAY	32171	0.28833
		التجريد الصريح لأحاديث الجامع الصحيح	أحمد بن أحمد بن عبد اللطيف الشرجي، زين الدين الزبيدي (المتوفى: 893هـ)	ShamAY	1761	0.28833
		الانتصار لحزب الله الموحدين والرد على المجادل عن المشركين	عبد الله بن عبد الرحمن بن عبد العزيز بن عبد الرحمن بن عبد الله بن سلطان بن خميس الملقب بـ"أبابطين" (المتوفى: 1282هـ)	ShamAY	7554	0.28832
		خزانة الأدب ولب لباب لسان العرب للبغدادي	عبد القادر بن عمر البغدادي (المتوفى: 1093هـ)	ShamAY	12732	0.28831
		 غيث المواهب العلية في شرح الحكم العطائية 	 محمد بن ابراهيم النفزي الرندي 	ABLibrary	8804	0.28828
		الروض الباسم في الذب عن سنة أبي القاسم - صلى الله عليه وسلم -	ابن الوزير، محمد بن إبراهيم بن علي بن المرتضى بن المفضل الحسني القاسمي، أبو عبد الله، عز الدين، من آل الوزير (المتوفى: 840ه)	ShamelaY19	36427	0.28825
		كشف الغمه في معرفه الائمه ( عليه السلام )	علي بن عيسي اربلي	Ghbook	2647	0.28823
		الألفاظ المصرحة بلفظ النكارة وصلتها ب «منكر الحديث» دراسة نقدية	أبو ذر عبد القادر بن مصطفى بن عبد الرزاق المحمدي	ShamelaY19	96329	0.28822
		فتح المجيد شرح كتاب التوحيد	عبد الرحمن بن حسن بن محمد بن عبد الوهاب بن سليمان التميمي (المتوفى: 1285هـ)	ShamAY	2386	0.28814
		دفع إيهام تعارض أحاديث الأحكام في كتاب الطهارة	رقية بنت محمد المحارب	Sham19Y	7802	0.28812
		مسائل علي بن جعفر ومستدركاتها	الناشر: المؤتمر العالمي للامام الرضا عليه السلام	Rafed	298	0.28812
		أنوار النبي(ص) أسرارها و أنواعها	عبد الحق بن سبعين المرسي‏	Masaha	1941	0.28812
		جمع الكلمه و تعدد الاحزاب	آيت الله العظمي سيد محمد حسيني شيرازي	Ghbook	8142	0.28803
		البستان الجامع لجميع تواريخ أهل الزمان	عماد الدين أبو حامد محمد بن محمد الأصفهاني (المتوفى 597 هـ)	ShamAY	32593	0.28802
		موسوعة تاريخ العراق بين احتلالين [ج ٢]	عباس العزاوي المحامي	Rafed	1920	0.28799
		فتاوى الطب والمرضى	مجموعة من المؤلفين	ShamAY	21760	0.28797
		الوصايا العشر مع فضائل العشر	الشربيني بن فايق الشربيني	ShamelaY19	147909	0.28792
		الأيام النضرة في السيرة العطرة	أبو هاشم صالح بن عوّاد بن صالح المغامسي	ShamAY	31909	0.28791
		لباب الآداب للثعالبي	أبو منصور عبد الملك بن محمد بن إسماعيل الثعالبي النيسابوري	ShamAY	418	0.2879
		الرسائل الفقهيه	ملا اسماعيل خواجوئي	Ghbook	6721	0.28789
		القراءات روايتا ورش وحفص دراسة تحليلية مقارنة	حليمة سال	ShamAY	31809	0.28784
		الخطاب القرآني لأهل الكتاب وموقفهم منه قديما وحديثا	هود محمد منصور قباص أبو راس	Sham19Y	132385	0.28781
		الإمام النووي	الواحدي :: أحمد فريد	ShamAY	35811	0.2878
		شيعة ممدوحة .. وأشياع مذمومة	أحمد بن محمد السعيد	ShamAY	37811	0.28779
		فضل المدينة وآداب سكناها وزيارتها	عبد المحسن بن حمد بن عبد المحسن بن عبد الله بن حمد العباد البدر	Sham19Y	11232	0.28778
		 المحيط في اللغة 	 الصاحب بن عباد 	ABLibrary	9786	0.28776
		الاستقامة في مائة حديث نبوي	محمد زكي محمد خضر	ShamAY	34949	0.28774
		جمهرة تراجم الفقهاء المالكية	د. قاسم علي سعد	ShamAY	31752	0.28772
		غريب الحديث للقاسم بن سلام	أبو عُبيد القاسم بن سلاّم بن عبد الله الهروي البغدادي (المتوفى: 224هـ)	ShamAY	1309	0.28771
		الأيام النضرة في السيرة العطرة	أبو هاشم صالح بن عواد بن صالح المغامسي	Sham19Y	37741	0.28771
		الرد على الوهابية	الشيخ محمد جواد البلاغي	Rafed	244	0.2877
		الامام الصادق ( عليه السلام ) علم و عقيده	رمضان لاوند	Ghbook	4982	0.28769
		التذهيب في أدلة متن الغاية والتقريب المشهور ب متن أبي شجاع في الفقه الشافعي	مصطفى ديب البغا الميداني الدمشقي الشافعي	ShamelaY19	95564	0.28766
		 موسوعة تاريخ العراق بين احتلالين 	 عباس العزاوي المحامي 	ABLibrary	9256	0.28766
		أسرار الحروف	كاظم محمّد علي شكر	Rafed	3111	0.28765
		 حوار مع الشيخ صالح بن عبدالله الدرويش ( حول تأملات في نهج البلاغة ) 	 الشيخ السبحاني 	ABLibrary	8416	0.28764
		من مشاهير المجددين في الإسلام	صالح بن فوزان بن عبد الله الفوزان	Sham19Y	31084	0.28754
		الوجوه والنظائر الحديثية وأثرها في فقه الحديث	د. مصطفى حميداتو	ShamAY	37267	0.28745
		بحار الأنوار [ج ١٠]	الشيخ محمّد باقر بن محمّد تقي المجلسي	Rafed	829	0.28745
		من أخلاق الرسول الكريم صلى الله عليه وسلم	عبد المحسن بن حمد بن عبد المحسن بن عبد الله بن حمد العباد البدر	Sham19Y	12084	0.28744
		شرح ابن طولون علي الفية ابن مالك	محمد بن علي ابن  طولون	Ghbook	15580	0.28743
		شرح التجريد الصريح لأحاديث الجامع الصحيح - عبد الكريم الخضير	عبد الكريم الخضير	ShamAY	62	0.28736
		عارفا بحقّكم	السيد علي الشهرستاني	Rafed	1521	0.28735
		تاريخ ابن حجي «حوادث ووفيات: 796 ه - 815 ه»	شهاب الدين أبو العباس أحمد بن حجي السعدي الحسباني الدمشقي (751 ه - 816 ه)	ShamelaY19	19065	0.28733
		فاطمة الزهراء عليها السلام أم السبطين	سلمان هادي آل طعمة	Rafed	104	0.28732
		مناهج المحدثين (كامل)	سعد الحميد	ShamAY	37327	0.28731
		سلم الوصول إلى طبقات الفحول	مصطفى بن عبد الله القسطنطيني العثماني المعروف بـ «كاتب جلبي» وبـ «حاجي خليفة» (المتوفى 1067 هـ)	ShamAY	38787	0.28731
		تيسير العزيز الحميد في شرح كتاب التوحيد الذى هو حق الله على العبيد	سليمان بن عبد الله بن محمد بن عبد الوهاب (المتوفى: 1233هـ)	ShamAY	2378	0.28722
		وفاء الوفا بأخبار دار المصطفى [ج ٤]	نور الدين علي بن أحمد السّمهودي	Rafed	2521	0.28718
		الامام علي بن ابي طالب عليه السلام 	مهدي آيت اللهي ( دادور )	Ghbook	8344	0.28717
		الأيام النضرة في السيرة العطرة	أبو هاشم صالح بن عواد بن صالح المغامسي	ShamelaY19	37741	0.28716
		أحكام العيدين	علي بن حسن الحلبي	ShamelaY19	26142	0.28713
		النفائس في أدلة هدم الكنائس	ابن الرفعة	ShamAY	36029	0.28712
		التوضيحاتُ الكاشفاتُ على كشفِ الشُبَهاتِ		ShamAY	35480	0.2871
		رجال حول الرسول	خالد محمد خالد ثابت (المتوفى: 1416هـ)	ShamAY	9835	0.28709
		دليل النص بخبر الغدير علي امامه اميرالمومنين عليه السلام	محمد بن علي كراجكي	Ghbook	4562	0.28706
		دفعُ إيهامِ تعارضِ أحاديث الأحكامِ في كتابِ الطَّهارةِ	رقية بنت محمد المحارب	ShamAY	7802	0.28703
		مرآة العقول [ج ١٠]	الشيخ محمّد باقر بن محمّد تقي المجلسي	Rafed	1028	0.28703
		السبحة تاريخها وحكمها	بكر بن عبد الله أبو زيد بن محمد بن عبد الله بن بكر بن عثمان بن يحيى بن غيهب بن محمد (المتوفى: 1429ه)	ShamelaY19	96768	0.28693
		إرشاد الحكيم إلى حادثة التحكيم التي دارت في زمن الرعيل الأول	بندر بن عبد الله الثبيتي	ShamAY	37146	0.28688
		طبقات الحفاظ وأسماء المدلسين للذهبي	الذهبي، شمس الدين	ShamAY	34579	0.28687
		الأماكن أو ما اتفق لفظه وافترق مسماه من الأمكنة	محمد بن موسى الحازمي	Masaha	4107	0.28685
		الحكومة العالميّة للإمام المهدي عليه السلام في القرآن والسنّة	الشيخ محمود شريعت زاده الخراساني	Rafed	928	0.28684
		أجوبة مسائل جار الله	السيد عبد الحسين شرف الدين	Masaha	75	0.28682
		أثر العبادات في حياة المسلم	عبد المحسن بن حمد بن عبد المحسن بن عبد الله بن حمد العباد البدر	Sham19Y	7481	0.2868
		و جاء الحق ...	سعيد ايوب	Ghbook	4602	0.28679
		بحار الأنوار [ج ٣١]	الشيخ محمّد باقر بن محمّد تقي المجلسي	Rafed	937	0.28678
		نهضة الحسين عليه السلام في المنظور السني	عبد المجيد الناصري الداودي	Ghbook	15408	0.28677
		الولاء والبراء في الإسلام - البركاتي	أبو عاصم الشحات شعبان محمود عبد القادر البركاتي المصري	ShamelaY19	96272	0.28675
		الأماكن أو ما اتفق لفظه وافترق مسماه من الأمكنة	أبو بكر محمد بن موسى بن عثمان الحازمي الهمداني، زين الدين (المتوفى: 584هـ)	ShamAY	122	0.28673
		تسلية نفوس النساء والرجال عند فقد الأطفال	زين الدين عبد الرحمن بن أحمد بن رجب بن الحسن، السَلامي، البغدادي، ثم الدمشقي، الحنبلي (المتوفى: 795هـ)	ShamAY	1519	0.28672
		آداب اللسان فيما يخص اللسان من خير أو شر في ضوء الكتاب والسنة وأقوال السلف	أبو أنس ماجد إسلام البنكاني :: ماجد البنكاني	ShamAY	35147	0.2867
		عدالة الصحابة تقطع بصحة المتعة	أبو عبادة الحسيني	Masaha	472	0.28666
		المزهر في علوم اللغة وأنواعها	عبد الرحمن بن أبي بكر، جلال الدين السيوطي (المتوفى: 911هـ)	ShamAY	6936	0.28658
		تلخيص أحكام الجنائز	أبو عبد الرحمن محمد ناصر الدين، بن الحاج نوح بن نجاتي بن آدم، الأشقودري الألباني (المتوفى: 1420هـ)	ShamAY	11108	0.28655
		منهج الإمام مسلم في ترتيب كتابه الصحيح ودحض شبهات حوله	ربيع بن هادي المدخلي	ShamAY	33012	0.28654
		المدرج إلى المدرج (مطبوع ضمن مجموعة رسائل في الحديث: المدرج الى المدرج للسيوطي، مسند المقلين عن الامراء والسلاطين لتمام الرازي)	عبد الرحمن بن أبي بكر، جلال الدين السيوطي (المتوفى: 911هـ)	ShamAY	5955	0.28652
		 حياة الإمام الحسين ( ع ) 	 الشيخ باقر شريف القرشي 	ABLibrary	7496	0.28652
		بحار الأنوار [ج ٧٧]	الشيخ محمّد باقر بن محمّد تقي المجلسي	Rafed	1103	0.28651
		الامام المهدي عليه السلام من المهد الي الظهور	آيت الله سيد محمد كاظم قزويني	Ghbook	16300	0.2865
		 دعائم الإسلام 	 القاضي النعمان المغربي 	ABLibrary	826	0.28649
		اعتماد دعوة الشيخ محمد بن عبد الوهاب على الكتاب والسنة (مطبوع ضمن بحوث ندوة دعوة الشيخ محمد بن عبد الوهاب، الجزء الأول)	عبد العزيز بن محمد بن إبراهيم آل الشيخ (المتوفى: 1426هـ)	ShamAY	7510	0.28644
		قدوة الغازي	أبو عبد الله محمد بن عبد الله بن عيسى بن محمد المري، الإلبيري المعروف بابن أبي زمنين المالكي (المتوفى: 399ه)	ShamelaY19	30760	0.28641
		إعراب القرآن [ج ٥]	أبي جعفر أحمد بن محمّد بن إسماعيل النحّاس [ ابن النحّاس ]	Rafed	3333	0.28639
		الصحابة في القرآن والسُنّة والتأريخ	مركز الرسالة	Masaha	325	0.28639
		بشرى الكئيب بلقاء الحبيب	عبد الرحمن بن أبي بكر، جلال الدين السيوطي (المتوفى: 911هـ)	ShamAY	10924	0.28638
		يوم في بيت الرسول	عبد الملك بن محمد القاسم	ShamelaY19	36551	0.28636
		إستقصاء الإعتبار [ج ٦]	الشيخ محمّد بن الحسن بن الشّهيد الثّاني	Rafed	575	0.28634
		فتح القدير [ج ٤]	محمد بن علي بن محمد الشوكاني	Rafed	3966	0.28634
		دروس الشيخ سيد حسين العفاني	أبو التراب سيد بن حسين بن عبد الله العفاني	ShamelaY19	36323	0.28633
		الشيخ محمد بن عبد الوهاب حياته ودعوته في الرؤية الاستشراقية	ناصر بن إبراهيم بن عبد الله التويم	ShamAY	31079	0.28632
		نزهة النظر في توضيح نخبة الفكر في مصطلح أهل الأثر	أبو الفضل أحمد بن علي بن محمد بن أحمد بن حجر العسقلاني (المتوفى: 852هـ)	ShamAY	12115	0.28632
		دَرْجُ الدُّرر في تَفِسيِر الآيِ والسُّوَر	أبو بكر عبد القاهر بن عبد الرحمن بن محمد الفارسي الأصل، الجرجاني الدار (المتوفى: 471هـ)	ShamAY	31694	0.28631
		جواب في الحلف بغير الله والصلاة إلى القبور، ويليه: فصل في الاستغاثة	تقي الدين أبو العباس أحمد بن عبد الحليم بن عبد السلام بن عبد الله بن أبي القاسم بن محمد ابن تيمية الحراني الحنبلي الدمشقي (المتوفى: 728هـ)	ShamAY	21565	0.2863
		100 سنة ثابتة	مجموعة من المؤلفين	ShamAY	35020	0.28622
		الوشيعة في كشف شنائع عقائد الشيعة	د. صالح الرقب	ShamAY	35294	0.28622
		 كتاب الصدق أو الطريق السالمة 	 أحمد الخراز البغدادي 	ABLibrary	8687	0.28622
		موسوعة الأسئلة العقائديّة [ج ٥]	مركز الأبحاث العقائديّة	Rafed	1394	0.28621
		إثبات علو الله ومباينته لخلقه والرد على من زعم أن معية الله للخلق ذاتية	حمود بن عبد الله بن حمود بن عبد الرحمن التويجري (المتوفى: 1413هـ)	ShamAY	32258	0.28618
		الإمامة العظمى عند أهل السنة والجماعة		ShamAY	35286	0.28618
		فقه الدعوة في صحيح الإمام البخاري	سعيد بن علي بن وهب القحطاني	ShamAY	1954	0.2861
		الحسام المسلول على منتقصي أصحاب الرسول	محمد بن عمر بن مبارك الحميري الحضرمي الشافعي، الشهير بـ «بَحْرَق» (المتوفى: 930هـ)	ShamAY	1063	0.2861
		 سمط الحقائق في عقائد الإسماعيلية 	 علي بن حنظلة ابن ابي سالم الوداعي 	ABLibrary	8447	0.28608
		تنبيه و سن العين بتنزيه الحسن و الحسين عليهماالسلام عن مفاخره السبطين	سيدمهدي رجايي	Ghbook	15613	0.28608
		الموشى = الظرف والظرفاء	محمد بن أحمد بن إسحاق بن يحيى، أبو الطيب، المعروف بالوشاء (المتوفى: 325ه)	ShamelaY19	26102	0.28606
		بداية السول في تفضيل الرسول صلى الله عليه وسلم	عبد العزيز بن عبد السلام بن أبي القاسم بن الحسن السلمي الدمشقي، عز الدين الملقب بسلطان العلماء (المتوفى: 660ه)	Sham19Y	348	0.28604
		التذكرة الحمدونية	محمد بن الحسن بن محمد بن علي بن حمدون، أبو المعالي، بهاء الدين البغدادي (المتوفى: 562ه)	Sham19Y	10646	0.28603
		تفسير ابن جزي = التسهيل لعلوم التنزيل	أبو القاسم، محمد بن أحمد بن محمد بن عبد الله، ابن جزي الكلبي الغرناطي (المتوفى: 741هـ)	ShamAY	23626	0.28601
		رفع الارتياب بتوهين الحارث الكذاب	محمد ملاح	ShamAY	35208	0.28595
		تحفة المجالس في التعليقات علي فهرس الفهارس	صالح أحمد بن إدريس بن محمد بن محمد إدريس بن عبد الرحمن الأركاني ثم المكي (المتوفى: 1418ه)	Sham19Y	2138	0.28595
		الألفاظ المصرحة بلفظ النكارة وصلتها ب «منكر الحديث» دراسة نقدية	أبو ذر عبد القادر بن مصطفى بن عبد الرزاق المحمدي	Sham19Y	96329	0.28594
		شرح أبيات مغني اللبيب	عبد القادر بن عمر البغدادي (1030 ه - 1093 ه)	ShamelaY19	150966	0.28592
		خطبة الحاجة التي كان رسول الله صلى الله عليه وسلم يعلمها أصحابه	أبو عبد الرحمن محمد ناصر الدين، بن الحاج نوح بن نجاتي بن آدم، الأشقودري الألباني (المتوفى: 1420هـ)	ShamAY	11175	0.28582
		فتاوى الطب والمرضى	مجموعة من المؤلفين	ShamelaY19	21760	0.28581
		فتاوى الطب والمرضى	مجموعة من المؤلفين	Sham19Y	21760	0.28578
		العذاب الأدنى .. حقيقته، أنواعه، أسبابه	محمد بن عبد الله بن صالح السحيم	ShamAY	34980	0.28577
		نضرة الإغريض في نصرة القريض	المظفر بن الفضل بن يحيى، أبو علي، العلوي الحسيني العراقي (المتوفى: 656ه)	Sham19Y	629	0.28575
		 المواهب اللدنية بالمنح المحمدية 	 الشيخ أحمد بن محمد القسطلانى 	ABLibrary	7803	0.28572
		مواقف النبي - صلى الله عليه وسلم - في الدعوة إلى اللَّه تعالى	د. سعيد بن علي بن وهف القحطاني	ShamAY	1897	0.28571
		شرح أبيات مغني اللبيب	عبد القادر بن عمر البغدادي (1030 ه - 1093 ه)	Sham19Y	150966	0.28571
		تفسير مقاتل بن سليمان	أبو الحسن مقاتل بن سليمان بن بشير الأزدي البلخى (المتوفى: 150هـ)	ShamAY	23614	0.28567
		شمس العلوم [ج ١٢]	نشوان بن سعيد الحميري	Rafed	1473	0.28567
		الموشى = الظرف والظرفاء	محمد بن أحمد بن إسحاق بن يحيى، أبو الطيب، المعروف بالوشاء (المتوفى: 325ه)	Sham19Y	26102	0.28565
		أدعية أهل البيت عليهم السلام في تعقيب الصلوات	الشيخ عبدالله حسن آل درويش	Rafed	1507	0.28565
		نفح الطّيب [ج ٢]	الشيخ أحمد بن محمد المقري التلمساني	Rafed	2788	0.28562
		جمهرة تراجم الفقهاء المالكية	د. قاسم علي سعد	ShamAY	34657	0.28559
		آداب الزفاف في السنة المطهرة	أبو عبد الرحمن محمد ناصر الدين، بن الحاج نوح بن نجاتي بن آدم، الأشقودري الألباني (المتوفى: 1420هـ)	ShamAY	7494	0.28559
		تحقيقات وأنظار في القرآن والسنة	محمد الطاهر ابن عاشور	ShamelaY19	133368	0.28559
		الكامل في التاريخ - الجزء1	ابن الأثير الجزري	Masaha	2823	0.28556
		الثناء البديع من العلماء على الشيخ ربيع	خالد الظفيري	ShamAY	32997	0.28553
		النظر الفسيح عند مضائق الأنظار في الجامع الصحيح	محمد الطاهر ابن عاشور	ShamelaY19	133359	0.28553
		تصحيح القراءة في نهج البلاغة	الشيخ خالد البغدادي	Rafed	1255	0.28552
		اجوبه المسائل العلويه ( يحتوي علي 162 اسئله و اجوبه آيه الله العظمي السيد محمد ا...	آيت الله العظمي سيد محمد حسيني شيرازي	Ghbook	2292	0.28552
		امّ البنين عليها السلام النّجم الساطع في مدينة النبيّ الأمين	الشيخ علي ربّاني الخلخالي	Rafed	1810	0.28551
		مجموع لطيف أنسي في صيغ المولد النبي القدسي‏	د. عاصم الدرقاوي‏	Masaha	3022	0.28549
		موسوعة القرآن العظيم [ج ٢]	دكتور عبد المنعم الحفني	Rafed	3911	0.28545
		عيون المسائل للقاضي عبد الوهاب المالكي	أبو محمد عبد الوهاب بن علي بن نصر الثعلبي البغدادي المالكي (المتوفى: 422هـ)	ShamAY	32157	0.28543
		المقصد السني في تفسير آية الكرسي	أحمد بن محمد الشرقاوى	ShamAY	33136	0.28536
		واستقرّ بي النّوى	السيّد محمّد بن حمود العمدي	Rafed	1197	0.28536
		الصحيح من سيرة النبي الأعظم صلّى الله عليه وآله [ج ٨]	السيد جعفر مرتضى العاملي	Rafed	2496	0.28535
		 أبهى المداد في شرح مؤتمر علماء بغداد 	 مقاتل ابن عطية 	ABLibrary	8320	0.28533
		المفصل في تخريج حديث افتراق الأمة	علي بن نايف الشحود	ShamAY	33073	0.28528
		العين الحاسدة دراسة شرعية	حمدان بن محمد الحمدان	ShamAY	34897	0.28528
		أصول الفقه - آيات وأحاديث الأحكام من أمالي الأستاذ الإمام	ابن باديس، عبد الحميد	ShamelaY19	20979	0.28528
		تفسير التستري	أبو محمد سهل بن عبد الله بن يونس بن رفيع التُستري (المتوفى: 283هـ)	ShamAY	23600	0.28525
		جامع المقدمات العلمية لمهمات الكتب والمصنفات الشرعية	أبو يعلى البيضاوي	ShamAY	37617	0.28524
		 الأماكن 	 محمد بن موسى الحازمي 	ABLibrary	8936	0.28524
		الصاحب بن عباد وشعره في الغدير	الشيخ عبد الحسين الأميني النجفي	Masaha	324	0.28522
		الموشى = الظرف والظرفاء	محمد بن أحمد بن إسحاق بن يحيى، أبو الطيب، المعروف بالوشاء (المتوفى: 325هـ)	ShamAY	26102	0.2852
		التذكرة الحمدونية	محمد بن الحسن بن محمد بن علي بن حمدون، أبو المعالي، بهاء الدين البغدادي (المتوفى: 562هـ)	ShamAY	10646	0.28517
		التحف والهدايا	الخالديان أبو بكر محمد بن هاشم الخالدي، (المتوفى: نحو 380هـ) ، و أبو عثمان سعيد بن هاشم الخالدي (المتوفى: 371هـ)	ShamAY	5429	0.28516
		 الموسوعة الكبرى عن فاطمة الزهراء ( س ) 	 اسماعيل الأنصاري الزنجاني الخوئيني 	ABLibrary	7837	0.28515
		كشف المنن في علامات الساعة والملاحم والفتن	محمود رجب حمادي الوليد	ShamAY	32447	0.28514
		الإمام مالك وموقفه من الرافضة	أبو عبد البر محمد كاوا	Sham19Y	13594	0.28514
		التعريف بعلم العلل	هشام بن عبد العزيز الحلاف.	ShamAY	9557	0.28513
		جلاء الأفهام في فضل الصلاة والسلام على خير الأنام صلى الله عليه وسلم	ابن القيم	ShamAY	38324	0.28511
		هويه الشيعه	آيت الله العظمي سيد محمد حسيني شيرازي	Ghbook	7865	0.2851
		معارف الإنعام وفضل الشهور والأيام (مطبوع ضمن مجموع رسائل ابن عبد الهادي)	يوسف بن حسن بن أحمد بن حسن ابن عبد الهادي الصالحي، جمال الدين، ابن المِبْرَد الحنبلي (المتوفى: 909 هـ)	ShamAY	32310	0.28508
		التوحيد لابن رجب - ت شاهين	ابن رجب الحنبلي	ShamAY	35260	0.28504
		التبرك والتوسل والصلح مع العدو الصهيوني في رسالتين	فتح الله محمدي نجارزادگان	Ghbook	3347	0.28502
		بحار الأنوار [ج ٦٧]	الشيخ محمّد باقر بن محمّد تقي المجلسي	Rafed	1071	0.28499
		الصحابة في القرآن والسنّة والتاريخ	الناشر: مركز الرسالة	Rafed	119	0.28498
		المتواري علي تراجم أبواب البخاري	أحمد بن محمد بن منصور بن القاسم بن مختار القاضي، أبو العباس ناصر الدين ابن المنير الجذامي الجروي الإسكندراني (المتوفى: 683ه)	Sham19Y	5772	0.28494
		فتح القدير الجامع بين فني الرواية والدراية من علم التفسير	ابن الشوكاني	ShamAY	34054	0.28491
		تعالى الله عما يقولون علوا كبيرا		ShamAY	35302	0.28491
		شروط قبول الأخبار دراسة تأصيلية تاريخية حديثية من خلال تقريرات المحدثين وتطبيقاتهم	حسان آل شعبان	ShamAY	37354	0.2849
		رسائل آل طوق القطيفي [ج ٤]	الشيخ أحمد آل طوق	Rafed	1410	0.28489
		كشف أسرار الباطنية وأخبار القرامطة	أبو عبد الله محمد بن مالك بن أبي الفضائل الحمادي المعافري اليماني (المتوفى: نحو 470ه)	ShamelaY19	38186	0.28488
		المال، اخذا و عطاء و صرفا	آيت الله العظمي سيد محمد حسيني شيرازي	Ghbook	6739	0.28487
		كشف المنن في علامات الساعة والملاحم والفتن	محمود رجب حمادي الوليد	Sham19Y	16989	0.28486
		 تاريخ المدينة المنورة ( نصيحة المشاور وتسلية المجاور ) ( ط بيروت ) 	 ابن فرحون 	ABLibrary	9000	0.28483
		التجارة الرابحة	أبو مالك محمد بن حامد بن عبد الوهاب	ShamAY	33735	0.28482
		الأباب في ضبط اسم الكتاب	أبو ذر عبد القادر بن مصطفى بن عبد الرزاق المحمدي	ShamAY	31658	0.28478
		نضرة الإغريض في نصرة القريض	المظفر بن الفضل بن يحيى، أبو علي، العلوي الحسيني العراقي (المتوفى: 656هـ)	ShamAY	629	0.28477
		الميسر في شرح مصابيح السنة للتوربشتي	فضل الله بن حسن بن حسين بن يوسف أبو عبد الله، شهاب الدين التوربشتي (المتوفى: 661 ه)	ShamelaY19	18569	0.28475
		شرح حديث جبريل في تعليم الدين	عبد المحسن بن حمد بن عبد المحسن بن عبد الله بن حمد العباد البدر	Sham19Y	11259	0.28475
		التبرك بالصالحين والاخيار والمشاهد المقدسه	المجمع العالمي لاهل البيت عليهم السلام	Ghbook	7502	0.28473
		الرسائل الفقهيّة [ج ٢]	محمد اسماعيل بن الحسين بن محمد رضا المازندراني الخاجوئي	Rafed	1391	0.28471
		 الذريعة 	 آقا بزرگ الطهراني 	ABLibrary	868	0.28471
		 نسمات الأسحار 	 علي بن عطية الهيتي ( شيخ علوان ) 	ABLibrary	8829	0.28468
		الرسول المعلم	عبد الفتاح أبو غُدّة	ShamAY	37432	0.28466
		 الرحلة الورثيلانية ( بنزهة الأنظار في فضل علم التاريخ والأخبار ) 	 الحسين بن محمد الورثيلاني 	ABLibrary	9110	0.28466
		الاعتصام للشاطبي ت الشقير والحميد والصيني	إبراهيم بن موسى بن محمد اللخمي الغرناطي الشهير بالشاطبي (المتوفى: 790ه)	ShamelaY19	36558	0.28463
		التروك النبوية «تأصيلا وتطبيقا»	محمد صلاح محمد الإتربي	ShamAY	32324	0.28462
		نشر طيّ التعريف في فضل حملة العلم الشريف والرد على ماقتهم السخيف	محمد بن عبد الرحمن بن عمر بن محمد بن عبد الله، أبو حامد، جمال الدين الحبيشي الوَصَابي الشافعي (المتوفى: 786هـ)	ShamAY	6878	0.2846
		أحكام حضور المسجد	عبد الله العسكر	ShamAY	36220	0.2846
		نظرة عابرة الى الصحاح الستة	عبد الصمد شاكر	Rafed	132	0.2846
		العرف الوردي في الاخبار المهدي	جلال الدين عبدالرحمن بن ابي بكر سيوطي	Ghbook	9448	0.28457
		الزاهر في معاني كلمات الناس	محمد بن القاسم بن محمد بن بشار، أبو بكر الأنباري (المتوفى: 328ه)	Sham19Y	5644	0.28455
		الإمام الحسن السّبط عليه السلام سيرة وتاريخ	السيد سعيد كاظم العذاري	Rafed	717	0.28455
		أعيان الشيعة - الجزء1	السيد محسن الأمين	Masaha	1836	0.28455
		أعلام النبوة للماوردي	أبو الحسن علي بن محمد بن محمد بن حبيب البصري البغدادي، الشهير بالماوردي (المتوفى: 450هـ)	ShamAY	9768	0.28451
		 الانتصارات الإسلامية في كشف شبه النصرانية 	 سليمان بن عبد القوي الطوفي الصرصي الحنبلي 	ABLibrary	8312	0.28448
		إرشاد المهتدين إلى نصرة المجتهدين	الواحدي :: السيوطي	ShamAY	37497	0.28446
		الفتوى الحموية الكبرى	تقي الدين أبو العباس أحمد بن عبد الحليم بن عبد السلام بن عبد الله بن أبي القاسم بن محمد ابن تيمية الحراني الحنبلي الدمشقي (المتوفى: 728ه)	ShamelaY19	18381	0.28443
		نصف العلم ... لا أدري	أبو سهل خالد رمضان	ShamAY	34782	0.2844
		الإمام البخاري وكتابه الجامع الصحيح	عبد المحسن بن حمد بن عبد المحسن بن عبد الله بن حمد العباد البدر	ShamAY	8772	0.28438
		اشهر المصطلحات في فن الاداء و علم القراءات 	احمد محمود عبد السميع شافعي حفيان	Ghbook	170	0.28432
		مناهج التأليف عند العلماء العرب	مصطفى الشكعة	ShamAY	7248	0.28431
		بحث التوثيق القرآني لغزوة الأحزاب	الواحدي	ShamAY	36900	0.28431
		بحوث في المعراج	السيد علي الحسيني الصدر	Rafed	1845	0.2843
		النوادر في اللغة لأبي زيد الأنصاري	أبو زيد الأنصاري	Sham19Y	133417	0.28426
		 موسوعة العتبات المقدسة 	 جعفر الخليلي 	ABLibrary	9246	0.28426
		لأكون مع الصادقين	د. محمد التيجاني السماوي	Masaha	388	0.28426
		إسلامية لا وهابية	د. ناصر بن عبد الكريم العقل	ShamAY	30888	0.28425
		القول الفصل في العمل بالحديث المرسل	حسن مظفر رزق	ShamAY	8875	0.28424
		المسائل والأجوبة في الحديث والتفسير	أبو محمد عبد الله بن مسلم بن قتيبة الدينوري (213 - 276 ه)	ShamelaY19	151010	0.28424
		الامامه و الحكومه	محمد حسين انصاري	Ghbook	7124	0.28423
		الجامع في المولد	مجموعة من المؤلفين	ShamAY	37418	0.28421
		المسائل الماردينية - وهي مسائل يكثر وقوعها ويحصل الابتلاء بها	تقي الدين أبو العباس أحمد بن عبد الحليم بن عبد السلام بن عبد الله بن أبي القاسم بن محمد ابن تيمية الحراني الحنبلي الدمشقي (المتوفى: 728ه)	ShamelaY19	96844	0.2842
		الإسراء والمعراج - ت القاضي	الواحدي :: السيوطي	ShamAY	37386	0.28419
		التعرف لمذهب أهل التصوف	أبو بكر محمد بن أبي إسحاق بن إبراهيم بن يعقوب الكلاباذي البخاري الحنفي (المتوفى: 380هـ)	ShamAY	6518	0.28417
		الوابل الصيب - الكتاب العربي	محمد بن أبي بكر أيوب الزرعي أبو عبد الله	ShamAY	34420	0.28416
		مخطوطات الخزانة الهاشمية الخاصة فهرس تحليلي		ShamAY	38661	0.2841
		تَسْدِيْدُ الإِصَابَةِ فِيْمَا شَجَرَ بَيْنَ الصَّحَابَةِ	أبو صفوان ذياب بن سعد بن علي بن حمدان بن أحمد بن محفوظ آل حمدان الغامدي الأزدي نسبا، ثم الطائفي مولدا	ShamAY	32442	0.2841
		الصحيح من سيرة النبي الأعظم صلّى الله عليه وآله [ج ١٦]	السيد جعفر مرتضى العاملي	Rafed	2508	0.2841
		الكبائر للذهبي	تنسب لشمس الدين أبي عبد الله محمد بن أحمد بن عثمان بن قَايْماز الذهبي (المتوفى: 748هـ)	ShamAY	6848	0.28409
		فدك	جاسم  هاتو الموسوي	Ghbook	10651	0.28409
		الحوادث والبدع	محمد بن الوليد بن محمد بن خلف القرشى الفهرى الأندلسي، أبو بكر الطرطوشى المالكي (المتوفى: 520هـ)	ShamAY	8590	0.28406
		دروس الشيخ سيد حسين العفاني	أبو التراب سيد بن حسين بن عبد الله العفاني	ShamAY	845	0.28405
		محاضرات الدورة المفتوحة الأولى في الحديث الشريف وعلومه (المستوى الأول)	عاصم القريوتي	ShamAY	34760	0.28401
		الجامع لأحكام الصيام الطبعة الثانية	أبو إياس محمود بن عبد اللطيف بن محمود (عويضة)	ShamAY	2050	0.28401
		شرح شروط الصلاة وأركانها وواجباتها لشيخ الإسلام محمد بن عبد الوهاب	عبد المحسن بن حمد بن عبد المحسن بن عبد الله بن حمد العباد البدر	ShamAY	11262	0.284
		الزاهر في معاني كلمات الناس	محمد بن القاسم بن محمد بن بشار، أبو بكر الأنباري (المتوفى: 328هـ)	ShamAY	5644	0.28399
		إذهاب الحزن وشفاء الصدر السقيم	عبد السلام مقبل مجبرى (المتوفي: معاصر)	Sham19Y	9764	0.28398
		الرؤى عند أهل السنة والجماعة والمخالفين	سهل بن رفاع بن سهيل الروقي العتيبي	ShamAY	32145	0.28392
		الامام علي عليه السلام سيرته وقيادته في ضوء المنهج التحليلي	الدكتور محمد حسين علي الصّغير	Rafed	274	0.28392
		مع الركب الحسيني من المدينه الي المدينه	محمد جواد طبسي	Ghbook	9686	0.28392
		التيسير بشرح الجامع الصغير	زين الدين محمد المدعو بعبد الرؤوف بن تاج العارفين بن علي بن زين العابدين الحدادي ثم المناوي القاهري (المتوفى: 1031هـ)	ShamAY	5769	0.28388
		أروع القيم الحضارية في سيرة خير البرية	انجوغو امبكي صمب	ShamAY	37456	0.28388
		تحذير المسلمين من القبوريين	محمد بن عبد الله الإمام	ShamAY	35733	0.28386
		 درر السمط في خبر السبط 	 ابن الأبار 	ABLibrary	938	0.28384
		المصطلحات الأصولية في مباحث الأحكام وعلاقتها بالفكر الأصولي‏	عبد الله‏ بشير محمد	Masaha	3568	0.28384
		فضل الصلاة على النبي صلى الله عليه وسلم	أحمد بن عبد الله الباتلي	ShamAY	34807	0.28382
		 الدرر السنية في الرد على الوهابية 	 أحمد زيني دحلان 	ABLibrary	897	0.28376
		الكشف الوافي في شرح أصول الكافي	الشريف محمد هادي الشيرازي	Masaha	4564	0.28376
		كنز العمال في سنن الأقوال والأفعال	علاء الدين علي بن حسام الدين ابن قاضي خان القادري الشاذلي الهندي البرهانفوري ثم المدني فالمكي الشهير بالمتقي الهندي (المتوفى: 975ه)	Sham19Y	2677	0.28373
		 وفاء الوفاء بأخبار دار المصطفى ( ص ) 	 نورالدين علي بن أحمد السمهودي 	ABLibrary	7884	0.28373
		 بحار الأنوار 	 العلامة المجلسي 	ABLibrary	766	0.28368
		الميسر في شرح مصابيح السنة للتوربشتي	فضل الله بن حسن بن حسين بن يوسف أبو عبد الله، شهاب الدين التُّورِبِشْتِي (المتوفى: 661 هـ)	ShamAY	32667	0.28366
		السبحة تاريخها وحكمها	بكر بن عبد الله أبو زيد بن محمد بن عبد الله بن بكر بن عثمان بن يحيى بن غيهب بن محمد (المتوفى: 1429ه)	Sham19Y	96768	0.28366
		واستقر بي النوى	السيد محمد بن حمود العمدي	Masaha	479	0.28366
		قواعد التحديث من فنون مصطلح الحديث	محمد جمال الدين بن محمد سعيد بن قاسم الحلاق القاسمي (المتوفى: 1332هـ)	ShamAY	9993	0.28364
		الصحيح من سيرة النبي الأعظم صلّى الله عليه وآله [ج ٢٨]	السيد جعفر مرتضى العاملي	Rafed	2643	0.2836
		التَّنْبيهَاتُ المُسْتَنْبَطةُ على الكُتُبِ المُدَوَّنَةِ والمُخْتَلَطَةِ	عياض بن موسى بن عياض بن عمرون اليحصبي السبتي، أبو الفضل (المتوفى: 544هـ)	ShamAY	31967	0.28358
		رحلة ابن خلدون‏	عبد الرحمن بن محمد ابن خلدون	Masaha	3967	0.28353
		حديث الضب للطريثيثي - مخطوط (ن)	أَبُو بَكْرٍ أَحْمَدُ بنُ عَلِيِّ بنِ الحُسَيْنِ بنِ زَكَرِيَّا الطُّرَيْثِيْثِيّ، ثُمَّ البَغْدَادِيّ، الصُّوْفِيّ، المَعْرُوف: بِابْنِ زَهْرَاءَ (المتوفى: 497هـ)	ShamAY	11441	0.28351
		في السلوك الإسلامي القويم	ابن الشوكاني، أحمد بن محمد بن علي وهو ابن العلامة الشوكاني الكبير (المتوفى: 1281ه)	Sham19Y	31375	0.28347
		المتواري علي تراجم أبواب البخاري	أحمد بن محمد بن منصور بن القاسم بن مختار القاضي، أبو العباس ناصر الدين ابن المنير الجذامي الجروي الإسكندراني (المتوفى: 683هـ)	ShamAY	5772	0.28343
		بداية المحتاج في شرح المنهاج	بدر الدين أبو الفضل محمد بن أبي بكر الأسدي الشافعي ابن قاضي شهبة (798 - 874 ه)	Sham19Y	132962	0.28337
		عجاله المعرفه في اصول الدين	قطب الدين سعيد بن هبة الله راوندي	Ghbook	14624	0.28337
		الزواج المؤقت في الإسلام	السيد مرتضى العسكري	Masaha	293	0.28334
		سراج الملوك	أبو بكر محمد بن محمد ابن الوليد الفهري الطرطوشي المالكي (المتوفى: 520هـ)	ShamAY	1585	0.28332
		اللؤلؤ والمرجان فيما اتفق عليه الشيخان	محمد فؤاد بن عبد الباقي بن صالح بن محمد (المتوفى: 1388هـ)	ShamAY	10619	0.28328
		منهاج السنة النبوية في نقض كلام الشيعة القدرية	تقي الدين أبو العباس أحمد بن عبد الحليم بن عبد السلام بن عبد الله بن أبي القاسم بن محمد ابن تيمية الحراني الحنبلي الدمشقي (المتوفى: 728ه)	Sham19Y	927	0.28328
		اعتقاد الجن بامامها علي عليه السلام (الاحراز الالهية والنبوية للتخلص من الشياطين...	نجاح الطائي	Ghbook	16508	0.28327
		رسم الأهداف	أبو ذر عبد القادر بن مصطفى بن عبد الرزاق المحمدي	ShamAY	31817	0.28325
		دلائل النبوة - السقار	منقذ بن محمود السقار	ShamelaY19	38185	0.28323
		كشف شبهات الصوفية	شحاتة محمد صقر	ShamelaY19	36165	0.28318
		إسلامية لا وهابية	د. ناصر بن عبد الكريم العقل	Sham19Y	30888	0.28314
		تراثنا ـ العددان [ 79 و 80 ]	مؤسسة آل البيت عليهم السلام لإحياء التراث ـ قم	Rafed	3603	0.28314
		شرح صحيح البخاري - أسامة سليمان	أسامة علي محمد سليمان	ShamelaY19	37771	0.28313
		إذهاب الحزن وشفاء الصدر السقيم	عبد السلام مقبل مجبرى (المتوفي: معاصر)	ShamAY	9764	0.28312
		انيس الفقهاء في تعريفات الألفاظ المتداولة بين الفقهاء	قاسم بن عبد الله بن أمير علي القونوي الرومي الحنفي (المتوفى: 978ه)	Sham19Y	10930	0.28312
		شرح مقدمة التفسير لابن تيمية - العثيمين	محمد بن صالح بن محمد العثيمين (المتوفى: 1421ه)	ShamelaY19	21521	0.28311
		الإجابة الجلية على الأسئلة الكويتية	حمود بن عبد الله بن حمود بن عبد الرحمن التويجري (المتوفى: 1413هـ)	ShamAY	32268	0.28308
		مرعاة المفاتيح شرح مشكاة المصابيح	أبو الحسن عبيد الله بن محمد عبد السلام بن خان محمد بن أمان الله بن حسام الدين الرحماني المباركفوري (المتوفى: 1414ه)	Sham19Y	8862	0.28302
		 الكامل في التاريخ 	 ابن الأثير 	ABLibrary	8246	0.28299
		النور الأسنى فى شرح أسماء الله الحُسْنَى	أمين الأنصاري	ShamAY	35070	0.28294
		روضة المحبين ونزهة المشتاقين - ط عالم الفوائد	ابن القيم	ShamAY	38393	0.28294
		الرد على من ذهب إلى تصحيح علم الغيب من جهة الحظ	أبو الوليد محمد بن أحمد بن رشد القرطبي (المتوفى: 520ه)	Sham19Y	6542	0.28292
		الداني مفسراً من خلال كتابه : (المكتفى في الوقف والابتدا)	السالم الشنقيطي	ShamAY	36826	0.28288
		شرح السنة للبربهاري	أبو محمد الحسن بن علي بن خلف البربهاري (المتوفى: 329هـ)	ShamAY	8601	0.28288
		اتحاف السائل بما لفاطمة من المناقب والفضائل	زين الدين محمد المدعو بعبد الرؤوف بن تاج العارفين بن علي بن زين العابدين الحدادي ثم المناوي القاهري (المتوفى: 1031هـ)	ShamAY	12731	0.28287
		 شرح فروع الكافي 	 محمد هادي المازندراني 	ABLibrary	9345	0.28286
		المُقَدِّمَةُ الزّهْرا في إيضَاحِ الإمامَةِ الكُبرى	شمس الدين أبو عبد الله محمد بن أحمد بن عثمان بن قَايْماز الذهبي (المتوفى: 748هـ)	ShamAY	36	0.28285
		مسائل منثورة في التفسير والعربية والمعاني	عبد الله بن بَرّي بن عبد الجبار المقدسي الأصل المصري، أبو محمد، ابن أبي الوحش (المتوفى: 582هـ)	ShamAY	1564	0.28284
		تفسير القاسمي [ج ٣]	محمّد جمال الدين القاسمي	Rafed	3909	0.28283
		السفاره في الغيبه الكبري بين التاييد والمعارضه	وسام البلداوي	Ghbook	12292	0.28281
		التصنيف في مصطلح الحديث بين مدرستي الحديث والفقه	أبو ذر عبد القادر بن مصطفى بن عبد الرزاق المحمدي	ShamAY	31659	0.2828
		تاريخ دمشق [ج ٢]	الناشر: التكوين للتأليف والترجمة والنشر	Rafed	2263	0.28275
		قاعدة لاضر ولاضرار / تقريرات	السيد مرتضى الموسوي الخلخالي	Masaha	4034	0.28275
		كشف الرّموز [ج ١]	الشيخ حسن بن أبي طالب اليوسفي [ الفاضل الآبي ]	Rafed	1326	0.28273
		التسامح	آيت الله العظمي سيد محمد حسيني شيرازي	Ghbook	7917	0.28272
		شرح مقدمة التفسير لابن تيمية - العثيمين	محمد بن صالح بن محمد العثيمين (المتوفى: 1421ه)	Sham19Y	21521	0.28271
		من مشاهير المجددين في الإسلام	صالح بن فوزان بن عبد الله الفوزان	ShamelaY19	31084	0.28267
		أسباب ورود الحديث ((تحليل و تأسيس))	الدكتور محمد رأفت سعيد	ShamAY	37332	0.28266
		 الموسوعة الكبرى عن فاطمة الزهراء ( س ) 	 اسماعيل الأنصاري الزنجاني الخوئيني 	ABLibrary	7831	0.28266
		الأساليب البديعة في فضل الصحابة وإقناع الشيعة (مطبوع بهامش كتاب شواهد الحق)	يوسف بن إسماعيل بن يوسف النبهاني (المتوفى: 1350ه)	ShamelaY19	36070	0.28265
		الحسن ابن علي عليه السلام الامامه المنسيه	صالح الطاني	Ghbook	12811	0.28263
		منهاج السنة النبوية في نقض كلام الشيعة القدرية	تقي الدين أبو العباس أحمد بن عبد الحليم بن عبد السلام بن عبد الله بن أبي القاسم بن محمد ابن تيمية الحراني الحنبلي الدمشقي (المتوفى: 728هـ)	ShamAY	927	0.28259
		مجموعة الرسائل والمسائل النجدية (الجزء الرابع، القسم الثاني)	لبعض علماء نجد الأعلام	ShamAY	11378	0.28259
		المتعة	السيد علي الحسيني الميلاني	Masaha	396	0.28258
		الفوائد المدنيه	حسين  الشيخ الاسلامي  التويسركاني	Ghbook	11210	0.28258
		بيان الفجر الصادق	الواحدي :: محمد تقي الدين الهلالي	ShamAY	36435	0.28254
		شرح التائية في القدر	محمد بن إبراهيم بن أحمد الحمد	ShamAY	35706	0.28254
		تفسير مقاتل بن سليمان	أبو الحسن مقاتل بن سليمان بن بشير الأزدي البلخى (المتوفى: 150ه)	ShamelaY19	23614	0.28245
		الصحيح المسند من الأحاديث القدسية	أبو عبد الله مصطفى بن العدوى شلباية المصري	ShamAY	9230	0.28244
		تفسير ابن جزي = التسهيل لعلوم التنزيل	أبو القاسم، محمد بن أحمد بن محمد بن عبد الله، ابن جزي الكلبي الغرناطي (المتوفى: 741ه)	ShamelaY19	23626	0.28244
		سبل السلام - البابي الحلبي	محمد بن إسماعيل الأمير الكحلاني الصنعاني (المتوفى : 1182هـ)	ShamAY	34278	0.28237
		رسائل و مقالات: تبحث في مواضيع فقهيه، اصوليه، كلاميه، تراجم، و مكاتبات و حورات م...	آيت الله العظمي جعفر سبحاني	Ghbook	7650	0.28235
		شرح صحيح البخاري - أسامة سليمان	أسامة علي محمد سليمان	ShamAY	887	0.28233
		علي خطي الحسين ( عليه السلام )	احمد راسم نفيس	Ghbook	4571	0.28233
		كنز العمال في سنن الأقوال والأفعال	علاء الدين علي بن حسام الدين ابن قاضي خان القادري الشاذلي الهندي البرهانفوري ثم المدني فالمكي الشهير بالمتقي الهندي (المتوفى: 975هـ)	ShamAY	2677	0.28231
		آداب زيارة المدينة في ضوء الكتاب والسنة	وليد بن صقر الحميدي	ShamAY	36473	0.28227
		القصد السديد على كتاب التوحيد	الواحدي	ShamAY	35647	0.28227
		تاج العروس من جواهر القاموس	محمد مرتضي حسيني زبيدي	Ghbook	8169	0.28226
		مسائل فقهيه	عبدالحسين شرف الدين	Ghbook	7706	0.28224
		مسائل العقيدة في كتاب التوحيد من صحيح الإمام البخاري «عرض ودراسة»	يوسف الحوشان	ShamelaY19	142136	0.28221
		إرشاد العباد إلى معاني لمعة الاعتقاد	عبد الرحمن بن ناصر بن براك بن إبراهيم البراك	ShamelaY19	18604	0.28221
		الأنوار اللامعة في شرح زيارة الجامعة	السيّد عبد الله شبّر	Rafed	2281	0.28215
		مرعاة المفاتيح شرح مشكاة المصابيح	أبو الحسن عبيد الله بن محمد عبد السلام بن خان محمد بن أمان الله بن حسام الدين الرحماني المباركفوري (المتوفى: 1414هـ)	ShamAY	8862	0.28209
		 أنوار النبي ( ص ) أسرارها وأنواعها 	 ابن سبعين 	ABLibrary	7431	0.28208
		حوار مع الشيخ صالح بن عبد الله الدرويش	جعفر السبحاني	Rafed	1506	0.28204
		كشف شبهات الصوفية	شحاتة محمد صقر	ShamAY	941	0.28202
		الفقه الواضح المسألة وأدلتها	عبد العزيز السعدون	ShamAY	36395	0.28199
		المفصل في أحكام الهجرة	الواحدي :: علي بن نايف الشحود	ShamAY	36097	0.28199
		فتح الله الحميد المجيد في شرح كتاب التوحيد	حامد بن محمد بن حسين بن محسن	ShamAY	11326	0.28186
		حياه الامام الحسين بن علي ( عليهما السلام ) - دراسه و تحليل	باقر شريف قرشي	Ghbook	9269	0.28181
		المجموع شرح المهذب ((مع تكملة السبكي والمطيعي))	أبو زكريا محيي الدين يحيى بن شرف النووي (المتوفى: 676هـ)	ShamAY	2186	0.2818
		منار الهدى في بيان الوقف والابتدا ت عبد الرحيم الطرهوني	أحمد بن عبد الكريم بن محمد بن عبد الكريم الأشموني المصري الشافعي (المتوفى: نحو 1100هـ)	ShamAY	1291	0.28179
		خطب ودروس الشيخ عبد الرحيم الطحان	عبد الرحيم الطحان	ShamAY	21782	0.28178
		دليل المرشدين الي الحق اليقين	آيت الله العظمي جعفر سبحاني	Ghbook	10942	0.28175
		الأمر بالمعروف والنهي عن المنكر في حياة النبي صلى الله عليه وسلم	طارق الطواري	ShamAY	36331	0.28171
		في السلوك الإسلامي القويم	ابن الشوكاني، أحمد بن محمد بن علي وهو ابن العلامة الشوكاني الكبير (المتوفى: 1281ه)	ShamelaY19	31375	0.28171
		شفاء العليل في مسائل القضاء والقدر والحكمة والتعليل	محمد بن أبي بكر بن أيوب بن سعد شمس الدين ابن قيم الجوزية (المتوفى: 751ه)	Sham19Y	12021	0.28169
		شفاء العليل في مسائل القضاء والقدر والحكمة والتعليل	محمد بن أبي بكر بن أيوب بن سعد شمس الدين ابن قيم الجوزية (المتوفى: 751هـ)	ShamAY	12021	0.28166
		الأساليب البديعة في فضل الصحابة وإقناع الشيعة (مطبوع بهامش كتاب شواهد الحق)	يوسف بن إسماعيل بن يوسف النَّبْهَاني (المتوفى: 1350هـ)	ShamAY	523	0.28164
		كيف تغسل ميتا؟ دراسة تطبيقية عملية في أحكام الجنائز	أسامة الغامدي	ShamAY	36143	0.28159
		رياض الابرار في مناقب الائمه الاطهار ( عليهم السلام )	سيد نعمه الله موسوي حسيني جزايري	Ghbook	9657	0.28153
		كيف تكون من الأوائل (15 وسيلة لتصبح من الأوائل)	أبو مالك محمد بن حامد بن عبد الوهاب	ShamAY	33736	0.2815
		الأحاديث العيدية المسلسلة للسلفي	صدر الدين، أبو طاهر السِّلَفي أحمد بن محمد بن أحمد بن محمد بن إبراهيم سِلَفَه الأصبهاني (المتوفى: 576هـ)	ShamAY	26985	0.2815
		أبو نعيم الأصبهاني وكتابه (حلية الأولياء)	سعيد الرقيب الغامدي	ShamAY	37249	0.28147
		الأباب في ضبط اسم الكتاب	أبو ذر عبد القادر بن مصطفى بن عبد الرزاق المحمدي	ShamelaY19	117134	0.28147
		 دلائل الصدق لنهج الحق 	 الشيخ محمد حسن المظفر 	ABLibrary	944	0.28146
		التحفة الوفية بمعاني حروف العربية	إبراهيم بن محمد بن إبراهيم السفاقسي	ShamAY	37189	0.28145
		أحكام القرآن [ج ١]	أبي عبد الله محمد بن إدريس الشافعي	Rafed	1531	0.28144
		اعلام الهدايه (الامام جعفر بن محمد الصادق عليه السلام)	مجمع جهاني اهل بيت عليهم السلام	Ghbook	4970	0.28144
		تفسير الماتريدي = تأويلات أهل السنة	محمد بن محمد بن محمود، أبو منصور الماتريدي (المتوفى: 333ه)	ShamelaY19	95590	0.28138
		أدب الطّف أو شعراء الحسين عليه السلام [ج ٣]	جواد شبّر	Rafed	361	0.28138
		ثلاثة الأصول وأدلتها - وشروط الصلاة - والقواعد الأربع	محمد بن عبد الوهاب بن سليمان التميمي النجدي (المتوفى: 1206هـ)	ShamAY	239	0.28137
		رئيس الجامعة الإسلامية الشيخ محمد بن إبراهيم آل الشيخ	عبد المحسن بن حمد العباد البدر	ShamAY	35820	0.28132
		النوادر	فضل الله بن علي‏ الراوندي الكاشاني	Masaha	4549	0.28131
		منزلة الصلاة في الإسلام - المفهوم، والحكم، والمنزلة، والخصائص، وحكم الترك، والفضائل في ضوء الكتاب والسنة	د. سعيد بن علي بن وهف القحطاني	ShamelaY19	31234	0.28126
		الممتع في شرح المقنع ت ابن دهيش ط 3	ابن المنجى، أبو البركات	ShamelaY19	20699	0.28124
		ثم أبصرت الحقيقة	محمد سالم الخضر	ShamAY	31977	0.28121
		موتمر الامام المهدي ( عجل الله تعالي فرجه الشريف )	محمد مهدي آصفي	Ghbook	4577	0.28117
		خاص الخاص	عبد الملك بن محمد بن إسماعيل أبو منصور الثعالبي (المتوفى: 429هـ)	ShamAY	7830	0.28116
		 أخبار الحلاج أو مناجيات الحلاج 	 حسين بن منصور الحلاج 	ABLibrary	8692	0.28116
		بشاره النبي صلي الله عليه و آله بالائمه الاثني عشرعليهم السلام في خطب حجه الوداع	علي كوراني	Ghbook	15136	0.28116
		الموطأ لمالك بن أنس رواية عبد الرحمن بن القاسم (أبواب البيوع)	مالك بن أنس الأصبحي	ShamAY	33991	0.28113
		مباحث في علوم القرآن لمناع القطان	مناع بن خليل القطان (المتوفى: 1420هـ)	ShamAY	11368	0.2811
		مقومات الداعية الناجح في ضوء الكتاب والسنة - مفهوم، ونظر، وتطبيق	د. سعيد بن علي بن وهف القحطاني	ShamelaY19	96524	0.2811
		فتح الباقي بشرح ألفية العراقي	زين الدين أبي يحيى زكريا بن محمد بن زكريا الأنصاري السنيكي (ت 926 هـ)	ShamAY	508	0.28095
		جنّة الحوادث في شرح زيارة وارث	الملّا حبيب الله الشريف الكاشاني	Rafed	3105	0.28094
		السِّيرةُ النّبوية - عرضُ وقائع وَتحليل أحدَاث	عَلي محمد محمد الصَّلاَّبي	ShamAY	168	0.28087
		أنواع الصبر ومجالاته - مفهومٌ، وأهميَّةٌ، وطرُقٌ، وتحصيْلٌ في ضوء الكتاب والسنة	د. سعيد بن علي بن وهف القحطاني	ShamAY	1829	0.28087
		الانتصار للصحب والآل من افتراءات السماوي الضال	إبراهيم بن عامر بن عليّ الرّحيلي	ShamAY	1790	0.28084
		الصلاة للامام أحمد	الإمام أحمد بن حنبل	ShamAY	35233	0.28084
		 موسوعة الإمام العسكري ( ع ) 	 الشيخ أبو القاسم الخزعلي 	ABLibrary	7849	0.28084
		شرح لامية ابن تيمية	عمر العيد	Sham19Y	7734	0.28082
		مختصر التحفة الاثني عشرية	الألوسي، محمود شكري	ShamelaY19	36091	0.28081
		 عبقات الأنوار في إمامة الأئمة الأطهار ( فارسي ) 	 السيد حامد النقوي 	ABLibrary	8508	0.28079
		 الدر المنثور في التفسير بالمأثور 	 جلال الدين السيوطي 	ABLibrary	913	0.28077
		تأريخ مكّة دراسات في السياسة والعلم والاجتماع والعمران [ج ١-٢]	أحمد السباعي	Rafed	2297	0.28072
		الدعوة إلى الله في ميادينها الثلاثة	حمد بن حامد آل عثمان الغامدي	ShamAY	33438	0.28071
		دراسات في الحديث والمحدّثين	هاشم معروف الحسني	Rafed	1826	0.28067
		عدة الإنابة في أماكن الإجابة	عبد الله بن إبراهيم ميرغني	Masaha	4719	0.28067
		الإنصاف في بيان أسباب الاختلاف للدهلوي	أحمد بن عبد الرحيم بن الشهيد وجيه الدين بن معظم بن منصور المعروف بـ «الشاه ولي الله الدهلوي» (المتوفى: 1176هـ)	ShamAY	422	0.28066
		تفسير يحيى بن سلام	يحيى بن سلام بن أبي ثعلبة، التيمي بالولاء، من تيم ربيعة، البصري ثم الإفريقي القيرواني (المتوفى: 200هـ)	ShamAY	12851	0.28064
		إعراب ما يشكل من ألفاظ الحديث النبوي	أبو البقاء عبد الله بن الحسين بن عبد الله العكبري البغدادي محب الدين (المتوفى: 616ه)	Sham19Y	7001	0.28063
		فيض الرحمن الرحيم في دروس رمضان الكريم	أبو محمد عبد الله بن محمد بن أحمد الطيار	ShamAY	34938	0.2806
		تفسير كتاب الله العزيز [ج ١]	هود بن محكم الهوّاري الأوراسي	Rafed	3818	0.28059
		بنادر البحار : ملخص خمسة وعشرين الكتب بحار الانوار	علينقي فيض الاسلام اصفهاني	Ghbook	12047	0.28059
		انيس الفقهاء في تعريفات الألفاظ المتداولة بين الفقهاء	قاسم بن عبد الله بن أمير علي القونوي الرومي الحنفي (المتوفى: 978هـ)	ShamAY	10930	0.28058
		تفسير مقاتل بن سليمان [ج ١]	الناشر: مؤسسة التاريخ العربي للطباعة والنشر والتوزيع	Rafed	3839	0.28055
		تعدد الخلفاء ووحدة الأمَّة فقهاً وتاريخاً ومستقبلاً	الدكتور محمد خلدون أحمد نورس مالكي	ShamAY	1732	0.28054
		وسائل الوصول إلى شمائل الرسول صلى الله عليه وآله وسلم	يوسف بن إسماعيل بن يوسف النَّبْهَاني (المتوفى: 1350هـ)	ShamAY	23694	0.28052
		الشّهيد مسلم بن عقيل عليه السلام	السيد عبد الرزاق الموسوي المقرّم	Rafed	558	0.28052
		طرف من الأنباء والمناقب	السيّد رضي الدين أبو القاسم علي بن موسى بن جعفر بن طاووس الحسني الحلّي [ السيّد بن طاووس ]	Rafed	770	0.28051
		القول الفاضل في الرد علي مدعي التحريف	آيت الله العظمي سيد شهاب الدين مرعشي نجفي	Ghbook	8740	0.2805
		فقهيات بين السنه و الشيعه	عاطف سلام	Ghbook	7683	0.28049
		الصحيح من سيرة النبي الأعظم صلّى الله عليه وآله [ج ١١]	السيد جعفر مرتضى العاملي	Rafed	2501	0.28048
		سبع مسائل فقهية	الشيخ جعفر السبحاني	Masaha	298	0.28046
		التحقيق في نفي التحريف عن القرآن الشريف 	آيت الله علي حسيني ميلاني	Ghbook	4783	0.28045
		المنهج القيم في قراءة كتب شيخ الإسلام وابن القيم	فهد بن عبد الله التركي	ShamAY	33400	0.28044
		عيون الغرر في فضائل الآيات والسور	مشتاق مظفر	Rafed	201	0.28041
		أحاديث في الحب	سعود البارودي العتيبي	ShamAY	34979	0.28037
		محاضرتان في الفقه الكلامي	علي شهرستاني	Ghbook	16150	0.28033
		كشف أسرار الباطنية وأخبار القرامطة	أبو عبد الله محمد بن مالك بن أبي الفضائل الحمادي المعافري اليماني (المتوفى: نحو 470هـ)	ShamAY	1283	0.2803
		الارشاد و التطريز في فضل ذكر الله و تلاوه كتابه العزيز	عبدالله بن اسعد بن علي يافعي	Ghbook	2795	0.2803
		تفسير الماتريدي = تأويلات أهل السنة	محمد بن محمد بن محمود، أبو منصور الماتريدي (المتوفى: 333هـ)	ShamAY	1549	0.28027
		بأي عقل ودين يكون التفجير والتدمير جهادا؟! ويحكم ... أفيقوا يا شباب!!	عبد المحسن بن حمد بن عبد المحسن بن عبد الله بن حمد العباد البدر	ShamAY	11066	0.28025
		التعادل والترجيح‏	السيد روح الله الموسوي الخميني	Masaha	2421	0.28024
		أحاديث الطائفة الظاهرة	حسام الدين بن موسى محمد بن عفانة	ShamAY	967	0.28023
		التحالف السياسي في الإسلام	منير محمد الغضبان	ShamelaY19	95662	0.28017
		المجيد في إعراب القرآن المجيد	إبراهيم بن محمد بن إبراهيم القيسي السفاقسي، أبو إسحاق: برهان الدين (المتوفى: 742ه)	ShamelaY19	95571	0.28014
		صلاة العيدين - مفهوم، وفضائل، وآداب، وشروط، وأحكام في ضوء الكتاب والسنة	د. سعيد بن علي بن وهف القحطاني	ShamelaY19	96504	0.28011
		شرح السنة للبربهاري - دار ابن القيم	الحسن بن علي بن خلف البربهاري أبو محمد	ShamAY	33891	0.28006
		إعراب ما يشكل من ألفاظ الحديث النبوي	أبو البقاء عبد الله بن الحسين بن عبد الله العكبري البغدادي محب الدين (المتوفى: 616هـ)	ShamAY	7001	0.28006
		الإمام مالك وموقفه من الرافضة	أبو عبد البر محمد كاوا	ShamAY	31814	0.28005
		جامع المسائل لابن تيمية ط عالم الفوائد - المجموعة التاسعة	شيخ الإسلام أحمد بن عبد الحليم بن عبد السلام ابن تيمية (661 - 728 ه)	ShamelaY19	145376	0.28005
		 بحار الأنوار 	 العلامة المجلسي 	ABLibrary	767	0.28005
		الفهرس الشامل للتراث العربي الشامل المخطوط الفقه وأصوله	مؤسسة آل البيت للفكر الإسلامي	ShamAY	38664	0.28003
		بحار الأنوار [ج ٥٧]	الشيخ محمّد باقر بن محمّد تقي المجلسي	Rafed	1045	0.28003
		إقامة البرهان في الرد على من أنكر خروج المهدي والدجال ونزول المسيح في آخر الزمان للتويجري	التويجري، حمود بن عبد الله	ShamAY	35412	0.28
		الانتصار للقرآن 	ابوبكر محمد بن طيب باقلاني	Ghbook	2849	0.27997
		 مجموع لطيف أنسى في صيغ المولد النبي القدسى 	 عاصم ابراهيم الكيالى الحسيني الشاذلى الدرقادي 	ABLibrary	7695	0.27994
		قطف الجني الداني شرح مقدمة رسالة ابن أبي زيد القيرواني	عبد المحسن بن حمد بن عبد المحسن بن عبد الله بن حمد العباد البدر	ShamAY	11292	0.27992
		سيد البطحاء ابوطالب ( عليه السلام )	المجمع العالمي لاهل البيت عليهم السلام	Ghbook	7660	0.2799
		بحار الأنوار [ج ١٤]	الشيخ محمّد باقر بن محمّد تقي المجلسي	Rafed	851	0.27988
		شرح لامية ابن تيمية	عمر بن سعود بن فهد العيد	ShamAY	7734	0.27987
		مسائل وفتاوى نجدية (طبع ضمن الرسائل والمسائل النجدية، الجزء الرابع، القسم الأول)	عبد الرحمن بن حسن بن محمد بن عبد الوهاب بن سليمان التميمي (المتوفى: 1285هـ)	ShamAY	11573	0.27987
		شرح خطبة عائشة أم المؤمنين في أبيها	محمد بن القاسم الأنباري (327 هـ)	ShamAY	33578	0.27987
		علم فهرسة الحديث، نشأته، تطوره، أشهر ما دون فيه	يوسف عبد الرحمن المرعشلي	ShamelaY19	37635	0.27983
		نواقض الإسلام	عبد العزيز بن عبد الله بن باز (المتوفى: 1420ه)	ShamelaY19	30869	0.27982
		الفصول المهمه في معرفه الائمه (الامام العسكري عليه السلام)	ابن صباغ علي بن محمد	Ghbook	6224	0.2798
		مرهم العلل المعضلة في الرد على أئمة المعتزلة	أبو محمد عفيف الدين عبد الله بن أسعد بن علي بن سليمان اليافعي (المتوفى: 768هـ)	ShamAY	6555	0.27978
		دور الشباب في انهاض الامه	آيت الله العظمي سيد محمد حسيني شيرازي	Ghbook	8156	0.27978
		أصول الفقه لابن مفلح	محمد بن مفلح بن محمد بن مفرج، أبو عبد الله، شمس الدين المقدسي الرامينى ثم الصالحي الحنبلي (المتوفى: 763هـ)	ShamAY	31702	0.27975
		الآداب الإسلامية للناشئة	محمد خير فاطمة	ShamAY	34947	0.27973
		ثمرات الأوراق (مطبوع بهامش المستطرف في كل فن مستظرف للشهاب الأبشيهي)	ابن حجة الحموي، تقي الدين أبو بكر بن علي (المتوفى: 837هـ)	ShamAY	11056	0.27973
		الأربعون من رواية مالك عن نافع للسيوطي	عبد الرحمن بن أبي بكر، جلال الدين السيوطي (المتوفى: 911ه)	Sham19Y	29569	0.27963
		رسالة في الرد على الرافضة (مطبوع ضمن مؤلفات الشيخ محمد بن عبد الوهاب، الجزء الثاني عشر)	محمد بن عبد الوهاب بن سليمان التميمي النجدي (المتوفى: 1206هـ)	ShamAY	11217	0.2796
		ترجمة الشيخ عبد الرحمن الأفريقي	عمر بن محمد بن محمد بكر فُلاَّتَة (بالتاء) أو الفُلاَّنِيُّ (بالنون) (المتوفى: 1419هـ)	ShamAY	10060	0.27959
		الفتوى الحموية الكبرى	تقي الدين أبو العَباس أحمد بن عبد الحليم بن عبد السلام بن عبد الله بن أبي القاسم بن محمد ابن تيمية الحراني الحنبلي الدمشقي (المتوفى: 728هـ)	ShamAY	18381	0.27957
		التحالف السياسي في الإسلام	منير محمد الغضبان	ShamAY	1574	0.27956
		إسلامية لا وهابية	د. ناصر بن عبد الكريم العقل	ShamelaY19	30888	0.27956
		فقه العبادات على المذهب الحنبلي	الحاجة سعاد زرزور	Sham19Y	12899	0.2795
		 من ائمة الموحدين الإمام محيي الدين بن عربي 	 عبد الرحمن حسن محمود 	ABLibrary	8913	0.2795
		الفصول المهمه في معرفه الائمه (الامام الحسن عليه السلام)	ابن صباغ علي بن محمد	Ghbook	6096	0.27947
		دلائل الصدق لنهج الحق [ج ٥]	الشيخ محمد حسن المظفر	Rafed	252	0.27942
		دعوة إلى سبيل المؤمنين	طارق زين العابدين	Masaha	253	0.27942
		سبع مسائل فقهيه	آيت الله العظمي جعفر سبحاني	Ghbook	7658	0.27941
		تلحين النحويين للقراء	د. ياسين جاسم المحيميد	ShamAY	1548	0.27936
		الحسين عليه السلام وبطلة كربلاء	محمّد جواد مغنية	Rafed	3216	0.27925
		رمضان والصيام	محمد الغزالي	ShamAY	36047	0.27923
		فقه العبادات على المذهب الحنبلي	الحاجّة سعاد زرزور	ShamAY	12899	0.27918
		أعلام النبوّة	أبي الحسن علي بن محمد الماوردي الشافعي	Rafed	3313	0.27918
		صنائع المعروف تقي مصارع السوء	مصطفى شيخ إبراهيم حقي	ShamAY	35111	0.27917
		التحالف السياسي في الإسلام	منير محمد الغضبان	Sham19Y	95662	0.27916
		الاتجاهات الفقهية عند أصحاب الحديث في القرن الثالث الهجري	الدكتور عبد المجيد محمود عبد المجيد	ShamelaY19	122392	0.27914
		روضة المحدثين - وهو يشبه أن يكون تفريغا لأحكام الحافظ ابن حجر وغيره على الأحاديث	مجموعة من المؤلفين	ShamAY	88	0.27913
		شرح الاقتصاد في الاعتقاد - الراجحي	عبد العزيز بن عبد الله بن عبد الرحمن الراجحي	ShamelaY19	36973	0.27913
		 بحار الأنوار 	 العلامة المجلسي 	ABLibrary	760	0.27912
		شرح العقيدة الأصفهانية	تقي الدين أبو العباس أحمد بن عبد الحليم بن عبد السلام بن عبد الله بن أبي القاسم بن محمد ابن تيمية الحراني الحنبلي الدمشقي (المتوفى: 728هـ)	ShamAY	1137	0.27911
		الإسراء والمعراج مقدمات .. أحداث .. نتائج	صلاح سلطان	ShamAY	37459	0.2791
		دروس للشيخ أبي إسحاق الحويني	أبو إسحاق الحويني الأثري حجازي محمد شريف	ShamAY	898	0.2791
		القواطع الإلهية لإقامة العبودية	عبد الفتاح الأمازيغي	ShamAY	35765	0.27909
		اللآلي العبقريّة في شرح العينيّة الحميريّة	محمّد بهاء الدين الاصبهاني	Rafed	178	0.27907
		معارج الوصول الي معرفه فضل آل الرسول و البتول ( عليهم الصلاه و السلام ) - الامام...	محمد بن يوسف زرندي	Ghbook	6084	0.27901
		 أعلام النبوة 	 علي بن محمد البغدادي الماوردي 	ABLibrary	8340	0.27887
		استِدرَاك وَتَعقِيب عَلى الشَّيخ شُعَيب الأَرنَؤُوط في تَأوِيلِهِ بَعض أحَادِيثِ الصِّفَاتِ	خالد بن عبد الرحمن بن حمد الشايع	ShamAY	31696	0.27884
		الفقه الأكبر (مطبوع مع الشرح الميسر على الفقهين الأبسط والأكبر المنسوبين لأبي حنيفة تأليف محمد بن عبد الرحمن الخميس)	ينسب لأبي حنيفة النعمان بن ثابت بن زوطي بن ماه (المتوفى: 150هـ)	ShamAY	6387	0.27884
		كشف موقف الغزالي من السنة وأهلها ونقد بعض آرائه	ربيع بن هادي المدخلي	ShamAY	33004	0.27883
		أدلة تحريم حلق اللحية	محمد بن أحمد بن إسماعيل المقدم	ShamAY	31615	0.27882
		قصص الامام الصادق ( عليه السلام ) في مدرسته العلميه و امامته الالهيه و الآداب	محسن نوري موسوي	Ghbook	5017	0.27882
		شرح الأربعين النووية في الأحاديث الصحيحة النبوية	تقي الدين أبو الفتح محمد بن علي بن وهب بن مطيع القشيري، المعروف بابن دقيق العيد (المتوفى: 702ه)	Sham19Y	11244	0.27881
		تحذير الأنام بما في الأقوال والأفعال من الآثام	ماجد البنكاني	ShamAY	34914	0.27879
		حقيقة الشيعة الإثنى عشرية	د. أسعد القاسم	Masaha	239	0.27879
		وصف المحلى	الشريف أبي محمد بن علي الكتاني الأثري	ShamAY	33195	0.27878
		نظرية العقد (= العقود)	تقي الدين أبو العباس أحمد بن عبد الحليم بن عبد السلام بن تيمية الحراني الحنبلي الدمشقي (المتوفى: 728هـ)	ShamAY	34385	0.27877
		 الهدايا لشيعة أئمة الهدى ( شرح اصول الكافى ) 	 شرف الدين مجذوب التبريزي 	ABLibrary	7927	0.27876
		التعصب المذهبي في التاريخ مظاهره، آثاره، أسبابه، علاجه	الدكتور خالد كبير علال	ShamAY	37142	0.27874
		جامع المسائل لابن تيمية ط عالم الفوائد - المجموعة الثالثة	شيخ الإسلام أحمد بن عبد الحليم بن عبد السلام ابن تيمية (661 - 728 ه)	Sham19Y	17835	0.27874
		حماسة القرشي	عباس القرشي	Sham19Y	2512	0.27871
		الذهب المسبوك بما يجب على المرأة من السلوك	أبو أنس ماجد إسلام البنكاني :: ماجد البنكاني	ShamAY	36583	0.27866
		الخلاصة في أحكام بر الوالدين ط1	الواحدي :: علي بن نايف الشحود	ShamAY	36076	0.27866
		فضائل مكة والسكن فيها	الحسن بن يسار البصري، أبو سعيد (المتوفى: 110هـ)	ShamAY	5722	0.27866
		الأحكام الشرعية للثورات العربية	علي بن نايف الشحود	ShamAY	1579	0.27863
		رسائل آل طوق القطيفي [ج ١]	الشيخ أحمد آل طوق	Rafed	1407	0.27862
		روضه المحبين في احوال اميرالمومنين عليه السلام	عيسي بن حسين علي آل كبه	Ghbook	11638	0.27859
		سلاح اليقظان لطرد الشيطان	الواحدي :: عبد العزيز السلمان	ShamAY	35001	0.27852
		تيسير مصطلح الحديث	أبو حفص محمود بن أحمد بن محمود طحان النعيمي	ShamAY	8681	0.27851
		وثلث لطعامك	عبد الملك بن محمد القاسم	ShamelaY19	95678	0.2785
		تفسير سورة الفاتحة لابن رجب	أبو الفرج عبد الرحمن بن أحمد بن رجب الدمشقي الحنبلي (المتوفى: 795 ه)	ShamelaY19	29574	0.2785
		مرآه العقول في شرح اخبار آل الرسول ( عليهم الصلاه و السلام )	محمدباقر بن محمدتقي علامه مجلسي	Ghbook	2699	0.27849
		التّحقيق في نفي التّحريف عن القرآن الشّريف	السيّد علي الحسيني الميلاني	Rafed	4052	0.27847
		الخصال الموجبة لظل العرش	علي بن نايف الشحود	ShamAY	34831	0.27843
		لاكون مع الصادقين ..	محمد تيجاني سماوي	Ghbook	7691	0.27843
		مطلع البدرين فيمن يؤتى أجره مرتين	عبد الرحمن بن أبي بكر، جلال الدين السيوطي (المتوفى: 911ه)	ShamelaY19	26551	0.27837
		الاعتصام للشاطبي ت الشقير والحميد والصيني	إبراهيم بن موسى بن محمد اللخمي الغرناطي الشهير بالشاطبي (المتوفى: 790ه)	Sham19Y	36558	0.27836
		أحكام القرآن للشافعي - جمع البيهقي	أحمد بن الحسين بن علي بن موسى الخُسْرَوْجِردي الخراساني، أبو بكر البيهقي (المتوفى : 458هـ)	ShamAY	3328	0.2783
		الانتصار للصحب والآل من افتراءات السماوي الضال	إبراهيم بن عامر بن علي الرحيلي	ShamelaY19	21551	0.27829
		مجموعة رسائل وفتاوى في مسائل مهمة تمس إليها حاجة العصر	مجموعة من المؤلفين	ShamAY	30944	0.27825
		تهذيب اللغة	محمد بن أحمد بن الأزهري الهروي، أبو منصور (المتوفى: 370هـ)	ShamAY	7031	0.27823
		كتابة السنة النبوية في عهد النبي صلى الله عليه وسلم والصحابة وأثرها في حفظ السنة النبوية	أحمد بن عمر بن إبراهيم بن إسماعيل بن محمد بن هاشم	ShamAY	11348	0.27823
		نبذه عن حياه المعصومين ( عليهم الصلاة و السلام ) - الامام السجاد ( عليه السلام )	آيت الله العظمي سيد محمد حسيني شيرازي	Ghbook	6402	0.27822
		 الحياة الفكرية والسياسية لأئمة أهل البيت ( ع ) 	 الشيخ رسول جعفريان 	ABLibrary	7511	0.27819
		 حياة الإمام الحسن بن علي ( ع ) 	 الشيخ باقر شريف القرشي 	ABLibrary	7490	0.27819
		موسوعة الأسئلة العقائديّة [ج ٤]	مركز الأبحاث العقائديّة	Rafed	1389	0.27818
		 وفاء الوفاء بأخبار دار المصطفى ( ص ) 	 نورالدين علي بن أحمد السمهودي 	ABLibrary	7887	0.27818
		النور الكاشف في بيان حكم الغناء والمعازف	أحمد بن حسين الأزهري	ShamAY	36630	0.27814
		كتاب الحدود والسلطان	عبد الله قادري الأهدل	ShamAY	33166	0.27814
		الأباب في ضبط اسم الكتاب	أبو ذر عبد القادر بن مصطفى بن عبد الرزاق المحمدي	Sham19Y	117134	0.27814
		في سبيل العقيدة الإسلامية	عبد اللطيف بن علي بن أحمد بن محمد السلطاني القنطري الجزائري (المتوفى: 1404ه)	ShamelaY19	115132	0.27813
		مدارك النظر في السياسة بين التطبيقات الشّرعية والانفعالات الحَمَاسية	عبد المالك رمضاني	ShamAY	33171	0.27811
		دعاوى المناوئين لشيخ الإسلام ابن تيمية - عرض ونقد	د. عبد الله بن صالح بن عبد العزيز الغصن	ShamAY	9585	0.2781
		الإمام الشافعي وموقفه من الرافضة	أبو عبد البر محمد كاوا	ShamAY	38506	0.27809
		السيرة النبوية لأبي الحسن الندوي	علي أبو الحسن بن عبد الحي بن فخر الدين الندوي (المتوفى: 1420هـ)	ShamAY	9914	0.27809
		 رسائل في ولاية الفقيه 	 رحمان ستايش ومحمد كاظم 	ABLibrary	9633	0.27809
		تهذيب اللغة [ج ١]	محمّد بن أحمد الأزهري	Rafed	1937	0.27808
		اعلام الهدايه (الامام محمد بن علي الجواد عليه السلام)	مجمع جهاني اهل بيت عليهم السلام	Ghbook	6502	0.27808
		مختصر منهاج السنة	تقي الدين أبو العباس أحمد بن عبد الحليم بن عبد السلام بن عبد الله بن أبي القاسم بن محمد ابن تيمية الحراني الحنبلي الدمشقي (المتوفى: 728ه)	ShamelaY19	21512	0.27802
		أصول الفقه - آيات وأحاديث الأحكام من أمالي الأستاذ الإمام	ابن باديس، عبد الحميد	ShamAY	38965	0.27796
		ثم أبصرت الحقيقة	محمد سالم الخضر	ShamAY	35303	0.2779
		رحمة للعالمين محمد رسول الله سيد الناس أجمعين نبي الرحمة، الرحمة المهداة خاتم المرسلين صلى الله عليه وسلم - نشأته، وأخلاقه، ومعجزاته، وعموم رسالته صلى الله عليه وسلم في ضوء الكتاب والسنة	د. سعيد بن على بن وهف القحطاني	Sham19Y	96721	0.27788
		 بحار الأنوار 	 العلامة المجلسي 	ABLibrary	774	0.27788
		في رحاب وليد الكعبة	السيد عادل العلوي	Masaha	344	0.27788
		البيوع القديمة والمعاصرة والبورصات المحلية والدولية	يوسف أحمد محمود السباتين	ShamAY	36547	0.27786
		العقوبات الماليَّة	عبد الرحمن السحيم	ShamAY	36616	0.27786
		قواعد مهمة في الأمر بالمعروف والنهي عن المنكر على ضوء الكتاب والسنة	د. حمود بن أحمد الرحيلي	ShamAY	1980	0.27785
		الاعتصام للشاطبي ت الشقير والحميد والصيني	إبراهيم بن موسى بن محمد اللخمي الغرناطي الشهير بالشاطبي (المتوفى: 790هـ)	ShamAY	445	0.27784
		شرح نهج البلاغه ابن ابي الحديد	ابن ابي الحديد معتزلي	Ghbook	2641	0.27781
		الأساليب النبوية في التعليم	علي بن نايف الشحود	ShamAY	34824	0.2778
		معارف الرجال في تراجم العلماء و الادباء - الجزء2	محمد حسين حرز الدين	Masaha	4038	0.2778
		حاشيه علي رساله في التقيه	ملا عبد اللّٰه بن محمد حسن مامقاني	Ghbook	11257	0.27776
		الأمور الميسرة لقيام الليل	وحيد بن عبد السلام بالي	ShamAY	1131	0.27775
		كشف غياهب الظلام عن أوهام جلاء الأوهام وبراءة الشيخ محمد بن عبد الوهاب عن مفتريات هذا الملحد الكذاب	سليمان بن سحمان بن مصلح بن حمدان بن مصلح بن حمدان بن مسفر بن محمد بن مالك بن عامر الخثعمي , التبالي , العسيري , النجدي (المتوفى : 1349هـ)	ShamAY	11353	0.27773
		تصحيح القراءة في نهج البلاغة	الشيخ خالد البغدادي	Masaha	196	0.27773
		 عبقات الأنوار في إمامة الأئمة الأطهار ( فارسي ) 	 السيد حامد النقوي 	ABLibrary	8490	0.2777
		شرح مصابيح السنة للإمام البغوي	محمَّدُ بنُ عزِّ الدِّينِ عبدِ اللطيف بنِ عبد العزيز بن أمين الدِّين بنِ فِرِشْتَا، الرُّوميُّ الكَرمانيّ، الحنفيُّ، المشهور بـ ابن المَلَك (المتوفى: 854 هـ)	ShamAY	32570	0.27767
		حجه المحققين في الرد علي المتشدقين	لجنة البحوث و الدراسات بالطريقة العزمية	Ghbook	7625	0.27762
		الفوائد العشر من حديث حذيفة كان الناس يسألون رسول الله عن الخير وكنت أسأله عن الشر	خليل بن إبراهيم العبيدي	ShamAY	35994	0.27761
		شهر شعبان	آيت الله العظمي سيد محمد حسيني شيرازي	Ghbook	7894	0.27761
		الخلاصة المفيدة في إثبات معاني صفات الله الحميدة وإبطال طريقة التفويض		ShamAY	35623	0.27756
		نظم حكم الأمويين ورسومهم في الأندلس	سالم بن عبد الله الخلف	ShamAY	7331	0.27755
		المجازر والتعصبات الطائفية في عهد الشيخ المفيد	الشيخ فارس الحسون	Masaha	398	0.27755
		تأويلات أهل السنّة [ج ٢]	أبي منصور محمّد بن محمّد بن محمود الماتريدي	Rafed	3963	0.27753
		سير الائمه ( عليهم السلام ) - في رحاب ائمه اهل البيت ( عليهم السلام ) - الامام ا...	محسن امين عاملي	Ghbook	4044	0.27751
		غزوة فتح مكة دروس وعبر	الواحدي :: أمير بن محمد المدري	ShamAY	37445	0.27749
		الامام زين العابدين عليه السلام قدوه الصالحين	آيت الله العظمي سيد محمد حسيني شيرازي	Ghbook	6351	0.27748
		 الإمام الصادق والمذاهب الأربعة 	 اسد حيدر 	ABLibrary	7425	0.27745
		سورة آل عمران، مصدرا عن الإسلام قبل البعثة النبوية، دراسة في الآيات /19، 85، 39	علي المحمداوي	ShamAY	33140	0.27742
		الشّهيد مسلم بن عقيل(ع)	السيد عبد الرزاق المقرم	Masaha	1702	0.27742
		سيره الائمه الاثني عشر ( عليهم السلام ) - الامام الصادق ( عليه السلام )	هاشم معروف الحسني	Ghbook	6246	0.27742
		الجامع اللطيف في فضل مكة وأهلها وبناء البيت الشريف‏	محمد بن محمد ابن ظهيرة	Masaha	4755	0.27739
		الشيخ محمد بن عبد الوهاب المجدد المفترى عليه	أحمد بن حجر بن محمد بن حجر بن أحمد بن حجر بن طامي بن حجر بن سند بن سعدون آل بوطامي البنعلي (المتوفى: 1423هـ)	ShamAY	7654	0.27738
		موسوعة مسائل الجمهور في الفقه الإسلامي	محمد نعيم محمد هاني ساعي	ShamelaY19	123511	0.27738
		اعتماد دعوة الشيخ محمد بن عبد الوهاب على الكتاب والسنة (مطبوع ضمن بحوث ندوة دعوة الشيخ محمد بن عبد الوهاب، الجزء الأول)	مناع بن خليل القطان (المتوفى: 1420ه)	Sham19Y	7511	0.27737
		شرح مقدمة التفسير لابن تيمية - العثيمين	محمد بن صالح بن محمد العثيمين (المتوفى: 1421هـ)	ShamAY	21521	0.27736
		خطرة الطيف	أبي عبد الله محمّد بن عبد الله بن سعيد بن أحمد السلماني [ لسان الدين بن الخطيب ]	Rafed	2292	0.27736
		أقصى الأماني في علم البيان والبديع والمعاني	الأنصاري، زكريا	ShamAY	34489	0.27734
		غذاء الأرواح بالمحادثة والمزاح	زين الدين مرعي بن يوسف الكرمي المقدسي	ShamelaY19	147065	0.27731
		نور الإسلام وظلمات الكفر في ضوء الكتاب والسنة	د. سعيد بن علي بن وهف القحطاني	ShamelaY19	96535	0.27729
		هذه هي المُتعة فاحذروها - دراسة وتحليل- رسالة مفتوحة لعشائر العراق الغيارى	عبد الرحمن الدولة	ShamAY	36324	0.27728
		فتح العلي الغفار بأن القبض من سنة النبي المختار	محمد مصطفى الشنقيطي	ShamAY	36598	0.27726
		سير الائمه ( عليهم السلام ) - في رحاب ائمه اهل البيت ( عليهم السلام ) - الامام ا...	محسن امين عاملي	Ghbook	6095	0.27725
		الأمثال للسدوسي	أبو فيد مؤرج بن عمرو بن الحارث السدوسي (المتوفى: 195هـ)	ShamAY	673	0.27716
		الحياة السياسية للامام الحسن عليه السلام	السيد جعفر مرتضى العاملي	Rafed	108	0.27716
		الحسين و بطلة كربلاء	الشيخ محمد جواد مغنية	Masaha	1940	0.27715
		في سبيل العقيدة الإسلامية	عبد اللطيف بن علي بن أحمد بن محمد السلطاني القنطري الجزائري (المتوفى: 1404هـ)	ShamAY	31655	0.27711
		حقوق أهل البيت عليهم السلام في القرآن الكريم	الناشر: مركز الرسالة	Rafed	600	0.2771
		أدب القاضي لابن القاص	أبو العباس أحمد بن أبي أحمد الطبري المعروف بابن القاص (المتوفى: 335 ه)	Sham19Y	18252	0.27706
		فتح المغيث بشرح الفية الحديث للعراقي	شمس الدين أبو الخير محمد بن عبد الرحمن بن محمد بن أبي بكر بن عثمان بن محمد السخاوي (المتوفى: 902هـ)	ShamAY	5963	0.27704
		الانتصار للقرآن للباقلاني	محمد بن الطيب بن محمد بن جعفر بن القاسم، القاضي أبو بكر الباقلاني المالكي (المتوفى: 403هـ)	ShamAY	1397	0.27701
		الفصول المهمة في تأليف الأمة	السيد عبدالحسين شرف الدين الموسوي	Rafed	167	0.277
		رَحمةٌ للعَالَمِين مُحَمَّدٌ رَسُولُ اللَّهِ سَيِّدُ النَّاسِ أَجمَعِين نَبيُّ الرَّحمةِ، الرَّحمَةُ المُهدَاةُ خَاتم المرسَلين صَلَّى اللَّهُ عَلَيْهِ وَسَلَّمَ - نَشأتهُ، وَأخلاقه، وَمُعجزاته، وَعُمُوم رِسَالَتِهِ صَلَّى اللَّهُ عَلَيْهِ وَسَلَّمَ في ضوء الكتاب والسُّنَّة	د. سعيد بن على بن وهف القحطاني	ShamAY	1983	0.27699
		وسائل الوصول إلى شمائل الرسول صلى الله عليه وآله وسلم	يوسف بن إسماعيل بن يوسف النبهاني (المتوفى: 1350ه)	ShamelaY19	23694	0.27697
		موسوعة الفرق المنتسبة للإسلام - الدرر السنية	مجموعة من المؤلفين	ShamelaY19	32150	0.27691
		الكشف المبين عن حقيقة القبوريين ، زيارة هود عليه السلام وما فيها من ضلالات ومنكرات	أحمد بن حسن المعلم	ShamAY	37770	0.27687
		ردع الإخوان عن محدثات آخر جمعة رمضان - سلسلة لقاء العشر الأواخر بالمسجد الحرام (7)	محمد عبد الحي بن محمد عبد الحليم الأنصاري اللكنوي الهندي، أبو الحسنات (المتوفى: 1304 هـ)	ShamAY	32393	0.27686
		أحاديث في الفتن والحوادث ط القاسم	محمد بن عبد الوهاب بن سليمان التميمي النجدي (المتوفى: 1206ه)	Sham19Y	7486	0.27686
		في سبيل العقيدة الإسلامية	عبد اللطيف بن علي بن أحمد بن محمد السلطاني القنطري الجزائري (المتوفى: 1404ه)	Sham19Y	115132	0.27685
		جوابات اهل الموصل	محمد بن  محمد بن نعمان شيخ مفيد	Ghbook	2496	0.27685
		المقاصد النحوية في شرح شواهد شروح الألفية المشهور بـ «شرح الشواهد الكبرى»	بدر الدين محمود بن أحمد بن موسى العيني (المتوفى 855 هـ)	ShamAY	32595	0.27682
		البعثه النبويه الشريفه و الدين الاسلامي	آيت الله العظمي سيد محمد حسيني شيرازي	Ghbook	8070	0.2768
		نصائح الهدى والدين	الشيخ محمد جواد البلاغي	Masaha	449	0.27676
		شرح مصابيح السنة للإمام البغوي	محمد بن عز الدين عبد اللطيف بن عبد العزيز بن أمين الدين بن فرشتا، الرومي الكرماني، الحنفي، المشهور ب ابن الملك (المتوفى: 854 ه)	Sham19Y	17791	0.27675
		الامام المهدي (عجل الله تعالي فرجه الشريف) في روايات اهل السنه	عبدالرحيم موسوي	Ghbook	6585	0.2767
		المجيد في إعراب القرآن المجيد	إبراهيم بن محمد بن إبراهيم القيسي السَّفَاقُسِي، أبو إسحاق: برهان الدين (المتوفى: 742هـ)	ShamAY	1557	0.27669
		شرح الاقتصاد في الاعتقاد - الراجحي	عبد العزيز بن عبد الله بن عبد الرحمن الراجحي	Sham19Y	36973	0.27665
		تفسير سورة الفاتحة لابن رجب	أبو الفرج عبد الرحمن بن أحمد بن رجب الدمشقي الحنبلي (المتوفى: 795 ه)	Sham19Y	29574	0.27663
		سعد السعود للنفوس	رضي الدين أبي القاسم	Masaha	300	0.2766
		إقامة البرهان في الرد على من أنكر خروج المهدي والدجال ونزول المسيح في آخر الزمان	حمود بن عبد الله بن حمود بن عبد الرحمن التويجري (المتوفى: 1413هـ)	ShamAY	32254	0.27658
		رسالة في فضل الخلفاء الراشدين (طبعت مفردة، ومنها نسخة مختصرة في مجموع الفتاوى)	تقي الدين أبو العباس أحمد بن عبد الحليم بن عبد السلام بن عبد الله بن أبي القاسم بن محمد ابن تيمية الحراني الحنبلي الدمشقي (المتوفى: 728ه)	ShamelaY19	38157	0.27658
		الزيادة والإحسان في علوم القرآن	محمد بن أحمد بن سعيد الحنفي المكي، شمس الدين، المعروف كوالده بعقيلة (المتوفى: 1150 ه)	ShamelaY19	150960	0.27655
		محبة الرسول بين الاتباع والابتداع	عبد الرءوف محمد عثمان	ShamAY	30862	0.27654
		تفسير السمرقندي = بحر العلوم	أبو الليث نصر بن محمد بن أحمد بن إبراهيم السمرقندي (المتوفى: 373ه)	ShamelaY19	23594	0.27651
		الدراري المضية شرح الدرر البهية	محمد بن علي بن محمد بن عبد الله الشوكاني اليمني (المتوفى: 1250هـ)	ShamAY	7264	0.27648
		الشيخ عز الدين بن عبد السلام - سلطان العلماء وبائع الأمراء	عَلي محمد محمد الصَّلاَّبي	ShamAY	256	0.27648
		جامع المسائل لابن تيمية ط عالم الفوائد - المجموعة السابعة	شيخ الإسلام أحمد بن عبد الحليم بن عبد السلام ابن تيمية (661 - 728 هـ)	ShamAY	37973	0.27647
		المبادئ المستنبطة من آيتي (58، 59) من سورة النساء لإقامة المجتمع الإسلامي		ShamAY	36908	0.27647
		حياة ابن أبي عقيل و فقهه	ابن أبي عقيل النعماني	Masaha	995	0.27646
		يوم في بيت الرسول	عبد الملك القاسم	ShamAY	37414	0.27642
		أحصاه الله ونسوه	عبد الملك بن محمد القاسم	ShamelaY19	95681	0.27642
		تاج العروس [ج ١١]	محبّ الدين أبي فيض السيد محمّد مرتضى الحسيني الواسطي الزبيدي الحنفي	Rafed	1505	0.27641
		 بحار الأنوار 	 العلامة المجلسي 	ABLibrary	784	0.27638
		علم فهرسة الحديث، نشأته، تطوره، أشهر ما دون فيه	يوسف عبد الرحمن المرعشلي	Sham19Y	37635	0.27637
		كشف الحقائق	الشيخ علي آل محسن	Rafed	3596	0.27625
		نزول القران الكريم وتاريخه وما يتعلق به	الدكتور محمد عمر حويه	ShamAY	12112	0.27624
		أحاديث المعازف حجيتها وأثرها في الفقه الإسلامي	طارق الطواري	ShamAY	36533	0.27624
		إتحاف النبلاء بأخبار الثقلاء (ت: عويضة)	السيوطي	ShamAY	36024	0.27621
		هل هناك فرق بين الخمينية والشيعة الإمامية ؟		ShamAY	35319	0.27621
		 تسلية الفؤاد في بيان الموت والمعاد 	 السيد عبد الله الشبر 	ABLibrary	8384	0.27618
		صور من حياة الصحابيات	عبد الرحمن رأفت الباشا (المتوفى: 1406ه)	Sham19Y	14542	0.27616
		الكميت وشعره في الغدير	الشيخ عبد الحسين الأميني النجفي	Masaha	386	0.27616
		 تاريخ دمشق 	 سهيل زكار 	ABLibrary	8990	0.27614
		مرويات الهجرة	الواحدي :: سلمان العودة	ShamAY	37446	0.27613
		الامام المهدي (عجل الله تعالي فرجه الشريف) في روايات اهل السنه	المجمع العالمي لاهل البيت عليهم السلام	Ghbook	7526	0.27611
		فتاوى د حسام عفانة	حسام الدين بن موسى محمد بن عفانة	ShamAY	10517	0.27605
		شرح عقيدة السلف للصابوني - ناصر العقل	ناصر بن عبد الكريم العلي العقل	ShamelaY19	37726	0.27604
		الصحيح من سيرة النبي الأعظم صلّى الله عليه وآله [ج ٥]	السيد جعفر مرتضى العاملي	Rafed	2486	0.27596
		أحكام وضوابط العورات في الطب الإسلامي	الأستاذ الدكتور حسان حتحوت	ShamAY	36123	0.27595
		الحجج الباهرة في إفحام الطائفة الكافرة الفاجرة	محمد بن أسعد الصديقي الدواني، جلال الدين (المتوفى: 918ه)	ShamelaY19	37537	0.27594
		مجموعة أبحاث في مناهج المفسرين		ShamAY	36986	0.27592
		إمعان النظر في مشروعية البغض والهجر، وإحياء ما عفا منه واندثر ((دراسة علمية في مشروعية البغض في الله والهجر فيه عز وجل))	أبو محمد عبد الكريم بن صالح بن عبد الكريم الحميد	ShamelaY19	36172	0.27592
		سيّد المرسلين صلّى الله عليه وآله [ج ٢]	الشيخ جعفر السبحاني	Rafed	766	0.27592
		الأسرار المرفوعة في الأخبار الموضوعة المعروف بالموضوعات الكبرى	علي بن (سلطان) محمد، أبو الحسن نور الدين الملا الهروي القاري (المتوفى: 1014هـ)	ShamAY	6056	0.2759
		الرَّوضُ البَاسمْ في الذِّبِّ عَنْ سُنَّةِ أبي القَاسِم - صَلَّى اللَّهُ عَلَيْهِ وَسَلَّمَ -	ابن الوزير، محمد بن إبراهيم بن علي بن المرتضى بن المفضل الحسني القاسمي، أبو عبد الله، عز الدين، من آل الوزير (المتوفى: 840هـ)	ShamAY	28	0.27588
		في السلوك الإسلامي القويم	ابن الشوكاني، أحمد بن محمد بن علي وهو ابن العلامة الشوكاني الكبير (المتوفى: 1281هـ)	ShamAY	31375	0.27588
		الشيخ عبدالله بن قعود رحمه الله الخطيب المفوه والعالم الناصح والمفتي المحقق	وضحاء عطا الله	ShamAY	35799	0.27586
		 دعوة إلى سبيل المؤمنين 	 طارق زين العابدين 	ABLibrary	880	0.27585
		الطواف في الطابق الاعلي من الكعبه	محمد جواد فاضل لنكراني	Ghbook	15212	0.27577
		حاشية الإرشاد ـ مقدمة	الشهيد الثاني	Masaha	1152	0.27574
		حديث إن الله كتب الإحسان على كل شيء .. دراسة حديثية نفسية	فالح بن محمد الصغير	ShamAY	35981	0.27573
		إرشاد العباد إلى معاني لمعة الاعتقاد	عبد الرحمن بن ناصر بن براك بن إبراهيم البراك	ShamAY	32404	0.27567
		عودوا إلى خَيرِ الهَدْي	محمد بن أحمد بن إسماعيل المقدم	ShamAY	31624	0.27562
		كيف تنجو من كرب الصراط	د. محمد بن إبراهيم النعيم	ShamAY	34929	0.2756
		مراسم عاشوراء شبهات وردود	السيد جعفر مرتضى العاملي	Masaha	408	0.27558
		آل الجرباء في التاريخ والأدب	محمد بن عمر بن عبد الرحمن العقيل المعروف بأبي عبد الرحمن ابن عقيل الظاهري	ShamAY	318	0.27554
		شرح الاقتصاد في الاعتقاد - الراجحي	عبد العزيز بن عبد الله بن عبد الرحمن الراجحي	ShamAY	38	0.2755
		جامع المسائل لابن تيمية ط عالم الفوائد - المجموعة الثالثة	شيخ الإسلام أحمد بن عبد الحليم بن عبد السلام ابن تيمية (661 - 728 هـ)	ShamAY	37982	0.2755
		الفصول العشره في الغيبه	ابن صباغ علي بن محمد	Ghbook	6067	0.27548
		من مشاهير المجددين في الإسلام	صالح بن فوزان بن عبد الله الفوزان	ShamAY	31084	0.27546
		إظهار الحق والصواب في حكم الحجاب والتبرج، والسفور، والخلوة بالمرأة الأجنبية، وسفرها بدون محرم، والاختلاط	د. سعيد بن على بن وهف القحطاني	Sham19Y	96548	0.27545
		 شرح العقيدة الإصفهانية 	 ابن تيميه 	ABLibrary	8459	0.27545
		الناسخ والمنسوخ في القرآن الكريم للقاضي أبي بكر بن العربي المعافري	أبو بكر بن العربي المعافري	ShamelaY19	133367	0.27544
		من معاناه الاسلام و المسلمين	آيت الله العظمي سيد محمد حسيني شيرازي	Ghbook	7854	0.27543
		الحدائق الناضرة [ج ٢٣]	الشيخ يوسف بن أحمد البحراني [ صاحب الحدائق ]	Rafed	2995	0.27541
		تهذيب اللغه	ابي منصور محمدبن احمد الازهري	Ghbook	16225	0.27536
		بحوث ودراسات في اللهجات العربية من إصدارات مجمع اللغة العربية بالقاهرة	مجموعة من المؤلفين	ShamAY	37199	0.27535
		جواهر الحكمه للشباب	محمد محمدي ري شهري	Ghbook	16000	0.27532
		إظهار الحق والصواب في حكم الحجاب والتبرج، والسفور، والخلوة بالمرأة الأجنبية، وسفرها بدون محرم، والاختلاط	د. سعيد بن على بن وهف القحطاني	ShamAY	1927	0.2753
		 الحسين وبطلة كربلاء 	 محمد جواد مغنيه 	ABLibrary	7484	0.2753
		مطالب السوول في مناقب آل الرسول ( صلوات الله عليهم اجمعين )	محمد بن طلحه نصيبي	Ghbook	6083	0.27529
		قاعدة في الانغماس في العدو وهل يباح	تقي الدين أبو العباس أحمد بن عبد الحليم بن عبد السلام بن عبد الله بن أبي القاسم بن محمد ابن تيمية الحراني الحنبلي الدمشقي (المتوفى: 728هـ)	ShamAY	11288	0.27527
		الثمرات الجنية في شرح البيقونية	سعد السعدان	ShamAY	37338	0.27526
		الأندلس من الفتح إلى السقوط	راغب الحنفي راغب السرجاني	ShamAY	11	0.27525
		الاستقامة	تقي الدين أبو العباس أحمد بن عبد الحليم بن عبد السلام بن عبد الله بن أبي القاسم بن محمد ابن تيمية الحراني الحنبلي الدمشقي (المتوفى: 728ه)	Sham19Y	6820	0.27522
		الحباء في الإيصاء	العلامة الفقيه السيّد نعمان خير الدين بن أبي الثناء السيد محمود الآلوسي	ShamAY	36128	0.2752
		علم التخريج ودوره في خدمة السنة النبوية - عبد الغفور البوشلي	عبد الغفور بن عبد الحق حسين بر البلوشي	Sham19Y	11296	0.2752
		آداب النوم	عادل الزرقي	ShamAY	34864	0.27517
		الإلمام بمعنى قول الفقهاء الأعلام: من نوى الإقامة فوق أربع لزمه الإتمام	عبد الرحمن بن فهد الدوسري	ShamAY	36419	0.27517
		علوم الحديث ومصطلحه - عرض ودراسة	د. صبحي إبراهيم الصالح (المتوفى: 1407ه)	ShamelaY19	96229	0.27514
		الأندلس من الفتح إلى السقوط	راغب الحنفي راغب السرجاني	ShamelaY19	21877	0.27514
		طبقات مشاهير الدمشقيين من أهل القرن الرابع عشر الهجري	محمد جمال الدين القاسمي (1283 - 1332هـ)	ShamAY	34654	0.27513
		تفسير السمرقندي = بحر العلوم	أبو الليث نصر بن محمد بن أحمد بن إبراهيم السمرقندي (المتوفى: 373ه)	Sham19Y	23594	0.27513
		رسول الإسلام محمد صلى الله عليه وسلم خاتم الأنبياء والمرسلين	إسلام محمود دربالة :: إسلام دربالة	ShamAY	37427	0.27502
		كلمه الامام الرضا ( عليه السلام )	حسن شيرازي	Ghbook	7984	0.27499
		فتاوى د حسام عفانة	حسام الدين بن موسى محمد بن عفانة	Sham19Y	10517	0.27498
		المنهج الصحيح	عبد الله بن محمد الغنيمان	ShamelaY19	36516	0.27497
		الأنوار الإلهية في المسائل العقائدية	آية الله الميرزا جواد التبريزي	Rafed	3103	0.27495
		وسائل الوصول إلى شمائل الرسول(ص)	علي بن أحمد السمهودي‏	Masaha	3032	0.27494
		وصيه النبي ( صلي الله عليه و آله و سلم )	علي موسي الكعبي	Ghbook	5308	0.27494
		زيادة الإيمان ونقصانه وحكم الاستثناء فيه	عبد الرزاق بن عبد المحسن البدر	ShamAY	11234	0.2749
		شرح الأربعين النووية في الأحاديث الصحيحة النبوية	تقي الدين أبو الفتح محمد بن علي بن وهب بن مطيع القشيري، المعروف بابن دقيق العيد (المتوفى: 702هـ)	ShamAY	11244	0.27489
		دلائل النبوة - السقار	منقذ بن محمود السقار	ShamAY	1280	0.27483
		زيادة الإيمان ونقصانه وحكم الاستثناء فيه	عبد الرزاق بن عبد المحسن البدر	Sham19Y	11234	0.27482
		السنة ومكانتها للسباعي ط المكتب الإسلامي	مصطفى بن حسني السباعي (المتوفى: 1384هـ)	ShamAY	1004	0.27477
		نكت وتنبيهات في تفسير القرآن المجيد	أبو العباس البسيلي التونسي (المتوفي 830 هـ)	ShamAY	983	0.27475
		تفسير السمرقندي = بحر العلوم	أبو الليث نصر بن محمد بن أحمد بن إبراهيم السمرقندي (المتوفى: 373هـ)	ShamAY	23594	0.27475
		الامام الصادق ( عليه السلام ) من المهد الي اللحد	آيت الله سيد محمد كاظم قزويني	Ghbook	4972	0.27472
		تاج العروس [ج ١٥]	محبّ الدين أبي فيض السيد محمّد مرتضى الحسيني الواسطي الزبيدي الحنفي	Rafed	1524	0.27471
		الحكمة في الدعوة إلى الله تعالى	د. سعيد بن علي بن وهف القحطاني	ShamAY	1953	0.27468
		تذكير الأنام بسنن وآداب الصيام	سالم جمال الهنداوي	ShamAY	31921	0.27466
		التوضيح الرشيد في شرح التوحيد المذيل بالتفنيد لشبهات العنيد	أبو عبد الله خلدون بن محمود بن نغوي الحقوي	ShamAY	31786	0.27466
		المفاهيم الصحيحة للجهاد في سبيل الله تعالى في ضوء الكتاب والسنة	د. سعيد بن علي بن وهف القحطاني	ShamelaY19	96476	0.27462
		أبو هريرة	السيد عبد الحسين شرف الدين	Masaha	74	0.27462
		خطرة الطيف رحلات في المغرب والأندلس‏	محمد بن عبد الله بن الخطيب	Masaha	4506	0.27459
		علم فهرسة الحديث، نشأته، تطوره، أشهر ما دُوِّنَ فيه	يوسف عبد الرحمن المرعشلي	ShamAY	997	0.27455
		نظرات في أشرطة سيرة الصديق والفاروق للدكتور طارق السويدان	أبو عبد الله الذهبي	ShamAY	35805	0.27455
		اعلام الهدايه (الامام الحسن المجتبي عليه السلام)	جمعي از نويسندگان	Ghbook	6051	0.27453
		إِمْعَانُ النَّظَرِ في مشروعية البغض والهجر، وإحياء ما عفا منه واندثر ((دراسة علمية في مشروعية البغض في الله والهجر فيه عَزَّ وَجَل))	أبو محمد عبد الكريم بن صالح بن عبد الكريم الحميد	ShamAY	1021	0.27451
		الجامع الصحيح للسنن والمسانيد	صهيب عبد الجبار	ShamAY	31842	0.2745
		اتحاف السادة المتقين بشرح إحياء علوم الدين	محمد بن محمد بن الحسيني الزبيدي الشهير بمرتضى	ShamAY	35035	0.27448
		تذكير الأنام بسنن وآداب الصيام	سالم جمال الهنداوي	Sham19Y	13269	0.27448
		 السلطان المفرج عن أهل الإيمان 	 السيد بهاء الدين علي النيلي النجفي 	ABLibrary	7546	0.27445
		الاستقامة	تقي الدين أبو العباس أحمد بن عبد الحليم بن عبد السلام بن عبد الله بن أبي القاسم بن محمد ابن تيمية الحراني الحنبلي الدمشقي (المتوفى: 728هـ)	ShamAY	6820	0.27443
		فاسألوا أهل الذّكر	الدكتور محمّد التيجاني السماوي	Rafed	1214	0.27438
		رسائل السنة والشيعة لرشيد رضا	محمد رشيد بن علي رضا بن محمد شمس الدين بن محمد بهاء الدين بن منلا علي خليفة القلموني الحسيني (المتوفى: 1354هـ)	ShamAY	12723	0.27437
		 الانتصارات الإسلامية في كشف شبه النصرانية 	 سليمان بن عبد القوي الطوفي الصرصي الحنبلي 	ABLibrary	8313	0.27435
		الشعر والشعراء	أبو محمد عبد الله بن مسلم بن قتيبة الدينوري (المتوفى: 276هـ)	ShamAY	23785	0.27434
		مختصر الفقه الإسلامي في ضوء القرآن والسنة	محمد بن إبراهيم بن عبد الله التويجري	ShamelaY19	36185	0.27431
		 معجم ما كتب في الحج والزيارة والمعالم المشرفة في الحجاز 	 عبد الجبار الرفاعي 	ABLibrary	9216	0.27425
		المختصر في علم الأثر (مطبوع ضمن كتاب: رسالتان في المصطلح)	محمد بن سليمان بن سعد بن مسعود الرومي الحنفي محيي الدين، أبو عبد الله الكافِيَجي (المتوفى: 879هـ)	ShamAY	5975	0.27424
		الحث على اتباع السنة والتحذير من البدع وبيان خطرها	عبد المحسن بن حمد بن عبد المحسن بن عبد الله بن حمد العباد البدر	ShamAY	7605	0.27422
		الخلاصة في أحكام الأسرى	علي بن نايف الشحود	ShamAY	1621	0.27422
		علم التخريج ودوره في خدمة السنة النبوية - عبد الغفور البوشلي	عبد الغفور بن عبد الحق حسين بر البلوشي	ShamAY	11296	0.27421
		كشف الوجه بين المبيحين والمانعين	محمد بن خالد الحميد	ShamAY	36410	0.27421
		الأربعون في ردع المجرم عن سب المسلم	ابن حجر العسقلاني	ShamAY	34808	0.27418
		الإمام الصادق عليه السلام [ج ١]	الشيخ محمّد حسين المظفّر	Rafed	685	0.27418
		النبوغ المغربي في الأدب العربي	عبد الله كنون الحسني (المتوفى: 1409 ه)	ShamelaY19	148529	0.27416
		السنة ومكانتها في التشريع الإسلامي	مصطفى بن حسني السباعي (المتوفى: 1384هـ)	ShamAY	1005	0.27412
		البرهان في علوم القرآن [ج ١]	بدر الدين محمّد بن عبد الله الزّركشي	Rafed	2086	0.27409
		الحجج الباهرة في إفحام الطائفة الكافرة الفاجرة	محمد بن أسعد الصديقي الدَّوَّاني، جلال الدين (المتوفى: 918هـ)	ShamAY	923	0.27408
		المناهل الحسان في دروس رمضان	الواحدي :: عبد العزيز السلمان	ShamAY	35008	0.27408
		تفسير القرآن العزيز لابن أبي زمنين	أبو عبد الله محمد بن عبد الله بن عيسى بن محمد المري، الإلبيري المعروف بابن أبي زَمَنِين المالكي (المتوفى: 399هـ)	ShamAY	1638	0.27405
		السجود علي التربه الحسينيه	عبدالرضا الحسيني الشهرستاني	Ghbook	12341	0.27405
		الروض المعطار في خبر الأقطار	أبو عبد الله محمد بن عبد الله بن عبد المنعم الحميرى (المتوفى: 900ه)	Sham19Y	1043	0.27404
		دركات النار من الكتاب وصحيح الأخبار	حاتم بن الشربيني	ShamAY	34919	0.27402
		 المواهب اللدنية بالمنح المحمدية 	 الشيخ أحمد بن محمد القسطلانى 	ABLibrary	7804	0.27401
		فتح الرحمن في بيان هجر القرآن	أبو أنس محمد بن فتحي آل عبد العزيز، أبو عبد الرحمن محمود بن محمد الملاح	ShamAY	32215	0.27399
		جواهر من أقوال الرسول	ياسر بن أحمد بن محمود بن أحمد بن أبي الحمد الكويس الحمداني	ShamelaY19	37569	0.27399
		 الكامل في التاريخ 	 ابن الأثير 	ABLibrary	8254	0.27397
		القصر في السفر علي ضوء الكتاب و السنه	آيت الله العظمي جعفر سبحاني	Ghbook	5053	0.27395
		أصول في التفسير	محمد بن صالح بن محمد العثيمين (المتوفى: 1421ه)	ShamelaY19	21796	0.27394
		تعليقات على كشف الشبهات	د.عبد العزيز بن محمد بن علي آل عبد اللطيف	ShamAY	35510	0.27393
		أحكام ولد الزنا	إبراهيم القصير	ShamAY	36221	0.27388
		التاريخ القويم لمكة وبيت الله الكريم‏  - الجزء1	محمد طاهر الكردي	Masaha	4343	0.27388
		حماسة القرشي	عباس بن محمد بن مسعود القرشي النجفي (المتوفى : 1299هـ)	ShamAY	2512	0.27381
		الإيمان والرد على أهل البدع (مطبوع ضمن مجموعة الرسائل والمسائل النجدية لبعض علماء نجد الأعلام، الجزء الثاني)	عبد الرحمن بن حسن بن محمد بن عبد الوهاب بن سليمان التميمي (المتوفى: 1285هـ)	ShamAY	9841	0.2738
		 رياضة النفس ( ويليه نحو القلوب ) 	 الحكيم الترمذي 	ABLibrary	8695	0.27379
		المدخل إلى علم القراءات، لفضيلة الشيخ محمد بن محمود حوا		ShamAY	36964	0.27377
		اقتضاء الصراط المستقيم لمخالفة أصحاب الجحيم	تقي الدين أبو العباس أحمد بن عبد الحليم بن عبد السلام بن عبد الله بن أبي القاسم بن محمد ابن تيمية الحراني الحنبلي الدمشقي (المتوفى: 728هـ)	ShamAY	11620	0.27375
		كن صحابيا	راغب السرجاني	ShamAY	849	0.27374
		أدب الاختلاف في الإسلام	طه جابر فياض العلواني	ShamAY	1523	0.27374
		الخلاصة في أحاديث الطائفة المنصورة	الواحدي :: علي بن نايف الشحود	ShamAY	36068	0.27372
		أصول في التفسير	محمد بن صالح بن محمد العثيمين (المتوفى: 1421ه)	Sham19Y	21796	0.27369
		أدب الاختلاف في الإسلام	طه جابر فياض العلواني	Sham19Y	1523	0.27365
		الوجيز في حقوق الإولاد في الإسلام - ط2	علي بن نايف الشحود	ShamAY	34841	0.27363
		المنتخب من صحيح السنة النبوية (وهو المنهج المقرر للمرحلة الأولى من كلية العلوم الإسلامية - جامعة الأنبار)	الدكتور ماهر ياسين الفحل	ShamAY	1766	0.27359
		مرآة العقول [ج ٧]	الشيخ محمّد باقر بن محمّد تقي المجلسي	Rafed	1022	0.27359
		عقد الدرر فيما صَحَّ في فضائل السور	أيمن أبانمي	ShamAY	36843	0.27357
		من لا يحضره الفقيه - الجزء1	الشيخ الصدوق	Masaha	539	0.27355
		ذكر المدلسين	أبو عبد الرحمن أحمد بن شعيب بن علي الخراساني، النسائي (المتوفى: 303هـ)	ShamAY	25868	0.27342
		السيرة الحلبية في سيرة الأمين المأمون - المعرفة	علي بن إبراهيم بن أحمد الحلبي، أبو الفرج، نور الدين ابن برهان الدين (المتوفى: 1044هـ)	ShamAY	34439	0.27342
		الصحيح من سيرة النبي الأعظم صلّى الله عليه وآله [ج ٢٢]	السيد جعفر مرتضى العاملي	Rafed	2524	0.2734
		اللهوف	سيد رضي الدين علي بن موسي بن طاووس ابن طاووس	Ghbook	2457	0.2734
		حكم تقنين الشريعة الإسلامية	عبد الرحمن بن سعد الشثري	ShamAY	36342	0.27335
		مصادر السيرة النبوية	ضيف الله بن يحي الزهراني	Sham19Y	11576	0.27335
		مسائل الإمام أحمد رواية أبي داود السجستاني	أبو عبد الله أحمد بن محمد بن حنبل بن هلال بن أسد الشيباني (المتوفى: 241ه)	ShamelaY19	21487	0.2733
		موسوعه زيارات المعصومين عليهم السلام	موسسه پيام امام هادي عليه السلام	Ghbook	14754	0.2733
		مسائل الإمام ابن باز رحمه الله تعالى	عبد العزيز بن عبد الله بن باز (المتوفى: 1420ه)	Sham19Y	14566	0.27325
		أحكام العيدين في السنة المطهرة	أبو الحارث علي بن حسن بن علي بن عبد الحميد الحلبي	ShamAY	26142	0.27324
		المنتقى شرح الموطإ	أبو الوليد سليمان بن خلف بن سعد بن أيوب بن وارث التجيبي القرطبي الباجي الأندلسي (المتوفى: 474هـ)	ShamAY	6684	0.27321
		 سلسلة المسائل الفقهية 	 الشيخ السبحاني 	ABLibrary	9575	0.2732
		مناهج المفسرين	الدكتور منيع عبد الحليم محمود	Rafed	876	0.27316
		مكاتبات ابن باز	محمد بن إبراهيم الحمد	ShamAY	33476	0.27315
		بحار الأنوار [ج ٣٠]	الشيخ محمّد باقر بن محمّد تقي المجلسي	Rafed	913	0.27315
		جواب في صيغ الحمد	محمد بن أبي بكر بن أيوب بن سعد شمس الدين ابن قيم الجوزية (المتوفى: 751هـ)	ShamAY	6841	0.27311
		نهج البيان عن كشف معاني القرآن [ج ١]	محمّد بن الحسن الشيباني	Rafed	1628	0.27311
		تيسير الاعتقاد شرح لمعة الاعتقاد	سليمان اللهيميد	ShamAY	35737	0.27309
		الصحيح من سيرة النبي الأعظم صلّى الله عليه وآله [ج ٢٩]	السيد جعفر مرتضى العاملي	Rafed	2644	0.27307
		الزام الناصب في اثبات الحجة الغائب عجل الله تعالي فرجه الشريف	علي يزدي حائري	Ghbook	9253	0.27307
		مجموعة الرسائل والمسائل والفتاوى	حمد بن ناصر بن عثمان بن معمر النجدي التميمي الحنبلي (المتوفى: 1225هـ)	ShamAY	11380	0.27306
		التوهم في وصف أحوال الآخرة	الحارث بن أسد المحاسبي، أبو عبد الله (المتوفى: 243ه)	ShamelaY19	21799	0.27304
		ثلاث رسائل في الصلاة	عبد العزيز بن عبد الله بن باز (المتوفى: 1420ه)	ShamelaY19	31256	0.27304
		المعالم الأثيرة في السنة و السيرة	محمد حميد الله‏	Masaha	2873	0.27304
		الهمة طريق إلى القمة	محمد بن حسن بن عقيل موسى الشريف	ShamelaY19	36525	0.27302
		مختصر منهاج السنة	تقي الدين أبو العباس أحمد بن عبد الحليم بن عبد السلام بن عبد الله بن أبي القاسم بن محمد ابن تيمية الحراني الحنبلي الدمشقي (المتوفى: 728هـ)	ShamAY	21512	0.27298
		الروض المعطار في خبر الأقطار	أبو عبد الله محمد بن عبد الله بن عبد المنعم الحِميرى (المتوفى: 900هـ)	ShamAY	1043	0.27298
		المحرّر الوجيز في تفسير الكتاب العزيز [ج ٢]	أبي محمّد عبدالحقّ بن غالب بن عطيّة الأندلسي	Rafed	3294	0.27295
		عمده المقال في كفر اهل الضلال	حسن بن علي كركي عاملي	Ghbook	15643	0.27295
		موسوعة الخطب المنبرية	علي بن نايف الشحود	ShamAY	32987	0.27289
		سلوة الأحزان للاجتناب عن مجالسة الأحداث والنسوان	نُسب لأبي بكر الخفاف (المتوفى: 543 هـ) ، والظاهر أنه لمحمد بن حميد المشتولي (المتوفى: بعد 1167هـ)	ShamAY	655	0.27281
		مسامرات الظريف بحسن التعريف	محمد بن عثمان بن محمد السنوسي، أبو عبد الله (المتوفى: 1318ه)	Sham19Y	5440	0.2728
		المنحه الوهبيه في رد الوهابيه	طحاوي، احمد بن محمد	Ghbook	7589	0.27279
		مصادر السيرة النبوية	ضيف الله بن يحي الزهراني	ShamAY	11576	0.27278
		الكوكب الأنور على عقد الجوهر في مولد النبي الأزهر(ص)	جعفر بن حسن البرزنجي‏	Masaha	2859	0.27276
		المدخل الي تاريخ التفسير والمفسرين	حسين علوي مهر	Ghbook	14948	0.27275
		ثلاثون سوالا في الفكر الاسلامي	آيت الله العظمي سيد محمد حسيني شيرازي	Ghbook	8141	0.27275
		آثار الشيخ محمد بن عبد الوهاب	أحمد محمد الضبيب	ShamAY	7477	0.27274
		التبصير في الدين وتمييز الفرقة الناجية عن الفرق الهالكين	طاهر بن محمد الأسفراييني، أبو المظفر (المتوفى: 471هـ)	ShamAY	6376	0.27272
		قطوف من الشمائل المحمدية والأخلاق النبوية والآداب الإسلامية	محمد بن جميل زينو	ShamAY	37403	0.27271
		المعالم الأثيرة في السنة والسيرة	محمد محمد حسن الشراب	Masaha	4773	0.27268
		الداء والدواء = الجواب الكافي ط عالم الفوائد	أبو عبدالله محمد بن أبي بكر بن أيوب ابن قيم الجوزية (691 - 751)	ShamelaY19	98093	0.27267
		فتاوى وأحكام في نبي الله عيسى عليه السلام	الواحدي :: ابن جبرين	ShamAY	37645	0.27263
		الديباج الوضي في الكشف عن أسرار كلام الوصي (شرح نهج البلاغة)	يحيي بن حمزه الحسيني	Ghbook	15848	0.27262
		منهج الإمام الطاهر بن عاشور في التفسير	نبيل أحمد صقر	ShamAY	1237	0.27256
		رسالتان في الصلاة	عبد العزيز بن عبد الله بن باز (المتوفى: 1420ه)	ShamelaY19	31261	0.27251
		موقف الأمة من منكر الحكام في ظل التحديات المعاصرة	أ. خالد تربان - أ. محمود عجور	ShamAY	36644	0.27249
		نقد المنقول والمحك المميز بين المردود والمقبول - ط القادري	محمد بن أبي بكر أيوب الزرعي ابن القيم أبو عبد الله	ShamAY	34407	0.27245
		الزّواج الموفّق	الشيخ محمّد جواد المروّجي الطبسي	Rafed	911	0.27242
		الشورى فريضة إسلامية	عَلي محمد محمد الصَّلاَّبي	ShamAY	215	0.27239
		المسالك والممالك للبكري	أبو عبيد عبد الله بن عبد العزيز بن محمد البكري الأندلسي (المتوفى: 487ه)	ShamelaY19	23849	0.27239
		فاسألوا أهل الذكر	د. محمد التيجاني السماوي	Masaha	354	0.27239
		التوهم في وصف أحوال الآخرة	الحارث بن أسد المحاسبي، أبو عبد الله (المتوفى: 243هـ)	ShamAY	21799	0.27232
		كن صحابيا	راغب السرجاني	ShamelaY19	37381	0.27232
		الصحيح من سيرة النبي الأعظم صلّى الله عليه وآله [ج ٣]	السيد جعفر مرتضى العاملي	Rafed	2481	0.27231
		عاشوراء بين الصّلح الحسني والكيد السّفياني	السيد جعفر مرتضى العاملي	Rafed	1538	0.27229
		الخلاصة في حقوق النبي صلى الله عليه وسلم	الواحدي :: علي بن نايف الشحود	ShamAY	36082	0.27228
		تحفة المجيب على أسئلة الحاضر والغريب	أبو عبد الرحمن مقبل بن هادي بن مقبل بن قائدة (اسم رجل) الهمداني الوادعي (المتوفى: 1422ه)	Sham19Y	96784	0.27226
		الولاء والبراء في الإسلام - البركاتي	أبو عاصم الشحات شعبان محمود عبد القادر البركاتي المصري	ShamAY	1757	0.27224
		العاقبة في ذكر الموت	عبد الحق بن عبد الرحمن بن عبد الله بن الحسين بن سعيد إبراهيم الأزدي، الأندلسي الأشبيلي، المعروف بابن الخراط (المتوفى: 581ه)	Sham19Y	6862	0.27223
		 بحار الأنوار 	 العلامة المجلسي 	ABLibrary	762	0.27223
		العجاب في بيان الأسباب	أبو الفضل أحمد بن علي بن محمد بن أحمد بن حجر العسقلاني (المتوفى: 852هـ)	ShamAY	2102	0.27222
		اتباع لا ابتداع. . قواعد وأسس في السنة والبدعة	حسام الدين بن موسى محمد بن عفانة	ShamAY	816	0.2722
		البقيع	مركز تحقيقات حج	Ghbook	10448	0.2722
		الخلاف - الجزء1	الشيخ الطوسي	Masaha	692	0.27215
		فهرس مخطوطات القرويين		ShamAY	37621	0.27208
		طلائع الصوفية	أبو العزايم جاد الكريم بكير	ShamAY	35399	0.27205
		سيره الائمه ( عليهم السلام ) باسلوب قصصي ميسر - الامام العسكري ( عليه السلام )	محمد رضا عباس محمد دباغ	Ghbook	6232	0.27202
		مناهج المفسرين	منيع بن عبد الحليم محمود (المتوفى: 1430ه)	Sham19Y	38093	0.27201
		حجية خبر الآحاد في العقائد والأحكام - عامر حسن صبري	عامر بن حسن صبري	ShamAY	11153	0.27198
		الذب عن مذهب الإمام مالك	أبو محمد عبد الله بن (أبي زيد) عبد الرحمن النفزي، القيرواني، المالكي (المتوفى: 386 هـ)	ShamAY	32672	0.27198
		الزواج الموقت في الاسلام	مرتضي عسكري	Ghbook	6732	0.27197
		المنتخب من صحيح السنة النبوية (وهو المنهج المقرر للمرحلة الأولى من كلية العلوم الإسلامية - جامعة الأنبار)	الدكتور ماهر ياسين الفحل	Sham19Y	1766	0.27196
		اتحاف الفقهاء في تحقيق مسألة اختلاف القراءات والقرّاء	الميرزا محسن آل عصفور	Masaha	1649	0.27196
		صور من حياة الصحابيات	عبد الرحمن رأفت الباشا (المتوفى: 1406هـ)	ShamAY	32138	0.27195
		تنوير البصائر للنهي عن المناكر	عبد الفتاح حمداش بن عمر بن أحمد زراوي الجزائري السني	ShamAY	33211	0.27194
		المعالم الأثيرة في السنة والسيرة	محمد بن محمد حسن شراب	Sham19Y	23677	0.27194
		الخصال المكفرة للذنوب	شمس الدين، محمد بن أحمد الخطيب الشربيني الشافعي (المتوفى: 977ه)	Sham19Y	9279	0.27194
		دعوه الي سبيل المومنين	طارق زين العابدين	Ghbook	7645	0.27194
		اتباع اهل البيت عليهم السلام	علي آل محسن	Ghbook	11220	0.27194
		التعليق على فتح الباري	عبد الله بن محمد بن أحمد الدويش (المتوفى: 1409هـ)	ShamAY	10470	0.27191
		قاعدة في الصبر	تقي الدين أبو العباس أحمد بن عبد الحليم بن عبد السلام بن عبد الله بن أبي القاسم بن محمد ابن تيمية الحراني الحنبلي الدمشقي (المتوفى: 728هـ)	ShamAY	12153	0.27191
		مناهج المفسرين	منيع بن عبد الحليم محمود (المتوفى: 1430ه)	ShamelaY19	38093	0.27191
		الأصول الشرعية في التوحيد والشرك، والسنة والبدعة، والتاريخ والصحابة، والدعوة والمنهج، والكفار والجهاد	ناصر الفهد	ShamAY	35721	0.2719
		الغريب المصنف	أبو عُبيد القاسم بن سلاّم بن عبد الله الهروي البغدادي (المتوفى: 224هـ)	ShamAY	1536	0.27189
		 أدب الطف أو شعراء الحسين ( ع ) 	 جواد شبر 	ABLibrary	7402	0.27188
		مسامرات الظريف بحسن التعريف	محمد بن عثمان بن محمد السنوسي، أبو عبد الله (المتوفى: 1318هـ)	ShamAY	5440	0.27184
		الصارم البتار للإجهاز على من خالف الكتاب والسنة والإجماع والآثار	حمود بن عبد الله بن حمود بن عبد الرحمن التويجري (المتوفى: 1413ه)	ShamelaY19	35155	0.27183
		المفصل في أحكام العقيقة	حسام الدين بن موسى محمد بن عفانة	ShamelaY19	37333	0.27181
		شرح الأربعين النووية للإمام النووي رحمه الله	سليمان اللهيميد	ShamAY	35962	0.27177
		التصنيف في مصطلح الحديث بين مدرستي الحديث والفقه	أبو ذر عبد القادر بن مصطفى بن عبد الرزاق المحمدي	ShamelaY19	117135	0.27177
		تحفة المجيب على أسئلة الحاضر والغريب	أَبِو عَبد الرَّحمَن مُقْبلُ بنُ هَادِي بنِ مُقْبِلِ بنِ قَائِدَةَ (اسم رجل) الهَمْدَاني الوادعِيُّ (المتوفى: 1422هـ)	ShamAY	1999	0.27175
		تحريم النظر في كتب الكلام	أبو محمد موفق الدين عبد الله بن أحمد بن محمد بن قدامة الجماعيلي المقدسي ثم الدمشقي الحنبلي، الشهير بابن قدامة المقدسي (المتوفى: 620هـ)	ShamAY	6467	0.27174
		الصحيح من سيرة النبي الأعظم صلّى الله عليه وآله [ج ١٩]	السيد جعفر مرتضى العاملي	Rafed	2514	0.27172
		الجامع اللطيف	محمد بن محمد ابن ظهيره	Ghbook	8363	0.2717
		قوة العقيدة سبيل النصر في غزوة بدر الكبرى	محمد عبد المقصود جاب الله	ShamelaY19	23078	0.27169
		الدولة الفاطمية	عَلي محمد محمد الصَّلاَّبي	ShamAY	245	0.27168
		وصية الشيخ السلمي	محمد بن الحسين بن محمد بن موسى بن خالد بن سالم النيسابوري، أبو عبد الرحمن السلمي (المتوفى: 412ه)	Sham19Y	6890	0.27167
		 الموسوعة الكبرى عن فاطمة الزهراء ( س ) 	 اسماعيل الأنصاري الزنجاني الخوئيني 	ABLibrary	7830	0.27166
		شرح السير الكبير إملاء محمد بن أحمد السرخسي	الواحدي :: محمد بن الحسن الشيباني	ShamAY	34348	0.27162
		السلطان المفرج عن أهل الإيمان فيمن رأى صاحب الزمان(عج)	علي بن علي بن محمد الفقعاني	Masaha	2040	0.27162
		اعتماد دعوة الشيخ محمد بن عبد الوهاب على الكتاب والسنة (مطبوع ضمن بحوث ندوة دعوة الشيخ محمد بن عبد الوهاب، الجزء الأول)	مناع بن خليل القطان (المتوفى: 1420هـ)	ShamAY	7511	0.27161
		تحفه الابرار في مناقب الائمه الاطهار عليهم السلام	طبري ، عمادالدين حسن بن علي ( صاحب "كامل بهائي" - قرن هفتم )	Ghbook	9221	0.2716
		الذب عن مذهب الإمام مالك	أبو محمد عبد الله بن (أبي زيد) عبد الرحمن النفزي، القيرواني، المالكي (المتوفى: 386 ه)	Sham19Y	18606	0.27156
		شذا الريحان في روائع رمضان	جميلة المصريفي	ShamAY	35110	0.27155
		المعالم الأثيرة في السنة والسيرة	محمد بن محمد حسن شُرَّاب	ShamAY	23677	0.27155
		الحجج السلفية في الرد على آراء ابن فرحان المالكي البدعية	عبد العزيز بن ريس الريس	ShamAY	35702	0.27151
		تنزيه القرآن الكريم عن دعاوى المبطلين	منقذ بن محمود السقار	ShamelaY19	95574	0.2715
		الصلاة وصف مفصل للصلاة بمقدماتها مقرونة بالدليل من الكتاب والسنة، وبيان لأحكامها وآدابها وشروطها وسننها من التكبير حتى التسليم	أ. د / عبد الله بن محمد بن أحمد الطيار	ShamAY	7662	0.27149
		إسهامات المجتمع في دعم جمعيات التحفيظ	عبد المحسن الزكري	ShamAY	36771	0.27149
		نهج الدعاء	محمّد الري شهري	Rafed	3129	0.27148
		شرح ألفية العراقي في علوم الحديث	عبد الرحمن بن أبي بكر بن محمد، زين الدين المعروف بابن العيني الحنفي (المتوفى: 893هـ)	ShamAY	1973	0.27146
		إلى المجمع العالمي بدمشق	السيد عبد الحسين شرف الدين	Masaha	83	0.27144
		 دفع الشبه عن الرسول ( ص ) 	 الحصني الدمشقي 	ABLibrary	925	0.27141
		الف سوال و اشكال علي المخالفين لاهل البيت الطاهرين (ع)	علي كوراني	Ghbook	4598	0.27139
		كلمه الرسول الاعظم ( صلي الله عليه و آله )	حسن شيرازي	Ghbook	5309	0.27139
		رَفعُ الأَسْتَار المُسّبِلَةُ عَنْ مَبَاحِثِ البَسّمَلَةِ	محمد حامد محمد	ShamAY	33143	0.27138
		الإيمان والرد على أهل البدع	عبد الرحمن بن حسن آل الشيخ	ShamAY	35723	0.27134
		إلى المجمع العلمي العربي بدمشق	السيد عبدالحسين شرف الدين الموسوي	Rafed	3436	0.27134
		دفع الشبه عن الرسول (ص) و الرساله	ابوبكر بن محمد حصني	Ghbook	5310	0.27133
		النظر من النسوة للرجال بغير شهوة	محمد العماري	ShamelaY19	36440	0.27132
		مناهج المفسرين	منيع بن عبد الحليم محمود (المتوفى: 1430هـ)	ShamAY	1236	0.27131
		فصول ومسائل تتعلق بالمساجد	عبد الله بن عبد الرحمن بن عبد الله بن إبراهيم بن فهد بن حمد بن جبرين (المتوفى: 1430ه)	ShamelaY19	31288	0.27131
		خطبة الجمعة وأحكامها الفقهية	عبد العزيز بن محمد بن عبد الله الحجيلان	ShamelaY19	31259	0.27131
		التواصي و المواساه طريقا الاصلاح	آيت الله العظمي سيد محمد حسيني شيرازي	Ghbook	7815	0.27129
		شرح زيارة العاشوراء	الملّا حبيب الله الشريف الكاشاني	Rafed	3130	0.27128
		قضية التحكيم قي موقعة صفين بين الحقائق و الأباطيل	خالد كبير علال	ShamAY	37143	0.27124
		إرشاد الثقات إلى اتفاق الشرائع على التوحيد والمعاد والنبوات	محمد بن علي بن محمد بن عبد الله الشوكاني اليمني (المتوفى: 1250هـ)	ShamAY	6455	0.27124
		اللّباب في علوم الكتاب [ج ١٩]	أبي حفص عمر بن علي بن عادل الدمشقي الحنبلي	Rafed	3125	0.27121
		الصحيح من سيرة النبي الأعظم صلّى الله عليه وآله [ج ١٨]	السيد جعفر مرتضى العاملي	Rafed	2511	0.27114
		دراسات في علوم القرآن - فهد الرومي	أ. د. فهد بن عبد الرحمن بن سليمان الرومي	ShamAY	12011	0.27111
		الزهور العطرة في رياض المغفرة	يوسف الساجر	ShamAY	35064	0.2711
		المتعه	آيت الله علي حسيني ميلاني	Ghbook	4552	0.2711
		تنقيح القول الحثيث في شرح لباب الحديث	محمد بن عمر النووي البنتني	ShamAY	35984	0.27109
		ضرورة الاهتمام بالسنن النبوية	أبو عبد الرحمن عبد السلام بن برجس بن ناصر آل عبد الكريم (المتوفى: 1425 هـ)	ShamAY	32286	0.27108
		الإرشاد إلى توحيد رب العباد	عبد الرحمن بن حماد آل عمر	ShamelaY19	36499	0.27108
		موسوعة حديث الثقلين [ج ٤]	مركز الأبحاث العقائديّة	Rafed	1421	0.27108
		جواهر من أقوال الرسول	يَاسِر بْنُ أَحْمَدَ بْنِ محْمُودِ بْنِ أَحْمَدَ بْنِ أَبي الحَمْدِ الْكُوَيِّس الحَمَدَاني	ShamAY	1080	0.27107
		الآثار لأبي يوسف	أبو يوسف يعقوب بن إبراهيم بن حبيب بن سعد بن حبتة الأنصاري (المتوفى: 182هـ)	ShamAY	12987	0.27106
		فاجعه الطف	آيت الله سيد محمد كاظم قزويني	Ghbook	5973	0.27104
		نهاية المرام في شرح مختصر شرائع الإسلام - الجزء1	محمد بن علي الموسوي العاملي	Masaha	1227	0.27102
		العاقبة في ذكر الموت	عبد الحق بن عبد الرحمن بن عبد الله بن الحسين بن سعيد إبراهيم الأزدي، الأندلسي الأشبيلي، المعروف بابن الخراط (المتوفى: 581هـ)	ShamAY	6862	0.27099
		شفاء العليل في مسائل القضاء والقدر والحكمة والتعليل	محمد بن أبي بكر أيوب الزرعي أبو عبد الله	ShamAY	34426	0.27097
		المشوق إلى القراءة وطلب العلم	علي بن محمد بن حسين العِمران	ShamAY	12300	0.27096
		من ادعية الحبيب المصطفي (صلي الله عليه و آله وسلم ) 	علي كوراني	Ghbook	15143	0.27092
		الأصول الاعتقادية للأذكار النبوية	-	ShamAY	34877	0.27087
		انوار البدرين في تراجم علماء القطيف و الاحساء و البحرين	علي بن حسن بلادي بحراني	Ghbook	7606	0.27086
		تنزيه القرآن الكريم عن دعاوى المبطلين	منقذ بن محمود السقار	ShamAY	1558	0.27085
		دعاوى الطاعنين في القرآن الكريم = الطعن في القرآن الكريم والرد على الطاعنين	عبد المحسن بن زبن بن متعب المطيري	ShamAY	9438	0.27085
		رسم المصحف وضبطه بين التوقيف والاصطلاحات الحديثة	شعبان محمد إسماعيل	Sham19Y	11528	0.27084
		مناظرات المستبصرين	الشيخ عبد الله الحسن	Rafed	157	0.27082
		شرح صحيح مسلم - حسن أبو الأشبال	أبو الأشبال حسن الزهيري آل مندوه المنصوري المصري	ShamelaY19	37026	0.27074
		الوصية الكبرى = رسالة شيخ الإسلام ابن تيمية إلى أتباع عدي بن مسافر الأموي	شيخ الإسلام أبو العباس أحمد بن عبد الحليم ابن تيمية	ShamAY	34401	0.27073
		الموسوعة القرآنية المتخصصة	مجموعة من الأساتذة والعلماء المتخصصين	ShamAY	1765	0.27071
		اتحاف الفقهاء في تحقيق مسألة اختلاف القراءات والقرّاء	الميرزا محسن آل عصفور	Rafed	95	0.27069
		 مسالك الأبصار في ممالك الأمصار 	 أحمد بن يحيى العمري 	ABLibrary	9200	0.27067
		حوار هادئ مع الدكتور القزويني الشيعي الإثني عشري	أ. د. أحمد بن سعد حمدان الغامدي	ShamAY	35679	0.27065
		أذكار وآداب الصباح والمساء	محمد أحمد إسماعيل المقدم	ShamelaY19	29710	0.27064
		الأنفاس الأخيرة	عبد الملك بن محمد القاسم	ShamelaY19	96307	0.27064
		مرويات السيرة النبوية بين قواعد المحدثين وروايات الأخباريين	أكرم بن ضياء العمري	ShamAY	11392	0.27062
		المدائح النبوية في أدب القرنين السادس والسابع للهجرة	ا. د. / ناظم رشيد	ShamAY	23672	0.27062
		وسطية أهل السنة بين الفرق (رسالة دكتوراة)	محمد با كريم محمد با عبد الله	Sham19Y	7334	0.27051
		فضائل ليلة نصف شهر شعبان	سالم السنهوري	ShamAY	36166	0.2705
		شهيد باخمري (دراسة موجزة عن الشهيد الثائر)	ظافر عبيس الجياشي	Ghbook	15734	0.27048
		النفحة المسكية في الرحلة المكية	عبد الله بن حسين السويدي البغدادي	Rafed	2252	0.27047
		دروس الشيخ عبد الحي يوسف	أبو عمر عبد الحي بن يوسف	ShamelaY19	37422	0.27046
		بحار الأنوار [ج ٥٩]	الشيخ محمّد باقر بن محمّد تقي المجلسي	Rafed	1052	0.27046
		إرشاد السالك إلى أفعال المناسك	برهان الدين إبراهيم بن فرحون المدني المالكي (المتوفى: 799 ه / 1397 م)	ShamelaY19	132974	0.27045
		الصلاة على رسول الله - صلى الله عليه وآله وسلم - فضلها ومعناها وكيفيتها ومواضعها والتحذير من تركها	شحاتة محمد صقر	ShamelaY19	36170	0.27043
		تحرير الأقوال في صوم الست من شوال - سلسلة لقاء العشر الأواخر بالمسجد الحرام (26)	أبو الفداء زين الدين قاسم بن قُطْلُوْبَغَا السُّوْدُوْنِي الجمالي الحنفي (المتوفى: 879 هـ)	ShamAY	32497	0.27039
		بحث التوثيق القرآني لغزوة الخندق	أحمد بن محمد الشرقاوى	ShamAY	37395	0.27038
		 من فقه الزهراء ( ع ) 	 السيد محمد الحسيني الشيرازي 	ABLibrary	9489	0.27038
		رسائل وفتاوى العلامة عبد الله بن عبد الرحمن أبي بطين (مطبوع ضمن مجموعة الرسائل والمسائل النجدية، الجزء الثاني)	عبد الله بن عبد الرحمن بن عبد العزيز بن عبد الرحمن بن عبد الله بن سلطان بن خميس الملقب بـ"أبابطين" (المتوفى: 1282هـ)	ShamAY	11212	0.27035
		منع تدوين الحديث	علي شهرستاني	Ghbook	16141	0.27034
		 وسائل الوصول إلى شمائل الرسول ( ص ) 	 يوسف بن اسماعيل النبهاني 	ABLibrary	7882	0.27031
		منازل الاخره و المطالب الفاخره ( تعريب )	عباس قمي	Ghbook	7116	0.2703
		عجالة المعرفة في اصول الدين	الشيخ ظهير الدين الراوندي	Masaha	338	0.27028
		الذكر الجماعي بين الاتباع والابتداع	محمد بن عبد الرحمن الخميس	ShamAY	7618	0.27025
		القواعد النورانية الفقهية	تقي الدين أبو العباس أحمد بن عبد الحليم بن عبد السلام بن عبد الله بن أبي القاسم بن محمد ابن تيمية الحراني الحنبلي الدمشقي (المتوفى: 728ه)	ShamelaY19	21729	0.27024
		منائح الكرم في أخبار مكة والبيت وولاة الحرم [ج ٥]	علي بن تاج الدين بن تقي الدين السنجاري	Rafed	2699	0.27022
		 معرفة الإمام 	 السيد محمد حسين الطهراني 	ABLibrary	8893	0.27022
		فطوبى للغرباء	أبو سيف خليل بن إبراهيم العبيدي	ShamAY	35201	0.27017
		شفاء الصّدور في شرح زيارة العاشور [ج ١]	ميرزا أبي الفضل الطهراني	Rafed	3232	0.27017
		وسطية أهل السنة بين الفرق (رسالة دكتوراة)	محمد با كريم محمد با عبد الله	ShamAY	7334	0.27014
		سلمان سابق فارس عرض وتحليل	الشيخ محمد جواد الفقيه	Rafed	69	0.27012
		 الديباج على مسلم 	 جلال الدين السيوطي 	ABLibrary	883	0.27012
		التكفير أخطاره و ضوابطه (بحث التخرج)	زكريا الخطيب	ShamAY	35724	0.27007
		عقائد الشيعة الاثنى عشرية 133 سؤالاً وجواباً	عبد الرحمن بن سعد الشثري	ShamAY	35685	0.27007
		المعالم الأثيرة في السنة والسيرة	محمد بن محمد حسن شراب	ShamelaY19	23677	0.27007
		الحدائق الناضرة [ج ١٨]	الشيخ يوسف بن أحمد البحراني [ صاحب الحدائق ]	Rafed	2870	0.27007
		منهج الأنبياء في الدعوة إلى الله فيه الحكمة والعقل	ربيع بن هادي المدخلي	ShamAY	34777	0.27006
		من حياه الرسول الاعظم ( صلي الله عليه و آله و سلم )	آيت الله العظمي سيد محمد حسيني شيرازي	Ghbook	8123	0.27001
		أم لم يعرفوا رسولهم (المختصر القويم في دلائل نبوة الرسول الكريم)	وليد نور	ShamAY	37452	0.26997
		شرح صحيح مسلم - حسن أبو الأشبال	أبو الأشبال حسن الزهيري آل مندوه المنصوري المصري	ShamAY	109	0.26995
		 سيد المرسلين 	 الشيخ السبحاني 	ABLibrary	7635	0.26995
		قوة العقيدة سبيل النصر في غزوة بدر الكبرى	محمد عبد المقصود جاب الله	ShamAY	23078	0.26993
		الذب عن مذهب الإمام مالك	أبو محمد عبد الله بن (أبي زيد) عبد الرحمن النفزي، القيرواني، المالكي (المتوفى: 386 ه)	ShamelaY19	18606	0.2699
		منادمة الأطلال ومسامرة الخيال	عبد القادر بن أحمد بن مصطفى بن عبد الرحيم بن محمد بدران (المتوفى: 1346ه)	Sham19Y	6710	0.26989
		فقه أشراط الساعة	محمد بن أحمد بن إسماعيل المقدم	ShamAY	31964	0.26987
		الخصال المكفرة للذنوب	شمس الدين، محمد بن أحمد الخطيب الشربيني الشافعي (المتوفى: 977هـ)	ShamAY	970	0.26983
		شروط لا إله إلا الله	د عواد بن عبد الله المعتق	ShamAY	3542	0.26982
		الأربعون من رواية مالك عن نافع للسيوطي	عبد الرحمن بن أبي بكر، جلال الدين السيوطي (المتوفى: 911هـ)	ShamAY	29569	0.2698
		جهود الشيخ محمد الأمين الشنقيطي في تقرير عقيدة السلف	عبد العزيز بن صالح بن إبراهيم الطويان	ShamAY	11991	0.26974
		جامع المسائل لابن تيمية ط عالم الفوائد - المجموعة الرابعة	شيخ الإسلام أحمد بن عبد الحليم بن عبد السلام ابن تيمية (661 - 728 هـ)	ShamAY	37985	0.26973
		الغلو واثره في الانحرافات العقدية والمنهجية عند الفرق والأحزاب والجماعات الإسلامية	أبو سيف خليل بن إبراهيم العراقي الأثري	ShamAY	35730	0.26973
		 تلخيص الشافي 	 الشيخ الطوسي 	ABLibrary	8392	0.26968
		أحكام الصلاة	علي راغب	ShamAY	36469	0.26961
		التحفة السنية شرح منظومة ابن أبي داود الحائية	عبد الرزاق بن عبد المحسن البدر	ShamAY	7575	0.26961
		عدّة الأكياس في شرح معاني الأساس [ج ٢]	أحمد بن محمّد بن صلاح الشرفي القاسمي	Rafed	3434	0.2696
		مستدركات اعيان الشيعه	حسن امين	Ghbook	7182	0.26959
		فتح القدير للكمال ابن الهمام	كمال الدين محمد بن عبد الواحد السيواسي المعروف بابن الهمام (المتوفى: 861ه)	ShamelaY19	21744	0.26957
		بحار الأنوار [ج ٨٩]	الشيخ محمّد باقر بن محمّد تقي المجلسي	Rafed	1164	0.26956
		الزمِن في الديون وأحكامه الفقهية	سعد الخثلان	ShamAY	36610	0.26955
		مسائل الإمام أحمد رواية أبي داود السجستاني	أبو عبد الله أحمد بن محمد بن حنبل بن هلال بن أسد الشيباني (المتوفى: 241هـ)	ShamAY	21487	0.26955
		خلافة الرسول بين الشورى والنص	مركز الرسالة	Masaha	248	0.26955
		أحاديث في الفتن والحوادث ط القاسم	محمد بن عبد الوهاب بن سليمان التميمي النجدي (المتوفى: 1206هـ)	ShamAY	7486	0.26953
		التحقيق في نفي التحريف عن القرآن الشريف	السيّد علي الحسيني الميلاني	Rafed	232	0.26952
		الطريق إلى المهدي المنتظر	سعيد أيوب	Masaha	330	0.26952
		تكملة الجامع لسيرة شيخ الاسلام ابن تيمية خلال سبعة قرون - العمران - ط عالم الفوائد	علي العمران	ShamAY	38473	0.26951
		القسم العربي من موقع (الإسلام، سؤال وجواب)	الموقع بإشراف الشيخ محمد صالح المنجد - حفظه الله -	ShamelaY19	26332	0.26948
		معجم ما استعجم من أسماء البلاد والمواضع [ج ٤]	أبي عبيد عبد الله بن عبد العزيز البكري الأندلسي	Rafed	3366	0.26947
		قدوة الغازي	أبو عبد الله محمد بن عبد الله بن عيسى بن محمد المري، الإلبيري المعروف بابن أبي زَمَنِين المالكي (المتوفى: 399هـ)	ShamAY	30760	0.26944
		تفسير الصنعاني	أبو بكر عبد الرزاق بن همام بن نافع الحميري اليماني الصنعاني (المتوفى: 211 هـ)	ShamAY	34074	0.26943
		العلاقة المثلى بين الدعاة ووسائل الإتصال الحديثة في ضوء الكتاب والسنة	د. سعيد بن علي بن وهف القحطاني	ShamelaY19	96470	0.26943
		 معرفة الإمام 	 السيد محمد حسين الطهراني 	ABLibrary	8886	0.26941
		 رسائل ومقالات 	 الشيخ السبحاني 	ABLibrary	8439	0.2694
		الفقه: من الآداب الطبيه	آيت الله العظمي سيد محمد حسيني شيرازي	Ghbook	7836	0.26939
		التمسك بالسنن والتحذير من البدع (السنة 27 -- العددان103 -104)	شمس الدين أبو عبد الله محمد بن أحمد بن عثمان بن قَايْماز الذهبي (المتوفى: 748هـ)	ShamAY	10321	0.26938
		شرعية الإخبار عن الله بما لم يأت به قرآن ولا سنة	أبو عبد الله المصري	ShamAY	2012	0.26938
		قواعد وأسس في السنة والبدعة	الدكتور حسام الدين عفانه	ShamAY	35548	0.26936
		 تسهيل السبيل بالحجة في انتخاب كشف المحجة لثمرة المهجة 	 الفيض الكاشاني 	ABLibrary	8385	0.26935
		 الكشف الوافي في شرح أصول الكافي 	 محمد هادي الشيرازي ( آصف شيرازي ) 	ABLibrary	7920	0.2693
		الملامح العامة للفرقة الناجية الطائفة المنصورة	الشيخ عبد الفتاح زراوي	ShamAY	37791	0.26929
		الصحيح من سيرة النبي الأعظم صلّى الله عليه وآله [ج ٢٠]	السيد جعفر مرتضى العاملي	Rafed	2522	0.26929
		الهدي النبوي في الطب	الواحدي :: عبد الله آل جار الله	ShamAY	34902	0.26928
		 نتائج الأفكار القدسية في بيان معاني شرح الرسالة القشيرية 	 الشيخ عبد الله العروسي 	ABLibrary	8826	0.26927
		الصلاة على رسول الله - صلى الله عليه وآله وسلم - فضلها ومعناها وكيفيتها ومواضعها والتحذير من تركها	شحاتة محمد صقر	Sham19Y	36170	0.26926
		مطالع البدور ومنازل السرور	علي بن عبد الله الغزولي البهائي الدمشقي (المتوفى: 815ه)	Sham19Y	5390	0.26922
		ثم اهـتديت	د. محمد التيجاني السماوي	Masaha	227	0.26919
		جمع القرآن نقد الوثائق و عرض الحقائق	علي شهرستاني	Ghbook	16137	0.26919
		دفاع عن العقيدة وعن العلامة ابن باز والرد على جهالات المرتزقة	محمد مال الله	ShamAY	35537	0.26915
		القيامة الصغرى	عمر بن سليمان بن عبد الله الأشقر العتيبي	ShamAY	9834	0.26915
		منادمة الأطلال ومسامرة الخيال	عبد القادر بن أحمد بن مصطفى بن عبد الرحيم بن محمد بدران (المتوفى: 1346هـ)	ShamAY	6710	0.26914
		زغل العلم	شمس الدين أبو عبد الله محمد بن أحمد بن عثمان بن قايماز الذهبي (المتوفى: 748ه)	Sham19Y	6342	0.26914
		اثبات الوصية	علي بن الحسين المسعودي	Masaha	1830	0.26911
		المسالك والممالك للبكري	أبو عبيد عبد الله بن عبد العزيز بن محمد البكري الأندلسي (المتوفى: 487هـ)	ShamAY	23849	0.2691
		دروس الشيخ عبد الحي يوسف	أبو عمر عبد الحي بن يوسف	ShamAY	857	0.26907
		منار السبيل في شرح الدليل	ابن ضويان، إبراهيم بن محمد بن سالم (المتوفى: 1353هـ)	ShamAY	5463	0.26906
		ابن الحجاج البغدادي وشعره في الغدير	الشيخ عبد الحسين الأميني النجفي	Masaha	14	0.26897
		الإفاضة من عرفات قبل غروب الشمس لمن وقف نهارا	عبد الله السكاكر	ShamAY	36655	0.26896
		جهود الشيخ محمد الأمين الشنقيطي في تقرير عقيدة السلف	عبد العزيز بن صالح بن إبراهيم الطويان	Sham19Y	11991	0.26896
		أعذار المتقاعسين	يحيى بن إبراهيم اليحيى	ShamAY	35132	0.26891
		السّلطان المفرّج عن أهل الإيمان	السيد بهاء الدين علي بن عبد الكريم النيلي النجفي	Rafed	750	0.2689
		تمام المنة في التعليق على فقه السنة	أبو عبد الرحمن محمد ناصر الدين، بن الحاج نوح بن نجاتي بن آدم، الأشقودري الألباني (المتوفى: 1420هـ)	ShamAY	11122	0.26888
		 مكاشفة القلوب المقرب إلى علام الغيوب 	 الغزالي 	ABLibrary	8715	0.26885
		منار القاري شرح مختصر صحيح البخاري	حمزة محمد قاسم	ShamAY	1786	0.26884
		الصارم البتار للإجهاز على من خالف الكتاب والسنة والإجماع والآثار	حمود بن عبد الله بن حمود بن عبد الرحمن التويجري (المتوفى: 1413ه)	Sham19Y	35155	0.26883
		تفسير السمرقندي= بحر العلوم - دار الفكر	أبو الليث نصر بن محمد بن إبراهيم السمرقندي الفقيه الحنفي	ShamAY	34069	0.2688
		معالم الفتن - الجزء1	سعيد أيوب	Masaha	423	0.2688
		 غاية المرام بأخبار سلطنة البلد الحرام 	 عبد العزيز بن عمر ابن فهد 	ABLibrary	9149	0.26879
		غاية الأماني في الرد على النبهاني	أبو المعالي محمود شكري بن عبد الله بن محمد بن أبي الثناء الألوسي (المتوفى: 1342هـ)	ShamAY	12034	0.26876
		شرح عقيدة السلف للصابوني - ناصر العقل	ناصر بن عبد الكريم العلي العقل	ShamAY	751	0.26876
		أهمية العناية بالتفسير والحديث والفقه	عبد المحسن بن حمد بن عبد المحسن بن عبد الله بن حمد العباد البدر	ShamAY	10871	0.26874
		مرآة الرشاد	الشيخ عبد الله المامقاني	Masaha	2963	0.26866
		محمد و ابراهيم ابنا مسلم بن عقيل عليهم السلام	سيد علي جمال أشرف	Ghbook	16513	0.26863
		غاية الأماني في الرد على النبهاني	أبو المعالي محمود شكري بن عبد الله بن محمد بن أبي الثناء الألوسي (المتوفى: 1342ه)	Sham19Y	12034	0.26858
		حياة الامام علي الهادي عليه السلام: دراسة تاريخية	ثائر هادي العقيلي	Ghbook	15675	0.26858
		حرمة المسلم على المسلم	الدكتور ماهر ياسين الفحل	Sham19Y	1769	0.26856
		حديث ثلاث من كن فيه وجد بهن حلاوة الإيمان .. وقفات وتأملات	فالح بن محمد الصغير	ShamAY	35982	0.26855
		الصارم البتار للإجهاز على من خالف الكتاب والسنة والإجماع والآثار	حمود بن عبد الله بن حمود بن عبد الرحمن التويجري (المتوفى: 1413هـ)	ShamAY	31982	0.26855
		أذكار وآداب الصباح والمساء	محمد أحمد إسماعيل المقدم	Sham19Y	29710	0.26854
		معالم الدين و ملاذ المجتهدين (قسم الفقه) - الجزء1	جمال الدين الحسن بن زين الدين العاملي	Masaha	1209	0.26854
		الرد على شبهات من أجاز الاحتفال بالمولد		ShamAY	36584	0.26853
		الفتح العمري للقدس نموذج للدعوة بالعمل والقدوة	شفيق جاسر أحمد محمود	ShamAY	8851	0.26848
		مكفرات الذنوب في القرآن والسنة	علي بن نايف الشحود	ShamAY	34850	0.26848
		توضيح المقاصد وتصحيح القواعد في شرح قصيدة الإمام ابن القيم	أحمد بن إبراهيم بن حمد بن محمد بن حمد بن عبد الله بن عيسى (المتوفى: 1327ه)	Sham19Y	6362	0.26848
		ذخيره المعاد في شرح الارشاد (الحج)	ملا محمدباقر سبزواري	Ghbook	3508	0.26848
		أجوبة التسولي عن مسائل الأمير عبد القادر في الجهاد	علي بن عبد السلام بن علي، أبو الحسن التُّسُولي المالكي (المتوفى: 1258هـ)	ShamAY	509	0.26847
		النكت الوفية بما في شرح الألفية	برهان الدين إبراهيم بن عمر البقاعي	ShamelaY19	23798	0.26847
		تفسير كتاب الله العزيز [ج ٢]	هود بن محكم الهوّاري الأوراسي	Rafed	3819	0.26845
		السراج الوهاج لمحو أباطيل الشلبي عن الإسراء والمعراج	حمود بن عبد الله بن حمود بن عبد الرحمن التويجري (المتوفى: 1413ه)	Sham19Y	17401	0.26843
		المهدي بين أهل السنة والروافض	ربيع بن هادي المدخلي	ShamAY	35293	0.2684
		وقفة مع الدكتور البوطي في مسائله	الأستاذ هشام آل قطيط	Masaha	485	0.26839
		أبو ذر	الشيخ عبد الحسين الأميني النجفي	Masaha	9	0.26835
		أدب الدنيا والدين ط الهلال	أبو الحسن علي بن محمد بن محمد بن حبيب البصري البغدادي، الشهير بالماوردي (المتوفى: 450هـ)	ShamAY	33725	0.26833
		كتاب التوحيد (مطبوع ضمن مؤلفات الشيخ محمد بن عبد الوهاب، الجزء الأول)	محمد بن عبد الوهاب بن سليمان التميمي النجدي (المتوفى: 1206هـ)	ShamAY	11318	0.26826
		صلاة العيدين - مفهوم، وفضائل، وآداب، وشروط، وأحكام في ضوء الكتاب والسنة	د. سعيد بن علي بن وهف القحطاني	ShamAY	1856	0.26825
		فيض المعين على جمع الأربعين في فضل القرآن المبين	علي بن (سلطان) محمد، أبو الحسن نور الدين الملا الهروي القاري (المتوفى: 1014ه)	ShamelaY19	31378	0.26824
		مطالع البدور ومنازل السرور	علي بن عبد الله الغزولي البهائي الدمشقي (المتوفى: 815هـ)	ShamAY	5390	0.26822
		إمامة الصديق	طه الدليمي	ShamAY	37802	0.2682
		الأخلاق الزكية في آداب الطالب المرضية	أحمد بن يوسف بن محمد الأهدل	ShamelaY19	96879	0.26819
		الفوائد المدنية (حوار حول الاصول في مدينةالرسول)	حسين  الشيخ الاسلامي  التويسركاني	Ghbook	14045	0.26819
		حرمة المسلم على المسلم	الدكتور ماهر ياسين الفحل	ShamAY	1769	0.26818
		اعتقاد الإمام ابن حنبل	عبد الواحد بن عبد العزيز بن الحارث التميمي	ShamAY	33902	0.26818
		الفصول المهمه في معرفه الائمه (الامام الباقر عليه السلام)	ابن صباغ علي بن محمد	Ghbook	6279	0.26818
		رسالة في تجويد الفاتحة	محمد بن فوزان العمر	ShamAY	36793	0.26817
		 نفح الطيب من غصن الأندلس الرطيب 	 أحمد بن محمد المقري التلمساني 	ABLibrary	9301	0.26815
		ذكرى الشيعة في أحكام الشّريعة [ج ٢]	محمّد بن جمال الدّين مكّي العاملي الجزيني [ الشهيد الأول ]	Rafed	539	0.26813
		رسالة في الأمر بالمعروف والنهي عن المنكر	أ.د عبدالله بن محمد بن أحمد الطيار	ShamAY	36156	0.26811
		نزهة المجالس ومنتخب النفائس - دار المحبة	عبد الرحمن بن عبد السلام بن عبد الرحمن بن عثمان الصفوري	ShamAY	33745	0.26806
		و استقر بي النوي	محمد بن محمود عمدي	Ghbook	4606	0.26806
		منهاج أهل الحق والاتباع في مخالفة أهل الجهل والابتداع	سليمان بن سحمان بن مصلح بن حمدان بن مصلح بن حمدان بن مسفر بن محمد بن مالك بن عامر الخثعمي , التبالي , العسيري , النجدي (المتوفى: 1349هـ)	ShamAY	12091	0.26805
		المفصل في أحكام العقيقة	حسام الدين بن موسى محمد بن عفانة	Sham19Y	37333	0.26804
		المنار في علوم القرآن مع مدخل في أصول التفسير ومصادره	الدكتور محمد علي الحسن، كلية الدراسات الإسلامية بجامعة الإمارات العربية المتحدة	ShamAY	1235	0.26803
		كلمه الامام زين العابدين ( عليه السلام )	حسن شيرازي	Ghbook	8053	0.26801
		أحاديث لا تصح	سليمان بن صالح الخراشي	ShamAY	33055	0.268
		الرد على الدكتور عبد الواحد وافي في كتابه بين الشيعة وأهل السنة	إحسان إلهي ظهير الباكستاني (المتوفى: 1407ه)	ShamelaY19	37553	0.268
		 الموسوعة الكبرى عن فاطمة الزهراء ( س ) 	 اسماعيل الأنصاري الزنجاني الخوئيني 	ABLibrary	7834	0.26797
		المصارحة في أحكام المصافحة	عبد الناصر بن خضر ميلاد	ShamAY	8553	0.26795
		بستان الخطيب	أمير بن محمد المدري	ShamAY	35073	0.26792
		زاد المسير في علم التفسير [ج ٣]	أبي الفرج عبدالرحمن ابن علي ابن الجوزي	Rafed	3326	0.26792
		أبحاث هيئة كبار العلماء	هيئة كبار العلماء بالمملكة العربية السعودية	ShamelaY19	21759	0.2679
		الدعوة في كلمة التوحيد	الشيخ محمّد صالح	Rafed	1956	0.26789
		الحبل المتين في أحكام الدين	الشيخ البهائي	Masaha	1140	0.26788
		الاجوبه الهاديه الي سواء السبيل	عبدالله حسيني	Ghbook	11213	0.26787
		مختصر أخلاق حملة القرآن للإمام الآجري	خالد السبت	ShamelaY19	133380	0.26786
		أبعاد النهضة الحسينية	عبّاس الذهبي	Rafed	732	0.26785
		 في رحاب أهل البيت ( ع ) 	 لجنة بحوث المجمع العالمي لأهل البيت ( ع ) 	ABLibrary	8557	0.26784
		الدفاع عن الصحابي أبي بكرة ومروياته والاستدلال لمنع ولاية النساء على الرجال	عبد المحسن بن حمد بن عبد المحسن بن عبد الله بن حمد العباد البدر	Sham19Y	7617	0.26782
		التعيين في شرح الأربعين	سليمان بن عبد القوي بن عبد الكريم الطوفي الصرصري، أبو الربيع، نجم الدين (المتوفى: 716 هـ)	ShamAY	32456	0.26781
		التصنيف في مصطلح الحديث بين مدرستي الحديث والفقه	أبو ذر عبد القادر بن مصطفى بن عبد الرزاق المحمدي	Sham19Y	117135	0.26779
		المنهج الصحيح	عبد الله بن محمد الغنيمان	ShamAY	33	0.26778
		تحقيق المقام فيما يتعلق بأوقات النهي عن الصلاة من أحكام	عيد بن سفر الحجيلي	ShamAY	12144	0.26775
		أكثر من 100 فتوى للشيخ خالد المصلح	خالد المصلح	ShamAY	37656	0.26775
		يقظة أولي الاعتبار مما ورد في ذكر النار وأصحاب النار	أبو الطيب محمد صديق خان بن حسن بن علي ابن لطف الله الحسيني البخاري القنوجي (المتوفى: 1307ه)	Sham19Y	6879	0.26773
		المنار في علوم القرآن مع مدخل في أصول التفسير ومصادره	الدكتور محمد علي الحسن، كلية الدراسات الإسلامية بجامعة الإمارات العربية المتحدة	ShamelaY19	38092	0.26772
		محاكمات الخلفاء و اتباعهم	جواد جعفر خليلي	Ghbook	7701	0.26771
		رأس الحسين	تقي الدين أبو العباس أحمد بن عبد الحليم بن تيمية الحراني (المتوفى: 728ه)	Sham19Y	892	0.2677
		شرح كتاب التدليس في الحديث للدميني - محمد حسن عبد الغفار	محمد حسن عبد الغفار	ShamelaY19	37690	0.26768
		 غاية المرام بأخبار سلطنة البلد الحرام 	 عبد العزيز بن عمر ابن فهد 	ABLibrary	9148	0.26768
		تفسير آيات الغدير الثلاث	علي كوراني	Ghbook	8341	0.26768
		كيف تكون مُستجاب الدعاء؟	أمير بن محمد المدري	ShamAY	34928	0.26766
		في رحاب الامام زين العابدين ( عليه السلام )	علي عزيز الابراهيم	Ghbook	6391	0.26765
		أحكام القرآن [ج ٢]	أبي بكر أحمد بن علي الرازي الجصّاص	Rafed	1988	0.26761
		تذكره الآباء وتسليه الأبناء = الدراري في ذكر الزراري	عمر بن أحمد بن هبة الله بن أبي جرادة العقيلي، كمال الدين ابن العديم (المتوفى: 660هـ)	ShamAY	7326	0.2676
		السيف المسلول على من سب الرسول	تقي الدين علي بن عبد الكافي السبكي (المتوفى 756 هـ)	ShamAY	32502	0.26758
		مجموعة رسائل وفتاوى في مسائل مهمة تمس إليها حاجة العصر	مجموعة من المؤلفين	ShamelaY19	30944	0.26758
		المسجد النبوي عبر التاريخ	محمد السيد الوكيل	ShamAY	38490	0.26756
		 نظرية وحدة الوجود بين ابن عربي والجيلي 	 سهيلة عبد الباعث الترجمان 	ABLibrary	8902	0.26756
		الإيمانُ والعملُ الصالحُ سَببُ النَّجاحِ والفلاحِ	علي بن نايف الشحود	ShamAY	34826	0.26751
		توضيح المقاصد وتصحيح القواعد في شرح قصيدة الإمام ابن القيم	أحمد بن إبراهيم بن حمد بن محمد بن حمد بن عبد الله بن عيسى (المتوفى: 1327هـ)	ShamAY	6362	0.26751
		 كتاب المعراج 	 ابو القاسم عبد الكريم القشيري 	ABLibrary	8712	0.26751
		تخريج أحاديث مشكلة الفقر وكيف عالجها الإسلام	محمد ناصر الدين الألباني (المتوفى: 1420هـ)	ShamAY	365	0.26747
		اتقاء الحرام والشبهات في طلب الرزق	أحمد بن أحمد محمد عبد الله الطويل	ShamAY	32090	0.2674
		المفصل في أحكام العقيقة	حسام الدين بن موسى محمد بن عفانة	ShamAY	949	0.2674
		القول الرشيد في أهم أنواع التوحيد	سليمان العلوان	ShamAY	35762	0.26738
		نزهة المجالس ومنتخب النفائس	عبد الرحمن بن عبد السلام الصفوري (المتوفى: 894ه)	Sham19Y	28168	0.26735
		نزهة المجالس ومنتخب النفائس	عبد الرحمن بن عبد السلام الصفوري (المتوفى: 894هـ)	ShamAY	28168	0.26732
		 المفاخر العلية في المآثر الشاذلية 	 أحمد بن محمد الشافعي الشاذلي 	ABLibrary	8863	0.26726
		إتحاف الأطهار بفضل الدعاء وصحيح الأذكار وفوائدهما	ماجد البنكاني	ShamAY	35193	0.26718
		موسوعة الإمام أميرالمؤمنين علي بن أبي طالب عليه السلام [ج ١ و ٢]	باقر شريف القرشي	Rafed	377	0.26716
		البحرين في صدر الاسلام	عبدالرحمن عبدالكريم عاني	Ghbook	3875	0.26716
		نقض دعوى المستشرقين بتحريف القرآن الكريم من خلال المقارنة مع كتب أهل الكتاب		ShamAY	36955	0.26713
		جمهرة الأمثال	أبو هلال الحسن بن عبد الله بن سهل بن سعيد بن يحيى بن مهران العسكري (المتوفى: نحو 395هـ)	ShamAY	6897	0.26713
		المدائح النبوية حتى نهاية العصر الملوكي	د محمود سالم محمد	ShamAY	23671	0.26709
		السنن والمبتدعات المتعلقة بالأذكار والصلوات	محمد بن أحمد عبد السلام خضر الشقيري الحوامدي (المتوفى: بعد 1352هـ)	ShamAY	6884	0.26708
		اتحاف أهل الفضل والإنصاف بنقض كتاب ابن الجوزي دفع شبه الشبه وتعليقات السقاف	سليمان العلوان	ShamAY	35747	0.26708
		الخُمُسُ وسَهمُ الإمامِ		ShamAY	35639	0.26703
		بئر رومة وقف الخليفة الراشد عثمان بن عفان	عبد الله الحجيلي	ShamAY	36587	0.26703
		كيف يؤدي الموظف الأمانة	عبد المحسن بن حمد العباد البدر	ShamAY	11361	0.26699
		قبسات من هدي النبي محمد صلى الله عليه وسلم في رمضان	ناصر بن عبد الله بن محمد آل متعب	ShamelaY19	96276	0.26699
		ألوية النصر في الرد على خوارج العصر	سعود بن صالح السعدي	ShamAY	37779	0.26697
		شرح مختصر البعلي لكتاب الصارم المسلول على شاتم الرسول لابن تيمية	محمد حسن عبد الغفار	ShamelaY19	37702	0.26696
		الصحابي و عدالته	مرتضي عسكري	Ghbook	7571	0.26696
		 خطرة الطيف ( رحلات في المغرب والأندلس ) 	 لسان الدين ابن الخطيب 	ABLibrary	9053	0.26693
		 شرح الشفاء ( شرح ملا علي القاري ) 	 القاضي عياض 	ABLibrary	8457	0.2669
		محاضرات في الاعتقادات - الجزء2	السيد علي الحسيني الميلاني	Masaha	402	0.2669
		مختصر معارج القبول	هشام آل عقدة	ShamelaY19	22922	0.26687
		القول البليغ في التحذير من جماعة التبليغ	حمود بن عبد الله بن حمود التويجري	ShamAY	37745	0.26685
		الوفا بما يجب لحضرة المصطفى	السمهودي	ShamAY	38406	0.26684
		النجم الثاقب في أحوال الإمام الحجة الغائب(عج) - الجزء1	المحدث الشيخ حسين النوري	Masaha	490	0.26684
		القسم العربي من موقع (الإسلام، سؤال وجواب)	الموقع بإشراف الشيخ محمد صالح المنجد - حفظه الله -	ShamAY	26332	0.26683
		السنة النبوية وحي من الله محفوظة كالقرآن الكريم	أبو لبابة بن الطاهر حسين	ShamAY	7598	0.26682
		صَحِيحُ التَّرْغِيب وَالتَّرْهِيب	محمد ناصر الدين الألباني	ShamAY	32126	0.26682
		المغني لابن قدامة - إحياء التراث	أبو محمد موفق الدين عبد الله بن أحمد بن محمد بن قدامة الجماعيلي المقدسي ثم الدمشقي الحنبلي، الشهير بابن قدامة المقدسي (المتوفى: 620هـ)	ShamAY	34266	0.26681
		نبذة عن آخر حياة شيخ الإسلام ابن تيمية	بقلم خادمه إبراهيم بن أحمد الفياني	ShamAY	34584	0.26679
		نزهة المجالس ومنتخب النفائس	عبد الرحمن بن عبد السلام الصفوري (المتوفى: 894ه)	ShamelaY19	28168	0.26678
		نواقض الإيمان القولية والعملية	عبد العزيز بن محمد بن علي العبد اللطيف	ShamAY	33874	0.26676
		جهود أئمة الدعوة السلفية بنجد في التصدي للعنف والإرهاب من خلال الدعوة إلى فقه إنكار المنكر	صالح بن عبد الله الفريح	ShamAY	1179	0.26675
		الانوار الباهره بفضائل اهل البيت النبوي و الذريه الطاهره	عبدالله بن عبدالقادر تليدي مغربي	Ghbook	9180	0.26675
		فقه التعامل مع الأخطاء على ضوء منهج السلف	عبد الرحمن بن أحمد علوش المدخلي	ShamAY	36404	0.26674
		قواعد الحديث	محي الدين الموسوي الغريفي	Rafed	151	0.26674
		المحاضرات المنبريّة في المجالس الصفريّة	الشيخ عبدالأمير عبدالزهره « أبو علي البصري »	Rafed	2700	0.26672
		الفقه: النظافه	آيت الله العظمي سيد محمد حسيني شيرازي	Ghbook	8019	0.26672
		العواصم من الشيطان و صحيح الرقية الشرعية	الواحدي :: مصطفى العدوي	ShamAY	34896	0.2667
		إلقاء الضوء القرآني على كتابة الدكتور علوي حول النبهاني	عبد القادر بن حبيب الله السندي	Sham19Y	8856	0.26666
		 الإحاطة في أخبار غرناطة 	 لسان الدين ابن الخطيب 	ABLibrary	8951	0.26666
		الرّوض المعطار في خبر الأقطار	محمّد عبدالمنعم الحميري	Rafed	3786	0.26665
		السنة المفترى عليها	سالم البهنساوي (المتوفى: 1427هـ)	ShamAY	1632	0.26664
		يقظة أولي الاعتبار مما ورد في ذكر النار وأصحاب النار	أبو الطيب محمد صديق خان بن حسن بن علي ابن لطف الله الحسيني البخاري القِنَّوجي (المتوفى: 1307هـ)	ShamAY	6879	0.26662
		المفاتيح في شرح المصابيح	الحسين بن محمود بن الحسن، مظهر الدين الزَّيْدَانيُّ الكوفي الضَّريرُ الشِّيرازيُّ الحَنَفيُّ المشهورُ بالمُظْهِري (المتوفى: 727 هـ)	ShamAY	32444	0.26662
		الإتحاف فى الرد على الصحاف	عبد اللطيف بن عبد الرحمن بن حسن بن محمد بن عبد الوهاب آل الشيخ (المتوفى: 1293هـ)	ShamAY	7520	0.26661
		الحكايات في مخالفات المعتزلة من العدلية والفرق بينهم وبين الشيعة الإمامية	الشيخ المفيد	Masaha	4544	0.26661
		الاساس لعقائد الاكياس	قاسم بن محمد منصور بالله	Ghbook	2702	0.2666
		الخصال الموجبة لدخول الجنة	علي بن نايف الشحود	ShamAY	34829	0.26659
		إهداء للبرنامج من دار الركائز للنشر والتوزيع - دولة الكويت	د. عبد العزيز بن عدنان العيدان، د. أنس بن عادل اليتامى	ShamelaY19	147657	0.26657
		شرح رياض الصالحين	محمد بن صالح بن محمد العثيمين (المتوفى: 1421ه)	Sham19Y	9260	0.26657
		الجذور اليهودية للشيعة في كتاب علل الشرايع للصدوق الشيعي	محمد عبد المنعم القيعي	ShamAY	35607	0.26656
		آل البيت عليهم السلام وحقوقهم الشرعية	الشيخ صالح بن عبد الله الدرويش	ShamAY	37787	0.26652
		نهج المستنير وعصمة المستجير	الدكتور السيد صلاح الدين الحسيني	Rafed	1236	0.26651
		لمحات من حياة النبي صلى الله عليه وسلم مع بناته	خالد عبد الرحمن الشايع	ShamAY	37380	0.26649
		صلح الحسن عليه السلام	الشيخ راضي آل ياسين	Rafed	175	0.26648
		فقه السيرة للغزالي	محمد الغزالي السقا (المتوفى: 1416ه)	ShamelaY19	23659	0.26644
		مطارحات في الفكر والعقيدة	مركز الرسالة	Masaha	404	0.26644
		المعين على تفهم الأربعين ت دغش	ابن الملقن سراج الدين أبو حفص عمر بن علي بن أحمد الشافعي المصري (المتوفى: 804 هـ)	ShamAY	32414	0.26643
		تفسير التابعين .. عرض ودراسة مقارِنة	د. محمد بن عبد الله بن علي الخضيري	ShamAY	34107	0.26642
		بيان عقيدة أهل السنة والجماعة ولزوم اتباعها في ضوء الكتاب والسُّنَّة	د. سعيد بن علي بن وهف القحطاني	ShamAY	1831	0.2664
		 في رحاب أهل البيت ( ع ) 	 لجنة بحوث المجمع العالمي لأهل البيت ( ع ) 	ABLibrary	8544	0.2664
		اصطلاح المذهب عند المالكية	د/ محمد إبراهيم علي أستاذ الفقه والفقه المقارن (سابقا) بكلية الشريعة والدراسات الإسلامية جامعة أم القرى - مكة المكرمة	ShamelaY19	150934	0.26638
		فاسالوا اهل الذكر	محمد تيجاني سماوي	Ghbook	7679	0.26638
		شرح كتاب فضل الاسلام - ابن باز	سماحة الشيخ ابن باز	ShamAY	35628	0.26637
		شرح الحموية لابن تيمية - الراجحي	عبد العزيز بن عبد الله الراجحي	ShamelaY19	37019	0.26637
		الروض المعطار في خبر الأقطار	محمد بن عبد المنعم الحميري	Masaha	4113	0.26636
		الجامع اللطيف	ابن ظهيرة	Rafed	2208	0.26633
		وداع الرسول صلى الله عليه وسلم لأمته - دروس، ووصايا، وعبر، وعظات	د. سعيد بن علي بن وهف القحطاني	ShamelaY19	96542	0.26632
		الفرقان في تفسير القرآن بالقرآن والسنّة [ج ١]	الشيخ محمد الصادقي	Rafed	3003	0.26632
		 دستور معالم الحكم ومأثور مكارم الشيم من كلام أمير المؤمنين علي ابن أبي طالب ( ك ) 	 محمد بن سلامة القضاعي 	ABLibrary	877	0.26624
		موسوعة الأخلاق - الخراز	خالد بن جمعة بن عثمان الخراز	ShamelaY19	121380	0.2662
		التكملة والذيل والصلة لكتاب تاج اللغة وصحاح العربية	الحسن بن محمد بن الحسن الصغاني (المتوفى: 650 ه)	Sham19Y	18254	0.2662
		الطريق إلى الجنة	عبد الله بن أحمد آل علاف الغامدي	ShamAY	35068	0.26617
		إيضاح الدليل في قطع حجج أهل التعطيل	أبو عبد الله، محمد بن إبراهيم بن سعد الله بن جماعة الكناني الحموي الشافعي، بدر الدين (المتوفى: 733هـ)	ShamAY	6547	0.26616
		حياة الإمام الحسين عليه السلام [ج ٢]	باقر شريف القرشي	Rafed	1613	0.26615
		دروس الشيخ محمد حسن عبد الغفار	محمد حسن عبد الغفار	ShamelaY19	37634	0.26613
		 النكت الإعتقادية 	 الشيخ المفيد 	ABLibrary	7901	0.26613
		تفسير الثعالبي - مؤسسة الأعلمي	عبد الرحمن بن محمد بن مخلوف الثعالبي	ShamAY	34066	0.26609
		وفاة رسول الله (ص) و موضع قبره و روضته بين اختلاف أصحاب و استملاك أزواجه	نبيل الحسني	Ghbook	15681	0.26607
		الاسلام محمدي الوجود ... حسيني البقاء	السيد مصطفى المزيدي	Masaha	671	0.26603
		تذييل سلافة العصر	عبد الله بن علي نور الدين بن نعمة الله الموسوي الجزائري التستري (المتوفى: 1173هـ)	ShamAY	9085	0.26602
		مجالس شهر رمضان	محمد بن صالح بن محمد العثيمين (المتوفى: 1421هـ)	ShamAY	32243	0.26601
		بلوغ المرام من أدلة الأحكام ت فحل	أبو الفضل أحمد بن علي بن محمد بن أحمد بن حجر العسقلاني (المتوفى: 852 هـ)	ShamAY	32350	0.26596
		أعلام السنة المنشورة لاعتقاد الطائفة الناجية المنصورة (الكتاب نشر - أيضا - بعنوان: 200 سؤال وجواب في العقيدة الاسلامية)	حافظ بن أحمد بن علي الحكمي (المتوفى: 1377ه)	ShamelaY19	30821	0.26592
		 إلى المجمع العلمي العربي بدمشق 	 السيد شرف الدين 	ABLibrary	8679	0.26591
		الخلاصة في شرح حديث الولي	علي بن نايف الشحود	ShamAY	35973	0.2659
		النفح الشذي في شرح جامع الترمذي	محمد بن محمد بن محمد بن أحمد، ابن سيد الناس، اليعمري الربعي، أبو الفتح، فتح الدين (المتوفى: 734 ه)	Sham19Y	7488	0.26589
		الإمام الصادق(ع) - الجزء1	الشيخ محمد حسين المظفر	Masaha	1859	0.26584
		شرح الزرقاني على المواهب اللدنية بالمنح المحمدية	أبو عبد الله محمد بن عبد الباقي بن يوسف بن أحمد بن شهاب الدين بن محمد الزرقاني المالكي (المتوفى: 1122هـ)	ShamAY	26568	0.26583
		خصائص الرسول صلى الله عليه وسلم	علي بن نايف الشحود	ShamAY	37382	0.26582
		الإيمانُ بيومِ القِيامةِ وأهوالِهِ	علي بن نايف الشحود	ShamAY	35263	0.26581
		منهجية التأليف في السيرة عند ابن كثير	عبد الرحمن بن علي السنيدي	ShamAY	12103	0.2658
		ابتلائات الامم : تاملات في الطريق الي المسيح الدجال و المهدي النتظر في اليهوديه ...	سعيد ايوب	Ghbook	4547	0.2658
		الخلاصة في بيان أسباب اختلاف الفقهاء	الواحدي :: علي بن نايف الشحود	ShamAY	36080	0.26575
		رفع الملام عن الأئمة الأعلام	تقي الدين أبو العباس أحمد بن عبد الحليم بن عبد السلام بن عبد الله بن أبي القاسم بن محمد ابن تيمية الحراني الحنبلي الدمشقي (المتوفى: 728ه)	Sham19Y	4118	0.26571
		المكاسب والورع والشبهة وبيان مباحها ومحظورها واختلاف الناس في طلبها والرد على الغالطين فيه	الحارث بن أسد المحاسبي، أبو عبد الله (المتوفى: 243هـ)	ShamAY	6230	0.26568
		دروس الشيخ محمد حسن عبد الغفار	محمد حسن عبد الغفار	ShamAY	875	0.26567
		دور البصرة في نشأة الدراسات النحوية وتطورها مرحلة النشأة حتى الخليل بن احمد	الأستاذ عبد الحسين المبارك	ShamAY	37205	0.26561
		ظاهرة الإرجاء في الفكر الإسلامي	سفر بن عبد الرحمن الحوالي	ShamAY	23586	0.26558
		موجز عن النهضه الحسينيه	آيت الله العظمي سيد محمد حسيني شيرازي	Ghbook	7850	0.26552
		الإفصاح عن أحاديث النكاح	أحمد بن محمد بن علي بن حجر الهيتمي السعدي الأنصاري، شهاب الدين شيخ الإسلام، أبو العباس (المتوفى: 974هـ)	ShamAY	6247	0.26551
		معجم ما استعجم من أسماء البلاد والمواضع [ج ٢]	أبي عبيد عبد الله بن عبد العزيز البكري الأندلسي	Rafed	2533	0.26551
		شرح كتاب التوحيد من صحيح البخاري	عبد الله بن محمد الغنيمان	ShamAY	9610	0.26548
		الاستعداد للموت وسؤال القبر	زين الدين بن عبد العزيز بن زين الدين ابن علي بن أحمد المعبري المليباري الهندي (المتوفى: 987هـ)	ShamAY	483	0.26546
		عرف الطّيب من أخبار مكّة ومدينة الحبيب	محمد بن محمد بن عبد الله الواسطي بن العاقولي	Rafed	2490	0.26546
		النفح الشذي في شرح جامع الترمذي	محمد بن محمد بن محمد بن أحمد، ابن سيد الناس، اليعمري الربعي، أبو الفتح، فتح الدين (المتوفى: 734 هـ)	ShamAY	32325	0.26543
		أهمية دراسة السيرة النبوية للمعلمين	د. حصة بنت عبد الكريم الزيد	ShamAY	10898	0.26542
		 شرح فروع الكافي 	 محمد هادي المازندراني 	ABLibrary	9346	0.26542
		جامع زيارات المعصومين عليهم السلام	موسسه پيام امام هادي عليه السلام	Ghbook	14795	0.2654
		الاستغاثة [ج ١]	أبو القاسم علي بن أحمد الكوفي	Rafed	1755	0.26539
		المدينة النبوية في فجر الإسلام والعصر الراشدي الرواية الصحيحة للتاريخ الحضاري السياسي , والاقتصادي , والاداري , والاجتماعي , والعلمي للمدينة المنورة	محمد حسن شُرَّاب	ShamAY	38446	0.26538
		شرح كلمة الإخلاص لابن رجب	عبد الرحمن بن ناصر البراك	ShamAY	32532	0.26538
		 النفحة المسكية في الرحلة المكية 	 عبد الله بن حسين السويدي البغدادي 	ABLibrary	9307	0.26537
		حوار مع الشيخ صالح الدرويش حول كتابه «التراحم بين آل بيت النبي صلي الله عليه و آ...	آيت الله العظمي جعفر سبحاني	Ghbook	10404	0.26537
		حياة الإمام الحسين عليه السلام [ج ١]	باقر شريف القرشي	Rafed	1606	0.26535
		منهج الامام الطاهر بن عاشور في التفسير	نبيل احمد صقر	Ghbook	9476	0.26535
		سد الذرائع في مسائل العقيدة على ضوء الكتاب والسنة الصحيحة (السنة الرابعة والثلاثون العدد (114))	عبد الله بن شاكر الجنيدي	ShamAY	2424	0.26532
		شرح مختصر البعلي لكتاب الصارم المسلول على شاتم الرسول لابن تيمية	محمد حسن عبد الغفار	ShamAY	739	0.26531
		أشراط الساعة الصغرى من موقع المنبر	مجموعة من المؤلفين	ShamAY	35205	0.26531
		سلسلة ومضات إعجازيّة من القرآن والسّنة النّبويّة	الدكتور المهندس خالد فائق صديق العبيدي (معاصر)	ShamAY	34110	0.2653
		فتح القدير [ج ٥]	محمد بن علي بن محمد الشوكاني	Rafed	3967	0.26529
		 منتهى السؤل على وسائل الوصول إلى شمائل الرسول ( ص ) 	 عبد الله بن سعيد محمد عبادي اللحجي 	ABLibrary	7801	0.26529
		شرح رسالة أبي داود لأهل مكة	عبد الكريم الخضير	ShamelaY19	23424	0.26528
		ابو الشهداء الحسين بن علي عليه السلام	عباس محمود العقاد	Masaha	4073	0.26528
		الدرر الحسان في أحكام الحج على مذهب الإمام أبي حنيفة النعمان	أحمد الحجي الكردي	ShamAY	36720	0.26526
		نزهة الأمم في العجائب والحكم	ابن إياس	Rafed	2538	0.26523
		مطلع البدرين فيمن يؤتى أجره مرتين	عبد الرحمن بن أبي بكر، جلال الدين السيوطي (المتوفى: 911هـ)	ShamAY	26551	0.26522
		شرح رياض الصالحين	محمد بن صالح بن محمد العثيمين (المتوفى: 1421هـ)	ShamAY	9260	0.26522
		الصحيح من سيرة النبي الأعظم صلّى الله عليه وآله [ج ١]	السيد جعفر مرتضى العاملي	Rafed	1092	0.26521
		حديث محمد بن بشار بندار عن شيوخه	أبو يعلى أحمد بن علي بن المثُنى بن يحيى بن عيسى بن هلال التميمي، الموصلي (المتوفى: 307هـ)	ShamAY	26576	0.26519
		الحجج القاطعة على أن الروافض ضد الإسلام على ممر التاريخ بلا مدافعة		ShamAY	35608	0.26519
		التنبيه على حدوث التصحيف	حمزة بن الحسن الأصفهاني (280 - 360 ه)	Sham19Y	18257	0.26517
		نصوص في علوم القرآن	جمعي از نويسندگان	Ghbook	9496	0.26517
		التصنيف في السنة النبوية	خلدون بن محمد سليم الأحدب	ShamAY	7580	0.26516
		مسائل الإمام ابن باز رحمه الله تعالى	عبد العزيز بن عبد الله بن باز (المتوفى: 1420هـ)	ShamAY	32014	0.26516
		 في رحاب أهل البيت ( ع ) 	 لجنة بحوث المجمع العالمي لأهل البيت ( ع ) 	ABLibrary	8545	0.26515
		آراء الإمام أبي الحسن الأشعري في رسالته إلى أهل الثغر	موسى بن محمد هجاد :: موسى هجاد	ShamAY	35712	0.26513
		حكم إمامة وأذان المجاهر بالمعصية	عبد الرحمن بن سعد الشثري	ShamAY	36341	0.26512
		ظاهرة الإرجاء في الفكر الإسلامي	سفر الحوالي	Sham19Y	23586	0.2651
		فتاوى واستشارات موقع الإسلام اليوم	مجموعة من المؤلفين	ShamAY	894	0.26509
		خلافة الرسول صلّى الله عليه وآله بين الشورى والنصّ	الدكتور صائب عبد الحميد	Rafed	740	0.26509
		الغدير في الكتاب والسنّة والأدب [ج ٤]	الشيخ عبد الحسين أحمد الأميني النجفي	Rafed	2003	0.26508
		الموسوعة القرآنية المتخصصة	مجموعة من الأساتذة والعلماء المتخصصين	ShamelaY19	96301	0.26505
		تطبيق المعايير العلمية	السيد ثامر هاشم حبيب العميدي	Masaha	200	0.26503
		الشمائل الشريفة	عبد الرحمن بن أبي بكر، جلال الدين السيوطي (المتوفى: 911هـ)	ShamAY	6589	0.26502
		 إثبات الوصية للإمام علي بن أبي طالب 	 المسعودي 	ABLibrary	7394	0.26501
		 المنهل الروي في الطب النبوي ( ص ) 	 محمد بن طولون الصالحي 	ABLibrary	9956	0.26499
		رساله حول رويه الله سبحانه	آيت الله العظمي جعفر سبحاني	Ghbook	5040	0.26498
		النظر وأحكامه	د.طارق الطواري	ShamAY	36428	0.26495
		شرح نونية القرني	كَامِلَةُ الكَوارِي	ShamAY	35708	0.26495
		المنهج العلمي لطلاب العلم الشرعي	أبو صفوان ذياب بن سعد بن علي بن حمدان بن أحمد بن محفوظ آل حمدان الغامدي الأزدي نسبا، ثم الطائفي مولدا	ShamAY	32420	0.26495
		الطعن في القرآن الكريم و الرد على الطاعنين في القرن الرابع عشر الهجري	عبدالمحسن بن زبن بن متعب المطيري	ShamAY	36872	0.26494
		فتح القدير للكمال ابن الهمام	كمال الدين محمد بن عبد الواحد السيواسي المعروف بابن الهمام (المتوفى: 861هـ)	ShamAY	21744	0.26493
		بحار الأنوار [ج ٣]	الشيخ محمّد باقر بن محمّد تقي المجلسي	Rafed	505	0.26491
		عدة الداعي و نجاح الساعي	جمال الدين أحمد بن محمد الحلي	Masaha	1107	0.26491
		بحار الأنوار [ج ٧٣]	الشيخ محمّد باقر بن محمّد تقي المجلسي	Rafed	1089	0.26489
		رد شبهات حول عصمة النبى صلى الله عليه وسلم فى ضوء السنة النبوية الشريفة	عماد السيد محمد إسماعيل الشربينى	ShamAY	1824	0.26486
		تفسير السلمي	أبو عبد الرحمن السلمي	ShamAY	34058	0.26486
		الذّريعة إلى تصانيف الشّيعة [ج ٦]	الشيخ آقا بزرك الطهراني	Rafed	447	0.26482
		مسائل الإمام أحمد رواية أبي داود سليمان بن الأشعث السجستاني	السجستاني، أبو داود	ShamAY	34257	0.26478
		دعائم التمكين للمملكة العربية السعودية على ضوء قوله تعالى: {الذين إن مكناهم في الأرض أقاموا الصلاة وآتوا الزكاة وأمروا بالمعروف ونهوا عن المنكر ولله عاقبة الأمور}	حمد بن حمدي الصاعدي	Sham19Y	10223	0.26477
		واقع التقيّة عند المذاهب والفرق الإسلاميّة من غير الشيعة الإماميّة	السيد ثامر هاشم العميدي	Rafed	3528	0.26473
		الإمام المهدي المصلح العالمي المنتظر	الشيخ محمّد جواد الطبسي	Rafed	1274	0.26471
		قضية التكفير بين أهل السنة وفرق الضلال في ضوء الكتاب والسنة	د. سعيد بن علي بن وهف القحطاني	ShamelaY19	96514	0.26467
		 معرفة الإمام 	 السيد محمد حسين الطهراني 	ABLibrary	8882	0.26467
		مصابيح الجامع	محمد بن أبي بكر بن عمر بن أبي بكر بن محمد، المخزومي القرشي، بدر الدين المعروف بالدماميني، وبابن الدماميني (المتوفى: 827 هـ)	ShamAY	32455	0.26465
		قواعد مهمة في مواجهة الفتن	مجموعة من المؤلفين	ShamAY	35115	0.26461
		دراسات في التصوف	إحسان إلهي ظهير الباكستاني (المتوفى: 1407هـ)	ShamAY	981	0.26459
		المحرر في علوم القرآن	د مساعد بن سليمان بن ناصر الطيار	ShamAY	31797	0.26457
		عقوبتا الزاني والمرتد ودفع الشبهات في ضوء القرآن والسنة ودفع الشبهات	عماد السيد محمد إسماعيل الشربينى	ShamAY	1837	0.26455
		روضة المحبين ونزهة المشتاقين	محمد بن أبي بكر بن أيوب بن سعد شمس الدين ابن قيم الجوزية (المتوفى: 751هـ)	ShamAY	11229	0.26454
		البدعة ضوابطها وأثرها السيء في الأمة	علي بن محمد بن ناصر الفقيهي	Sham19Y	8791	0.26454
		التيار الاصلاحي	آيت الله العظمي سيد محمد حسيني شيرازي	Ghbook	8138	0.26454
		الإحكام شرح أصول الأحكام لابن قاسم	عبد الرحمن بن محمد بن قاسم العاصمي القحطاني الحنبلي النجدي (المتوفى: 1392ه)	ShamelaY19	96231	0.26453
		 بحار الأنوار 	 العلامة المجلسي 	ABLibrary	751	0.26448
		مصادر الشعر الجاهلي	ناصر الدين الأسد	ShamAY	2055	0.26447
		الحياة السياسية للإمام الرضا عليه السلام	السيد جعفر مرتضى العاملي	Rafed	628	0.26447
		سبع مسائل في علم الخلاف	أبو مجاهد عبد العزيز بن عبد الفتاح بن عبد الرحيم بن الملا محمد عظيم القارئ المدني	Sham19Y	4811	0.26446
		التيار  السلفي الزيدي	سيد محمد مهدي عمادي	Ghbook	16036	0.26446
		دلائل النبوة في غزوة الأحزاب	خليل بن إبراهيم ملا خاطر	ShamAY	37440	0.26443
		المدينة المنوّرة بين الأدب والتاريخ	الدكتور عاصم حمدان علي حمدان	Rafed	2346	0.26442
		انتشار الإسلام الفتوحات الإسلامية زمن الراشدين	جميل عبد الله محمد المصري	Sham19Y	9013	0.26441
		أعلام من أرض النبوة		ShamAY	38436	0.26437
		أبُو ذر الغفاري رمز اليقظة في الضمير الإنساني	الشيخ محمد جواد آل الفقيه	Masaha	522	0.26435
		إتحاف ذوي الألباب في قوله - تعالى -: {يمحو الله ما يشاء ويثبت وعنده أم الكتاب}	مرعي بن يوسف بن أبى بكر بن أحمد الكرمى المقدسي الحنبلى (المتوفى: 1033ه)	ShamelaY19	96271	0.26434
		كتاب أصول الإيمان في ضوء الكتاب والسنة	مجموعة من المؤلفين	ShamelaY19	30847	0.26434
		القرآن منهج و سلوك	آيت الله العظمي سيد محمد حسيني شيرازي	Ghbook	7884	0.26434
		اللباب «شرح فصول الآداب»	أبو محمد عبد الله بن مانع بن غلاب الغبيوي الروقي العتيبي	ShamAY	32123	0.26432
		الجمعة أحكام وآداب	أبو أنس ماجد إسلام البنكاني :: ماجد البنكاني	ShamAY	36671	0.26432
		انتشار الإسلام الفتوحات الإسلامية زمن الراشدين	جميل عبد الله محمد المصري	ShamAY	9013	0.26429
		أصول في التفسير	محمد بن صالح بن محمد العثيمين (المتوفى: 1421هـ)	ShamAY	21796	0.26429
		معالم الدين وملاذ المجتهدين [ج ١]	الشيخ حسن بن زين الدين العاملي	Rafed	1352	0.26427
		 موسوعة الإمام أمير المؤمنين على بن أبى طالب ( ع ) 	 الشيخ باقر شريف القرشي 	ABLibrary	7815	0.26426
		دراسات في علوم القرآن - محمد بكر إسماعيل	محمد بكر إسماعيل (المتوفى: 1426هـ)	ShamAY	10002	0.26418
		أُصُوْلٌ بِلاَ أُصُوْلٍ - بحثٌ وافٍ في ردِّ عُدوانِ الصُّوفيةِ ومُدَّعِي المَهْدِيَّةِ على مصادر التلقى، والمرجعيةِ الشرعيةِ	محمد بن أحمد بن إسماعيل المقدم	ShamAY	1971	0.26418
		مصادر الشعر الجاهلي	ناصر الدين الأسد	Sham19Y	2055	0.26417
		الإمام مسلم وصحيحه	عبد المحسن بن حمد بن عبد المحسن بن عبد الله بن حمد العباد البدر	ShamAY	8775	0.26414
		السلسل العذب والمنهل الأحلى	محمد بن أبي بكر الحضرمي	ShamAY	35860	0.26413
		الفقه الأكبر (مطبوع مع الشرح الميسر على الفقهين الأبسط والأكبر المنسوبين لأبي حنيفة تأليف محمد بن عبد الرحمن الخميس)	ينسب لأبي حنيفة النعمان بن ثابت بن زوطي بن ماه (المتوفى: 150هـ)	ShamAY	6388	0.26413
		 سلسلة المسائل الفقهية 	 الشيخ السبحاني 	ABLibrary	9572	0.26413
		الاخلاص سر التقدم	آيت الله العظمي سيد محمد حسيني شيرازي	Ghbook	2299	0.26412
		إبراز الغي الواقع في شفاء العي	الإمام محمد عبد الحي اللكنوي (ت1304هـ)	ShamAY	35998	0.2641
		المدينة المنورة بين الأدب والتاريخ‏	عاصم حمدان	Masaha	4558	0.26409
		تبريد حرارة المصيبة عند موت الأحباب وفقد ثمرات الأفئدة وفلذات الأكباد في ضوء الكتاب والسُّنَّة	د. سعيد بن علي بن وهف القحطاني	ShamAY	1832	0.26407
		المغني لابن قدامة	أبو محمد موفق الدين عبد الله بن أحمد بن محمد بن قدامة الجماعيلي المقدسي ثم الدمشقي الحنبلي، الشهير بابن قدامة المقدسي (المتوفى: 620هـ)	ShamAY	8463	0.26404
		بلوغ المرام من أدلة الأحكام ت فحل	أبو الفضل أحمد بن علي بن محمد بن أحمد بن حجر العسقلاني (المتوفى: 852 ه)	Sham19Y	17757	0.26404
		المقتطف من أزاهر الطرف	أبو الحسن على بن موسى بن سعيد المغربي الأندلسي (المتوفى: 685هـ)	ShamAY	9100	0.264
		الرسول الأعظم صلّى الله عليه وآله على لسان وصيّه الإمام علي بن أبي طالب عليه السلام	السيّد محسن الحسيني الأميني	Rafed	2568	0.264
		الغدير في التراث الإسلامي	السيد عبد العزيز الطباطبائي	Masaha	365	0.26396
		المستطرف في كل فن مستطرف	شهاب الدين محمد بن أحمد بن منصور الأبشيهي أبو الفتح (المتوفى: 852هـ)	ShamAY	23802	0.26395
		الصلاة على رسول الله - صلى الله عليه وآله وسلم - فضلها ومعناها وكيفيتها ومواضعها والتحذير من تركها	شحاتة محمد صقر	ShamAY	568	0.26394
		التفسير المنير [ج ٤]	الدكتور وهبة الزحيلي	Rafed	2945	0.26389
		الإرشاد إلى توحيد رب العباد	عبد الرحمن بن حماد آل عمر	ShamAY	31	0.26386
		السياسة الشرعية في إصلاح الراعي والرعية	الواحدي :: ابن تيمية	ShamAY	34347	0.26385
		حقائق عن الامام المهدي عليه السلام	آيت الله العظمي سيد محمد حسيني شيرازي	Ghbook	7888	0.26384
		أهمية الاستغفار وفوائده	علي بن نايف الشحود	ShamAY	34835	0.26383
		 ترتيب السلوك ( ويليها رسالة في أدب العلم / بيان فضل خيار الناس والكشف عن مكر الوسواس للغماري ) 	 ابن عطاء الله السكندري 	ABLibrary	8790	0.26382
		صلاة الاستسقاء - مفهوم، وأسباب، وأنواع، وآداب، وآيات، وحكم، وأحكام في ضوء الكتاب والسنة	د. سعيد بن علي بن وهف القحطاني	Sham19Y	9832	0.26381
		كشف الحقائق - رد علي كتاب "هذه نصيحتي الي كل شيعي"	علي آل محسن	Ghbook	7740	0.26378
		ما هكذا تورد ياسعد الإبل حوار علمي مع الدكتور ربيع حول منهج المحدثين النقاد القدامى في نقد الأحاديث	الواحدي :: حمزة عبد الله المليباري	ShamAY	36631	0.26376
		التنجيم والمنجمون وحكم ذلك في الإسلام	عبد المجيد بن سالم المشعبي	ShamAY	7591	0.26376
		فدك و العوالي أو الحوائط السبعة في الكتاب و السنة و التاريخ و الأدب‏	السيد محمد باقر الحسيني الجلالي‏	Masaha	2870	0.26374
		شفاء العليل في اختصار إبطال التحليل - البعلي - ت العمران - ط عالم الفوائد	محمد بن علي بن أحمد بن عمر بن يعلى، أبو عبد الله، بدر الدين البعليّ (المتوفى: 778هـ)	ShamAY	38464	0.26373
		إيقاظ أولي الهمم العالية إلى اغتنام الأيام الخالية	الواحدي :: عبد العزيز السلمان	ShamAY	35000	0.26368
		فضل الكلاب على كثير ممن لبس الثياب	محمد بن خلف بن المرزبان بن بسام، أبو بكر المحولي (المتوفى: 309هـ)	ShamAY	11342	0.26366
		إلقاء الضوء القرآني على كتابة الدكتور علوي حول النبهاني	عبد القادر بن حبيب الله السندي	ShamAY	8856	0.26365
		خزانة التّواريخ النجديّة [ج ١٠]	عبد الله بن عبد الرحمن بن صالح آل بسام	Rafed	2176	0.26365
		 الموسوعة الكبرى عن فاطمة الزهراء ( س ) 	 اسماعيل الأنصاري الزنجاني الخوئيني 	ABLibrary	7836	0.26365
		ذم الموسوسين	أبو محمد الموفق عبد الله بن أحمد بن محمد بن قدامة المقدسي (620 هـ)	ShamAY	34304	0.26364
		الاعتصام للشاطبي ت الهلالي	إبراهيم بن موسى بن محمد اللخمي الغرناطي الشهير بالشاطبي (المتوفى: 790ه)	ShamelaY19	21720	0.26364
		شهر رمضان شهر الهدى والفرقان	علي بن نايف الشحود	ShamAY	34844	0.26363
		شرح حديث جبريل في تعليم الدين	عبد المحسن بن حمد بن عبد المحسن بن عبد الله بن حمد العباد البدر	ShamAY	11259	0.26363
		شرح الصيام من دليل الطالب	أنيس المصعبي	ShamAY	36352	0.26362
		السنة ومكانتها للسباعي ط المكتب الإسلامي	مصطفى بن حسني السباعي (المتوفى: 1384ه)	ShamelaY19	37638	0.26359
		المسالك والممالك للبكري - الجزء1	عبد الله بن عبد العزيز البكري	Masaha	3951	0.26358
		الاجتهاد والمجتهدون بالأندلس والمغرب	محمد إبراهيم بن أحمد بن جعفر الكتاني :: محمد إبراهيم بن أحمد الكتاني	ShamAY	37506	0.26355
		 عدة الأكياس في شرح معاني الأساس 	 أحمد الشرفي القاسمي 	ABLibrary	8511	0.26355
		المستطرف في كل فن مستطرف	شهاب الدين محمد بن أحمد بن منصور الأبشيهي أبو الفتح (المتوفى: 852ه)	ShamelaY19	23802	0.26354
		نهج الحق وكشف الصدق	العلامة الحلي	Masaha	474	0.26351
		نور الابصار في احوال الائمه التسعه الابرار ( عليهم السلام ) - الامام العسكري ( ع...	محمد مهدي مازندراني حائري	Ghbook	6236	0.26351
		تاج العروس [ج ١٣]	محبّ الدين أبي فيض السيد محمّد مرتضى الحسيني الواسطي الزبيدي الحنفي	Rafed	1522	0.2635
		أسئلة وحوارات حول الإمام المهدي	السيد يحيى طالب مشاري	Masaha	47	0.2635
		الاعتصام بالكتاب والسنة أصل السعادة في الدنيا والآخرة ونجاة من مضلات الفتن	د. سعيد بن علي بن وهف القحطاني	ShamAY	1805	0.26349
		حدائق الأزاهر في مستحسن الأجوبة والمضحكات والحكم والأمثال والحكايات والنوادر	محمد بن محمد بن محمد، أبو بكر ابن عاصم القيسي الغرناطي (المتوفى: 829هـ)	ShamAY	5406	0.26341
		السنة ومكانتها في التشريع الإسلامي	مصطفى بن حسني السباعي (المتوفى: 1384ه)	ShamelaY19	37639	0.26341
		التفسير المنير [ج ٢٢]	الدكتور وهبة الزحيلي	Rafed	2967	0.26339
		أعمال الكفار والجزاء عليها	محمد باكريم	ShamAY	36696	0.26338
		شرح الوصية الكبرى لابن تيمية - الراجحي	عبد العزيز بن عبد الله بن عبد الرحمن الراجحي	ShamelaY19	37013	0.26336
		الدين المعاملة	منقذ بن محمود السقار	Sham19Y	38152	0.26335
		اعلام الهدايه	المجمع العالمي لاهل البيت عليهم السلام	Ghbook	3775	0.26334
		شرح الموطأ - عبد الكريم الخضير	عبد الكريم الخضير	ShamAY	58	0.26333
		القواعد النورانية الفقهية	تقي الدين أبو العباس أحمد بن عبد الحليم بن عبد السلام بن عبد الله بن أبي القاسم بن محمد ابن تيمية الحراني الحنبلي الدمشقي (المتوفى: 728هـ)	ShamAY	21729	0.26332
		فصل الخطاب في الزهد والرقائق والآداب	محمد نصر الدين محمد عويضة	Sham19Y	36375	0.2633
		أوثق عرى الإيمان	سليمان بن عبد الله آل الشيخ	ShamAY	35451	0.26329
		مصدر التشريع عند مذهب الجعفرية	محمد باب العلوم	Masaha	496	0.26329
		دعائم التمكين للمملكة العربية السعودية على ضوء قوله تعالى: {الذين إن مكناهم في الأرض أقاموا الصلاة وآتوا الزكاة وأمروا بالمعروف ونهوا عن المنكر ولله عاقبة الأمور}	حمد بن حمدي الصاعدي	ShamAY	10223	0.26327
		الشورى في الإمامة	السيّد علي الحسيني الميلاني	Rafed	1176	0.26326
		أسرار الكون = الهيئة السَّنِية في الهيئة السُّنِّية	عبد الرحمن بن أبي بكر، جلال الدين السيوطي (المتوفى: 911هـ)	ShamAY	209	0.26322
		الدين المعاملة	منقذ بن محمود السقار	ShamelaY19	38152	0.26322
		 المسالك والممالك 	 أبي عبيد البكري 	ABLibrary	9204	0.26322
		استفتائات في الشعائر الحسينيه المقدسه	آيت الله العظمي حسيني	Ghbook	7964	0.2632
		الفتاوى المعاصرة في الرافضة		ShamAY	35290	0.26319
		الكبائر لمحمد بن عبد الوهاب (مطبوع ضمن مؤلفات الشيخ محمد بن عبد الوهاب، الجزء الأول)	محمد بن عبد الوهاب بن سليمان التميمي النجدي (المتوفى: 1206ه)	Sham19Y	8531	0.26319
		أدب الدنيا والدين	أبو الحسن علي بن محمد بن محمد بن حبيب البصري البغدادي، الشهير بالماوردي (المتوفى: 450هـ)	ShamAY	765	0.26313
		السنة النبوية في مواجهة التحديات والشبهات المعاصرة	أيمن محمود مهدي	ShamAY	37313	0.26311
		نهج المستنير وعصمة المستجير	د. صلاح الدين الحسيني	Masaha	497	0.26309
		الأربعون الودعانية الموضوعة	محمد بن علي بن عبيد الله بن أحمد بن صالح بن سليمان بن ودعان الموصلي، أبو نصر (المتوفى: 494هـ)	ShamAY	30584	0.26306
		نور السنة وظلمات البدعة في ضوء الكتاب والسنة	د. سعيد بن علي بن وهف القحطاني	ShamelaY19	96539	0.26306
		مع المصطفي	الواحدي :: عائشة عبد الرحمن بنت الشاطئ	ShamAY	34436	0.26301
		 أدب الطف أو شعراء الحسين ( ع ) 	 جواد شبر 	ABLibrary	7401	0.26298
		مثل ما بعثني الله	فالح بن محمد الصغير	ShamAY	35970	0.26297
		فقه المزار في احاديث الائمه الاطهار عليهم السلام	آيت الله العظمي جعفر سبحاني	Ghbook	10652	0.26295
		التأدب مع الرسول في ضوء الكتاب والسنة	حسن نور حسن	ShamAY	35053	0.26286
		السجود علي الارض 	علي احمدي ميانجي	Ghbook	7557	0.26284
		 الشيخ محيي الدين بن عربي ترجمة حياته من كلامه 	 محمود محمود الغراب 	ABLibrary	8910	0.26282
		تحرير المنقول وتهذيب علم الأصول	علاء الدين أبو الحسن علي بن سليمان المرداوي الدمشقي الصالحي الحنبلي (المتوفى: 885 هـ)	ShamAY	32445	0.2628
		فتح القوي المتين في شرح الأربعين وتتمة الخمسين للنووي وابن رجب رحمهما الله	عبد المحسن بن حمد بن عبد المحسن بن عبد الله بن حمد العباد البدر	ShamAY	11325	0.26275
		تأملات فى فقه الدعوة	طلعت عفيفي	ShamAY	33355	0.26274
		الصحيح من سيرة النبي الأعظم صلّى الله عليه وآله [ج ٢٦]	السيد جعفر مرتضى العاملي	Rafed	2631	0.26273
		عقيدة الولاء والبراء - المقدم	محمد أحمد إسماعيل المقدم	ShamelaY19	36991	0.2627
		الوجيز في فقه السنة والكتاب العزيز	عبد العظيم بن بدوي بن محمد	Sham19Y	98086	0.2627
		ابك فانك علي حق	وسام البلداوي	Ghbook	12310	0.2627
		رساله مختصره في لبس السواد - الانوار الالهية	آيت الله العظمي ميرزا جواد تبريزي	Ghbook	10097	0.26268
		الأساليب الشرعية في تأديب الأطفال	علي بن نايف الشحود	ShamAY	34823	0.26267
		إمامة بقية الائمة(ع)	السيد علي الحسيني الميلاني	Masaha	93	0.26264
		تاج العروس [ج ١٧]	محبّ الدين أبي فيض السيد محمّد مرتضى الحسيني الواسطي الزبيدي الحنفي	Rafed	1589	0.26263
		خمس نداءات بمناسبته ايام شهاده الصديقه الطاهره فاطمه الزهرا عليها السلام	محمد جواد فاضل لنكراني	Ghbook	15249	0.26263
		شرح القواعد السعدية	عبد المحسن بن عبد الله بن عبد الكريم الزامل	ShamAY	32453	0.26262
		الطريق الي المهدي المنتظر	سعيد ايوب	Ghbook	4595	0.26262
		حقيقه الشيعه الاثني عشريه	اسعد وحيد القاسم	Ghbook	15761	0.26262
		مشاهيرالمدفونين في كربلاء	سلمان هادي آل طعمه	Ghbook	11227	0.2626
		النبي ومستقبل الدعوة	مروان خليفات	Rafed	1188	0.26257
		مصدر التشريع عند مذهب الجعفريّة	محمّد باب العلوم	Rafed	1193	0.26254
		بحار الأنوار [ج ٧]	الشيخ محمّد باقر بن محمّد تقي المجلسي	Rafed	521	0.26253
		التوضيح لمباحث المنظومة المبيقونية في علوم الحديث	الدكتور عبد الله جاسم الجنابي	ShamAY	37337	0.26252
		خطورة التسرع في التكفير والقيام بالتفجير وما ينشأ عنهما من سفك للدماء وتخريب للمنشآت	مجموعة من المؤلفين	Sham19Y	546	0.26251
		المقدمات العشر في نقض أصول صوفية العصر	عبد العزيز بن ريس الريس	ShamAY	35699	0.2625
		 المسائل 	 الحارث المحاسبي 	ABLibrary	8683	0.2625
		شبهة حول حروب الردة والفتوحات الإسلامية	أبو عبد الله الذهبي	ShamAY	37145	0.26249
		مع الامام موسي بن جعفر ( عليه السلام ) و التغيير في العراق	آيت الله العظمي سيد محمد حسيني شيرازي	Ghbook	8125	0.26248
		تفسير مقاتل بن سليمان - العلمية	أبو الحسن مقاتل بن سليمان بن بشير الأزدي بالولاء البلخي	ShamAY	34072	0.26247
		شرح القواعد السعدية	عبد المحسن بن عبد الله بن عبد الكريم الزامل	Sham19Y	16820	0.26247
		أعلام السنة المنشورة لاعتقاد الطائفة الناجية المنصورة (الكتاب نشر - أيضا - بعنوان: 200 سؤال وجواب في العقيدة الاسلامية)	حافظ بن أحمد بن علي الحكمي (المتوفى: 1377ه)	Sham19Y	30821	0.26247
		 المواعظ والإعتبار في ذكر الخطط والآثار ( ط لندن ) 	 المقريزي 	ABLibrary	9240	0.26242
		نثر الورود شرح حائية ابن أبي داود	د. عبد الرحمن بن عبد العزيز العقل	ShamelaY19	145171	0.26237
		تراثنا ـ العدد [ 34 ]	مؤسسة آل البيت عليهم السلام لإحياء التراث ـ قم	Rafed	2785	0.26235
		 نفح الطيب من غصن الأندلس الرطيب 	 أحمد بن محمد المقري التلمساني 	ABLibrary	9302	0.26234
		قاعدة في الأموال السلطانية	شيخ الإسلام أحمد بن عبد الحليم بن تيمية	ShamAY	34357	0.26231
		كتاب التوحيد وقرة عيون الموحدين في تحقيق دعوة الأنبياء والمرسلين	عبد الرحمن بن حسن بن محمد بن عبد الوهاب بن سليمان التميمي	ShamAY	11334	0.26229
		مفرج الكروب في أخبار بني أيوب	محمَّد بن سالم بن نصرالله بن سالم ابن واصل، أبو عبد الله المازني التميمي الحموي، جمال الدين (المتوفى: 697هـ)	ShamAY	32278	0.26223
		 موارد السجن في النصوص والفتاوى 	 الشيخ نجم الدين الطبسي 	ABLibrary	9691	0.26222
		 الرد على الفتاوى المتطرفة 	 الشيخ علي الكوراني العاملي 	ABLibrary	8428	0.26217
		بحوث في الملل والنّحل [ج ٣]	الشيخ جعفر السبحاني	Rafed	61	0.26213
		نوادر المعجزات في مناقب الائمه الهداه ( عليهم السلام ) - الامام ابوالحسن علي بن ...	طبري امامي ( صغير ) ابوجعفر محمد بن جرير بن رستم ( قرن 4و5 ق ) ( صاحب دلائل الامامه )	Ghbook	4049	0.26213
		المنور في راجح المحرر	تقي الدين أحمد بن محمّد بن عليّ البغدادي، المقرئ الأَدَمي الحنبلي (المتوفى: حوالي 749 هـ)	ShamAY	32441	0.26212
		الإحكام شرح أصول الأحكام لابن قاسم	عبد الرحمن بن محمد بن قاسم العاصمي القحطاني الحنبلي النجدي (المتوفى: 1392ه)	Sham19Y	96231	0.26211
		المهذَّبُ في علاجِ العَيْنِ والمَسِّ والسِّحْرِ	الواحدي :: علي بن نايف الشحود	ShamAY	36115	0.26208
		مسائل الفروع الواردة في مسائل العقيدة - جمعا ودراسة	عبد العزيز بن محمد آل عبد اللطيف	ShamAY	35420	0.26207
		فصل الخطاب في الزهد والرقائق والآداب	محمد نصر الدين محمد عويضة	ShamAY	250	0.26206
		الدخيل في التفسير - جامعة المدينة	مناهج جامعة المدينة العالمية	ShamAY	1646	0.26204
		تراثنا ـ العددان [ 35 و 36 ]	مؤسسة آل البيت عليهم السلام لإحياء التراث ـ قم	Rafed	2789	0.26203
		خواطر حول الوهابية	محمد بن أحمد بن إسماعيل المقدم	ShamelaY19	96299	0.26199
		بحوث قرآنية في التوحيد والشرك	الشيخ جعفر السبحاني	Masaha	139	0.26199
		موسوعة الإمام أمير المؤمنين علي بن أبي طالب(ع) - الجزء1	الشيخ باقر شريف القرشي	Masaha	3109	0.26198
		تاريخ البيمارستانات في الإسلام	الدكتور أحمد عيسى (المتوفى: 1365ه)	ShamelaY19	36083	0.26193
		أسنى المطالب في أحاديث مختلفة المراتب	محمد بن محمد درويش، أبو عبد الرحمن الحوت الشافعي (المتوفى: 1277هـ)	ShamAY	6076	0.26192
		العمدة في إعداد العدة للجهاد في سبيل الله تعالى	عبد القادر بن عبد العزيز	ShamAY	36617	0.26192
		دروس في شرح البيقونية - سعد الحميد	سعد بن عبد الله بن عبد العزيز آل حُمَيِّد	ShamAY	1575	0.26191
		صفات الله عز وجل الواردة في الكتاب والسنة	علوي السقاف	ShamelaY19	22889	0.2619
		عقيدة المسلم في ضوء الكتاب والسنة - المفهوم، والفضائل، والمعنى، والمقتضى، والأركان، والشروط، والنواقص، والنواقض	د. سعيد بن على بن وهف القحطاني	ShamelaY19	96546	0.26187
		دروس تربوية من الأحاديث النبوية	أبو عبد الملك خالد بن عبد الرحمن الحسينان	ShamAY	507	0.26184
		التقية عند الشيعة الإمامية	مجيد الخليفة	ShamAY	37785	0.26184
		أحكام الجنائز - مفهوم، واغتنام، ومواعظ، وآداب، وحقوق وصبر، واحتساب، وفضائل، وأحكام في ضوء الكتاب والسنة	د. سعيد بن على بن وهف القحطاني	Sham19Y	96453	0.26184
		موقف العلماء من الفلسفه و العرفان	محمد باقر علم الهدي	Ghbook	16165	0.26184
		السلام وآدابه وأحكامه في السنة النبوية المطهرة	آمال ماضي	ShamAY	36169	0.26183
		البيان في عقائد اهل الايمان	محمد باقر شريعتي اصفهاني	Ghbook	7533	0.26182
		الصحيح من سيره النبي الاعظم صلي الله عليه و آله وسلم	سيد جعفرمرتضي حسيني عاملي	Ghbook	10435	0.26182
		بحار الأنوار [ج ٦٩]	الشيخ محمّد باقر بن محمّد تقي المجلسي	Rafed	1080	0.26181
		مجالس منبريه : محاضرات و نواعي مجالس شهر محرم الحرام	مصطفي الامامي الاهوازي	Ghbook	16407	0.26181
		علامات الظهور جدليه صراع ام تحديات مستقبل ؟	محمد علي الحلو	Ghbook	4570	0.26181
		فصل الخطاب في الزهد والرقائق والآداب	محمد نصر الدين محمد عويضة	ShamelaY19	36375	0.26178
		 موسوعة مرآة الحرمين الشريفين وجزيرة العرب 	 أيوب صبري باشا 	ABLibrary	9289	0.26178
		الهمة طريق إلى القمة	مُحَمَّد بن حَسَن بْن عَقيل مُوسَى الشَّريْف	ShamAY	330	0.26177
		إجابة النداء - أنواع، وفضائل، وفوائد، وآداب، وإجابة قولية وفعلية، وأحكام في ضوء الكتاب العزيز والسنة المطهرة	د. سعيد بن على بن وهف القحطاني	ShamelaY19	96452	0.26177
		 أعيان الشيعة 	 السيد محسن الأمين 	ABLibrary	81	0.26175
		إلزام النّاصب في إثبات الحجّة الغائب عجّل فرجه [ج ٢]	الشيخ علي اليزدي الحائري	Rafed	2566	0.26174
		الولاء والبراء في الإسلام من مفاهيم عقيدة السلف	محمد بن سعيد بن سالم القحطاني	Sham19Y	9758	0.26173
		البراهين على ألا بدعة حسنة في الدين والرد على شبه المخالفين	أبو طاهر السِّلَفي	ShamAY	36481	0.26171
		شرح الحموية لابن تيمية - الراجحي	عبد العزيز بن عبد الله الراجحي	ShamAY	49	0.26171
		الفتاوى الحديثية لابن حجر الهيتمي	أحمد بن محمد بن علي بن حجر الهيتمي السعدي الأنصاري، شهاب الدين شيخ الإسلام، أبو العباس (المتوفى: 974هـ)	ShamAY	1922	0.2617
		مفتاح طريق الأولياء - سلسلة لقاء العشر الأواخر بالمسجد الحرام (1)	أحمد بن إبراهيم بن عبد الرحمن بن مسعود، عماد الدين الواسطي البغدادي ثم الدمشقيّ، المعروف: بابن شيخ الحزامين (المتوفى: 711 هـ)	ShamAY	32387	0.2617
		الاعتصام للشاطبي ت الهلالي	إبراهيم بن موسى بن محمد اللخمي الغرناطي الشهير بالشاطبي (المتوفى: 790ه)	Sham19Y	21720	0.2617
		العقائد الحقّة	السيد علي الحسيني الصدر	Rafed	1518	0.26169
		توصيات الي العاملين للاسلام	آيت الله العظمي سيد محمد حسيني شيرازي	Ghbook	7897	0.26169
		الوجيز في فقه السنة والكتاب العزيز	عبد العظيم بن بدوي بن محمد	ShamAY	31599	0.26168
		البيان المفيد فيما اتفق عليه علماء مكة و نجد من عقائد التوحيد	مجموعة علماء	ShamAY	35470	0.26165
		قصه الشيعه	آيت الله العظمي سيد محمد حسيني شيرازي	Ghbook	7775	0.26165
		 باب الحوائج الإمام موسى الكاظم ( ع ) 	 حسين الحاج حسن 	ABLibrary	7433	0.26164
		صفات الله عز وجل الواردة في الكتاب والسنة	علوي بن عبد القادر السَّقَّاف	ShamAY	22889	0.26162
		الامام المنتظر (عجل الله تعالي فرجه الشريف)	آيت الله العظمي حسيني	Ghbook	8043	0.2616
		إعانة المسلم في شرح صحيح مسلم - كتاب الصوم	سليمان اللهيميد	ShamAY	35979	0.26157
		كف الرعاع عن محرمات اللهو والسماع	أحمد بن محمد بن علي بن حجر الهيتمي السعدي الأنصاري، شهاب الدين شيخ الإسلام، أبو العباس (المتوفى: 974ه)	ShamelaY19	37886	0.26157
		موعود الاديان : ردا علي شبهات حول امام الزمان (عج)	آيت الله العظمي حسينعلي منتظري	Ghbook	16475	0.26155
		الاعتداء في الدعاء (صور وضوابط ونماذج من الدعاء الصحيح)	سعود بن محمد بن حمود العقيلي	ShamelaY19	35622	0.26154
		صيد الخاطر	جمال الدين أبو الفرج عبد الرحمن بن علي بن محمد الجوزي (المتوفى: 597هـ)	ShamAY	12028	0.26152
		المجالس السنيه في مناقب و مصائب العتره النبويه ( الامام الصادق عليه السلام )	محسن امين عاملي	Ghbook	6242	0.26152
		الا علي او اصلب من الايام	كمال السيد	Ghbook	8374	0.26152
		تفضيل الكلاب لابن المرزبان - دار التضامن	أبو بكر محمد بن خلف	ShamAY	33790	0.2615
		أحكام الجنائز - مفهوم، واغتنام، ومواعظ، وآداب، وحقوق وصبر، واحتساب، وفضائل، وأحكام في ضوء الكتاب والسنة	د. سعيد بن على بن وهف القحطاني	ShamAY	1800	0.26146
		القول المبين عن وجوب مسح الرّجلين	الشيخ القاضي أبي الفتح محمد بن علي الكراجكي	Masaha	379	0.26146
		الآداب الإسلامية	-	ShamAY	1904	0.26145
		مطمح الأنفس ومسرح التأنس في ملح أهل الأندلس	أبي نصر الفتح بن محمد بن عبيد الله بن خاقان ابن عبد الله القيسي الإشبيلي	ShamAY	1566	0.26137
		رسالة في أسس العقيدة	محمد بن عودة السعوي	ShamelaY19	30834	0.26137
		نظرات سريعة في كتاب "قاعدة جليلة في التوسل والوسيلة" لابن تيمية	حسني محمد العطار	ShamAY	35775	0.26134
		الخلاصة في أشراط الساعة الكبرى	الواحدي :: علي بن نايف الشحود	ShamAY	36078	0.26133
		الوجيز في الامامه و الولايه	احمد حسين يعقوب اردني	Ghbook	4555	0.26133
		منطلقات طالب العلم	أبو العلاء محمد بن حسين بن يعقوب السلفي المصري	ShamelaY19	98137	0.26131
		فتح المنعم شرح صحيح مسلم	الأستاذ الدكتور موسى شاهين لاشين	ShamAY	38844	0.2613
		فهم القرآن ومعانيه	الحارث بن أسد المحاسبي، أبو عبد الله (المتوفى: 243هـ)	ShamAY	5550	0.26129
		 جمع المقال في إثبات كرامات الأولياء في الحياة وبعد الانتقال 	 مجموعة مؤلفين 	ABLibrary	8851	0.26129
		الدين المعاملة	منقذ بن محمود السقار	ShamAY	1257	0.26125
		مختلف الشيعة في أحكام الشريعة - الجزء1	العلامة الحلي	Masaha	841	0.26124
		عدّة الإنابة في أماكن الإجابة	السيّد عفيف الدين أبي السيادة عبدالله بن إبراهيم بن حسن بن محمّد أمين ميرغني الحسني المتّقي المكّي الطائفي الحنفي [ المحجوب ]	Rafed	2461	0.26122
		اللباب «شرح فصول الآداب»	أبو محمد عبد الله بن مانع بن غلاب الغبيوي الروقي العتيبي	Sham19Y	17128	0.2612
		الكلمة الغراء في تفضيل الزهراء(ع) وعقيلة الوحي‏	السيد عبد الحسين شرف الدين	Masaha	2858	0.2612
		مظلوميّة الزهراء(ع)	السيد علي الحسيني الميلاني	Masaha	399	0.2612
		يوم الحسين ( عليه السلام )	آيت الله العظمي سيد محمد حسيني شيرازي	Ghbook	7909	0.2612
		بداية المحتاج في شرح المنهاج	بدر الدين أبو الفضل محمد بن أبي بكر الأسدي الشافعي ابن قاضي شهبة (798 - 874 ه)	ShamelaY19	132962	0.26116
		تبصير أولي الألباب ببدعة تقسيم الدين إلى قشر ولباب	محمد أحمد إسماعيل المقدم	ShamAY	1772	0.26111
		الحديث النبوي في النحو العربي	الدكتور محمود فجال	Rafed	1991	0.2611
		تاريخ بخارى / تعريب	أبو بكر محمد بن جعفر النرشخي (المتوفى: 348 هـ)	ShamAY	33828	0.26109
		النظرات الماتعة في سورة الفاتحة	مرزوق بن هياس آل مرزوق الزهراني، الأستاذ المشارك بكلية الحديث الشريف والدراسات الإسلامية بالجامعة الإسلامية بالمدينة المنورة	ShamelaY19	132391	0.26107
		مع الحرس و الشرطه	آيت الله العظمي سيد محمد حسيني شيرازي	Ghbook	7881	0.26107
		ذلك الشيخ الوقور	كمال السيد	Rafed	2803	0.26104
		باب الحوائج الإمام موسى الكاظم(ع)	أ. د. حسين الحاج حسن	Masaha	1917	0.26103
		كتاب السير من التهذيب	محيي السنة، أبو محمد الحسين بن مسعود بن محمد بن الفراء البغوي الشافعي (المتوفى: 516هـ)	ShamAY	3637	0.26102
		تراثنا ـ العددان [ 71 و 72 ]	مؤسسة آل البيت عليهم السلام لإحياء التراث ـ قم	Rafed	3304	0.26101
		اثبات الوصيه للامام علي بن ابي طالب عليه السلام	ابوالحسين علي بن حسين بن علي هذلي مسعودي	Ghbook	9199	0.26095
		العقيقة في الفقه الإسلامي	مريم إبراهيم هندي	ShamAY	36393	0.26094
		 مسالك الأبصار في ممالك الأمصار 	 أحمد بن يحيى العمري 	ABLibrary	9191	0.26092
		 تلخيص الشافي 	 الشيخ الطوسي 	ABLibrary	8393	0.2609
		الإحكام شرح أصول الأحكام لابن قاسم	عبد الرحمن بن محمد بن قاسم العاصمي القحطاني الحنبلي النجدي (المتوفى: 1392هـ)	ShamAY	1705	0.26087
		ملحمة قوافل النّور	حسين بركة الشامي	Rafed	1818	0.26087
		الوجيزة في الرجال‌	العلامة المجلسي	Masaha	3515	0.26087
		الولاء والبراء في الإسلام من مفاهيم عقيدة السلف	محمد بن سعيد بن سالم القحطاني	ShamAY	9758	0.26086
		الحسبة في الإسلام، أو وظيفة الحكومة الإسلامية	تقي الدين أبو العباس أحمد بن عبد الحليم بن عبد السلام بن عبد الله بن أبي القاسم بن محمد ابن تيمية الحراني الحنبلي الدمشقي (المتوفى: 728هـ)	ShamAY	7263	0.26085
		تحقيق رياض الصالحين للألباني	أبو زكريا محيي الدين يحيى بن شرف النووي (المتوفى: 676هـ)	ShamAY	512	0.26084
		الزكاة في الإسلام في ضوء الكتاب والسنة - مفهوم, ومنزلة, وحكم, وفوائد، وأحكام, وشروط, ومسائل	د. سعيد بن علي بن وهف القحطاني	ShamelaY19	96466	0.26084
		 نزهة الامم في العجائب والحكم 	 ابن إياس 	ABLibrary	9293	0.26081
		أجوبة الشيخ المحدث عبد الله بن عبد الرحمن السعد] على أسئلة دروس الموقظة	عبد الله السعد	ShamAY	37359	0.2608
		الدر النقي في شرح ألفاظ الخرقي	جمال الدين أبو المحاسن يوسف بن حسن بن عبد الهادي الحنبلي الدمشقي الصالحي المعروف ب «ابن المبرد» (المتوفى: 909 ه)	ShamelaY19	131003	0.2608
		موسوعة الأسئلة العقائديّة [ج ٣]	مركز الأبحاث العقائديّة	Rafed	1380	0.2608
		الاعتصام للشاطبي ت الهلالي	إبراهيم بن موسى بن محمد اللخمي الغرناطي الشهير بالشاطبي (المتوفى: 790هـ)	ShamAY	441	0.26079
		المفصل في شرح آية لا إكراه في الدين	علي بن نايف الشحود	ShamAY	33096	0.26079
		عقيدة أهل البيت	عبد الله بن جوران الخضير	ShamAY	35309	0.26077
		تاريخ الشيعه و عقيدتهم	آيت الله العظمي جعفر سبحاني	Ghbook	11233	0.26073
		الربا لابن حبيب	عبد الملك بن حبيب الأندلسي (239 هـ)	ShamAY	33706	0.2607
		شرح كتاب الحج من صحيح البخاري لابن عثيمين	محمد الصالح العثيمين	ShamAY	34745	0.26068
		إسعاف المؤمنين بنصرة خاتم المرسلين	الواحدي :: وسيم فتح الله	ShamAY	37416	0.26062
		التكملة والذيل والصلة لكتاب تاج اللغة وصحاح العربية	الحسن بن محمد بن الحسن الصغاني (المتوفى: 650 هـ)	ShamAY	38957	0.2606
		مودة أهل البيت(ع) وفضائلهم في الكتاب والسنة	مركز الرسالة	Masaha	454	0.2606
		تفسير الخازن لباب التأويل في معاني التنزيل	علاء الدين علي بن محمد بن إبراهيم بن عمر الشيحي أبو الحسن، المعروف بالخازن (المتوفى: 741ه)	ShamelaY19	23628	0.26056
		محاضرات في الاعتقادات - الجزء1	السيد علي الحسيني الميلاني	Masaha	401	0.26056
		 بحوث في الملل والنحل 	 الشيخ السبحاني 	ABLibrary	8357	0.26054
		تفسير القاسمي [ج ٢]	محمّد جمال الدين القاسمي	Rafed	3907	0.26049
		فتاوى في التوحيد	عبد الله بن عبد الرحمن بن عبد الله بن إبراهيم بن فهد بن حمد بن جبرين (المتوفى: 1430ه)	ShamelaY19	36575	0.26047
		أمالي المرتضى غرر الفوائد ودرر القلائد (معتزلي)	الشريف المرتضى علي بن الحسين الموسوي العلوي (355 - 436 هـ)	ShamAY	38873	0.26042
		الذخائر والعبقريات - معجم ثقافي جامع	عبد الرحمن بن عبد الرحمن بن سيد بن أحمد البرقوقي الأديب المصري (المتوفى: 1363ه)	ShamelaY19	36072	0.26037
		السراج المنير شرح الجامع الصغير في حديث البشير النذير	الشيخ علي بن الشيخ أحمد بن الشيخ نور الدين بن محمد بن الشيخ إبراهيم الشهير بالعزيزي	Sham19Y	18272	0.26036
		 الذريعة 	 آقا بزرگ الطهراني 	ABLibrary	866	0.26035
		الرد على الرفاعي والبوطي في كذبهما على أهل السنة ودعوتهما إلى البدع والضلال	عبد المحسن بن حمد بن عبد المحسن بن عبد الله بن حمد العباد البدر	ShamAY	7624	0.26034
		الإبانة عن أصول الديانة	أبو الحسن علي بن إسماعيل بن إسحاق بن سالم بن إسماعيل بن عبد الله بن موسى بن أبي بردة بن أبي موسى الأشعري (المتوفى: 324ه)	Sham19Y	8178	0.26032
		قبسات من هدي النبي محمد صلى الله عليه وسلم في رمضان	ناصر بن عبد الله بن محمد آل متعب	ShamAY	1758	0.2603
		شرح الأصول الثلاثة للشيخ البراك	عبد الرحمن بن ناصر البراك	ShamAY	35427	0.26028
		ذكريات شهري الحج (ذي الققعده و ذي الحجه)	ايوب حائري	Ghbook	10558	0.26028
		فصل الخطاب	الشيخ سليمان بن عبدالوهاب النجدي الحنبلي	Rafed	3497	0.26026
		الشوري في الامامه	آيت الله علي حسيني ميلاني	Ghbook	4797	0.26026
		التطبيقات الفقهية لقاعدة اليسير مغتفر في البيوع	هاكيا كانوريتش	ShamAY	37514	0.26024
		 الجامع اللطيف 	 ابن ظهيرة 	ABLibrary	9031	0.26024
		الرد على اللمع	شحاتة محمد صقر	ShamAY	571	0.26021
		الموسوعة الحديثية بين الواقع والمأمول	زهير الناصر	ShamAY	8574	0.26021
		بحار الأنوار [ج ٨٠]	الشيخ محمّد باقر بن محمّد تقي المجلسي	Rafed	1110	0.2602
		عده الداعي و نجاح الساعي	احمد بن شمس الدين محمد ابن فهد حلي	Ghbook	2579	0.26017
		سيّدة النساء فاطمة الزهراء عليها السلام	علي موسى الكعبي	Rafed	127	0.26013
		بغية المتطوع في صلاة التطوع	محمد بن عمر بن سالم بازمول	ShamAY	9103	0.26012
		وصايا الرّسول لزوج البتول عليهم السلام	السيد علي الصدر	Masaha	1755	0.26012
		تفسير الخازن لباب التأويل في معاني التنزيل	علاء الدين علي بن محمد بن إبراهيم بن عمر الشيحي أبو الحسن، المعروف بالخازن (المتوفى: 741هـ)	ShamAY	31780	0.26011
		كناشة النوادر	عبد السلام محمد هارون (المتوفى: 1408هـ)	ShamAY	12733	0.2601
		العقيدة رواية أبي بكر الخلال	أبو عبد الله أحمد بن محمد بن حنبل بن هلال بن أسد الشيباني (المتوفى: 241هـ)	ShamAY	6498	0.26008
		منهج الأنبياء في الدعوة إلى الله فيه الحكمة والعقل	ربيع بن هادي المدخلي	ShamAY	33033	0.26008
		الحدود والتعزيرات عند ابن القيم	بكر بن عبد الله أبو زيد بن محمد بن عبد الله بن بكر بن عثمان بن يحيى بن غيهب بن محمد (المتوفى : 1429هـ)	ShamAY	10500	0.26005
		السواك وسنن الفطرة - المقدم	محمد أحمد إسماعيل المقدم	ShamelaY19	36999	0.26005
		فقه قراءة القرآن الكريم	أبو خالد سعيد عبد الجليل يوسف صخر المصري	ShamelaY19	38007	0.25999
		أصول بلا أصول - بحث واف في رد عدوان الصوفية ومدعي المهدية على مصادر التلقى، والمرجعية الشرعية	محمد بن أحمد بن إسماعيل المقدم	ShamelaY19	96616	0.25999
		أدب الغرباء	أبو الفرج الأصبهاني	ShamAY	34452	0.25998
		 مسالك الأبصار في ممالك الأمصار 	 أحمد بن يحيى العمري 	ABLibrary	9193	0.25996
		دلائل الصدق لنهج الحق [ج ٧]	الشيخ محمد حسن المظفر	Rafed	1598	0.25995
		خطبة الغديـر	محمد باقر الأنصارى	Masaha	246	0.25995
		الذخيرة في محاسن أهل الجزيرة	أبو الحسن علي بن بسام الشنتريني (المتوفى: 542هـ)	ShamAY	1035	0.25992
		في رحاب السيرة .. عبر وعظات	أبو عامر الطيماوي	ShamAY	37400	0.25992
		 دلائل الصدق لنهج الحق 	 الشيخ محمد حسن المظفر 	ABLibrary	943	0.25992
		الوهابيون خوارج ام سنه	نجاح الطائي	Ghbook	7603	0.25992
		كتابُ تحريمِ مُشارَكةِ الكُفَّارِ مِنْ أهلِ الكِتابِ والْمُشْرِكِينَ في أعيادِهِمْ أو تهنِئَتِهِمْ بهَا .	الشيخ وائل بن عليّ بن أحمد الدِّسُوقيّ	ShamAY	36484	0.25991
		الصلاة وحكم تاركها وسياق صلاة النبي من حين كان يكبر إلى أن يفرغ منها	محمد بن أبي بكر أيوب الزرعي ابن القيم أبو عبد الله	ShamAY	34415	0.2599
		تاج العروس [ج ١٢]	محبّ الدين أبي فيض السيد محمّد مرتضى الحسيني الواسطي الزبيدي الحنفي	Rafed	1510	0.25984
		ثواب القرب المهداة إلى أموات المسلمين - فضائل، وآداب، وأنواع، وأحكام في ضوء الكتاب والسنة	د. سعيد بن علي بن وهف القحطاني	ShamelaY19	96483	0.25983
		إمامة بقيّة الأئمّة عليهم السلام	السيّد علي الحسيني الميلاني	Rafed	1557	0.25982
		غاية السول في خصائص الرسول صلى الله عليه وسلم	ابن الملقن سراج الدين أبو حفص عمر بن علي بن أحمد الشافعي المصري (المتوفى: 804هـ)	ShamAY	6588	0.25978
		أعلام السنة المنشورة لاعتقاد الطائفة الناجية المنصورة (الكتاب نشر - أيضا - بعنوان: 200 سؤال وجواب في العقيدة الاسلامية)	حافظ بن أحمد بن علي الحكمي (المتوفى: 1377هـ)	ShamAY	30821	0.25975
		اتحاف البررة بما سكت عنه نشر العشرة المسمى ب «تحرير النشر»	مصطفى بن عبد الرحمن بن محمد الإزميري (المتوفى: 1156ه)	ShamelaY19	122170	0.25975
		ادوار علم الفقه و اطواره	علي بن محمد رضا بن هادي نجفي ( كاشف الغطاء )	Ghbook	9002	0.2597
		لقطة العجلان مما تمس إلى معرفته حاجة الإنسان	أبو الطيب محمد صديق خان بن حسن بن علي ابن لطف الله الحسيني البخاري القِنَّوجي (المتوفى: 1307هـ)	ShamAY	10739	0.25969
		الحسين عليه السلام سماته وسيرته	السيد محمد رضا الحسيني الجلالي	Rafed	1537	0.25969
		بلوغ الغاية من تهذيب بداية الهداية للإمام أبي حامد الغزالي (رحمه الله)	وائل حافظ خلف	ShamelaY19	37549	0.25967
		علاج الهموم	محمد صالح المنجد	ShamAY	34724	0.25963
		إتحاف ذوي الألباب في قوله - تعالى -: {يمحو الله ما يشاء ويثبت وعنده أم الكتاب}	مرعي بن يوسف بن أبى بكر بن أحمد الكرمى المقدسي الحنبلى (المتوفى: 1033هـ)	ShamAY	1754	0.25962
		تقويه الايمان	محمد بن عقيل بن عبدالله بن عمر بن يحيي علوي	Ghbook	7114	0.25962
		 المدينة المنورة بين الأدب والتاريخ 	 عاصم حمدان 	ABLibrary	9181	0.2596
		رسالة في أسس العقيدة	محمد بن عودة السعوي	ShamAY	30834	0.25959
		دروس للشيخ مصطفى العدوي	أبو عبد الله مصطفى بن العدوى شلباية المصري	ShamAY	415	0.25959
		الموسوعة العقدية - الدرر السنية	مجموعة من المؤلفين	Sham19Y	38058	0.25959
		ظاهرة الإرجاء في الفكر الإسلامي	سفر الحوالي	ShamelaY19	23586	0.25954
		من أخلاق الرسول الكريم صلى الله عليه وسلم	عبد المحسن بن حمد بن عبد المحسن بن عبد الله بن حمد العباد البدر	ShamAY	12084	0.25953
		 حياة الإمام موسى بن جعفر ( ع ) 	 الشيخ باقر شريف القرشي 	ABLibrary	7505	0.25952
		كتاب أصول الإيمان في ضوء الكتاب والسنة	مجموعة من المؤلفين	ShamAY	30847	0.2595
		بر الوالدين وصلة الأرحام	الواحدي :: عبد الله آل جار الله	ShamAY	34960	0.25948
		هكذا كان الصالحون	أبو عبد الملك خالد بن عبد الرحمن الحسينان	ShamelaY19	37311	0.25947
		منهج أهل السنة والجماعة في نقد الرجال والكتب والطوائف	ربيع بن هادي المدخلي	ShamAY	33009	0.25946
		دور الامام الصادق عليه السلام في الحركه العلميه في صدر الاسلام	محمد واعظ زاده خراساني	Ghbook	5014	0.25946
		الأدلَّةُ الشَّرعيةُ في جواز العمليات الاستشهادية	علي بن نايف الشحود	ShamAY	1580	0.25945
		ذم الخمر	الواحدي :: ابن رجب الحنبلي	ShamAY	36509	0.25945
		موسوعة الأخلاق - الخراز	خالد بن جمعة بن عثمان الخراز	ShamAY	31685	0.25944
		إتحاف العباد بفضائل الجهاد	عبد الله عزام	ShamAY	35043	0.25944
		الاعتصام بالله سبيل النجاة	أنور بن أهل الله	ShamelaY19	37584	0.25944
		الأخلاق الزكية في آداب الطالب المرضية	أحمد بن يوسف بن محمد الأهدل	Sham19Y	96879	0.25944
		كشف الشبهتين	سليمان بن سحمان بن مصلح بن حمدان بن مصلح بن حمدان بن مسفر بن محمد بن مالك بن عامر الخثعمي , التبالي , العسيري , النجدي (المتوفى: 1349هـ)	ShamAY	11352	0.25942
		المزار (للشهيد الأول)	الشهيد الأول	Masaha	1074	0.25942
		عليكم بالسنة فإن السنة مفتاح القرآن	محمود اليوسفي	ShamAY	37493	0.25939
		بلوغ الغاية من تهذيب بداية الهداية للإمام أبي حامد الغزالي (رحمه الله)	وائل حافظ خلف	Sham19Y	37549	0.25936
		صلاة الخوف - مفهوم، وسماحة، وأنواع، وكيفية، وأحكام في ضوء الكتاب والسنة	د. سعيد بن علي بن وهف القحطاني	ShamelaY19	96503	0.25935
		دراسه في روايات الحسني	نجم الدين طبسي	Ghbook	12898	0.25932
		التوسل مفهومه وأقسامه وحكمه في الشريعة الإسلامية الغرّاء	الشيخ جعفر السبحاني	Masaha	225	0.25929
		الموسوعة العقدية - الدرر السنية	مجموعة من المؤلفين	ShamAY	1517	0.25927
		مشارق أنوار اليقين في أسرار أمير المؤمنين(ع)	حافظ رجب البرسي‏	Masaha	2876	0.25926
		بطلان عقائد الرافضة للتونسوى		ShamAY	35300	0.25925
		إمامة بقيّة الأئمّة عليهم السلام	السيّد علي الحسيني الميلاني	Rafed	1174	0.25924
		أعلام الدين في صفات المؤمنين	الحسن الديلمي	Masaha	1662	0.25924
		 إقبال الأعمال ( ط . ق ) 	 السيد ابن طاووس 	ABLibrary	7907	0.25923
		التفسير الموضوعي 2 - جامعة المدينة	مناهج جامعة المدينة العالمية	ShamAY	1644	0.25922
		عقيدة السلف - مقدمة أبي زيد القيرواني لكتابه الرسالة	أبو محمد عبد الله بن (أبي زيد) عبد الرحمن النفزي، القيرواني، المالكي (المتوفى: 386ه)	ShamelaY19	97806	0.25921
		شرح كتاب نقد متون السنة للدميني - محمد حسن عبد الغفار	محمد حسن عبد الغفار	ShamelaY19	37698	0.25921
		المهدي المنتظر عند الشيعة الإثنى عشرية	دودو ابو العيد	Masaha	2317	0.2592
		الفصيحة العجما في الكلام على حديث «أحبب حبيبك هونا ما» - سلسلة لقاء العشر الأواخر بالمسجد الحرام (10)	أحمد بن عبد اللطيف بن أحمد البَرْبِير الحسني، أبو الفيض (المتوفى: 1226 هـ)	ShamAY	32388	0.25919
		أمّهات المعصومين عليهم السلام سيرة وتاريخ	عبد العزيز كاظم البهادلي	Rafed	723	0.25919
		إغاثة اللهفان في مصايد الشيطان ط عالم الفوائد	أبو عبد الله محمد بن أبي بكر بن أيوب ابن قيم الجوزية (691 - 751)	ShamAY	38513	0.25916
		شرح حصن المسلم من أذكار الكتاب والسنة	أبو مسلم مجدي بن عبد الوهاب الأحمد	ShamelaY19	96495	0.25915
		التعليق على تفسير القرطبي - عبد الكريم الخضير	عبد الكريم الخضير	ShamelaY19	26047	0.25913
		مؤتمر النجف = الحجج القطعية لاتفاق الفرق الإسلامية	مقتطف من مذكرات علامة العراق وعماد هذا المؤتمر السيد عبد الله بن الحسين السويدي العباسي (ت 1174)	ShamelaY19	37757	0.25913
		الرسول الأعظم صلّى الله عليه وآله على لسان اُمّ أبيها فاطمة الزهراء عليها السلام	السيّد محسن الحسيني الأميني	Rafed	2671	0.25912
		التنبيهات المختصرة شرح الواجبات المتحتمات المعرفة على كل مسلم ومسلمة	إبراهيم بن الشيخ صالح بن أحمد الخريصي	ShamAY	7590	0.2591
		إعراب القرآن [ج ٣]	أبي جعفر أحمد بن محمّد بن إسماعيل النحّاس [ ابن النحّاس ]	Rafed	3322	0.2591
		مباحث في علوم القرآن لصبحي الصالح	صبحي الصالح	ShamAY	7317	0.25909
		 بحار الأنوار 	 العلامة المجلسي 	ABLibrary	789	0.25908
		شرح المبرد على لامية العرب	الواحدي :: محمد بن يزيد المبرد	ShamAY	37226	0.25906
		مبحث الاجتهاد والخلاف (مطبوع ضمن مؤلفات الشيخ محمد بن عبد الوهاب، الجزء الثالث)	محمد بن عبد الوهاب بن سليمان التميمي النجدي (المتوفى: 1206هـ)	ShamAY	11369	0.25905
		صحيفه مهديه / الصحيفه المهديه ، او الصحيفه الهاديه و التحفه المهديه	ابراهيم بن محسن كاشاني	Ghbook	7112	0.25905
		المفصل في أحكام الأضحية	حسام الدين بن موسى محمد بن عفانة	Sham19Y	9281	0.25901
		 كيفية السلوك إلى رب العالمين 	 الحكيم الترمذي 	ABLibrary	8697	0.25901
		ارواء الضمآن من فضائل الرحمن	أبو سند محمد	ShamAY	35152	0.259
		الدراري المضية شرح الدرر البهية	محمد بن علي الشوكاني	ShamAY	34281	0.25897
		زبدة التّفاسير [ج ٣]	فتح الله بن شكر الله الشريف الكاشاني	Rafed	1712	0.25896
		الحديث المعلول قواعد وضوابط	حمزة عبد الله المليباري	ShamAY	37260	0.25894
		امهات المعصومين عليهم السلام	آيت الله العظمي سيد محمد حسيني شيرازي	Ghbook	7990	0.25892
		شرح الوصية الكبرى لابن تيمية - الراجحي	عبد العزيز بن عبد الله بن عبد الرحمن الراجحي	ShamAY	48	0.25891
		بيان الغلو المتواري في جواب الشيخ الغماري - رحمه الله	نور الدين الحميدي الإدريسي	ShamAY	35219	0.25887
		الرد علي الفتوي (الوهابيه)	عبدالله احسائي	Ghbook	7551	0.25885
		الفتاوى الحديثية لابن حجر الهيتمي (ط الحلبي)	أحمد شهاب الدين بن حجر الهيتمي المكي.	ShamAY	34350	0.25884
		فتح رب البرية في تقريب مقدمة شرح العقيدة الطحاوية		ShamAY	35565	0.25882
		مظلوميّة الزهراء عليها السلام	السيّد علي الحسيني الميلاني	Rafed	194	0.25882
		البدر الزاهر في صلاه الجمعه و المسافر	آيت الله العظمي سيد حسين طباطبايي بروجردي	Ghbook	11120	0.25881
		اللامع الصبيح بشرح الجامع الصحيح	شمس الدين البِرْماوي، أبو عبد الله محمد بن عبد الدائم بن موسى النعيمي العسقلاني المصري الشافعي (المتوفى: 831 هـ)	ShamAY	32555	0.25879
		 منائح الكرم 	 علي بن تاج الدين السنجاري 	ABLibrary	9229	0.25875
		الصحيح من سيرة النبي الأعظم صلّى الله عليه وآله [ج ٢٥]	السيد جعفر مرتضى العاملي	Rafed	2630	0.25874
		شرح ديوان الحماسة (ديوان الحماسة: اختاره أبو تمام حبيب بن أوس ت 231 ه)	يحيى بن علي بن محمد الشيباني التبريزي، أبو زكريا (المتوفى: 502ه)	Sham19Y	6907	0.25872
		الممتع في شرح المقنع ت ابن دهيش ط 3	ابن المُنجَى، أبو البركات	ShamAY	38960	0.25869
		اتحاف البررة بما سكت عنه نشر العشرة المسمى بـ «تحرير النشر»	مصطفى بن عبد الرحمن بن محمد الإزميري (المتوفى: 1156هـ)	ShamAY	31692	0.25868
		شرح الأصول الثلاثة - اللهيمد	سليمان بن محمد اللهيميد	ShamAY	35426	0.25861
		الضياء اللامع من صحيح الكتب الستة وصحيح الجامع	محمد نصر الدين محمد عويضة	ShamelaY19	36360	0.25861
		التحذير من البدع	عبد العزيز بن عبد الله بن باز (المتوفى: 1420ه)	ShamelaY19	30917	0.25861
		قطب السرور في أوصاف الأنبذة والخمور	الرقيق القيرواني، أبو اسحاق إبراهيم بن القاسم المعروف بالرقيق النديم (المتوفى: نحو 425ه)	Sham19Y	672	0.25861
		تيسير الوصول إلى ثلاثة الأصول - لعبد المحسن القاسم	عبد المحسن بن محمد القاسم	ShamAY	35422	0.25856
		بذل المجهود في تحرير أسئلة تغير النقود	شمس الدين محمد بن عبد الله بن أحمد، الخطيب العمري التمرتاشي الغزي الحنفي (المتوفى: 1004 هـ)	ShamAY	436	0.25856
		سلسلة إيمانيات	محمد بن إبراهيم بن إبراهيم بن حسان	ShamAY	7702	0.25853
		احياء معالم الاسلام	آيت الله العظمي سيد محمد حسيني شيرازي	Ghbook	7882	0.25851
		تحريم التصوير والرد على من أباحه	التويجري، حمود بن عبد الله	ShamAY	36521	0.25848
		التنبيه على مشكلات الهداية	صدر الدين عليّ بن عليّ ابن أبي العز الحنفي (المتوفى 792 هـ)	ShamAY	32679	0.25847
		كنز العرفان في فقه القرآن [ج ١]	جمال الدين مقداد بن عبد الله السيوري الحلّي	Rafed	1262	0.25844
		الروضة الندية (ومعها: التعليقاتُ الرَّضية على «الرَّوضة النّديَّة» )	أبو الطيب محمد صديق خان بن حسن بن علي ابن لطف الله الحسيني البخاري القِنَّوجي (المتوفى: 1307هـ)	ShamAY	9293	0.25841
		الفرقان في تفسير القرآن بالقرآن والسنة [ج ٦]	الشيخ محمد الصادقي	Rafed	3016	0.25841
		الصحيح من سيرة النبي الأعظم صلّى الله عليه وآله [ج ٢٤]	السيد جعفر مرتضى العاملي	Rafed	2570	0.2584
		التفسير المنير [ج ٢٨]	الدكتور وهبة الزحيلي	Rafed	2976	0.25836
		عرف الطيب من أخبار مكة ومدينة الحبيب‏	محمد بن محمد عاقولي	Masaha	4518	0.25833
		الشيخ عبد العزيز بن باز رحمه الله نموذج من الرعيل الأول	عبد المحسن بن حمد بن عبد المحسن بن عبد الله بن حمد العباد البدر	ShamAY	7652	0.25827
		ترجمة الشيخ فيصل بن عبد العزيز آل مبارك	محمد بن حسن المبارك	ShamAY	35867	0.25826
		شرح ديوان الحماسة (ديوان الحماسة: اختاره أبو تمام حبيب بن أوس ت 231 هـ)	يحيى بن علي بن محمد الشيبانيّ التبريزي، أبو زكريا (المتوفى: 502هـ)	ShamAY	6907	0.25824
		دروس في تاريخ الفقه و ادواره	آيت الله العظمي جعفر سبحاني	Ghbook	15062	0.25824
		الائمة الاثنا عشر عليهم السلام	آيت الله العظمي جعفر سبحاني	Ghbook	6094	0.25824
		الفوائد المصطفاة بمذاهب العلماء في حكم تارك الصلاة	محمد مصطفى الشنقيطي	ShamAY	36623	0.25823
		التنقيح الرائع لمختصر الشرائع - الجزء1	المقداد السيوري	Masaha	1058	0.25823
		تفسير عبد الرزاق	أبو بكر عبد الرزاق بن همام بن نافع الحميري اليماني الصنعاني (المتوفى: 211هـ)	ShamAY	21791	0.25821
		المحاسن	احمد بن محمد بن خالد برقي	Ghbook	2634	0.25818
		صحيح فقه السنة وأدلته وتوضيح مذاهب الأئمة	أبو مالك كمال بن السيد سالم	ShamAY	31775	0.25817
		شرح العمدة لابن تيمية - كتاب الطهارة	تقي الدين أبو العباس أحمد بن عبد الحليم بن عبد السلام بن عبد الله بن أبي القاسم بن محمد ابن تيمية الحراني الحنبلي الدمشقي (المتوفى: 728 هـ)	ShamAY	32293	0.25816
		الشوري في الامامه	آيت الله علي حسيني ميلاني	Ghbook	4541	0.25816
		بين يدي الرسول الاعظم صلي الله عليه و آله	محمد بحرالعلوم	Ghbook	5287	0.25815
		الصحيح من سيرة النبي الأعظم صلّى الله عليه وآله [ج ٣٠]	السيد جعفر مرتضى العاملي	Rafed	2645	0.2581
		شرح ثلاثة الأصول لابن باز	عبد العزيز بن عبد الله بن باز (المتوفى : 1420هـ)	ShamAY	11255	0.25808
		الكافي [ج ٧]	أبو جعفر محمّد بن يعقوب الكليني الرازي	Rafed	1050	0.25807
		الله يضحك	بهجت فاضل بهجت	ShamAY	35500	0.25806
		اعلام الهدايه (الامام علي بن ابيطالب عليه السلام)	مجمع جهاني اهل بيت عليهم السلام	Ghbook	8384	0.25806
		أحكام الجنائز	عبد الله الطيار	ShamAY	36145	0.25805
		الهدي النبوي في تربية الأولاد في ضوء الكتاب والسنة	د. سعيد بن علي بن وهف القحطاني	ShamAY	1828	0.25803
		التعليقات البازية على كتاب التوحيد		ShamAY	35472	0.25797
		 عرف الطيب من أخبار مكة ومدينة الحبيب 	 محمد بن محمد العاقولي 	ABLibrary	9140	0.25795
		(مختصر في الطب) العلاج بالأغذية والأعشاب في بلاد المغرب	عبد الملك بن حَبِيب بن حبيب بن سليمان بن هارون السلمي الإلبيري القرطبي، أبو مروان (المتوفى: 238هـ)	ShamAY	10705	0.25794
		الضياء اللامع من صحيح الكتب الستة وصحيح الجامع	محمد نصر الدين محمد عويضة	Sham19Y	36360	0.25794
		السراج المنير شرح الجامع الصغير في حديث البشير النذير	الشيخ علي بن الشيخ أحمد بن الشيخ نور الدين بن محمد بن الشيخ إبراهيم الشهير بالعزيزي	ShamAY	38982	0.25791
		الحياء في حياة المسلم	عبدالرحمن الجار الله :: عبد الرحمن الجار الله	ShamAY	35155	0.25791
		البدعة ضوابطها وأثرها السيء في الأمة	علي بن محمد بن ناصر الفقيهي	ShamAY	8791	0.25789
		الفصيحة العجما في الكلام على حديث «أحبب حبيبك هونا ما» - سلسلة لقاء العشر الأواخر بالمسجد الحرام (10)	أحمد بن عبد اللطيف بن أحمد البربير الحسني، أبو الفيض (المتوفى: 1226 ه)	Sham19Y	17736	0.25789
		تاريخ القرآن الكريم	محمد طاهر بن عبد القادر الكردي المكي الشافعي الخطاط (المتوفى: 1400ه)	Sham19Y	2228	0.25786
		الرسل والرسالات	عمر بن سليمان بن عبد الله الأشقر العتيبي	ShamAY	9655	0.25782
		المكتبة الالكترونية للشيخ محمد أمان الجامي	محمد أمان الجامي	ShamAY	34757	0.25782
		علم التخريج ودوره في حفظ السنة النبوية - محمد محمود بكار	محمد محمود بكار	ShamAY	11295	0.2578
		الائمة الاثنا عشر عليهم السلام	هاشم معروف الحسني	Ghbook	6053	0.25779
		بحر الدموع	جمال الدين أبو الفرج عبد الرحمن بن علي بن محمد الجوزي (المتوفى: 597ه)	Sham19Y	2506	0.25778
		أذكار الطهارة والصلاة	عبد الرزاق بن عبد المحسن البدر	ShamAY	7498	0.25777
		الذخائر والعبقريات - معجم ثقافي جامع	عبد الرحمن بن عبد الرحمن بن سيد بن أحمد البرقوقي الأديب المصري (المتوفى: 1363هـ)	ShamAY	819	0.25775
		شرح مقدمة في أصول التفسير لابن تيمية	د. مُساعِدُ بن سُلَيْمَان بن نَاصِر الطَّيَّار	ShamAY	31802	0.25774
		تاريخ السنة النبوية	صائب عبد الـحميد	Masaha	195	0.25774
		القواعد النورانية الفقهية - ط السنة المحمدية	تقي الدين أبو العباس أحمد بن عبد الحليم بن تيمية الحراني (المتوفى : 728هـ)	ShamAY	34365	0.25773
		شرح الصدر بذكر ليلة القدر	أبو زرعة ولي الدين أحمد بن عبد الرحيم العراقي (826 هـ)	ShamAY	34306	0.25773
		اعتقاد أئمة الحديث	أبو بكر أحمد بن إبراهيم بن إسماعيل بن العباس بن مرداس الإسماعيلي الجرجاني (المتوفى: 371هـ)	ShamAY	10472	0.25772
		توفيق الرحمن في دروس القرآن	فيصل بن عبد العزيز بن فيصل ابن حمد المبارك الحريملي النجدي (المتوفى: 1376هـ)	ShamAY	9254	0.25772
		قطب السرور في أوصاف الأنبذة والخمور	الرقيق القيرواني، أبو اسحاق إبراهيم بن القاسم المعروف بالرقيق النديم (المتوفى: نحو 425هـ)	ShamAY	672	0.25768
		رحلة الصديق إلى البلد العتيق	أبو الطيب محمد صديق خان بن حسن بن علي ابن لطف الله الحسيني البخاري القِنَّوجي (المتوفى: 1307هـ)	ShamAY	32110	0.25767
		كيف نقرأ القرآن	محمد جعفر الهاشمي	Rafed	903	0.25766
		الرد الجميل على أخطاء ابن عقيل	التويجري، حمود بن عبد الله	ShamAY	37749	0.25765
		مطمع الأنفس ومسرح التأنس في ملح أهل الأندلس	الفتح بن محمد بن عبيد الله بن خاقان ابن عبد الله القيسي، أبو نصر (المتوفى: 528هـ)	ShamAY	6910	0.2576
		فتحُ البيان في مقاصد القرآن	أبو الطيب محمد صديق خان بن حسن بن علي ابن لطف الله الحسيني البخاري القِنَّوجي (المتوفى: 1307هـ)	ShamAY	660	0.25759
		غلاء المهور وأضراره	الواحدي :: عبد الله آل جار الله	ShamAY	36211	0.25755
		أحكام القضاء في الصيام	عواض بن هلال العمري	Sham19Y	12178	0.25754
		خطط الشام	محمد بن عبد الرزاق بن محمَّد، كُرْد عَلي (المتوفى: 1372هـ)	ShamAY	451	0.25751
		مقتطفات من السيرة	عمر عبد الكافى شحاتة	Sham19Y	37043	0.25751
		العدة في أصول الفقه	القاضي أبو يعلى ، محمد بن الحسين بن محمد بن خلف ابن الفراء (المتوفى : 458هـ)	ShamAY	38640	0.2575
		مودّة أهل البيت وفضائلهم في الكتاب والسنّة	السيد تقي يوسف الحكيم	Rafed	758	0.2575
		أصول علم العربية في المدينة	عبد الرزاق بن فراج الصاعدي	ShamAY	11191	0.25749
		تَكْمِلَةُ الجَامِع لِسِيْرَةِ شَيْخِ الإِسْلَامِ ابْن تَيْمِيَّة خِلَال سَبْعَة قرُون	علي بن محمد بن حسين العِمران	ShamAY	38478	0.25746
		الأدلة الرضية لمتن الدرر البهية في المسائل الفقهية	أبو مصعب محمد صبحي بن حسن حلاق	ShamAY	6400	0.25746
		السجود علي الارض 	علي احمدي ميانجي	Ghbook	15458	0.25746
		المفصل في أحكام الأضحية	حسام الدين بن موسى محمد بن عفانة	ShamAY	971	0.25744
		تفسير سورة الفاتحة لابن رجب	أبو الفرج عبد الرحمن بن أحمد بن رجب الدمشقي الحنبلي (المتوفى: 795 هـ)	ShamAY	38900	0.25744
		 موسوعة الإمام أمير المؤمنين على بن أبى طالب ( ع ) 	 الشيخ باقر شريف القرشي 	ABLibrary	7805	0.25744
		نور الشيب وحكم تغييره في ضوء الكتاب والسنة	د. سعيد بن علي بن وهف القحطاني	ShamelaY19	96540	0.25743
		قاعدة حسنة في الباقيات الصالحات	تقي الدين أبو العباس أحمد بن عبد الحليم بن عبد السلام بن عبد الله بن أبي القاسم بن محمد ابن تيمية الحراني الحنبلي الدمشقي (المتوفى: 728ه)	ShamelaY19	22650	0.25743
		ابراز المعاني من حرز الاماني في القراءات السبع، المقدمه	عبدالرحمن بن اسماعيل بن ابراهيم	Ghbook	2762	0.25742
		أبوذر الغفاري رمز اليقظة في الضمير الإنساني	الشيخ محمد جواد الفقيه	Rafed	3	0.2574
		تذكره الاخبار في تلخيص ربيع الابرار	آيت الله العظمي سيد محمد حسيني شيرازي	Ghbook	8131	0.2574
		الرد على اللمع	شحاتة محمد صقر	ShamelaY19	36181	0.25737
		معتصم الشيعة في أحكام الشريعة - الجزء1	الفيض الكاشاني	Masaha	1390	0.25737
		الزيارة في الكتاب والسنة	الشيخ جعفر السبحاني	Masaha	296	0.25737
		شرح كتاب نقد متون السنة للدميني - محمد حسن عبد الغفار	محمد حسن عبد الغفار	Sham19Y	37698	0.25736
		كتاب الله عز وجل ومكانته العظيمة	عبد العزيز بن عبد الله بن محمد بن عبد اللطيف بن عبد الرحمن بن حسن بن الشيخ محمد بن عبد الوهاب	ShamAY	21767	0.25734
		جراب النوره، بين اللغه و الاصطلاح	محمد رضا حسيني جلالي	Ghbook	7080	0.25729
		رخصة الفطر في سفر رمضان وما يترتب عليها من الآثار	أحمد علي طه ريان	ShamelaY19	23073	0.25725
		الإعتصام [ج ١ و ٢]	أبي اسحاق ابراهيم بن موسى بن محمد اللخمي الشاطبي الغرناطي	Rafed	3388	0.25725
		علم الأصول تاريخاً وتطوراً	الشيخ علي القائيني	Masaha	4002	0.25722
		مقتطفات من السيرة	عمر عبد الكافى شحاتة	ShamelaY19	37043	0.25721
		 الكلمة الغراء في تفضيل الزهراء ( ع ) وعقيلة الوحي زينب ( ع ) 	 السيد شرف الدين 	ABLibrary	7684	0.25718
		سلامة القرآن من التحريف	مركز الرسالة	Masaha	302	0.25717
		الامام الصادق ( عليه السلام ) عطر النبوه و منهج حياه	حسين ابراهيم الحاج حسن	Ghbook	4981	0.25717
		الذهب الأبيض حقيقته وأحكامه الشرعية	عبد الرحمن بن فهد الدوسري	ShamAY	36327	0.25715
		السراج الوهاج لمحو أباطيل الشلبي عن الإسراء والمعراج	حمود بن عبد الله بن حمود بن عبد الرحمن التويجري (المتوفى: 1413هـ)	ShamAY	32256	0.25712
		المنتخب في جمع المراثي و الخطب	فخرالدين طريحي	Ghbook	5936	0.25712
		البدعة مفهومها وحدودها	محمد هادي الأسدي	Rafed	11	0.25707
		الجَامعُ لأحكامِ الصَّلاة وصِفة صَلاة النَّبيِّ -صَلَّى اللَّهُ عَلَيْهِ وَسَلَّمَ-	عادل بن سعد	ShamAY	950	0.25704
		الرسول الأعظم صلّى الله عليه وآله وسلّم على لسان ريحانتيه الامام الحسن و الحسين عليهما السلام	السيّد محسن الحسيني الأميني	Rafed	2994	0.25703
		مختصر تفسير ابن كثير	(اختصار وتحقيق) محمد علي الصابوني	Sham19Y	21549	0.25702
		 عدة الإنابة في أماكن الإجابة 	 المحجوب 	ABLibrary	9139	0.25697
		الأنس بذكر الله	أبو العلاء محمد بن حسين بن يعقوب السلفي المصري	ShamelaY19	97958	0.25695
		الحجة للقراء السبعة	الحسن بن أحمد بن عبد الغفار الفارسيّ الأصل، أبو علي (المتوفى: 377هـ)	ShamAY	1068	0.25693
		رحلة ابن بطوطة [ج ٢]	شمس الدين أبي عبد الله محمد بن عبد الله اللواتي الطنجي	Rafed	2358	0.25692
		الاستغاثة في الرد على البكري	شيخ الإسلام أحمد بن تيمية (المتوفى: 728 هـ)	ShamAY	38483	0.25691
		الضياء اللامع من صحيح الكتب الستة وصحيح الجامع	محمد نصر الدين محمد عويضة	ShamAY	89	0.2569
		قاعده لاضرر	فتح اللّٰه بن محمد جواد نمازي (شيخ الشريعه)	Ghbook	11269	0.25689
		القصاص دراسة في الفقه الجنائي المقارن	هاني السباعي	ShamAY	36397	0.25688
		العلاقة المثلى بين الدعاة ووسائل الإتصال الحديثة في ضوء الكتاب والسنة	د. سعيد بن علي بن وهف القحطاني	Sham19Y	96470	0.25686
		معارج القبول بشرح سلم الوصول إلى علم الأصول	حافظ بن أحمد بن علي الحكمي (المتوفى: 1377هـ)	ShamAY	20854	0.25682
		رخصة الفطر في سفر رمضان وما يترتب عليها من الآثار	أحمد علي طه ريان	ShamAY	23073	0.25679
		دروسٌ وعبرٌ منَ الهجرةِ النَّبويَّةِ	علي بن نايف الشحود	ShamAY	37383	0.25677
		المطلب الحميد في بيان مقاصد التوحيد	عبد الرحمن بن حسن بن محمد بن عبد الوهاب بن سليمان التميمي (المتوفى: 1285هـ)	ShamAY	8555	0.25676
		قم المقدسه عش التشيع و قياده الائمه	عبدالمنعم حسن سوداني	Ghbook	13048	0.25676
		مَوسوعةُ المفاهيمِ الإسْلاميَّةِ	الواحدي :: علي بن نايف الشحود	ShamAY	32994	0.25674
		الأحاديث التي استنكرها الحافظ العراقي على الغزالي	أبو بكر ماهر بن عبد الوهاب علوش	ShamAY	33086	0.25674
		عوائد الايام	احمد بن محمدمهدي ملا احمد نراقي	Ghbook	7072	0.25674
		حملة الأوغاد على خير العباد	شحاتة محمد صقر	Sham19Y	96720	0.25673
		تقريرات ثلاث للبروجردي	السيد حسين البروجردي	Masaha	4975	0.25673
		اللحية لماذا؟	محمد بن أحمد بن إسماعيل المقدم	ShamelaY19	98135	0.25671
		معالم الفتن: نظرات في حركه الاسلام و تاريخ المسلمين	سعيد ايوب	Ghbook	10420	0.25669
		القيامة الكبرى	عمر بن سليمان بن عبد الله الأشقر العتيبي	Sham19Y	9865	0.25668
		نحو منهج أمثل لتفسير القرآن مؤتمر ماليزيا	الواحدي	ShamAY	36903	0.25666
		 نوادر الأخبار فيما يتعلق بأصول الدين 	 الفيض الكاشاني 	ABLibrary	7925	0.25662
		المرأة في موكب الدعوة	مصطفى الطحان	ShamAY	33443	0.25661
		 روض الرياحين في حكايات الصالحين ( نزهة العيون النواظر . . . ) 	 عبد الله بن أسعد اليافعي اليمني المكي 	ABLibrary	8803	0.2566
		 معرفة الإمام 	 السيد محمد حسين الطهراني 	ABLibrary	8885	0.25659
		 خزانة التواريخ النجدية 	 عبد الله بن عبد الرحمن آل بسام 	ABLibrary	9052	0.25659
		العقيدة الواسطية: اعتقاد الفرقة الناجية المنصورة إلى قيام الساعة أهل السنة والجماعة	تقي الدين أبو العباس أحمد بن عبد الحليم بن عبد السلام بن عبد الله بن أبي القاسم بن محمد ابن تيمية الحراني الحنبلي الدمشقي (المتوفى: 728ه)	ShamelaY19	22665	0.25658
		الفرقان في تفسير القرآن بالقرآن والسنّة [ج ١٣]	الشيخ محمد الصادقي	Rafed	3024	0.25657
		مقتطفات من السيرة	عمر عبد الكافى شحاتة	ShamAY	391	0.25656
		التنبيهات على أغاليط الرواة	علي بن حمزة البصري، أبو القاسم (المتوفى: 375هـ)	ShamAY	226	0.25656
		رسالة الشرك ومظاهره	مبارك بن محمد الميلي الجزائري (المتوفى: 1364هـ)	ShamAY	625	0.25655
		الدرر المنتقاة من الكلمات الملقاة	أمين بن عبد الله الشقاوي	ShamAY	38508	0.25654
		الصحيح من سيرة النبي الأعظم صلّى الله عليه وآله [ج ٦]	السيد جعفر مرتضى العاملي	Rafed	2487	0.25654
		تراثنا ـ العدد [ 13 ]	مؤسسة آل البيت عليهم السلام لإحياء التراث ـ قم	Rafed	2723	0.25654
		السيرة النبوية والدعوة في العهد المكي	أحمد أحمد غلوش	ShamAY	10552	0.25653
		سامرا عاصمة الدولة العربية في عهد العباسيين [ج ٢]	أحمد عبد الباقي	Rafed	2440	0.25653
		فتح باب العناية بشرح النقاية	ملا علي القاري (ت1014هـ)	ShamAY	33181	0.25652
		البخاري وصحيحه	الشيخ حسين غلامي الهرساوي	Masaha	89	0.25652
		اجوبه مسائل جارالله	عبدالحسين شرف الدين	Ghbook	7516	0.25651
		البديع في علم العربية	مجد الدين أبو السعادات المبارك بن محمد بن محمد بن محمد ابن عبد الكريم الشيباني الجزري ابن الأثير (المتوفى: 606 ه)	Sham19Y	17905	0.2565
		الصحيح من سيره الامام علي عليه السلام	سيد جعفرمرتضي حسيني عاملي	Ghbook	12171	0.2565
		الرسالة المحرقة على أهل الرفض والزدقة		ShamAY	35624	0.25649
		أحكام القضاء في الصيام	عواض بن هلال العمري	ShamAY	12178	0.25647
		التبيان شرح نواقض الإسلام	سليمان العلوان	ShamAY	35471	0.25646
		الرسول الاعظم (ص) مع خلفائه	مهدي قرشي	Ghbook	5278	0.25646
		منهج علماء الحديث والسنة في أصول الدين	د مصطفى محمد حلمي	ShamAY	1382	0.25642
		سمات المؤمنين في الفتن وتقلب الأحوال	صالح بن عبد العزيز بن محمد بن إبراهيم آل الشيخ	ShamelaY19	30899	0.2564
		تيجان الولاء في شرح بعض فقرات زياره عاشوراء	وسام البلداوي	Ghbook	12295	0.25638
		درجات الصاعدين الى مقامات الموحدين	محمد الحفظي	ShamAY	35740	0.25634
		الأسباب الحقيقية لحرق إحياء علوم الدين من قبل أمير المؤمنين ابن تاشفين	محمد بن عبد الرحمن المغراوي	ShamAY	35719	0.25634
		الأحكام الملمة على الدروس المهمة لعامة الأمة	عبد العزيز بن داود الفايز	ShamAY	10448	0.25631
		شرح المدائح النبوية	أبو هاشم صالح بن عواد بن صالح المغامسي	ShamelaY19	37737	0.25631
		تفريغ الفواد لمعرفه المبدا و المعاد	ابوالقاسم بن محمد بن احمد ابوالقاسم نراقي	Ghbook	14752	0.2563
		المجالس السنيه في مناقب و مصائب العتره النبويه ( الامام الجواد عليه السلام )	محسن امين عاملي	Ghbook	6489	0.25628
		شرح كتاب التدليس في الحديث للدميني - محمد حسن عبد الغفار	محمد حسن عبد الغفار	ShamAY	721	0.25626
		الزياره في الكتاب و السنه	آيت الله العظمي جعفر سبحاني	Ghbook	4599	0.25626
		التوسل أنواعه وأحكامه	أبو عبد الرحمن محمد ناصر الدين، بن الحاج نوح بن نجاتي بن آدم، الأشقودري الألباني (المتوفى: 1420هـ)	ShamAY	7592	0.25624
		حملة الأوغاد على خير العباد	شحاتة محمد صقر	ShamelaY19	96720	0.25624
		بحار الأنوار [ج ٩٣]	الشيخ محمّد باقر بن محمّد تقي المجلسي	Rafed	1209	0.25623
		فقه قراءة القرآن الكريم	أبو خالد سعيد عبد الجليل يوسف صخر المصري	Sham19Y	38007	0.25622
		صحة سند حديث الكساء الالهي	نجاح الطائي	Ghbook	16209	0.25621
		البحر المحيط في التفسير	أبو حيان محمد بن يوسف بن علي بن يوسف بن حيان أثير الدين الأندلسي (المتوفى: 745ه)	ShamelaY19	23591	0.2562
		العمل الصالح (ويتقدمه رسم شجري لبعض مصطلحات الحديث)	سامي محمد	ShamAY	1162	0.25619
		الوهابيّون والبيوت المرفوعة	الشيخ محمد علي بن الحسن الهمداني السنقري الكردستاني	Rafed	3456	0.25619
		الأخلاق الزكية في آداب الطالب المرضية	أحمد بن يوسف بن محمد الأهدل	ShamAY	2027	0.25615
		التأليف في التفسير عند المحدثين	عبد الرزاق هرماس	ShamAY	34022	0.25614
		الإعجاز والإيجاز - دار الغصون	أبو منصور عبد الملك عبد الملك بن محمد بن إسماعيل الثعالبي	ShamAY	33776	0.25614
		انجال الامام الحسن ( عليه السلام ) في كربلا	آيت الله العظمي سيد محمد تقي مدرسي	Ghbook	6069	0.25614
		كشف الغطاء عن مبهمات الشريعة الغرّاء [ج ١]	الشيخ جعفر كاشف الغطاء	Rafed	1562	0.25612
		التوحيد وأثره في حياة المسلم	حمد بن إبراهيم الحريقي	Sham19Y	17053	0.2561
		صحيح القصص النبوي (من 1 - 50)	أبو إسحاق الحويني الأثري حجازي محمد شريف	ShamelaY19	96237	0.25608
		الصحيح من سيرة النبي الأعظم صلّى الله عليه وآله [ج ٧]	السيد جعفر مرتضى العاملي	Rafed	2488	0.25607
		البديع في علم العربية	مجد الدين أبو السعادات المبارك بن محمد بن محمد بن محمد ابن عبد الكريم الشيباني الجزري ابن الأثير (المتوفى: 606 هـ)	ShamAY	32520	0.25606
		منظومات ابن سحمان	سليمان بن سحمان	ShamAY	35654	0.25605
		 المغرب في حلي المغرب 	 علي بن موسى الغرناطي الأندلسي 	ABLibrary	9221	0.25604
		نخبة الفكر - دراسة عنها وعن منهجها	إبراهيم بن محمد نور سيف	ShamAY	4134	0.25602
		مقومات الداعية الناجح في ضوء الكتاب والسنة - مفهوم، ونظر، وتطبيق	د. سعيد بن علي بن وهف القحطاني	ShamAY	1887	0.256
		شرح ألفية العراقي في علوم الحديث	عبد الرحمن بن أبي بكر بن محمد، زين الدين المعروف بابن العيني الحنفي (المتوفى: 893ه)	ShamelaY19	96618	0.256
		النور المبين في شرح زيارة الأربعين	مهدي تاج الدين	Rafed	2702	0.25599
		أزهار الرياض في أخبار القاضي عياض	شهاب الدين أحمد بن محمد بن أحمد بن يحيى، أبو العباس المقري التلمساني (المتوفى: 1041ه)	ShamelaY19	26350	0.25592
		صحيح كنوز السنة النبوية	بارع عرفان توفيق	ShamAY	1811	0.25591
		الأجوبة العراقية على الأسئلة اللاهورية	شهاب الدين محمود بن عبد الله الحسيني الألوسي (المتوفى: 1270ه)	ShamelaY19	36066	0.25591
		التفسير و المفسرون 	محمد حسين ذهبي	Ghbook	4807	0.25591
		تذكير القوم بآداب النوم	الواحدي :: عبد الله آل جار الله	ShamAY	34963	0.25588
		شهادة حق حول دعوة الشيخ محمد بن عبد الوهاب والرد على شبهات فرقة الأحباش حولها	عبد الرحمن دمشقية	ShamAY	37769	0.25588
		كيفية صلاة النبي صلى الله عليه وسلم	عبد العزيز بن عبد الله بن باز (المتوفى: 1420ه)	ShamelaY19	31227	0.25588
		مختصر تفسير ابن كثير	(اختصار وتحقيق) محمد علي الصابوني	ShamAY	1696	0.25586
		شروط الصلاة في ضوء الكتاب والسنة	د. سعيد بن علي بن وهف القحطاني	ShamelaY19	96497	0.25582
		الناسخ و المنسوخ	حاتم صالح الضامن	Ghbook	9489	0.25582
		مجموعة الرسائل والمسائل النجدية لبعض علماء نجد الأعلام (الجزء الثالث)	عبد اللطيف بن عبد الرحمن بن حسن بن محمد بن عبد الوهاب آل الشيخ (المتوفى: 1293هـ)	ShamAY	11379	0.25581
		 الإمام الصادق والمذاهب الأربعة 	 اسد حيدر 	ABLibrary	7426	0.25581
		و لكم في رسول الله اسوه حسنه ...	آيت الله العظمي سيد محمد حسيني شيرازي	Ghbook	7791	0.25581
		اعلام الهدايه (الامام علي بن الحسين زين العابدين عليه السلام)	مجمع جهاني اهل بيت عليهم السلام	Ghbook	6345	0.2558
		الجد الحثيث في بيان ما ليس بحديث	أحمد بن عبد الكريم بن سعودي الغزي العامري (المتوفى: 1143هـ)	ShamAY	6077	0.25579
		القيامة الكبرى	عمر بن سليمان بن عبد الله الأشقر العتيبي	ShamAY	9865	0.25579
		نقض كلام المفترين على الحنابلة السلفيين	أحمد بن حجر بن محمد بن حجر بن أحمد بن حجر بن طامي بن حجر بن سند بن سعدون آل بوطامي البنعلي (المتوفى: 1423هـ)	ShamAY	10896	0.25578
		تيسير العلام شرح عمدة الأحكام	أبو عبد الرحمن عبد الله بن عبد الرحمن بن صالح بن حمد بن محمد بن حمد البسام (المتوفى: 1423هـ)	ShamAY	9878	0.25578
		أحكام القرآن [ج ٤]	أبي بكر محمّد بن عبدالله [ ابن العربي ]	Rafed	3221	0.25577
		الاعتصام ـ للشاطبى موافق للمطبوع	الشاطبي، إبراهيم بن موسى	ShamAY	33844	0.25575
		 طهارة القلوب والخضوع لعلام الغيوب 	 عبد العزيز الدريني 	ABLibrary	8783	0.25575
		تحفه الكرام في تاريخ مكه و بيت الله الحرام	محمد مهدي بحرالعلوم	Ghbook	10653	0.25575
		النصيحة بالتحذير من تخريب «ابن عبد المنان» لكتب الأئمة الرجيحة وتضعيفه لمئات الأحاديث الصحيحة	محمد ناصر الدين الألباني	ShamelaY19	150846	0.25573
		مقتل الحسين ( عليه السلام )	عبدالرزاق موسوي مقدم	Ghbook	5987	0.25567
		وا محمداه {إن شانئك هو الأبتر}	أبو التراب سيد بن حسين بن عبد الله العفاني	ShamelaY19	96964	0.25565
		القول المبين عن وجوب مسح الرجلين	أبي الفتح محمّد بن علي الكراجكي	Rafed	17	0.25565
		السياسة الشرعية في إصلاح الراعي والرعية	تقي الدين أبو العباس أحمد بن عبد الحليم بن عبد السلام بن عبد الله بن أبي القاسم بن محمد ابن تيمية الحراني الحنبلي الدمشقي (المتوفى: 728ه)	ShamelaY19	31237	0.25563
		الفاضح لمذهب الشيعة الإمامية	حامد مسوحلي الإدريسي	Sham19Y	36423	0.25563
		المغرب في حلى المغرب [ج ٢]	علي بن موسى بن محمّد بن عبد الملك بن سعيد الغرناطي الأندلسي	Rafed	2304	0.25561
		أدب الطفولة بين القرآن الكريم والسنة الشريفة	علي علي صبح	ShamelaY19	23139	0.25558
		هوامش علي رساله: القول الفصل في الال والاهل لمولفها سفر احمد الحمداني	عبد الله حسين الفهد	Ghbook	12319	0.25558
		اختلاف أقوال مالك وأصحابه	أبو عمر يوسف بن عبد الله بن محمد بن عبد البر بن عاصم النمري القرطبي (المتوفى: 463 هـ)	ShamAY	32563	0.25557
		دراسات في الباقيات الصالحات	عبد الرزاق بن عبد المحسن البدر	ShamAY	10207	0.25557
		من أحكام سورة المائدة	د. سعيد بن علي بن وهف القحطاني	ShamelaY19	96526	0.25553
		تجربتي مع الإعجاز العلمي في السنة النبوية	صالح بن أحمد رضا	ShamAY	11080	0.25552
		الصحيح من سيرة النبي الأعظم صلّى الله عليه وآله [ج ٣٣]	السيد جعفر مرتضى العاملي	Rafed	2648	0.25552
		جمهرة مقالات العلامة الشيخ أحمد محمد شاكر - مع أهم تعقبات الشيخ على دائرة المعارف الإسلامية	أحمد محمد شاكر	Sham19Y	20642	0.2555
		الي الرفيق الاعلي : احداث  الايام  الاخيرة من عمر نبي الاسلام ( صلي الله عليه و ...	مهدي خداميان آراني	Ghbook	9579	0.2555
		دروس في علم الدراية (علم الحديث : پژوهشي در مصطلح الحديث يا علم الدرايه)	رضا مودب	Ghbook	15056	0.25549
		رحلة ابن معصوم المدني	سيد عليخان بن احمد مدني شيرازي حسيني	Ghbook	9505	0.25548
		الفاضح لمذهب الشيعة الإمامية	حامد مسوحلي الإدريسي	ShamelaY19	36423	0.25545
		الموازنة بين المتقدمين والمتأخرين في تصحيح الأحاديث وتعليلها	حمزة عبد الله المليباري	ShamAY	37266	0.25538
		 المواعظ والإعتبار في ذكر الخطط والآثار ( ط بيروت ) 	 المقريزي 	ABLibrary	9235	0.25531
		تحويل المعنويات الاسلاميه من القوه الي الفعل	آيت الله العظمي سيد محمد حسيني شيرازي	Ghbook	8130	0.2553
		دروس للشيخ علي القرني	علي بن عبد الخالق القرني	ShamAY	900	0.25529
		أطفالنا وحب الرسول صلى الله عليه وسلم	د.أماني زكريا الرمادي	ShamAY	35197	0.25529
		البدعة مفهومها وحدودها	مركز الرسالة	Masaha	198	0.25527
		الخلاصة في صفات المنافقين	الواحدي :: علي بن نايف الشحود	ShamAY	36087	0.25524
		 دراسات في علم الدراية 	 علي أكبر غفاري 	ABLibrary	923	0.25521
		رسم المصحف وضبطه بين التوقيف والاصطلاحات الحديثة	شعبان محمد إسماعيل	ShamAY	11528	0.2552
		السبحة تاريخها وحكمها	بكر بن عبد الله أبو زيد بن محمد بن عبد الله بن بكر بن عثمان بن يحيى بن غيهب بن محمد (المتوفى: 1429هـ)	ShamAY	1993	0.25516
		كنز الدرر وجامع الغرر	أبو بكر بن عبد الله بن أيبك الدواداري	ShamAY	32597	0.25515
		أَحْكَامُ الْجِهَادِ وَفَضَائِلُهُ	الواحدي :: ابن عبد السلام	ShamAY	34275	0.25514
		الإنباه إلى حكم تارك الصلاة، ويليه (ملحوظات على كتاب الصلاة)	أبو محمد، عبد الله بن مانع بن غلاب الغبيوي الروقي العتيبي	ShamAY	32002	0.25514
		المأتم الحسيني مشروعيته وأسراره	السيد عبد الحسين شرف الدين	Masaha	393	0.25512
		صحيفة همام بن منبه	أبو عقبة همام بن منبه بن كامل بن سيج اليماني الصنعاني الأبناوي (المتوفى: 131هـ)	ShamAY	7776	0.25511
		دروس الهجرة - عطية سالم	عطية بن محمد سالم (المتوفى: 1420هـ)	ShamAY	420	0.25509
		بلوغ الغاية من تهذيب بداية الهداية للإمام أبي حامد الغزالي (رحمه الله)	وائل حافظ خلف	ShamAY	955	0.25508
		نهضة الحسين(ع)	السيد هبة الدين الحسيني الشهرستاني	Masaha	475	0.25508
		صلاة الجمعة - مفهوم، وشروط، وفضائل، وخصائص، وآداب، وأحكام في ضوء الكتاب والسنة	د. سعيد بن علي بن وهف القحطاني	ShamelaY19	96502	0.25501
		حكم الأسير الكافر عند المسلمين	أحمد جبار	ShamAY	36674	0.255
		موسوعة علوم القرآن	عبد القادر محمد منصور	ShamelaY19	38103	0.255
		الرسائل الفقهيّة [ج ١]	محمد اسماعيل بن الحسين بن محمد رضا المازندراني الخاجوئي	Rafed	1384	0.255
		من قضايا التربية الدينية في المجتمع الإسلامي	كمال الدين عبد الغني المرسي	ShamAY	11732	0.25499
		التوسل : مفهومه و اقسامه و حكمه في الشريعه الاسلاميه الغراآ	آيت الله العظمي جعفر سبحاني	Ghbook	3472	0.25498
		 المهدي المنتظر عند الشيعة الإثني عشرية 	 جواد على 	ABLibrary	7865	0.25496
		الإعتماد في شرح واجب الإعتقاد	جمال الدين مقداد بن عبد الله السيوري الحلّي	Rafed	3396	0.25494
		الإعلام بتوضيح نواقض الإسلام	الواحدي	ShamAY	35464	0.25493
		الاستيعاب فيما قيل في الحجاب	فريح بن صالح البهلال	ShamAY	36480	0.2549
		الفاضح لمذهب الشيعة الإمامية	حامد مسوحلي الإدريسي	ShamAY	27	0.2549
		بحوث ندوة أثر القرآن الكريم في تحقيق الوسطية ودفع الغلو	مجموعة من المؤلفين	ShamAY	31448	0.25488
		الاعتداء في الدعاء (صور وضوابط ونماذج من الدعاء الصحيح)	سعود بن محمد بن حمود العقيلي	Sham19Y	35622	0.25486
		شرح التذكرة في علوم الحديث لابن الملقن	عبد العزيز بن محمد السعيد	ShamAY	37350	0.25485
		الإبطال لنظرية الخلط بين دين الإسلام وغيره من الأديان	بكر بن عبد الله أبو زيد بن محمد بن عبد الله بن بكر بن عثمان بن يحيى بن غيهب بن محمد (المتوفى: 1429ه)	Sham19Y	10487	0.25484
		أخطاء عامة تقع فيها النساء	ندا أبو أحمد	ShamAY	36224	0.25483
		الحجج اللطاف في الرد على الغماري والسقاف	محمد عادل ملاح	ShamAY	36382	0.25481
		أنوار الولاية الساطعة في شرح الزيارة الجامعة	السيّد محمّد الوحيدي	Rafed	2731	0.2548
		تدريب الدعاة على الأساليب البيانية	أ. د. : عبد الرب بن نواب الدين بن غريب الدين آل نواب	ShamAY	10056	0.25478
		التوحيد وأثره في حياة المسلم	حمد بن إبراهيم الحريقي	ShamAY	32280	0.25475
		تفسير الخازن المسمى لباب التأويل في معاني التنزيل (موافق للمطبوع)	علاء الدين علي بن محمد بن إبراهيم البغدادي الشهير بالخازن	ShamAY	34067	0.25473
		خلاصة البدر المُنير	ابن الملقن سراج الدين أبو حفص عمر بن علي بن أحمد الشافعي المصري (المتوفى: 804هـ)	ShamAY	21104	0.25473
		توجيهات إسلامية لعبد الله بن حميد	عبد الله بن محمد بن عبد العزيز بن عبد الرحمن بن حسين بن حميد (المتوفى: 1402هـ)	ShamAY	2191	0.25473
		المذاهب والفرق في الإسلام	الدكتور صائب عبد الحميد	Rafed	21	0.25471
		بنور فاطمة (ع) اهتديت	السيد عبد المنعم حسن	Rafed	268	0.25471
		المجالس السنيه في مناقب و مصائب العتره النبويه ( الامام الباقر عليه السلام )	محسن امين عاملي	Ghbook	6280	0.2547
		مختصر معارج القبول	أبو عاصم هشام بن عبد القادر بن محمد آل عقدة	ShamAY	22922	0.25469
		فقه قراءة القرآن الكريم	أبو خالد سعيد عبد الجليل يوسف صخر المصري	ShamAY	1481	0.25465
		حفظ القرآن الكريم وتعليمه في جميع مراحل التعليم والتعليم الجامعي	د. حمد بن ناصر بن عبد الرحمن العمار	ShamAY	36893	0.25464
		الأنس الجليل بتاريخ القدس والخليل	عبد الرحمن بن محمد بن عبد الرحمن العليمي الحنبلي، أبو اليمن، مجير الدين (المتوفى: 928ه)	Sham19Y	6626	0.25461
		جمهرة مقالات العلامة الشيخ أحمد محمد شاكر - مع أهم تعقبات الشيخ على دائرة المعارف الإسلامية	أحمد محمد شاكر	ShamelaY19	20642	0.25459
		الفوائد المدنية و بذيله الشواهد المكية	السيد نور الدين العاملي	Masaha	1264	0.25457
		 سلسلة المسائل الفقهية 	 الشيخ السبحاني 	ABLibrary	9587	0.25455
		الدين الخالص أو إرشاد الخلق إلى دين الحق (والمجلد التاسع طبع باسم: إرشاد الناسك إلى أعمال المناسك)	محمود محمد خطاب السبكي	ShamelaY19	20907	0.25453
		إرشاد العباد إلى سبيل الرشاد	زين الدين عبد العزيز المليباري	ShamAY	35125	0.25452
		الجنة والنار	عمر بن سليمان بن عبد الله الأشقر العتيبي	ShamAY	12714	0.25449
		أثر الدعوة الوهابية في الإصلاح الديني والعمراني في جزيرة العرب وغيرها	محمد حامد الفقي	ShamAY	7479	0.25448
		جهد المحتفي في أمر العالم المختفي	مرزوق بن هياس آل مرزوق الزهراني، الأستاذ المشارك بكلية الحديث الشريف والدراسات الإسلامية بالجامعة الإسلامية بالمدينة المنورة	ShamelaY19	132394	0.25448
		نظرة تاريخية في حدوث المذاهب الفقهية الأربعة: الحنفي - المالكي - الشافعي - الحنبلي وانتشارها عند جمهور المسلمين	أحمد بن إسماعيل بن محمد تيمور (المتوفى: 1348ه)	ShamelaY19	96605	0.25448
		مختصر تفسير ابن كثير	(اختصار وتحقيق) محمد علي الصابوني	ShamelaY19	21549	0.25446
		تفسير عبد الرزاق	أبو بكر عبد الرزاق بن همام بن نافع الحميري اليماني الصنعاني (المتوفى: 211ه)	ShamelaY19	21791	0.25446
		الإمامة في الصلاة - مفهوم، وفضائل، وأنواع، وآداب، وأحكام في ضوء الكتاب والسنة	د. سعيد بن علي بن وهف القحطاني	ShamelaY19	96459	0.25444
		تحريم المتعة في الكتاب والسنة	يوسف جابر المحمدي	ShamAY	35677	0.25443
		شرح المدائح النبوية	أبو هاشم صالح بن عوّاد بن صالح المغامسي	ShamAY	760	0.25442
		دراسه في علامات الظهور ، الجزيره الخضراء	سيد جعفرمرتضي حسيني عاملي	Ghbook	4560	0.25441
		الاعتداء في الدعاء (صور وضوابط ونماذج من الدعاء الصحيح)	سعود بن محمد بن حمود العقيلي	ShamAY	32144	0.25439
		الترغيب بالجنة والتحذير من النار	علي بن نايف الشحود	ShamAY	34828	0.25438
		شرح كتاب نقد متون السنة للدميني - محمد حسن عبد الغفار	محمد حسن عبد الغفار	ShamAY	729	0.25433
		مجالس التذكير من حديث البشير النذير	عبد الحميد محمد بن باديس الصنهاجي (المتوفى: 1359ه)	ShamelaY19	34886	0.25431
		فقه الأدعية والأذكار	عبد الرزاق بن عبد المحسن البدر	ShamAY	12048	0.25428
		التقية .. الوجه الآخر		ShamAY	35638	0.25424
		حاشية مقدمة التفسير (المقدمة والحاشية كلاهما للشيخ ابن قاسم رحمه الله)	عبد الرحمن بن محمد بن قاسم العاصمي القحطاني الحنبلي النجدي (المتوفى: 1392ه)	Sham19Y	7371	0.25424
		الخلاصة في أحكام هجر المسلم	الواحدي :: علي بن نايف الشحود	ShamAY	36077	0.25423
		التطاول على الرسول صلى الله عليه وسلم	د. محمد بن عبدالله بن صالح السحيم	ShamAY	36492	0.25416
		السنة المفترى عليها	سالم البهنساوي (المتوفى: 1427ه)	ShamelaY19	95845	0.25413
		تذكير البشر بأحكام السفر	عبد الله آل جار الله	ShamAY	36209	0.2541
		العمل الصالح (ويتقدمه رسم شجري لبعض مصطلحات الحديث)	سامي محمد	Sham19Y	1817	0.2541
		 الكواكب الزاهرة 	 عبد القادر الشاذلي 	ABLibrary	8823	0.2541
		بحر الدموع	جمال الدين أبو الفرج عبد الرحمن بن علي بن محمد الجوزي (المتوفى: 597هـ)	ShamAY	2506	0.25409
		 المقدمة في التصوف 	 السلمي 	ABLibrary	8705	0.25406
		مؤتمر النجف = الحجج القطعية لاتفاق الفرق الإسلامية	مقتطف من مذكرات علامة العراق وعماد هذا المؤتمر السيد عبد الله بن الحسين السويدي العباسي (ت 1174)	ShamAY	1172	0.25403
		أدب الطفولة بين القرآن الكريم والسنة الشريفة	علي علي صبح	ShamAY	23139	0.25401
		الموقظة في علم مصطلح الحديث	شمس الدين أبو عبد الله محمد بن أحمد بن عثمان بن قَايْماز الذهبي (المتوفى: 748هـ)	ShamAY	8195	0.25401
		 فضائل القدس 	 ابن الجوزي 	ABLibrary	9153	0.25401
		ظروف حركه سيد الشهداء عليه السلام بين المدينه و مكه 	سيد علي جمال أشرف	Ghbook	16510	0.254
		زاد المسير في علم التفسير [ج ٢]	أبي الفرج عبدالرحمن ابن علي ابن الجوزي	Rafed	3325	0.25398
		الأنوار الساطعات لآيات جامعات أو البرهان المحكم في أن القرآن يدي للتي هي أقوم	الواحدي :: عبد العزيز السلمان	ShamAY	35006	0.25395
		الصحة والمرض وقفات مهمة	حمد الدوسري	ShamAY	34890	0.25395
		الكلام على مسألة السماع	أبو عبد الله محمد بن أبي بكر بن أيوب ابن قيم الجوزية (المتوفى: 751 هـ)	ShamAY	38482	0.25393
		الأنوار النعمانية في الدعوة الربانية	محمد علي محمد إمام	ShamelaY19	21011	0.25393
		الدرر السنية في الأجوبة النجدية	مجموعة من المؤلفين	ShamAY	3055	0.2539
		إهداء للبرنامج من دار الركائز للنشر والتوزيع - دولة الكويت	د. أنس بن عادل اليتامى، د. عبد العزيز بن عدنان العيدان	ShamelaY19	147663	0.25389
		كتاب الصوائف		ShamAY	37161	0.25387
		صلح الحسن(ع)	الشيخ راضي آل ياسين	Masaha	2315	0.25386
		نعم لقد تشيّعت	محمّد الرصافي المقداد	Rafed	1216	0.25385
		وأنذرهم يوم الحسرة أَهوالُ الموتِ والقِيامَةِ	محمد أحمد عبد الغني	ShamAY	34976	0.25378
		الحياة السياسية للإمام الرضا(ع)	السيد جعفر مرتضى العاملي	Masaha	510	0.25376
		وداع الرسول صلى الله عليه وسلم لأمته - دروسٌ، ووصايا، وعبرٌ، وعظات	د. سعيد بن علي بن وهف القحطاني	ShamAY	1924	0.25371
		الموسوعة الميسرة في الأديان والمذاهب والأحزاب المعاصرة	الندوة العالمية للشباب الإسلامي	ShamAY	9582	0.25371
		االآراء الفقهيه	هادي نجفي	Ghbook	12880	0.2537
		اتفاق المباني وافتراق المعاني	سليمان بن بنين بن خلف بن عوض، تقيّ الدين، الدقيقي المصري (المتوفى: 613هـ)	ShamAY	7046	0.25368
		رسالة لشيخ الإسلام تقي الدين ابن تيمية أجاب فيها عن أسئلة في علم القراءات = فتوى في علم القراءات	شيخ الإسلام أبو العباس أحمد ابن تيمية	ShamAY	34398	0.25368
		فتاوى نور على الدرب لابن باز بعناية الطيار	عبد العزيز بن عبد الله بن باز (المتوفى: 1420هـ)	ShamAY	8380	0.25368
		البكاء علي موتي المومنين	المجمع العالمي لاهل البيت عليهم السلام	Ghbook	7535	0.25363
		الصفات الإلهية في الكتاب والسنة النبوية في ضوء الإثبات والتنزيه	أبو أحمد محمد أمان بن علي جامي علي (المتوفى: 1415ه)	Sham19Y	10423	0.25362
		مناهج المفسرين	عبدالحليم محمود	Ghbook	9472	0.25362
		معارج القبول بشرح سلم الوصول	حافظ بن أحمد حكمي	ShamelaY19	20854	0.2536
		رأي شيخ الإسلام ابن تيمية في التفاسير المطبوعة	بشير جواد القيسي :: ابن تيمية	ShamAY	34376	0.25356
		الصحيح من سيرة النبي الأعظم - الجزء1	السيد جعفر مرتضى العاملي	Masaha	2754	0.25356
		أحكام الاستعراض بالسيارات (التفحيط) دراسة فقهية مقارنة	فاطمة الجار الله	ShamAY	36691	0.25355
		أزهار الرياض في أخبار القاضي عياض	شهاب الدين أحمد بن محمد بن أحمد بن يحيى، أبو العباس المقري التلمساني (المتوفى: 1041ه)	Sham19Y	26350	0.25355
		الحيدة والاعتذار في الرد على من قال بخلق القرآن	أبو الحسن عبد العزيز بن يحيى بن مسلم بن ميمون الكناني المكي (المتوفى: 240ه)	Sham19Y	7610	0.25352
		تاج العروس [ج ٤]	محبّ الدين أبي فيض السيد محمّد مرتضى الحسيني الواسطي الزبيدي الحنفي	Rafed	1494	0.25352
		مواقف حلف فيها النبي صلى الله عليه وآله وسلم	أبو محمد خميس السعيد محمد عبد الله	ShamelaY19	23684	0.25351
		أدب النفس	محمد بن علي بن الحسن بن بشر، أبو عبد الله، الحكيم الترمذي (المتوفى: نحو 320ه)	ShamelaY19	37054	0.2535
		بداية المعارف الإلهيّة في شرح عقائد الإماميّة [ج ٢]	الشيخ محمّد رضا المظفّر	Rafed	2653	0.25348
		الأنس الجليل بتاريخ القدس والخليل	عبد الرحمن بن محمد بن عبد الرحمن العليمي الحنبلي، أبو اليمن، مجير الدين (المتوفى: 928هـ)	ShamAY	6626	0.25346
		نفحات الأزهار في خلاصة عبقات الأنوار [ج ١٨]	السيّد علي الحسيني الميلاني	Rafed	473	0.25346
		أزهار الرياض في أخبار القاضي عياض	شهاب الدين أحمد بن محمد بن أحمد بن يحيى، أبو العباس المقري التلمساني (المتوفى: 1041هـ)	ShamAY	26350	0.25345
		التوحيد وبيان العقيدة السلفية النقية	عبد الله بن محمد بن عبد العزيز بن عبد الرحمن بن حسين بن حميد (المتوفى: 1402هـ)	ShamAY	8588	0.25343
		سماحة الإسلام في التعامل مع غير المسلمين	أ. د. حكمت بن بشير بن ياسين	ShamAY	1196	0.25343
		تنبيه ذوي العقول السديدة إلى حكم صوم السبت في غير فريضة	أبو حسام الدين الطرفاوي	ShamAY	36443	0.25343
		امامه بقيه الائمه عليهم السلام	آيت الله علي حسيني ميلاني	Ghbook	4605	0.25341
		جمهرة مقالات العلامة الشيخ أحمد محمد شاكر - مع أهم تعقبات الشيخ على دائرة المعارف الإسلامية	أحمد محمد شاكر	ShamAY	38847	0.2534
		نبي الرحمة	عبد الرحمن بن عبد الله	ShamAY	37412	0.25339
		الفوائد البهيّة في شرح عقائد الإماميّة [ج ٢]	الشيخ محمّد جميل حمّود	Rafed	3512	0.25338
		المعجزة المحمدية	السيد إبراهيم أحمد	ShamAY	37436	0.25337
		البدع وأثرها السيء في الأمة	الواحدي	ShamAY	35468	0.25336
		الخلاصة في فضائل الأعمال	الواحدي :: علي بن نايف الشحود	ShamAY	34997	0.25332
		المهذّب البارع [ج ١]	الشيخ جمال الدين أحمد بن محمد بن فهد الحلّي	Rafed	1806	0.25332
		اضواء علي زياره عاشوراء	علي حيدر المؤيد	Ghbook	16331	0.2533
		من حياة المستبصرين - الجزء1	مركز الأبحاث العقائدية	Masaha	461	0.25328
		 موسوعة الإمام أمير المؤمنين على بن أبى طالب ( ع ) 	 الشيخ باقر شريف القرشي 	ABLibrary	7811	0.25326
		شرح الأصول الثلاثة (للإمام المجدد محمد بن عبد الوهاب رحمه الله)	عبد الرحمن بن ناصر البراك	ShamAY	32360	0.25323
		منهج الإمام الطاهر بن عاشور في التفسير	نبيل أحمد صقر	ShamelaY19	38095	0.25323
		الصناعتين: الكتابة والشعر	أبو هلال الحسن بن عبد الله بن سهل بن سعيد بن يحيى بن مهران العسكري (المتوفى: نحو 395ه)	ShamelaY19	23787	0.25321
		اعلام الهدايه (الامام محمد بن علي الباقر عليه السلام)	مجمع جهاني اهل بيت عليهم السلام	Ghbook	6273	0.25321
		نعم لقد تشيعت وهذا هو السبب	محمد الرصافي المقداد	Masaha	500	0.25319
		معجم ما كتب في الحجّ والزّيارة والمعالم المشرّفة في الحجاز	الدكتور عبد الجبّار الرفاعي	Rafed	2587	0.25317
		الصفات الإلهية في الكتاب والسنة النبوية في ضوء الإثبات والتنزيه	أبو أحمد محمد أمان بن علي جامي علي (المتوفى: 1415هـ)	ShamAY	10423	0.25315
		تلامذه المجلسي	احمد حسيني	Ghbook	7079	0.25313
		مدخل لدراسة العقيدة الإسلامية	د عثمان جمعة ضميرية	Sham19Y	9991	0.25312
		مناظرات المستبصرين	الشيخ عبدالله الحسن	Masaha	435	0.25311
		هكذا كان الصالحون	أبو عبد الملك خالد بن عبد الرحمن الحسينان	ShamAY	611	0.25309
		الشرح الميسر على الفقهين الأبسط والاكبر المنسوبين لأبي حنيفة	أبو حنيفة النعمان بن ثابت بن زطي الخزاز الكوفي	ShamAY	33854	0.25308
		فتح البيان في مقاصد القرآن	أبو الطيب محمد صديق خان بن حسن بن علي ابن لطف الله الحسيني البخاري القنوجي (المتوفى: 1307ه)	ShamelaY19	37458	0.25308
		قوارب النجاة في حياة الدعاة	فتحي يكن	ShamAY	33403	0.25307
		جامع الأحاديث القدسية- قسم الضعيف والموضوع	الشيخ أبو عبدالرحمن عصام الدين الصبابطي	ShamAY	33067	0.25307
		قرة العينين في شرح أحاديث مختارة من الصحيحين (100 حديث)	سليمان بن محمد اللهيميد :: سليمان اللهيميد	ShamAY	35995	0.25307
		شرح الأربعين النووية - العباد	عبد المحسن بن حمد بن عبد المحسن بن عبد الله بن حمد العباد البدر	ShamelaY19	36944	0.25307
		القنوت	عدنان محمد عرعور	ShamelaY19	147094	0.25307
		حجية القياس والرد علي المخالفين	يوسف بن عبد الرحمن	Sham19Y	1749	0.25305
		السيره النبويه في السطور العلويه	عادل علوي	Ghbook	4622	0.25304
		خطط الشام	محمد بن عبد الرزاق بن محمد، كرد علي (المتوفى: 1372ه)	ShamelaY19	37063	0.25303
		الباعث على شرح الحوادث	أَبِو عَبد الرَّحمَن مُقْبلُ بنُ هَادِي بنِ مُقْبِلِ بنِ قَائِدَةَ (اسم رجل) الهَمْدَاني الوادعِيُّ (المتوفى: 1422هـ)	ShamAY	2005	0.25302
		شرح القصائد السبع الطوال الجاهليات	أبو بكر محمد بن القاسم بن بشار الأنباري (ت 328هـ)	ShamAY	31947	0.25301
		أخذ المضحي من شعره وظفره	فؤاد الهاشمي	ShamAY	36686	0.25298
		 شرح فروع الكافي 	 محمد هادي المازندراني 	ABLibrary	9347	0.25297
		مدخل لدراسة العقيدة الإسلامية	د عثمان جمعة ضميرية	ShamAY	9991	0.25293
		الفوائد المدنيّة	محمّد أمين الإسترابادي	Rafed	1325	0.25292
		اول حكومه اسلاميه في المدينه المنوره	آيت الله العظمي سيد محمد حسيني شيرازي	Ghbook	8026	0.25291
		شرح أصول اعتقاد أهل السنة للالكائي - محمد حسن عبد الغفار	محمد حسن عبد الغفار	ShamelaY19	37435	0.25288
		الكلمات الحسان في بيان علو الرحمن	عبد الهادي بن حسن وهبي	Sham19Y	37343	0.25288
		كل خير في اتباع من سلف وكل شر في ابتداع من خلف	عبد الله الطيار	ShamAY	35280	0.25287
		منطلقات طالب العلم	أبو العلاء محمد بن حسين بن يعقوب السلفي المصري	ShamAY	31621	0.25287
		أدب الطّف أو شعراء الحسين عليه السلام [ج ٢]	جواد شبّر	Rafed	318	0.25287
		الْعَقَائِدُ الْإِسْلاَمِيَّةِ مِنَ الْآيَاتِ الْقُرْآنِيَّةِ وَالْأَحَادِيثِ النَّبَوِيَّةِ	عبد الحميد محمد بن باديس الصنهاجي (المتوفى: 1359هـ)	ShamAY	1698	0.25283
		منطلقات طالب العلم	أبو العلاء محمد بن حسين بن يعقوب السلفي المصري	Sham19Y	98137	0.25282
		الاطر الشرعية والقانونية لثورة الامام الحسين عليه السلام	د.حكمت الرحمة	Ghbook	15243	0.2528
		لماذا تكرهون محمدا؟ومحمد يحب المسيح ـ صلوات الله وسلامه عليهما ـ	يوسف بن إبراهيم الساجر	ShamAY	35372	0.25278
		 مباني منهاج الصالحين 	 السيد تقي الطباطبائي القمي 	ABLibrary	9728	0.25277
		فتح الودود بشرح منظومة ابن أبي داود المصححة	عبد الله بن محمد بن أحمد الطيار	ShamAY	35279	0.25276
		أهل البيت عليهم السلام سماتهم وحقوقهم في القرآن الكريم	الشيخ جعفر السبحاني	Rafed	1593	0.25276
		الرسائل العشر (للشيخ الطوسي)	الشيخ الطوسي	Masaha	1023	0.25275
		مضامين عقدية في قوله تعالى: (إن شانئك هو الأبتر)	د. سليمان بن سالم السّحيمي	ShamAY	35755	0.25274
		أحكام القرآن [ج ٤]	أبي بكر أحمد بن علي الرازي الجصّاص	Rafed	1999	0.25274
		مصابيح الانوار قبسات من انوارالنبي و اهل بيته الاطهار عليه السلام ويليه قبسات من...	ايوب حائري	Ghbook	16058	0.25273
		الشيعة هم العدو فاحذرهم	شحاتة محمد صقر	ShamAY	566	0.25268
		منهج الرشاد لمن اراد السداد ( نص الرساله الجوابيه التي بعث بها الشيخ جعفر كاشف ا...	شيخ جعفر نجفي كاشف الغطاء	Ghbook	5304	0.25268
		 نظرة في كتاب الصراع بين الإسلام والوثنية ( من فيض الغدير ) 	 الشيخ الأميني 	ABLibrary	8664	0.25265
		الفضائل	شاذان بن جبرئيل قمي	Ghbook	2425	0.25265
		الرهص والوقص لمُسْتَحِل الرقص	إبراهيم الحَلَبي	ShamAY	36052	0.25261
		شرح كتاب التوحيد للإمام محمد بن عبد الوهاب - اللهيميد	سليمان بن محمد اللهيميد	ShamAY	35432	0.25259
		الخلاصة في حكم الاستعانة بالكفار في القتال	علي بن نايف الشحود	ShamAY	1604	0.25256
		فضائل القدس	أبي الفرج عبدالرحمن ابن علي ابن الجوزي	Rafed	2591	0.25255
		قراءة في رسالة التنزيه	الشيخ محمد الحسون	Masaha	375	0.25254
		سلامه القرآن من التحريف	فتح الله محمدي نجارزادگان	Ghbook	6736	0.25251
		الأجوبة العراقية على الأسئلة اللاهورية	شهاب الدين محمود بن عبد الله الحسيني الألوسي (المتوفى: 1270هـ)	ShamAY	521	0.25249
		التحفة البديعة بأخبار صدر الشريعة	الدكتور صلاح محمد أبو الحاج	ShamAY	35850	0.25248
		من حديث عبد الصمد الطستي	أَبُو الحُسَيْنِ عَبْدُ الصَّمَدِ بنُ عَلِيِّ بنِ مُحَمَّدِ بنِ مُكْرمٍ البَغْدَادِيُّ، الطَّسْتِيُّ، الوَكِيْلُ (المتوفى: 346هـ)	ShamAY	28853	0.25247
		المفيد في مهمات التوحيد	الدكتور عبد القادر بن محمد عطا صوفي	ShamAY	8672	0.25242
		سبيل الوصول إلى علم الأصول	الدكتور صلاح محمد سالم أبو الحاج	ShamAY	37590	0.25239
		نيل الأمل في ذيل الدول	زين الدين عبد الباسط بن أبي الصفاء غرس الدين خليل بن شاهين الظاهريّ الملطيّ ثم القاهري الحنفيّ (المتوفى: 920هـ)	ShamAY	32108	0.25237
		الإفصاح في الإمامة	محمّد بن محمّد النعمان العكبري [ الشيخ المفيد ]	Rafed	3676	0.25237
		مسار الشيعه	محمد بن  محمد بن نعمان شيخ مفيد	Ghbook	2606	0.25236
		غاية المرام في تخريج أحاديث الحلال والحرام	محمد ناصر الدين الألباني (المتوفى: 1420ه)	Sham19Y	682	0.25235
		 حقائق المعرفة في علم الكلام 	 أحمد بن سليمان 	ABLibrary	8412	0.25235
		حقيقة البدعة وأحكامها	سعيد بن ناصر الغامدي	ShamAY	21539	0.25234
		الخشوع في الصلاة في ضوء الكتاب والسنة - مفهوم، وفروق، وفضائل، وعلم، وعمل، وفوائد، وأسباب، وآداب، وأحكام	د. سعيد بن علي بن وهف القحطاني	ShamAY	1810	0.25233
		أدلة معتقد أبي حنيفة في أبوي الرسول عليه الصلاة والسلام	علي بن (سلطان) محمد، أبو الحسن نور الدين الملا الهروي القاري (المتوفى: 1014هـ)	ShamAY	6453	0.25228
		التفسير المظهري	المظهري، محمد ثناء الله	Sham19Y	21766	0.25227
		مذكرة - ما نهى عنه الإسلام	عبد الله بن سفر عباده العبدلي الغامدي	ShamAY	36362	0.25226
		كشف الأسرار في شرح الاستبصار - الجزء1	السيد نعمة الله الجزائري	Masaha	1428	0.25226
		عدة الصابرين وذخيرة الشاكرين - ط عالم الفوائد	ابن القيم	ShamAY	38389	0.25223
		معجم ما كتب في الحج والزيارة والمعالم المشرفة في الحجاز	عبد الجبار الرفاعي‏	Masaha	4556	0.25223
		مشارق انوار اليقين في اسرار المومنين	شيخ رجب برسي	Ghbook	8368	0.25223
		في رحاب الشيعه	باقر شريف قرشي	Ghbook	7099	0.25218
		تكملة الجامع لسيرة شيخ الإسلام ابن تيمية خلال سبعة قرون - ط عالم الفوائد	علي بن محمد العمران	ShamAY	34400	0.25217
		معجم ما استعجم من أسماء البلاد والمواضع [ج ٣]	أبي عبيد عبد الله بن عبد العزيز البكري الأندلسي	Rafed	2537	0.25217
		البحوث التربوية في مجلة البيان	علي بن نايف الشحود	ShamAY	34827	0.25212
		التفسير المظهري	المظهري، محمد ثناء الله	ShamAY	21766	0.25211
		حجية القياس والرد علي المخالفين	يوسف بن عبد الرحمن	ShamAY	1749	0.25211
		من ضوابط فهم السنة النبوية : جمع الروايات في الموضوع الواحد وفقهها	أحمد بن محمد فكير	ShamAY	37292	0.25208
		الأنس بذكر الله	أبو العلاء محمد بن حسين بن يعقوب السلفي المصري	ShamAY	32219	0.25208
		الإمام علي(ع) وتنمية ثقافة أهل الكوفة	محمد العبادي	Masaha	580	0.25208
		أحاديث في الفتن والحوادث (مطبوع ضمن مؤلفات الشيخ محمد بن عبدالوهاب، الجزء الحادي عشر)	محمد بن عبد الوهاب بن سليمان التميمي النجدي (المتوفى: 1206هـ)	ShamAY	7485	0.25205
		تفسير التستري	أبو محمد سهل بن عبد الله بن يونس بن رفيع التستري (المتوفى: 283ه)	ShamelaY19	23600	0.25204
		القول المبين عن وجوب مسح الرجلين	محمد بن علي كراجكي	Ghbook	7583	0.25202
		مجالس التذكير من حديث البشير النذير	عبد الحميد محمد بن باديس الصنهاجي (المتوفى: 1359هـ)	ShamAY	86	0.25201
		الكلماتُ الحسانُ في بيانِ عُلُوِّ الرَّحْمَنِ	عبد الهادي بن حسن وهبي	ShamAY	617	0.25201
		نظريّة عدالة الصّحابة والمرجعيّة السياسيّة في الإسلام	احمد حسين يعقوب	Rafed	299	0.25199
		يا مسلمون إحذروا الشيعة الإمامية وما تخفي صدورهم أكبر		ShamAY	35322	0.25198
		معجم ماكتب في الحج و الزياره و المعالم المشرفه في الحجاز	عبدالجبار رفاعي	Ghbook	3494	0.25198
		تزكية النفوس	أحمد فريد	ShamAY	1105	0.25197
		الحج و العمرة و معرفة الحرمين الشريفين	علي افتخاري گلپايگاني	Ghbook	3495	0.25196
		أصول وتاريخ الفرق الإسلامية	مصطفى بن محمد بن مصطفى	ShamAY	35717	0.25195
		ثم اهتديت	الدكتور محمّد التيجاني السماوي	Rafed	249	0.25194
		التفسير المنير [ج ٢٦]	الدكتور وهبة الزحيلي	Rafed	2974	0.25193
		 أدب النفس 	 الحكيم الترمذي 	ABLibrary	8694	0.25193
		 الحور العين 	 أبو سعيد بن نشوان الحميري 	ABLibrary	8418	0.25191
		التعليقات السنية على العقيدة الواسطية	فيصل بن عبد العزيز بن فيصل ابن حمد المبارك الحريملي النجدي (المتوفى: 1376ه)	ShamelaY19	21517	0.25189
		الصحيح من سيرة النبي الأعظم صلّى الله عليه وآله [ج ٣٢]	السيد جعفر مرتضى العاملي	Rafed	2647	0.25189
		لله .. ثم للتاريخ كشف الأسرار وتَبْرِئَةُ الأئمةِ الأَطهارِ	حسين الموسوي	ShamAY	811	0.25188
		زغل العلم	شمس الدين أبو عبد الله محمد بن أحمد بن عثمان بن قَايْماز الذهبي (المتوفى: 748هـ)	ShamAY	6342	0.25188
		 رحلة ابن بطوطة ( تحفة النظار في غرائب الأمصار وعجائب الأسفار ) 	 ابن بطوطة 	ABLibrary	9074	0.25188
		مع الشيعه الاماميه في عقائدهم	آيت الله العظمي جعفر سبحاني	Ghbook	5067	0.25187
		النصيحة بالتحذير من تخريب «ابن عبد المنان» لكتب الأئمة الرجيحة وتضعيفه لمئات الأحاديث الصحيحة	محمد ناصر الدين الألباني	Sham19Y	150846	0.25186
		حقيقة البدعة وأحكامها	سعيد بن ناصر الغامدي	ShamelaY19	21539	0.25184
		المرجان في أهم مسائل رمضان		ShamAY	36626	0.25182
		النسخ عند الاصوليين	علي جمعه	Ghbook	9447	0.25178
		جامع المسائل لابن تيمية ط عالم الفوائد - المجموعة الخامسة	شيخ الإسلام أحمد بن عبد الحليم بن عبد السلام ابن تيمية (661 - 728 هـ)	ShamAY	37986	0.25177
		وفاه الامام موسي الكاظم ( عليه السلام )	علي هاشمي	Ghbook	6426	0.25177
		الإشارة في معرفة الأصول والوجازة في معنى الدليل	أبو الوليد سليمان بن خلف الباجي الأندلسي (المتوفى: سنة 474 هـ)	ShamAY	38890	0.25175
		نور الهدى وظلمات الضلال في ضوء الكتاب والسنة	د. سعيد بن علي بن وهف القحطاني	ShamelaY19	96541	0.25175
		 معرفة المعاد 	 السيد محمد حسين الطهراني 	ABLibrary	8879	0.25175
		وجاء النبي المنتظر	عبد الوهاب بن عبد السلام بن طويلة	ShamAY	1561	0.2517
		مرآة الرشاد في الوصية الي الاحبة و الذرية و الاولاد	ملا عبد اللّٰه بن محمد حسن مامقاني	Ghbook	16409	0.25169
		الإمام الرضا عليه السلام سيرة وتاريخ	عبّاس الذهبي	Rafed	607	0.25168
		وجوب تحكيم شرع الله ونبذ ما خالفه	عبد العزيز بن عبد الله بن باز (المتوفى: 1420ه)	ShamelaY19	30870	0.25165
		فضل رب البرية في شرح الدرر البهية	أبو الحسن علي بن مختار الرملي	ShamelaY19	133386	0.25164
		رفقا أهل السنة بأهل السنة	عبد المحسن بن حمد بن عبد المحسن بن عبد الله بن حمد العباد البدر	ShamAY	11228	0.25163
		الاعتصام بالله سبيل النجاة	أنور بن أهل الله	Sham19Y	37584	0.25163
		 معرفة المعاد 	 السيد محمد حسين الطهراني 	ABLibrary	8873	0.25162
		تفسير القاسمي [ج ٥]	محمّد جمال الدين القاسمي	Rafed	3914	0.25161
		حوار مع فضل الله حول الزهراء سلام الله عليها	هاشم هاشمي	Ghbook	3783	0.2516
		موسوعة معارف الكتاب والسنة	محمد محمدي ري شهري	Ghbook	15912	0.25158
		ختم الأولياء للحكيم الترمذي	الحكيم الترمذي أبو عبد الله محمد بن علي بن الحسن (متوفى بعد 318 هـ)	ShamAY	33732	0.25155
		ليلة عاشوراء في الحديث والأدب	الشيخ عبد الله الحسن	Rafed	207	0.25155
		الروائع المختاره من خطب الامام الحسن عليه السلام 	مصطفي موسوي	Ghbook	6066	0.25153
		المشاهد المشرفه و الوهابيون	محمد علي بن حسين همداني سنقري كردستاني	Ghbook	7604	0.25151
		مع الشيخ جاد الحق في إرث العصبة‌	الشيخ لطف الله الصافي	Masaha	3551	0.2515
		سلسلة الخطب المنبرية (1) الرقائق	عبد الله إبراهيم الكيلاني	ShamAY	35037	0.25145
		رفع الملام عن الأئمة الأعلام	تقي الدين أبو العَباس أحمد بن عبد الحليم بن عبد السلام بن عبد الله بن أبي القاسم بن محمد ابن تيمية الحراني الحنبلي الدمشقي (المتوفى: 728هـ)	ShamAY	4118	0.25143
		القول الأحمد في أحكام في حرمة المسجد	عبد الله بن معتق السهلي	ShamAY	12143	0.25143
		الرسول الأعظم صلّى الله عليه وآله وسلّم على لسان حفيده الإمام زين العابدين عليه السلام	السيّد محسن الحسيني الأميني	Rafed	2807	0.25143
		البحر المحيط في التفسير	أبو حيان محمد بن يوسف بن علي بن يوسف بن حيان أثير الدين الأندلسي (المتوفى: 745ه)	Sham19Y	23591	0.25142
		الدرر اللوامع في شرح جمع الجوامع	شهاب الدين أحمد بن إسماعيل الكوراني (812 - 893 ه)	Sham19Y	132415	0.25141
		رأس الحسين	تقي الدين أبو العباس أحمد بن عبد الحليم بن تيمية الحراني (المتوفى: 728هـ)	ShamAY	892	0.25139
		 مخطوط نادر من رسائل ابن عربي 	 ابن عربي 	ABLibrary	8754	0.25138
		نور الابصار في احوال الائمه التسعه الابرار ( عليهم السلام ) - الامام الصادق ( عل...	محمد مهدي مازندراني حائري	Ghbook	6251	0.25136
		بنورفاطمة (ع) اهتديت	الكاتب السوداني عبد المنعم حسن	Masaha	191	0.25135
		البحر المحيط في التفسير	أبو حيان محمد بن يوسف بن علي بن يوسف بن حيان أثير الدين الأندلسي (المتوفى: 745هـ)	ShamAY	23591	0.25134
		عقيدة المسلم في ضوء الكتاب والسنة - المفهوم، والفضائل، والمعنى، والمقتضى، والأركان، والشروط، والنواقص، والنواقض	د. سعيد بن على بن وهف القحطاني	Sham19Y	96546	0.25133
		كيفية دعوة أهل الكتاب إلى الله تعالى في ضوء الكتاب والسنة	د. سعيد بن علي بن وهف القحطاني	ShamelaY19	96518	0.25132
		 مع الركب الحسيني 	 مجموعة مؤلفين 	ABLibrary	7743	0.25132
		شرح القصيدة الدالية للكلوذاني	عبد الرحمن بن ناصر البراك	Sham19Y	17870	0.25127
		توضيح الأفكار لمعاني تنقيح الأنظار	محمد بن إسماعيل بن صلاح بن محمد الحسني، الكحلاني ثم الصنعاني، أبو إبراهيم، عز الدين، المعروف كأسلافه بالأمير (المتوفى: 1182هـ)	ShamAY	11990	0.25126
		أشراط الساعة وأحداث يوم القيامة بين التأصيل الديني والعقلي	حسني محمد العطار	ShamAY	35772	0.25125
		تحريم حلق اللحى - وجوب إعفاء اللحية وتحريم حلقها وتقصيرها	عبد الرحمن بن محمد بن قاسم العاصمي الحنبلي النجدي (المتوفى: 1392ه) - عبد العزيز بن عبد الله بن باز (المتوفى: 1420ه)	ShamelaY19	31251	0.25122
		الإنصاف في حكم الاعتكاف، ومعه الإسعاف بتحشية الإنصاف - سلسلة لقاء العشر الأواخر بالمسجد الحرام (6)	محمد عبد الحي بن محمد عبد الحليم الأنصاري اللكنوي الهندي، أبو الحسنات (المتوفى: 1304 هـ)	ShamAY	32392	0.25115
		السيرة النبوية - راغب السرجاني	راغب الحنفي راغب السرجاني	ShamAY	628	0.25115
		 كتاب الحج 	 السيد حسن الطباطبائي 	ABLibrary	9503	0.25115
		دعايات مكثفة ضد الشيخ محمد بن عبد الوهاب	محمد منظور النعماني	Sham19Y	11188	0.2511
		من هو؟	لبيب السعدي	Ghbook	12290	0.25109
		العروة الوثقى في ضوء الكتاب والسنة - المفهوم، والفضائل، والمقتضى، والأركان، والشروط، والنواقص، والنواقض	د. سعيد بن علي بن وهف القحطاني	ShamelaY19	96468	0.25101
		نبي الرحمة الرسالة والإنسان	محمد مسعد ياقوت	ShamAY	37448	0.251
		نظرة في كتاب الصراع بين الإسلام والوثنيّة لعبدالله علي القصيمي	العلامة الأميني	Rafed	3519	0.25098
		مجتمع المدينة قبل الهجرة وبعدها	حسن خالد	ShamAY	38427	0.25097
		بحوث قرآنية في التوحيد و الشرك يبحث عن تحديد معالم التوحيد و الشرك مع تطبيقات عم...	آيت الله العظمي جعفر سبحاني	Ghbook	5060	0.25096
		الرد على الدكتور عبد الواحد وافي في كتابه بين الشيعة وأهل السنة	إحسان إلهي ظهير الباكستاني (المتوفى: 1407هـ)	ShamAY	960	0.25095
		مع المصطفي ( صلي الله عليه و آله و سلم )	عائشة عبدالرحمن بنت شاطي	Ghbook	5302	0.25095
		اللطائف الروحية في الدروس الرمضانية	مشعل بن عبد العزيز الفلاحي	ShamAY	35163	0.25093
		المستطرف في كل فن مستطرف - العلمية	شهاب الدين محمد بن أحمد أبي الفتح الأبشيهي	ShamAY	33781	0.25091
		ثم اهتديت ...	محمد تيجاني سماوي	Ghbook	7621	0.25091
		مواقف حلف فيها النبي صلى الله عليه وآله وسلم	أبو محمد خميس السعيد محمد عبد الله	ShamAY	23684	0.2509
		فضل الكلاب على كثير ممن لبس الثياب - الكتب المصرية	محمد بن خلف بن المرزبان	ShamAY	33791	0.25088
		فصول من تاريخ المدينة المنورة	علي حافظ	ShamAY	38420	0.25086
		الوثائق الدفاعية عن علماء السلفية الشرعية		ShamAY	35506	0.25085
		الامام الصادق ( عليه السلام ) قدوه و اسوه	آيت الله العظمي سيد محمد تقي مدرسي	Ghbook	4983	0.25085
		اختلاف المفسرين أسبابه وضوابطه	أحمد بن محمد الشرقاوى	ShamAY	36804	0.25084
		أخبار الراضي بالله والمتقي لله = تاريخ الدولة العباسية، من كتاب الأوراق	أبو بكر محمد بن يحيى بن عبد الله الصولي (المتوفى: 335ه)	Sham19Y	8184	0.25083
		مكتبه العلامه الحلي	عبدالعزيز طباطبايي	Ghbook	7075	0.25081
		منظومة ‏حقوق العترة النبوية ‏بين التطبيق والنظرية	السيد محمد هاشم المدني	Masaha	213	0.2508
		الامام الرضا(ع) سيرة وتاريخ	عباس الذهبي	Masaha	1665	0.25076
		الوهابيه و التوحيد	علي كوراني	Ghbook	7602	0.25075
		عقيدة المسلم في ضوء الكتاب والسُّنَّة - المفهوم، والفضائل، والمعنى، والمقتضى، والأركان، والشروط، والنواقص، والنواقض	د. سعيد بن على بن وهف القحطاني	ShamAY	1925	0.25073
		النظر من النسوة للرجال بغير شهوة	محمد العماري	ShamAY	305	0.25072
		نظرية عدالة الصحابة والمرجعية السياسية في الإسلام	المحامي أحمد حسين يعقوب	Masaha	470	0.25072
		المدينة المنورة عاصمة الإسلام الأولى	محمد السيد الوكيل	ShamAY	38492	0.25071
		 سامرا 	 أحمد عبد الباقي 	ABLibrary	9119	0.25071
		السجود على التربة الحسينية	الشيخ عبد الحسين الأميني النجفي	Masaha	295	0.25069
		ففروا إلى الله - القلموني	أبو ذر القلموني، عبد المنعم بن حسين بن حنفي بن حسن بن الشاهد	ShamAY	912	0.25068
		اصبر واحتسب	عبد الملك بن محمد القاسم	ShamelaY19	95673	0.25068
		شرح أصول اعتقاد أهل السنة للالكائي - محمد حسن عبد الغفار	محمد حسن عبد الغفار	ShamAY	645	0.25067
		السياسه من واقع الاسلام	آيت الله العظمي حسيني	Ghbook	8032	0.25067
		مفاد حديث الغدير	الشيخ عبد الحسين الأميني النجفي	Masaha	427	0.25066
		دليل الواعظ إلى أدلة المواعظ (موضوعات للخطب بأدلتها من القرآن الكريم والسنة الصحيحة)	شحاتة محمد صقر	ShamAY	559	0.25064
		تاريخ القرآن الكريم	محمد طاهر بن عبد القادر الكردي المكي الشافعي الخطاط (المتوفى: 1400هـ)	ShamAY	2228	0.25061
		شرح القصائد السبع الطوال الجاهليات	أبو بكر محمد بن القاسم بن بشار الأنباري (ت 328ه)	ShamelaY19	124335	0.2506
		البديع في علم العربية - الجزء1_1	ابن الأثير الجزري	Masaha	3375	0.25059
		 حياة الإمام الحسين ( ع ) 	 الشيخ باقر شريف القرشي 	ABLibrary	7495	0.25058
		محاضرات الأدباء ومحاورات الشعراء والبلغاء	أبو القاسم الحسين بن محمد المعروف بالراغب الأصفهانى (المتوفى: 502هـ)	ShamAY	9078	0.25057
		من أنوار الخطب المنبرية	السيد حامد على خطاب	ShamAY	35036	0.25056
		حماية الرسول صلى الله عليه وسلم حمى التوحيد	محمد بن عبد الله زربان الغامدي	ShamAY	11167	0.25056
		نظرة تاريخية في حدوث المذاهب الفقهية الأربعة: الحنفي - المالكي - الشافعي - الحنبلي وانتشارها عند جمهور المسلمين	أحمد بن إسماعيل بن محمد تيمور (المتوفى: 1348هـ)	ShamAY	1945	0.25056
		سلامة القرآن من التحريف	علي موسى الكعبي	Rafed	203	0.25055
		النبوات لابن تيمية	تقي الدين أبو العباس أحمد بن عبد الحليم بن عبد السلام بن عبد الله بن أبي القاسم بن محمد ابن تيمية الحراني الحنبلي الدمشقي (المتوفى: 728هـ)	ShamAY	11817	0.25054
		القول المبين في أخطاء المصلين	أبو عبيدة مشهور بن حسن بن محمود آل سلمان	ShamAY	8855	0.25054
		إقامة الحجة على تارك المحجة رد على كتاب «اللحية دراسة حديثية فقهية» لأبي محمد عبدالله الجديع	عبد الوهاب بن عبد العزيز الزيد	ShamAY	36574	0.25052
		التقيه 	مرتضي انصاري (اعظم انصاري)	Ghbook	7092	0.2505
		اصبر واحتسب	عبد الملك بن محمد القاسم	Sham19Y	95673	0.25047
		دعايات مكثفة ضد الشيخ محمد بن عبد الوهاب	محمد منظور النعماني	ShamAY	11188	0.25046
		أثر الإيمان في تحصين الأمة الإسلامية ضد الأفكار الهدامة	عبد الله بن عبد الرحمن الجربوع	Sham19Y	7265	0.25046
		إنما بعثت لأتمم مكارم الأخلاق	جمال محمد الزكي	ShamAY	34873	0.25042
		المجدي في انساب الطالبين	نجم الدين ابو الحسن علي بن محمد بن علي بن محمد علوي عمري	Ghbook	7088	0.25039
		الرد على من قال بفناء الجنة والنار وبيان الأقوال في ذلك	تقي الدين أبو العباس أحمد بن عبد الحليم بن عبد السلام بن عبد الله بن أبي القاسم بن محمد ابن تيمية الحراني الحنبلي الدمشقي (المتوفى: 728ه)	Sham19Y	2908	0.25038
		الإفصاح في إمامة أمير المؤمنين عليه السلام	محمّد بن محمّد النعمان العكبري [ الشيخ المفيد ]	Rafed	1568	0.25038
		خطبة الجمعة في الكتاب والسنة	عبد الرحمن بن محمد الحمد	ShamelaY19	31297	0.25037
		السيره المحمديه : دراسه تحليليه للسيره المحمديه علي ضوء الكتاب و السنه و التاريخ...	آيت الله العظمي جعفر سبحاني	Ghbook	5047	0.25037
		 الاعتماد في شرح واجب الاعتقاد 	 المقداد السيوري 	ABLibrary	8310	0.25036
		المراه في المنظار الاسلامي	آيت الله العظمي سيد محمد حسيني شيرازي	Ghbook	7906	0.25035
		يوم الغفران	محمد مال الله	ShamAY	35324	0.25034
		الحكايات	محمد بن  محمد بن نعمان شيخ مفيد	Ghbook	2407	0.25034
		طيب المذاق من ثمرات الأوراق - دار الفتح	تقي الدين أبو بكر بن علي بن عبد الله التقي الحموي المعروف بابن حجة	ShamAY	33786	0.25031
		رسالة في لبس السواد - الأنوار الإلهية	الميرزا جواد التبريزي	Masaha	5129	0.25031
		 الموسوعة الصوفية 	 سليمان المدني 	ABLibrary	8915	0.25029
		أثر الإيمان في تحصين الأمة الإسلامية ضد الأفكار الهدامة	عبد الله بن عبد الرحمن الجربوع	ShamAY	7265	0.25025
		الرد علي الفتاوي المتطرفه	علي كوراني	Ghbook	3509	0.25023
		مختصر كتاب جلباب المرأة المسلمة للألباني	حسام الدين عفانة	Sham19Y	9291	0.25022
		فتاوى المرأة المسلمة	مجموعة من المؤلفين	ShamAY	37637	0.25021
		الصحيفة المهديه المنتخبه	مرتضي مجتهدي سيستاني	Ghbook	2505	0.25021
		قضية التكفير بين أهل السنة وفرق الضلال في ضوء الكتاب والسُّنَّة	د. سعيد بن علي بن وهف القحطاني	ShamAY	1869	0.25019
		آية التطهير في مصادر الفريقين	السيد مرتضى العسكري	Masaha	10	0.25019
		الإفهام في شرح عمدة الأحكام (شرح على متن عمدة الأحكام لشيخ الإسلام الإمام عبد الغني المقدسي - رحمه الله - (541 - 600هـ))	عبد العزيز بن عبد الله بن باز (المتوفى: 1420هـ)	ShamAY	31781	0.25018
		أعلام الدين في صفات المؤمنين	الشيخ الحسن بن أبي الحسن الديلمي	Rafed	335	0.25018
		الاجابات الواضحات لسوالات القرائات 	احمد محمود عبد السميع شافعي حفيان	Ghbook	2794	0.25016
		الانتماء في الشعر الجاهلي * دراسة *	فاروق أحمد اسليم	ShamAY	34462	0.25015
		البحر المحيط في التفسير [ج ١]	محمّد بن يوسف [ أبي حيّان الأندلسي الغرناطي ]	Rafed	2415	0.25015
		خطبة الوداع فوائد وفرائد	محمد أحمد عبد الغني	ShamAY	34977	0.25014
		 لطف الله الصافي مع الشيخ جاد الحق في إرث العصبة 	 الشيخ لطف الله الصافي الگلپايگاني 	ABLibrary	9741	0.25014
		دليل الواعظ إلى أدلة المواعظ (موضوعات للخطب بأدلتها من القرآن الكريم والسنة الصحيحة)	شحاتة محمد صقر	ShamelaY19	36157	0.25013
		حفظ القرآن - الدويش	الواحدي	ShamAY	36979	0.25012
		فتاوى الأسهم والبنوك	عبد الرحمن بن سعد الشثري	ShamAY	36596	0.2501
		الشفاعة في الحديث النبوي	أبو ذر عبد القادر بن مصطفى بن عبد الرزاق المحمدي	ShamelaY19	95695	0.25009
		السيرة النبوية - راغب السرجاني	راغب الحنفي راغب السرجاني	ShamelaY19	37369	0.25005
		سلم أخلاق النبوة	محمود محمد غريب: من علماء الأزهر الشريف والموجه الديني لشباب جامعة القاهرة	Sham19Y	12770	0.25005
		تحقيق الوصال بين القلب والقرآن	مجدي الهلالي	ShamelaY19	36402	0.25003
		تاريخ مدينه منوره	عبد الله بن محمد ابن فرحون	Ghbook	11108	0.25003
		المدخل المفصل لمذهب الإمام أحمد	بكر أبو زيد	ShamelaY19	23611	0.25002
		 عنوان التوفيق في آداب الطريق ( ويليه شرح الصلاة المشيشية للنابلسي / شرح حزب البحر للإزميري ) 	 ابن عطاء الله السكندري 	ABLibrary	8791	0.25002